0 0 4
5 0 4
32 0 3
34 0 4
48 0 4
55 0 4
60 0 4
62 0 5
287 0 3
289 0 4
303 0 3
310 0 4
315 0 4
422 0 4
429 0 4
434 0 4
436 0 5
490 0 4
495 0 4
522 0 4
524 0 5
538 0 4
545 0 5
550 0 5
796 0 4
811 0 3
818 0 4
824 0 4
934 0 3
941 0 3
947 0 4
1001 0 4
1007 0 4
1035 0 4
1050 0 4
1057 0 4
1063 0 5
1217 0 4
1228 0 4
1287 0 3
1291 0 4
1320 0 4
1336 0 4
1347 0 4
1351 0 5
1620 0 3
1624 0 4
1653 0 3
1669 0 4
1680 0 4
1912 0 4
1928 0 4
1939 0 4
1943 0 5
2060 0 4
2071 0 4
2130 0 4
2134 0 5
2163 0 4
2179 0 5
2190 0 5
2459 0 3
2464 0 4
2503 0 3
2524 0 4
2539 0 4
