106 0 30
107 0 30
108 0 26
109 0 25
110 0 27
111 0 26
112 0 30
114 0 30
115 0 27
119 0 26
120 0 25
122 0 30
124 0 26
125 0 27
126 0 27
127 0 26
129 0 27
130 0 27
131 0 27
132 0 26
133 0 30
136 0 27
137 0 30
141 0 30
142 0 27
143 0 27
149 0 26
150 0 26
152 0 31
154 0 25
155 0 26
156 0 26
157 0 26
159 0 27
160 0 29
161 0 26
162 0 27
164 0 30
165 0 30
166 0 26
167 0 25
168 0 27
169 0 26
171 0 26
172 0 26
173 0 27
174 0 26
176 0 27
177 0 27
178 0 27
179 0 26
180 0 25
182 0 26
183 0 28
184 0 26
185 0 26
187 0 27
188 0 27
189 0 27
190 0 26
191 0 27
192 0 27
193 0 27
195 0 27
196 0 28
200 0 27
201 0 26
203 0 32
205 0 26
206 0 26
207 0 27
208 0 26
210 0 27
211 0 29
212 0 27
213 0 27
224 0 30
226 0 30
227 0 27
231 0 31
232 0 30
233 0 27
234 0 27
236 0 32
238 0 31
239 0 32
240 0 32
241 0 30
243 0 32
244 0 31
252 0 30
253 0 30
254 0 26
255 0 25
256 0 27
257 0 26
258 0 30
260 0 30
261 0 27
265 0 27
266 0 27
268 0 32
270 0 26
271 0 27
272 0 27
273 0 27
275 0 28
276 0 30
277 0 27
278 0 28
280 0 31
281 0 31
282 0 27
283 0 26
284 0 28
285 0 27
336 0 26
337 0 26
339 0 30
341 0 25
342 0 25
343 0 26
344 0 26
346 0 26
347 0 29
348 0 26
349 0 26
351 0 30
352 0 31
353 0 27
354 0 26
355 0 27
356 0 27
358 0 25
359 0 26
360 0 26
361 0 25
363 0 26
364 0 26
365 0 26
366 0 26
367 0 25
369 0 26
370 0 28
371 0 26
372 0 26
374 0 25
375 0 25
376 0 27
377 0 26
379 0 27
381 0 26
382 0 26
383 0 27
384 0 25
386 0 26
387 0 26
395 0 30
397 0 27
398 0 26
399 0 27
400 0 27
401 0 30
403 0 30
404 0 28
408 0 26
409 0 26
411 0 30
413 0 26
414 0 27
415 0 27
416 0 26
418 0 27
419 0 27
420 0 27
421 0 27
447 0 26
448 0 26
449 0 27
450 0 26
452 0 27
453 0 27
454 0 27
455 0 27
456 0 26
458 0 26
459 0 29
460 0 26
461 0 26
463 0 27
464 0 27
465 0 28
466 0 27
467 0 27
468 0 28
469 0 27
471 0 27
472 0 29
476 0 27
477 0 27
479 0 32
481 0 26
482 0 26
483 0 27
484 0 27
486 0 27
487 0 30
488 0 27
489 0 27
500 0 26
502 0 26
503 0 29
504 0 27
505 0 27
507 0 26
508 0 26
509 0 28
510 0 27
512 0 27
514 0 27
515 0 27
516 0 28
517 0 26
519 0 27
520 0 27
528 0 27
529 0 27
530 0 29
531 0 28
532 0 28
533 0 29
534 0 27
536 0 27
537 0 30
541 0 29
542 0 28
544 0 28
546 0 29
547 0 29
548 0 30
549 0 29
551 0 30
552 0 30
553 0 30
554 0 29
555 0 27
557 0 27
558 0 30
559 0 28
560 0 28
562 0 27
563 0 27
564 0 29
565 0 28
567 0 28
571 0 27
572 0 27
574 0 31
576 0 26
577 0 26
578 0 27
579 0 27
581 0 27
582 0 30
583 0 27
584 0 27
586 0 31
587 0 32
588 0 28
589 0 27
590 0 28
591 0 28
593 0 26
594 0 27
595 0 27
596 0 26
598 0 27
599 0 27
600 0 27
601 0 27
602 0 26
604 0 27
605 0 29
606 0 27
607 0 27
609 0 26
610 0 26
611 0 28
612 0 27
614 0 28
616 0 27
617 0 27
618 0 28
619 0 26
621 0 27
622 0 27
631 0 30
633 0 27
634 0 30
636 0 30
637 0 27
638 0 27
641 0 30
642 0 31
643 0 30
645 0 31
651 0 31
652 0 26
653 0 25
654 0 26
657 0 27
660 0 27
661 0 27
664 0 26
665 0 27
666 0 27
668 0 30
669 0 27
671 0 32
672 0 27
673 0 26
674 0 27
676 0 30
677 0 31
678 0 31
680 0 32
681 0 32
682 0 32
683 0 30
685 0 28
686 0 30
688 0 32
689 0 27
690 0 27
691 0 28
694 0 28
700 0 30
701 0 26
702 0 26
703 0 27
706 0 27
709 0 26
710 0 26
713 0 26
714 0 27
715 0 27
717 0 28
718 0 27
719 0 27
720 0 30
722 0 27
723 0 30
725 0 30
726 0 27
727 0 27
731 0 26
732 0 26
735 0 26
736 0 27
737 0 27
739 0 29
740 0 27
742 0 32
743 0 27
744 0 26
745 0 27
747 0 25
748 0 26
749 0 26
751 0 27
752 0 26
753 0 26
754 0 27
756 0 28
757 0 27
759 0 27
760 0 27
761 0 27
764 0 27
765 0 28
766 0 27
768 0 28
775 0 27
776 0 26
777 0 27
780 0 28
783 0 26
784 0 26
787 0 26
788 0 27
789 0 27
791 0 28
792 0 27
793 0 27
846 0 30
847 0 25
848 0 30
852 0 25
854 0 26
855 0 26
857 0 27
858 0 26
859 0 30
861 0 30
863 0 30
864 0 27
868 0 26
870 0 25
871 0 26
873 0 26
875 0 30
876 0 25
877 0 26
878 0 26
880 0 27
881 0 26
882 0 25
884 0 26
886 0 27
887 0 26
888 0 27
892 0 26
894 0 26
895 0 26
897 0 27
903 0 30
907 0 30
908 0 27
910 0 31
911 0 30
913 0 31
918 0 30
919 0 25
920 0 30
924 0 27
926 0 26
927 0 27
929 0 27
931 0 31
932 0 26
959 0 26
961 0 25
962 0 26
964 0 26
966 0 31
967 0 26
968 0 25
969 0 25
971 0 26
972 0 26
973 0 25
975 0 26
977 0 25
978 0 26
980 0 26
981 0 25
983 0 26
989 0 26
990 0 30
994 0 26
996 0 26
997 0 26
999 0 27
1000 0 27
1012 0 26
1013 0 26
1015 0 27
1016 0 27
1017 0 26
1019 0 26
1021 0 27
1022 0 27
1023 0 27
1027 0 27
1029 0 26
1030 0 27
1032 0 27
1038 0 26
1040 0 27
1042 0 26
1043 0 27
1045 0 27
1046 0 26
1048 0 27
1053 0 27
1054 0 28
1055 0 27
1059 0 28
1061 0 29
1062 0 29
1064 0 30
1065 0 29
1066 0 27
1068 0 28
1070 0 27
1071 0 28
1075 0 27
1077 0 26
1078 0 27
1080 0 27
1082 0 32
1083 0 27
1084 0 26
1085 0 26
1087 0 27
1088 0 27
1089 0 26
1091 0 27
1093 0 26
1094 0 27
1096 0 27
1097 0 26
1099 0 27
1105 0 30
1107 0 30
1109 0 30
1110 0 27
1112 0 30
1113 0 30
1115 0 31
1120 0 31
1121 0 25
1126 0 27
1128 0 26
1129 0 27
1131 0 27
1133 0 32
1134 0 26
1135 0 30
1136 0 31
1138 0 32
1139 0 32
1140 0 30
1142 0 30
1144 0 32
1145 0 27
1152 0 30
1153 0 26
1158 0 26
1160 0 26
1161 0 27
1163 0 28
1164 0 27
1165 0 30
1167 0 30
1169 0 30
1170 0 27
1174 0 26
1176 0 26
1177 0 27
1179 0 27
1181 0 32
1182 0 26
1183 0 25
1184 0 26
1186 0 27
1187 0 26
1188 0 27
1190 0 27
1192 0 27
1193 0 27
1195 0 27
1196 0 27
1198 0 28
1204 0 26
1209 0 26
1211 0 26
1212 0 27
1214 0 28
1215 0 27
1241 0 30
1243 0 25
1245 0 26
1247 0 26
1248 0 30
1250 0 27
1253 0 26
1255 0 26
1257 0 26
1259 0 26
1260 0 25
1262 0 27
1264 0 26
1266 0 26
1270 0 30
1272 0 27
1274 0 30
1278 0 30
1280 0 27
1282 0 27
1298 0 26
1300 0 26
1302 0 25
1304 0 26
1305 0 25
1307 0 26
1309 0 25
1313 0 30
1315 0 26
1317 0 26
1319 0 27
1325 0 26
1327 0 27
1328 0 26
1330 0 27
1332 0 27
1334 0 27
1338 0 26
1340 0 27
1342 0 26
1346 0 27
1348 0 28
1350 0 29
1352 0 29
1353 0 27
1355 0 28
1358 0 27
1360 0 27
1362 0 26
1364 0 27
1365 0 26
1367 0 27
1369 0 26
1374 0 30
1376 0 27
1378 0 30
1384 0 27
1386 0 27
1388 0 31
1390 0 32
1391 0 30
1398 0 26
1400 0 27
1402 0 27
1403 0 30
1405 0 27
1408 0 26
1410 0 27
1412 0 26
1414 0 26
1415 0 27
1417 0 27
1419 0 27
1425 0 26
1427 0 27
1429 0 27
1437 0 30
1438 0 30
1439 0 26
1440 0 25
1441 0 27
1442 0 26
1443 0 30
1445 0 30
1446 0 27
1450 0 26
1451 0 25
1453 0 30
1455 0 26
1456 0 27
1457 0 27
1458 0 26
1460 0 27
1461 0 27
1462 0 27
1463 0 26
1464 0 30
1467 0 27
1468 0 30
1472 0 30
1473 0 27
1474 0 27
1480 0 26
1481 0 26
1483 0 31
1485 0 25
1486 0 26
1487 0 26
1488 0 26
1490 0 27
1491 0 29
1492 0 26
1493 0 27
1495 0 30
1496 0 30
1497 0 26
1498 0 25
1499 0 27
1500 0 26
1502 0 26
1503 0 26
1504 0 27
1505 0 26
1507 0 27
1508 0 27
1509 0 27
1510 0 26
1511 0 25
1513 0 26
1514 0 28
1515 0 26
1516 0 26
1518 0 27
1519 0 27
1520 0 27
1521 0 26
1522 0 27
1523 0 27
1524 0 27
1526 0 27
1527 0 28
1531 0 27
1532 0 26
1534 0 32
1536 0 26
1537 0 26
1538 0 27
1539 0 26
1541 0 27
1542 0 29
1543 0 27
1544 0 27
1555 0 30
1557 0 30
1558 0 27
1562 0 31
1563 0 30
1564 0 27
1565 0 27
1567 0 32
1569 0 31
1570 0 32
1571 0 32
1572 0 30
1574 0 32
1575 0 31
1583 0 30
1584 0 30
1585 0 26
1586 0 25
1587 0 27
1588 0 26
1589 0 30
1591 0 30
1592 0 27
1596 0 27
1597 0 27
1599 0 32
1601 0 26
1602 0 27
1603 0 27
1604 0 27
1606 0 28
1607 0 30
1608 0 27
1609 0 28
1611 0 31
1612 0 31
1613 0 27
1614 0 26
1615 0 28
1616 0 27
1631 0 25
1633 0 26
1635 0 25
1637 0 25
1638 0 26
1640 0 26
1642 0 26
1646 0 31
1648 0 25
1650 0 26
1652 0 26
1658 0 25
1660 0 26
1661 0 25
1663 0 26
1665 0 26
1667 0 26
1671 0 26
1673 0 27
1675 0 26
1679 0 27
1681 0 28
1683 0 29
1685 0 26
1687 0 27
1688 0 26
1690 0 27
1693 0 30
1695 0 25
1697 0 26
1699 0 26
1700 0 30
1702 0 27
1705 0 26
1707 0 26
1709 0 26
1711 0 26
1712 0 25
1714 0 27
1716 0 26
1718 0 26
1724 0 25
1725 0 26
1726 0 27
1727 0 26
1728 0 26
1729 0 26
1731 0 27
1732 0 30
1733 0 27
1737 0 26
1738 0 25
1739 0 26
1740 0 25
1741 0 26
1742 0 26
1744 0 26
1745 0 27
1747 0 27
1748 0 26
1749 0 28
1750 0 29
1751 0 28
1752 0 27
1753 0 26
1754 0 27
1755 0 26
1757 0 27
1758 0 30
1759 0 27
1760 0 31
1761 0 26
1762 0 27
1763 0 27
1764 0 26
1765 0 26
1766 0 27
1767 0 27
1768 0 26
1769 0 27
1773 0 25
1774 0 25
1775 0 26
1776 0 26
1777 0 25
1778 0 26
1780 0 25
1781 0 26
1783 0 27
1784 0 26
1785 0 28
1786 0 26
1787 0 25
1788 0 26
1789 0 27
1790 0 26
1791 0 26
1792 0 26
1794 0 25
1795 0 27
1797 0 26
1798 0 26
1799 0 27
1800 0 28
1801 0 27
1802 0 27
1803 0 26
1804 0 27
1805 0 26
1807 0 26
1808 0 25
1809 0 27
1810 0 25
1811 0 26
1812 0 27
1813 0 27
1814 0 26
1815 0 26
1816 0 27
1818 0 27
1819 0 27
1820 0 27
1824 0 27
1825 0 26
1826 0 27
1827 0 26
1828 0 27
1829 0 27
1831 0 25
1832 0 27
1834 0 27
1835 0 26
1836 0 28
1837 0 26
1852 0 27
1853 0 30
1854 0 27
1856 0 26
1857 0 27
1858 0 27
1859 0 26
1860 0 26
1861 0 27
1862 0 27
1863 0 26
1864 0 27
1866 0 30
1867 0 32
1869 0 27
1870 0 30
1871 0 27
1872 0 28
1873 0 28
1879 0 25
1880 0 26
1881 0 27
1882 0 26
1883 0 26
1884 0 26
1886 0 27
1887 0 30
1888 0 27
1892 0 26
1893 0 26
1894 0 27
1895 0 27
1896 0 26
1897 0 27
1899 0 26
1900 0 27
1902 0 28
1903 0 27
1904 0 29
1905 0 27
1906 0 26
1907 0 27
1908 0 28
1909 0 27
1910 0 27
1911 0 27
1966 0 30
1967 0 26
1968 0 27
1969 0 26
1970 0 30
1971 0 27
1973 0 26
1974 0 30
1976 0 27
1977 0 27
1978 0 27
1979 0 27
1981 0 27
1984 0 27
1987 0 26
1988 0 31
1990 0 26
1991 0 26
1992 0 27
1993 0 29
1994 0 27
1995 0 30
1996 0 26
1997 0 27
1998 0 26
2000 0 26
2001 0 27
2002 0 27
2003 0 27
2004 0 26
2005 0 28
2006 0 26
2007 0 27
2008 0 27
2009 0 27
2010 0 27
2011 0 27
2012 0 28
2014 0 27
2015 0 32
2017 0 26
2018 0 27
2019 0 27
2020 0 29
2021 0 27
2027 0 30
2028 0 27
2030 0 31
2031 0 27
2032 0 32
2034 0 32
2035 0 32
2036 0 32
2040 0 30
2041 0 26
2042 0 27
2043 0 26
2044 0 30
2045 0 27
2047 0 27
2048 0 32
2050 0 27
2051 0 27
2052 0 28
2053 0 30
2054 0 28
2055 0 31
2056 0 27
2057 0 28
2058 0 27
2083 0 26
2084 0 30
2086 0 25
2087 0 26
2088 0 26
2089 0 29
2090 0 26
2091 0 30
2092 0 27
2093 0 27
2094 0 27
2096 0 26
2097 0 26
2098 0 26
2099 0 26
2100 0 26
2101 0 28
2102 0 26
2103 0 25
2104 0 27
2105 0 27
2107 0 26
2108 0 27
2109 0 26
2113 0 30
2114 0 27
2115 0 27
2116 0 27
2117 0 30
2118 0 28
2120 0 26
2121 0 30
2123 0 27
2124 0 27
2125 0 27
2126 0 27
2141 0 26
2142 0 27
2143 0 27
2144 0 27
2145 0 26
2146 0 29
2147 0 26
2148 0 27
2149 0 28
2150 0 27
2151 0 28
2152 0 27
2153 0 29
2155 0 27
2156 0 32
2158 0 26
2159 0 27
2160 0 27
2161 0 30
2162 0 27
2168 0 26
2169 0 29
2170 0 27
2171 0 26
2172 0 28
2173 0 27
2175 0 27
2176 0 28
2177 0 27
2181 0 27
2182 0 29
2183 0 28
2184 0 29
2185 0 27
2186 0 30
2188 0 29
2189 0 28
2191 0 29
2192 0 30
2193 0 30
2194 0 30
2195 0 27
2196 0 30
2197 0 28
2198 0 27
2199 0 29
2200 0 28
2202 0 27
2203 0 31
2205 0 26
2206 0 27
2207 0 27
2208 0 30
2209 0 27
2210 0 31
2211 0 28
2212 0 28
2213 0 28
2215 0 27
2216 0 27
2217 0 27
2218 0 27
2219 0 27
2220 0 29
2221 0 27
2222 0 26
2223 0 28
2224 0 28
2226 0 27
2227 0 28
2228 0 27
2232 0 27
2233 0 27
2235 0 31
2237 0 26
2238 0 26
2239 0 27
2240 0 27
2242 0 27
2243 0 30
2244 0 27
2245 0 27
2247 0 31
2248 0 32
2249 0 28
2250 0 27
2251 0 28
2252 0 28
2254 0 26
2255 0 27
2256 0 27
2257 0 26
2259 0 27
2260 0 27
2261 0 27
2262 0 27
2263 0 26
2265 0 27
2266 0 29
2267 0 27
2268 0 27
2270 0 26
2271 0 26
2272 0 28
2273 0 27
2275 0 28
2277 0 27
2278 0 27
2279 0 28
2280 0 26
2282 0 27
2283 0 27
2292 0 30
2294 0 27
2295 0 30
2297 0 30
2298 0 27
2299 0 27
2302 0 30
2303 0 31
2304 0 30
2306 0 31
2312 0 31
2313 0 26
2314 0 25
2315 0 26
2318 0 27
2321 0 27
2322 0 27
2325 0 26
2326 0 27
2327 0 27
2329 0 30
2330 0 27
2332 0 32
2333 0 27
2334 0 26
2335 0 27
2337 0 30
2338 0 31
2339 0 31
2341 0 32
2342 0 32
2343 0 32
2344 0 30
2346 0 28
2347 0 30
2349 0 32
2350 0 27
2351 0 27
2352 0 28
2355 0 28
2361 0 30
2362 0 26
2363 0 26
2364 0 27
2367 0 27
2370 0 26
2371 0 26
2374 0 26
2375 0 27
2376 0 27
2378 0 28
2379 0 27
2380 0 27
2381 0 30
2383 0 27
2384 0 30
2386 0 30
2387 0 27
2388 0 27
2392 0 26
2393 0 26
2396 0 26
2397 0 27
2398 0 27
2400 0 29
2401 0 27
2403 0 32
2404 0 27
2405 0 26
2406 0 27
2408 0 25
2409 0 26
2410 0 26
2412 0 27
2413 0 26
2414 0 26
2415 0 27
2417 0 28
2418 0 27
2420 0 27
2421 0 27
2422 0 27
2425 0 27
2426 0 28
2427 0 27
2429 0 28
2436 0 27
2437 0 26
2438 0 27
2441 0 28
2444 0 26
2445 0 26
2448 0 26
2449 0 27
2450 0 27
2452 0 28
2453 0 27
2454 0 27
2474 0 25
2476 0 26
2478 0 30
2479 0 25
2481 0 26
2482 0 25
2483 0 26
2485 0 26
2486 0 26
2488 0 26
2490 0 27
2494 0 31
2497 0 25
2499 0 26
2501 0 27
2502 0 26
2510 0 25
2512 0 26
2513 0 26
2514 0 25
2516 0 26
2517 0 26
2520 0 26
2522 0 26
2527 0 26
2529 0 26
2530 0 27
2532 0 26
2534 0 27
2537 0 27
2538 0 27
2541 0 28
2543 0 29
2545 0 28
2546 0 26
2548 0 27
2549 0 27
2550 0 26
2552 0 27
2553 0 27
2556 0 30
2557 0 30
2560 0 25
2562 0 26
2564 0 27
2565 0 26
2566 0 30
2568 0 30
2569 0 27
2573 0 26
2575 0 26
2577 0 30
2578 0 26
2580 0 27
2581 0 26
2582 0 25
2584 0 27
2585 0 27
2588 0 26
2590 0 26
2598 0 25
2599 0 26
2600 0 26
2601 0 27
2602 0 26
2603 0 26
2604 0 26
2605 0 26
2608 0 27
2609 0 30
2610 0 27
2615 0 26
2616 0 25
2617 0 26
2618 0 26
2619 0 25
2620 0 26
2621 0 26
2622 0 27
2624 0 26
2625 0 27
2626 0 27
2629 0 27
2630 0 26
2631 0 28
2632 0 29
2633 0 29
2634 0 28
2635 0 27
2636 0 26
2637 0 27
2638 0 27
2639 0 26
2642 0 27
2643 0 30
2644 0 27
2645 0 31
2646 0 32
2647 0 26
2648 0 27
2649 0 27
2650 0 27
2651 0 26
2652 0 26
2653 0 26
2654 0 27
2655 0 27
2656 0 26
2657 0 27
2658 0 27
2663 0 25
2664 0 25
2665 0 25
2666 0 26
2667 0 26
2668 0 25
2669 0 26
2670 0 26
2672 0 25
2673 0 26
2674 0 26
2677 0 27
2678 0 26
2679 0 28
2680 0 26
2681 0 27
2682 0 25
2683 0 26
2684 0 26
2685 0 27
2686 0 26
2687 0 26
2688 0 26
2689 0 26
2691 0 25
2692 0 27
2693 0 27
2696 0 26
2697 0 26
2698 0 27
2699 0 28
2700 0 28
2701 0 27
2702 0 27
2703 0 26
2704 0 27
2705 0 27
2706 0 26
2709 0 26
2710 0 25
2711 0 27
2712 0 25
2713 0 27
2714 0 26
2715 0 27
2716 0 27
2717 0 27
2718 0 26
2719 0 26
2720 0 27
2721 0 27
2724 0 27
2725 0 27
2726 0 27
2731 0 27
2732 0 26
2733 0 27
2734 0 27
2735 0 26
2736 0 27
2737 0 27
2738 0 28
2740 0 25
2741 0 27
2742 0 27
2745 0 27
2746 0 26
2747 0 28
2748 0 26
2749 0 28
2769 0 27
2770 0 30
2771 0 27
2774 0 26
2775 0 27
2776 0 27
2777 0 27
2778 0 26
2779 0 26
2780 0 26
2781 0 27
2782 0 27
2783 0 26
2784 0 27
2785 0 27
2787 0 30
2789 0 32
2792 0 27
2793 0 30
2794 0 27
2795 0 28
2796 0 28
2797 0 28
2805 0 25
2806 0 26
2807 0 26
2808 0 27
2809 0 26
2810 0 26
2811 0 26
2812 0 26
2815 0 27
2816 0 30
2817 0 27
2822 0 26
2823 0 26
2824 0 26
2825 0 27
2826 0 27
2827 0 26
2828 0 27
2829 0 27
2831 0 26
2832 0 27
2833 0 27
2836 0 28
2837 0 27
2838 0 29
2839 0 27
2840 0 28
2841 0 26
2842 0 27
2843 0 27
2844 0 28
2845 0 27
2846 0 27
2847 0 27
2848 0 27
