106 0 33
107 0 33
108 0 28
109 0 28
110 0 29
111 0 29
112 0 33
114 0 33
115 0 29
119 0 28
120 0 28
122 0 33
124 0 28
125 0 29
126 0 29
127 0 28
129 0 29
130 0 29
131 0 29
132 0 29
133 0 33
136 0 29
137 0 33
141 0 33
142 0 29
143 0 29
149 0 28
150 0 28
152 0 34
154 0 28
155 0 29
156 0 29
157 0 28
159 0 30
160 0 30
161 0 29
162 0 30
164 0 33
165 0 33
166 0 28
167 0 28
168 0 29
169 0 29
171 0 28
172 0 29
173 0 29
174 0 28
176 0 29
177 0 29
178 0 29
179 0 29
180 0 28
182 0 29
183 0 30
184 0 28
185 0 29
187 0 29
188 0 29
189 0 30
190 0 30
191 0 31
192 0 31
193 0 29
195 0 29
196 0 31
200 0 29
201 0 29
203 0 35
205 0 28
206 0 29
207 0 29
208 0 29
210 0 30
211 0 31
212 0 29
213 0 30
224 0 33
226 0 33
227 0 29
231 0 34
232 0 33
233 0 29
234 0 29
236 0 35
238 0 34
239 0 35
240 0 35
241 0 33
243 0 35
244 0 34
252 0 33
253 0 33
254 0 28
255 0 28
256 0 29
257 0 29
258 0 33
260 0 33
261 0 29
265 0 29
266 0 29
268 0 35
270 0 29
271 0 30
272 0 30
273 0 29
275 0 31
276 0 31
277 0 30
278 0 31
280 0 34
281 0 34
282 0 29
283 0 29
284 0 30
285 0 30
336 0 28
337 0 28
339 0 33
341 0 28
342 0 28
343 0 29
344 0 28
346 0 28
347 0 30
348 0 29
349 0 29
351 0 33
352 0 34
353 0 30
354 0 29
355 0 29
356 0 30
358 0 28
359 0 28
360 0 29
361 0 28
363 0 28
364 0 29
365 0 28
366 0 28
367 0 28
369 0 28
370 0 30
371 0 29
372 0 29
374 0 28
375 0 28
376 0 30
377 0 30
379 0 29
381 0 29
382 0 29
383 0 30
384 0 28
386 0 29
387 0 29
395 0 33
397 0 30
398 0 29
399 0 29
400 0 30
401 0 33
403 0 33
404 0 31
408 0 28
409 0 28
411 0 33
413 0 29
414 0 29
415 0 30
416 0 29
418 0 29
419 0 30
420 0 29
421 0 29
447 0 28
448 0 29
449 0 29
450 0 28
452 0 29
453 0 29
454 0 29
455 0 29
456 0 28
458 0 29
459 0 30
460 0 28
461 0 29
463 0 29
464 0 29
465 0 30
466 0 30
467 0 31
468 0 31
469 0 29
471 0 29
472 0 31
476 0 29
477 0 29
479 0 35
481 0 28
482 0 29
483 0 29
484 0 29
486 0 30
487 0 31
488 0 29
489 0 30
500 0 28
502 0 29
503 0 30
504 0 30
505 0 30
507 0 29
508 0 28
509 0 30
510 0 30
512 0 30
514 0 30
515 0 30
516 0 31
517 0 28
519 0 30
520 0 29
528 0 29
529 0 29
530 0 30
531 0 30
532 0 31
533 0 31
534 0 29
536 0 29
537 0 31
541 0 30
542 0 30
544 0 31
546 0 30
547 0 31
548 0 31
549 0 30
551 0 31
552 0 31
553 0 31
554 0 31
555 0 29
557 0 30
558 0 31
559 0 31
560 0 31
562 0 30
563 0 29
564 0 31
565 0 31
567 0 31
571 0 29
572 0 29
574 0 34
576 0 29
577 0 29
578 0 30
579 0 29
581 0 29
582 0 31
583 0 30
584 0 30
586 0 34
587 0 35
588 0 31
589 0 30
590 0 30
591 0 31
593 0 29
594 0 29
595 0 30
596 0 29
598 0 29
599 0 30
600 0 29
601 0 29
602 0 29
604 0 29
605 0 31
606 0 30
607 0 30
609 0 29
610 0 29
611 0 31
612 0 31
614 0 30
616 0 30
617 0 30
618 0 31
619 0 29
621 0 30
622 0 30
631 0 33
633 0 29
634 0 33
636 0 33
637 0 29
638 0 29
641 0 33
642 0 34
643 0 33
645 0 34
651 0 34
652 0 29
653 0 28
654 0 29
657 0 30
660 0 29
661 0 29
664 0 28
665 0 29
666 0 29
668 0 31
669 0 29
671 0 35
672 0 30
673 0 29
674 0 30
676 0 33
677 0 34
678 0 34
680 0 35
681 0 35
682 0 35
683 0 33
685 0 31
686 0 33
688 0 35
689 0 30
690 0 29
691 0 30
694 0 31
700 0 33
701 0 29
702 0 28
703 0 29
706 0 30
709 0 29
710 0 29
713 0 28
714 0 29
715 0 30
717 0 31
718 0 30
719 0 30
720 0 33
722 0 29
723 0 33
725 0 33
726 0 29
727 0 29
731 0 29
732 0 29
735 0 28
736 0 29
737 0 29
739 0 31
740 0 29
742 0 35
743 0 30
744 0 29
745 0 30
747 0 28
748 0 29
749 0 29
751 0 30
752 0 29
753 0 29
754 0 29
756 0 31
757 0 29
759 0 29
760 0 31
761 0 31
764 0 29
765 0 30
766 0 29
768 0 30
775 0 30
776 0 29
777 0 30
780 0 31
783 0 29
784 0 29
787 0 29
788 0 30
789 0 30
791 0 31
792 0 30
793 0 30
846 0 33
847 0 28
848 0 33
852 0 28
854 0 28
855 0 28
857 0 29
858 0 29
859 0 33
861 0 33
863 0 33
864 0 29
868 0 28
870 0 28
871 0 28
873 0 29
875 0 33
876 0 28
877 0 28
878 0 28
880 0 29
881 0 29
882 0 28
884 0 28
886 0 29
887 0 30
888 0 29
892 0 29
894 0 28
895 0 29
897 0 29
903 0 33
907 0 33
908 0 29
910 0 34
911 0 33
913 0 34
918 0 33
919 0 28
920 0 33
924 0 29
926 0 29
927 0 29
929 0 30
931 0 34
932 0 29
959 0 28
961 0 28
962 0 28
964 0 29
966 0 34
967 0 29
968 0 28
969 0 28
971 0 29
972 0 28
973 0 28
975 0 29
977 0 28
978 0 30
980 0 29
981 0 28
983 0 29
989 0 29
990 0 33
994 0 28
996 0 29
997 0 29
999 0 30
1000 0 29
1012 0 28
1013 0 28
1015 0 29
1016 0 29
1017 0 28
1019 0 28
1021 0 29
1022 0 30
1023 0 29
1027 0 29
1029 0 28
1030 0 29
1032 0 29
1038 0 28
1040 0 30
1042 0 28
1043 0 30
1045 0 30
1046 0 28
1048 0 29
1053 0 29
1054 0 30
1055 0 29
1059 0 30
1061 0 30
1062 0 30
1064 0 31
1065 0 31
1066 0 29
1068 0 31
1070 0 29
1071 0 31
1075 0 29
1077 0 29
1078 0 29
1080 0 30
1082 0 35
1083 0 30
1084 0 29
1085 0 29
1087 0 30
1088 0 29
1089 0 29
1091 0 30
1093 0 29
1094 0 31
1096 0 30
1097 0 29
1099 0 30
1105 0 33
1107 0 33
1109 0 33
1110 0 29
1112 0 33
1113 0 33
1115 0 34
1120 0 34
1121 0 28
1126 0 29
1128 0 28
1129 0 29
1131 0 29
1133 0 35
1134 0 29
1135 0 33
1136 0 34
1138 0 35
1139 0 35
1140 0 33
1142 0 33
1144 0 35
1145 0 29
1152 0 33
1153 0 28
1158 0 29
1160 0 28
1161 0 30
1163 0 31
1164 0 30
1165 0 33
1167 0 33
1169 0 33
1170 0 29
1174 0 29
1176 0 28
1177 0 29
1179 0 29
1181 0 35
1182 0 29
1183 0 28
1184 0 29
1186 0 30
1187 0 29
1188 0 29
1190 0 29
1192 0 29
1193 0 31
1195 0 29
1196 0 29
1198 0 30
1204 0 29
1209 0 29
1211 0 29
1212 0 30
1214 0 31
1215 0 30
1241 0 33
1243 0 28
1245 0 28
1247 0 29
1248 0 33
1250 0 29
1253 0 28
1255 0 28
1257 0 28
1259 0 29
1260 0 28
1262 0 29
1264 0 29
1266 0 29
1270 0 33
1272 0 29
1274 0 33
1278 0 33
1280 0 29
1282 0 29
1298 0 28
1300 0 28
1302 0 28
1304 0 28
1305 0 28
1307 0 30
1309 0 28
1313 0 33
1315 0 28
1317 0 29
1319 0 29
1325 0 28
1327 0 29
1328 0 28
1330 0 29
1332 0 29
1334 0 29
1338 0 28
1340 0 30
1342 0 28
1346 0 29
1348 0 30
1350 0 30
1352 0 31
1353 0 29
1355 0 31
1358 0 29
1360 0 29
1362 0 29
1364 0 29
1365 0 29
1367 0 31
1369 0 29
1374 0 33
1376 0 29
1378 0 33
1384 0 29
1386 0 29
1388 0 34
1390 0 35
1391 0 33
1398 0 29
1400 0 30
1402 0 30
1403 0 33
1405 0 29
1408 0 29
1410 0 29
1412 0 29
1414 0 29
1415 0 29
1417 0 31
1419 0 29
1425 0 29
1427 0 30
1429 0 30
1437 0 33
1438 0 33
1439 0 28
1440 0 28
1441 0 29
1442 0 29
1443 0 33
1445 0 33
1446 0 29
1450 0 28
1451 0 28
1453 0 33
1455 0 28
1456 0 29
1457 0 29
1458 0 28
1460 0 29
1461 0 29
1462 0 29
1463 0 29
1464 0 33
1467 0 29
1468 0 33
1472 0 33
1473 0 29
1474 0 29
1480 0 28
1481 0 28
1483 0 34
1485 0 28
1486 0 29
1487 0 29
1488 0 28
1490 0 30
1491 0 30
1492 0 29
1493 0 30
1495 0 33
1496 0 33
1497 0 28
1498 0 28
1499 0 29
1500 0 29
1502 0 28
1503 0 29
1504 0 29
1505 0 28
1507 0 29
1508 0 29
1509 0 29
1510 0 29
1511 0 28
1513 0 29
1514 0 30
1515 0 28
1516 0 29
1518 0 29
1519 0 29
1520 0 30
1521 0 30
1522 0 31
1523 0 31
1524 0 29
1526 0 29
1527 0 31
1531 0 29
1532 0 29
1534 0 35
1536 0 28
1537 0 29
1538 0 29
1539 0 29
1541 0 30
1542 0 31
1543 0 29
1544 0 30
1555 0 33
1557 0 33
1558 0 29
1562 0 34
1563 0 33
1564 0 29
1565 0 29
1567 0 35
1569 0 34
1570 0 35
1571 0 35
1572 0 33
1574 0 35
1575 0 34
1583 0 33
1584 0 33
1585 0 28
1586 0 28
1587 0 29
1588 0 29
1589 0 33
1591 0 33
1592 0 29
1596 0 29
1597 0 29
1599 0 35
1601 0 29
1602 0 30
1603 0 30
1604 0 29
1606 0 31
1607 0 31
1608 0 30
1609 0 31
1611 0 34
1612 0 34
1613 0 29
1614 0 29
1615 0 30
1616 0 30
1631 0 28
1633 0 28
1635 0 28
1637 0 28
1638 0 28
1640 0 30
1642 0 28
1646 0 34
1648 0 28
1650 0 29
1652 0 29
1658 0 28
1660 0 29
1661 0 28
1663 0 29
1665 0 29
1667 0 29
1671 0 28
1673 0 30
1675 0 28
1679 0 30
1681 0 30
1683 0 30
1685 0 29
1687 0 30
1688 0 29
1690 0 30
1693 0 33
1695 0 28
1697 0 28
1699 0 29
1700 0 33
1702 0 29
1705 0 28
1707 0 28
1709 0 28
1711 0 29
1712 0 28
1714 0 29
1716 0 29
1718 0 29
1724 0 28
1725 0 28
1726 0 29
1727 0 28
1728 0 28
1729 0 29
1731 0 29
1732 0 33
1733 0 29
1737 0 28
1738 0 28
1739 0 30
1740 0 28
1741 0 28
1742 0 29
1744 0 28
1745 0 29
1747 0 30
1748 0 28
1749 0 30
1750 0 30
1751 0 31
1752 0 29
1753 0 29
1754 0 31
1755 0 29
1757 0 29
1758 0 33
1759 0 29
1760 0 34
1761 0 29
1762 0 30
1763 0 29
1764 0 29
1765 0 29
1766 0 31
1767 0 29
1768 0 29
1769 0 30
1773 0 28
1774 0 28
1775 0 30
1776 0 28
1777 0 28
1778 0 29
1780 0 28
1781 0 29
1783 0 30
1784 0 28
1785 0 30
1786 0 29
1787 0 28
1788 0 28
1789 0 29
1790 0 28
1791 0 28
1792 0 29
1794 0 28
1795 0 29
1797 0 30
1798 0 28
1799 0 30
1800 0 30
1801 0 31
1802 0 29
1803 0 29
1804 0 31
1805 0 29
1807 0 30
1808 0 28
1809 0 30
1810 0 28
1811 0 30
1812 0 30
1813 0 31
1814 0 30
1815 0 30
1816 0 31
1818 0 31
1819 0 29
1820 0 31
1824 0 29
1825 0 29
1826 0 31
1827 0 29
1828 0 29
1829 0 30
1831 0 28
1832 0 29
1834 0 31
1835 0 29
1836 0 31
1837 0 29
1852 0 29
1853 0 33
1854 0 29
1856 0 29
1857 0 30
1858 0 29
1859 0 29
1860 0 29
1861 0 31
1862 0 29
1863 0 29
1864 0 30
1866 0 33
1867 0 35
1869 0 29
1870 0 33
1871 0 30
1872 0 31
1873 0 30
1879 0 28
1880 0 28
1881 0 29
1882 0 28
1883 0 28
1884 0 29
1886 0 29
1887 0 33
1888 0 29
1892 0 29
1893 0 29
1894 0 31
1895 0 29
1896 0 29
1897 0 30
1899 0 29
1900 0 30
1902 0 31
1903 0 29
1904 0 31
1905 0 30
1906 0 29
1907 0 29
1908 0 30
1909 0 29
1910 0 29
1911 0 30
1966 0 33
1967 0 28
1968 0 29
1969 0 29
1970 0 33
1971 0 29
1973 0 28
1974 0 33
1976 0 29
1977 0 29
1978 0 29
1979 0 29
1981 0 29
1984 0 29
1987 0 28
1988 0 34
1990 0 29
1991 0 29
1992 0 30
1993 0 30
1994 0 30
1995 0 33
1996 0 28
1997 0 29
1998 0 29
2000 0 29
2001 0 29
2002 0 29
2003 0 29
2004 0 29
2005 0 30
2006 0 29
2007 0 29
2008 0 30
2009 0 31
2010 0 31
2011 0 29
2012 0 31
2014 0 29
2015 0 35
2017 0 29
2018 0 29
2019 0 30
2020 0 31
2021 0 30
2027 0 33
2028 0 29
2030 0 34
2031 0 29
2032 0 35
2034 0 35
2035 0 35
2036 0 35
2040 0 33
2041 0 28
2042 0 29
2043 0 29
2044 0 33
2045 0 29
2047 0 29
2048 0 35
2050 0 30
2051 0 30
2052 0 31
2053 0 31
2054 0 31
2055 0 34
2056 0 29
2057 0 30
2058 0 30
2083 0 28
2084 0 33
2086 0 28
2087 0 29
2088 0 28
2089 0 30
2090 0 29
2091 0 33
2092 0 30
2093 0 29
2094 0 30
2096 0 28
2097 0 29
2098 0 28
2099 0 28
2100 0 28
2101 0 30
2102 0 29
2103 0 28
2104 0 30
2105 0 29
2107 0 29
2108 0 30
2109 0 29
2113 0 33
2114 0 30
2115 0 29
2116 0 30
2117 0 33
2118 0 31
2120 0 28
2121 0 33
2123 0 29
2124 0 30
2125 0 29
2126 0 29
2141 0 29
2142 0 29
2143 0 29
2144 0 29
2145 0 29
2146 0 30
2147 0 29
2148 0 29
2149 0 30
2150 0 31
2151 0 31
2152 0 29
2153 0 31
2155 0 29
2156 0 35
2158 0 29
2159 0 29
2160 0 30
2161 0 31
2162 0 30
2168 0 29
2169 0 30
2170 0 30
2171 0 29
2172 0 30
2173 0 30
2175 0 30
2176 0 31
2177 0 30
2181 0 29
2182 0 30
2183 0 31
2184 0 31
2185 0 29
2186 0 31
2188 0 30
2189 0 31
2191 0 31
2192 0 31
2193 0 31
2194 0 31
2195 0 30
2196 0 31
2197 0 31
2198 0 30
2199 0 31
2200 0 31
2202 0 29
2203 0 34
2205 0 29
2206 0 30
2207 0 29
2208 0 31
2209 0 30
2210 0 34
2211 0 31
2212 0 30
2213 0 31
2215 0 29
2216 0 30
2217 0 29
2218 0 29
2219 0 29
2220 0 31
2221 0 30
2222 0 29
2223 0 31
2224 0 30
2226 0 30
2227 0 31
2228 0 30
2232 0 29
2233 0 29
2235 0 34
2237 0 29
2238 0 29
2239 0 30
2240 0 29
2242 0 29
2243 0 31
2244 0 30
2245 0 30
2247 0 34
2248 0 35
2249 0 31
2250 0 30
2251 0 30
2252 0 31
2254 0 29
2255 0 29
2256 0 30
2257 0 29
2259 0 29
2260 0 30
2261 0 29
2262 0 29
2263 0 29
2265 0 29
2266 0 31
2267 0 30
2268 0 30
2270 0 29
2271 0 29
2272 0 31
2273 0 31
2275 0 30
2277 0 30
2278 0 30
2279 0 31
2280 0 29
2282 0 30
2283 0 30
2292 0 33
2294 0 29
2295 0 33
2297 0 33
2298 0 29
2299 0 29
2302 0 33
2303 0 34
2304 0 33
2306 0 34
2312 0 34
2313 0 29
2314 0 28
2315 0 29
2318 0 30
2321 0 29
2322 0 29
2325 0 28
2326 0 29
2327 0 29
2329 0 31
2330 0 29
2332 0 35
2333 0 30
2334 0 29
2335 0 30
2337 0 33
2338 0 34
2339 0 34
2341 0 35
2342 0 35
2343 0 35
2344 0 33
2346 0 31
2347 0 33
2349 0 35
2350 0 30
2351 0 29
2352 0 30
2355 0 31
2361 0 33
2362 0 29
2363 0 28
2364 0 29
2367 0 30
2370 0 29
2371 0 29
2374 0 28
2375 0 29
2376 0 30
2378 0 31
2379 0 30
2380 0 30
2381 0 33
2383 0 29
2384 0 33
2386 0 33
2387 0 29
2388 0 29
2392 0 29
2393 0 29
2396 0 28
2397 0 29
2398 0 29
2400 0 31
2401 0 29
2403 0 35
2404 0 30
2405 0 29
2406 0 30
2408 0 28
2409 0 29
2410 0 29
2412 0 30
2413 0 29
2414 0 29
2415 0 29
2417 0 31
2418 0 29
2420 0 29
2421 0 31
2422 0 31
2425 0 29
2426 0 30
2427 0 29
2429 0 30
2436 0 30
2437 0 29
2438 0 30
2441 0 31
2444 0 29
2445 0 29
2448 0 29
2449 0 30
2450 0 30
2452 0 31
2453 0 30
2454 0 30
2474 0 28
2476 0 28
2478 0 33
2479 0 28
2481 0 29
2482 0 28
2483 0 28
2485 0 28
2486 0 30
2488 0 28
2490 0 29
2494 0 34
2497 0 28
2499 0 29
2501 0 30
2502 0 29
2510 0 28
2512 0 29
2513 0 29
2514 0 28
2516 0 29
2517 0 29
2520 0 29
2522 0 29
2527 0 28
2529 0 28
2530 0 30
2532 0 28
2534 0 29
2537 0 30
2538 0 30
2541 0 30
2543 0 30
2545 0 31
2546 0 29
2548 0 30
2549 0 30
2550 0 29
2552 0 30
2553 0 30
2556 0 33
2557 0 33
2560 0 28
2562 0 28
2564 0 29
2565 0 29
2566 0 33
2568 0 33
2569 0 29
2573 0 28
2575 0 28
2577 0 33
2578 0 28
2580 0 29
2581 0 29
2582 0 28
2584 0 29
2585 0 29
2588 0 29
2590 0 29
2598 0 28
2599 0 28
2600 0 29
2601 0 29
2602 0 28
2603 0 28
2604 0 29
2605 0 29
2608 0 29
2609 0 33
2610 0 29
2615 0 28
2616 0 28
2617 0 28
2618 0 30
2619 0 28
2620 0 28
2621 0 29
2622 0 29
2624 0 28
2625 0 29
2626 0 29
2629 0 30
2630 0 28
2631 0 30
2632 0 30
2633 0 31
2634 0 31
2635 0 29
2636 0 29
2637 0 29
2638 0 31
2639 0 29
2642 0 29
2643 0 33
2644 0 29
2645 0 34
2646 0 35
2647 0 29
2648 0 30
2649 0 30
2650 0 29
2651 0 29
2652 0 29
2653 0 29
2654 0 31
2655 0 29
2656 0 29
2657 0 30
2658 0 30
2663 0 28
2664 0 28
2665 0 28
2666 0 30
2667 0 28
2668 0 28
2669 0 29
2670 0 29
2672 0 28
2673 0 29
2674 0 29
2677 0 30
2678 0 28
2679 0 30
2680 0 29
2681 0 30
2682 0 28
2683 0 28
2684 0 29
2685 0 29
2686 0 28
2687 0 28
2688 0 29
2689 0 29
2691 0 28
2692 0 29
2693 0 29
2696 0 30
2697 0 28
2698 0 30
2699 0 30
2700 0 31
2701 0 31
2702 0 29
2703 0 29
2704 0 29
2705 0 31
2706 0 29
2709 0 30
2710 0 28
2711 0 30
2712 0 28
2713 0 29
2714 0 30
2715 0 30
2716 0 31
2717 0 31
2718 0 30
2719 0 30
2720 0 31
2721 0 31
2724 0 31
2725 0 29
2726 0 31
2731 0 29
2732 0 29
2733 0 29
2734 0 31
2735 0 29
2736 0 29
2737 0 30
2738 0 30
2740 0 28
2741 0 29
2742 0 29
2745 0 31
2746 0 29
2747 0 31
2748 0 29
2749 0 30
2769 0 29
2770 0 33
2771 0 29
2774 0 29
2775 0 30
2776 0 30
2777 0 29
2778 0 29
2779 0 29
2780 0 29
2781 0 31
2782 0 29
2783 0 29
2784 0 30
2785 0 30
2787 0 33
2789 0 35
2792 0 29
2793 0 33
2794 0 30
2795 0 31
2796 0 31
2797 0 30
2805 0 28
2806 0 28
2807 0 29
2808 0 29
2809 0 28
2810 0 28
2811 0 29
2812 0 29
2815 0 29
2816 0 33
2817 0 29
2822 0 29
2823 0 29
2824 0 29
2825 0 31
2826 0 29
2827 0 29
2828 0 30
2829 0 30
2831 0 29
2832 0 30
2833 0 30
2836 0 31
2837 0 29
2838 0 31
2839 0 30
2840 0 31
2841 0 29
2842 0 29
2843 0 30
2844 0 30
2845 0 29
2846 0 29
2847 0 30
2848 0 30
