106 0 36
107 0 36
108 0 31
109 0 30
110 0 31
111 0 31
112 0 36
114 0 36
115 0 32
119 0 31
120 0 30
122 0 36
124 0 31
125 0 31
126 0 32
127 0 31
129 0 32
130 0 32
131 0 32
132 0 31
133 0 36
136 0 32
137 0 36
141 0 36
142 0 31
143 0 31
149 0 31
150 0 30
152 0 37
154 0 30
155 0 31
156 0 31
157 0 31
159 0 32
160 0 34
161 0 31
162 0 32
164 0 36
165 0 36
166 0 31
167 0 30
168 0 31
169 0 31
171 0 30
172 0 31
173 0 31
174 0 30
176 0 32
177 0 31
178 0 32
179 0 31
180 0 30
182 0 31
183 0 33
184 0 30
185 0 31
187 0 31
188 0 31
189 0 32
190 0 31
191 0 32
192 0 32
193 0 31
195 0 31
196 0 33
200 0 31
201 0 31
203 0 38
205 0 30
206 0 31
207 0 31
208 0 31
210 0 32
211 0 34
212 0 31
213 0 32
224 0 36
226 0 36
227 0 32
231 0 37
232 0 36
233 0 32
234 0 31
236 0 38
238 0 37
239 0 38
240 0 38
241 0 36
243 0 38
244 0 37
252 0 36
253 0 36
254 0 31
255 0 30
256 0 31
257 0 31
258 0 36
260 0 36
261 0 32
265 0 32
266 0 31
268 0 38
270 0 31
271 0 32
272 0 32
273 0 32
275 0 33
276 0 35
277 0 32
278 0 33
280 0 37
281 0 37
282 0 32
283 0 31
284 0 32
285 0 32
336 0 31
337 0 30
339 0 36
341 0 30
342 0 30
343 0 31
344 0 31
346 0 31
347 0 34
348 0 31
349 0 31
351 0 36
352 0 37
353 0 32
354 0 31
355 0 31
356 0 32
358 0 30
359 0 30
360 0 31
361 0 30
363 0 31
364 0 31
365 0 31
366 0 30
367 0 30
369 0 30
370 0 33
371 0 31
372 0 31
374 0 30
375 0 30
376 0 32
377 0 31
379 0 31
381 0 31
382 0 31
383 0 32
384 0 30
386 0 31
387 0 31
395 0 36
397 0 32
398 0 31
399 0 31
400 0 32
401 0 36
403 0 36
404 0 33
408 0 31
409 0 30
411 0 36
413 0 31
414 0 31
415 0 32
416 0 31
418 0 32
419 0 32
420 0 32
421 0 31
447 0 31
448 0 31
449 0 32
450 0 31
452 0 32
453 0 32
454 0 32
455 0 31
456 0 31
458 0 31
459 0 34
460 0 31
461 0 31
463 0 31
464 0 32
465 0 33
466 0 32
467 0 32
468 0 33
469 0 31
471 0 31
472 0 34
476 0 32
477 0 32
479 0 38
481 0 31
482 0 31
483 0 32
484 0 32
486 0 32
487 0 35
488 0 32
489 0 32
500 0 31
502 0 31
503 0 34
504 0 32
505 0 32
507 0 31
508 0 31
509 0 33
510 0 32
512 0 32
514 0 32
515 0 32
516 0 33
517 0 31
519 0 32
520 0 32
528 0 32
529 0 32
530 0 34
531 0 33
532 0 33
533 0 34
534 0 32
536 0 32
537 0 35
541 0 34
542 0 33
544 0 33
546 0 34
547 0 34
548 0 35
549 0 34
551 0 35
552 0 35
553 0 35
554 0 34
555 0 32
557 0 32
558 0 35
559 0 33
560 0 33
562 0 32
563 0 32
564 0 34
565 0 33
567 0 33
571 0 32
572 0 31
574 0 37
576 0 31
577 0 31
578 0 32
579 0 32
581 0 32
582 0 35
583 0 32
584 0 32
586 0 37
587 0 38
588 0 33
589 0 32
590 0 32
591 0 33
593 0 31
594 0 31
595 0 32
596 0 31
598 0 32
599 0 32
600 0 32
601 0 31
602 0 31
604 0 31
605 0 34
606 0 32
607 0 32
609 0 31
610 0 31
611 0 33
612 0 32
614 0 32
616 0 32
617 0 32
618 0 33
619 0 31
621 0 32
622 0 32
631 0 36
633 0 32
634 0 36
636 0 36
637 0 31
638 0 31
641 0 36
642 0 37
643 0 36
645 0 37
651 0 37
652 0 31
653 0 30
654 0 31
657 0 32
660 0 32
661 0 32
664 0 31
665 0 32
666 0 32
668 0 35
669 0 32
671 0 38
672 0 32
673 0 31
674 0 32
676 0 36
677 0 37
678 0 37
680 0 38
681 0 38
682 0 38
683 0 36
685 0 33
686 0 36
688 0 38
689 0 32
690 0 31
691 0 32
694 0 33
700 0 36
701 0 31
702 0 30
703 0 31
706 0 32
709 0 31
710 0 31
713 0 31
714 0 32
715 0 32
717 0 33
718 0 32
719 0 32
720 0 36
722 0 32
723 0 36
725 0 36
726 0 31
727 0 31
731 0 31
732 0 31
735 0 30
736 0 31
737 0 31
739 0 34
740 0 31
742 0 38
743 0 32
744 0 31
745 0 32
747 0 30
748 0 31
749 0 31
751 0 32
752 0 31
753 0 31
754 0 31
756 0 33
757 0 31
759 0 31
760 0 32
761 0 32
764 0 31
765 0 32
766 0 31
768 0 32
775 0 32
776 0 31
777 0 32
780 0 33
783 0 31
784 0 31
787 0 31
788 0 32
789 0 32
791 0 33
792 0 32
793 0 32
846 0 36
847 0 30
848 0 36
852 0 30
854 0 31
855 0 31
857 0 32
858 0 31
859 0 36
861 0 36
863 0 36
864 0 31
868 0 30
870 0 30
871 0 31
873 0 31
875 0 36
876 0 30
877 0 30
878 0 30
880 0 31
881 0 31
882 0 30
884 0 30
886 0 31
887 0 31
888 0 31
892 0 31
894 0 30
895 0 31
897 0 31
903 0 36
907 0 36
908 0 31
910 0 37
911 0 36
913 0 37
918 0 36
919 0 30
920 0 36
924 0 31
926 0 31
927 0 32
929 0 32
931 0 37
932 0 31
959 0 30
961 0 30
962 0 31
964 0 31
966 0 37
967 0 31
968 0 30
969 0 30
971 0 31
972 0 30
973 0 30
975 0 31
977 0 30
978 0 31
980 0 31
981 0 30
983 0 31
989 0 31
990 0 36
994 0 30
996 0 31
997 0 31
999 0 32
1000 0 31
1012 0 31
1013 0 31
1015 0 32
1016 0 31
1017 0 31
1019 0 31
1021 0 32
1022 0 32
1023 0 31
1027 0 32
1029 0 31
1030 0 32
1032 0 32
1038 0 31
1040 0 32
1042 0 31
1043 0 32
1045 0 32
1046 0 31
1048 0 32
1053 0 32
1054 0 33
1055 0 32
1059 0 33
1061 0 34
1062 0 34
1064 0 35
1065 0 34
1066 0 32
1068 0 33
1070 0 32
1071 0 33
1075 0 31
1077 0 31
1078 0 32
1080 0 32
1082 0 38
1083 0 32
1084 0 31
1085 0 31
1087 0 32
1088 0 31
1089 0 31
1091 0 32
1093 0 31
1094 0 32
1096 0 32
1097 0 31
1099 0 32
1105 0 36
1107 0 36
1109 0 36
1110 0 31
1112 0 36
1113 0 36
1115 0 37
1120 0 37
1121 0 30
1126 0 32
1128 0 31
1129 0 32
1131 0 32
1133 0 38
1134 0 31
1135 0 36
1136 0 37
1138 0 38
1139 0 38
1140 0 36
1142 0 36
1144 0 38
1145 0 31
1152 0 36
1153 0 30
1158 0 31
1160 0 31
1161 0 32
1163 0 33
1164 0 32
1165 0 36
1167 0 36
1169 0 36
1170 0 31
1174 0 31
1176 0 30
1177 0 31
1179 0 31
1181 0 38
1182 0 31
1183 0 30
1184 0 31
1186 0 32
1187 0 31
1188 0 31
1190 0 31
1192 0 31
1193 0 32
1195 0 31
1196 0 31
1198 0 32
1204 0 31
1209 0 31
1211 0 31
1212 0 32
1214 0 33
1215 0 32
1241 0 36
1243 0 30
1245 0 31
1247 0 31
1248 0 36
1250 0 31
1253 0 30
1255 0 31
1257 0 30
1259 0 31
1260 0 30
1262 0 31
1264 0 31
1266 0 31
1270 0 36
1272 0 31
1274 0 36
1278 0 36
1280 0 31
1282 0 32
1298 0 30
1300 0 31
1302 0 30
1304 0 30
1305 0 30
1307 0 31
1309 0 30
1313 0 36
1315 0 30
1317 0 31
1319 0 31
1325 0 31
1327 0 31
1328 0 31
1330 0 31
1332 0 32
1334 0 32
1338 0 31
1340 0 32
1342 0 31
1346 0 32
1348 0 33
1350 0 34
1352 0 34
1353 0 32
1355 0 33
1358 0 31
1360 0 32
1362 0 31
1364 0 31
1365 0 31
1367 0 32
1369 0 31
1374 0 36
1376 0 31
1378 0 36
1384 0 32
1386 0 32
1388 0 37
1390 0 38
1391 0 36
1398 0 31
1400 0 32
1402 0 32
1403 0 36
1405 0 31
1408 0 31
1410 0 31
1412 0 31
1414 0 31
1415 0 31
1417 0 32
1419 0 31
1425 0 31
1427 0 32
1429 0 32
1437 0 36
1438 0 36
1439 0 31
1440 0 30
1441 0 31
1442 0 31
1443 0 36
1445 0 36
1446 0 32
1450 0 31
1451 0 30
1453 0 36
1455 0 31
1456 0 31
1457 0 32
1458 0 31
1460 0 32
1461 0 32
1462 0 32
1463 0 31
1464 0 36
1467 0 32
1468 0 36
1472 0 36
1473 0 31
1474 0 31
1480 0 31
1481 0 30
1483 0 37
1485 0 30
1486 0 31
1487 0 31
1488 0 31
1490 0 32
1491 0 34
1492 0 31
1493 0 32
1495 0 36
1496 0 36
1497 0 31
1498 0 30
1499 0 31
1500 0 31
1502 0 30
1503 0 31
1504 0 31
1505 0 30
1507 0 32
1508 0 31
1509 0 32
1510 0 31
1511 0 30
1513 0 31
1514 0 33
1515 0 30
1516 0 31
1518 0 31
1519 0 31
1520 0 32
1521 0 31
1522 0 32
1523 0 32
1524 0 31
1526 0 31
1527 0 33
1531 0 31
1532 0 31
1534 0 38
1536 0 30
1537 0 31
1538 0 31
1539 0 31
1541 0 32
1542 0 34
1543 0 31
1544 0 32
1555 0 36
1557 0 36
1558 0 32
1562 0 37
1563 0 36
1564 0 32
1565 0 31
1567 0 38
1569 0 37
1570 0 38
1571 0 38
1572 0 36
1574 0 38
1575 0 37
1583 0 36
1584 0 36
1585 0 31
1586 0 30
1587 0 31
1588 0 31
1589 0 36
1591 0 36
1592 0 32
1596 0 32
1597 0 31
1599 0 38
1601 0 31
1602 0 32
1603 0 32
1604 0 32
1606 0 33
1607 0 35
1608 0 32
1609 0 33
1611 0 37
1612 0 37
1613 0 32
1614 0 31
1615 0 32
1616 0 32
1631 0 30
1633 0 31
1635 0 30
1637 0 30
1638 0 30
1640 0 31
1642 0 30
1646 0 37
1648 0 30
1650 0 31
1652 0 31
1658 0 30
1660 0 31
1661 0 30
1663 0 31
1665 0 31
1667 0 31
1671 0 31
1673 0 32
1675 0 31
1679 0 32
1681 0 33
1683 0 34
1685 0 31
1687 0 32
1688 0 31
1690 0 32
1693 0 36
1695 0 30
1697 0 31
1699 0 31
1700 0 36
1702 0 31
1705 0 30
1707 0 31
1709 0 30
1711 0 31
1712 0 30
1714 0 31
1716 0 31
1718 0 31
1724 0 30
1725 0 31
1726 0 31
1727 0 30
1728 0 30
1729 0 31
1731 0 31
1732 0 36
1733 0 31
1737 0 30
1738 0 30
1739 0 31
1740 0 30
1741 0 30
1742 0 31
1744 0 31
1745 0 32
1747 0 32
1748 0 31
1749 0 33
1750 0 34
1751 0 33
1752 0 31
1753 0 31
1754 0 32
1755 0 31
1757 0 31
1758 0 36
1759 0 32
1760 0 37
1761 0 31
1762 0 32
1763 0 31
1764 0 31
1765 0 31
1766 0 32
1767 0 31
1768 0 31
1769 0 32
1773 0 30
1774 0 30
1775 0 31
1776 0 30
1777 0 30
1778 0 31
1780 0 30
1781 0 31
1783 0 32
1784 0 31
1785 0 33
1786 0 31
1787 0 30
1788 0 31
1789 0 31
1790 0 30
1791 0 30
1792 0 31
1794 0 30
1795 0 31
1797 0 31
1798 0 30
1799 0 32
1800 0 33
1801 0 32
1802 0 31
1803 0 31
1804 0 32
1805 0 31
1807 0 31
1808 0 30
1809 0 32
1810 0 30
1811 0 31
1812 0 32
1813 0 32
1814 0 31
1815 0 31
1816 0 32
1818 0 32
1819 0 31
1820 0 32
1824 0 31
1825 0 31
1826 0 32
1827 0 31
1828 0 31
1829 0 32
1831 0 30
1832 0 31
1834 0 32
1835 0 31
1836 0 33
1837 0 31
1852 0 31
1853 0 36
1854 0 31
1856 0 31
1857 0 32
1858 0 31
1859 0 31
1860 0 31
1861 0 32
1862 0 31
1863 0 31
1864 0 32
1866 0 36
1867 0 38
1869 0 31
1870 0 36
1871 0 32
1872 0 33
1873 0 32
1879 0 30
1880 0 31
1881 0 31
1882 0 30
1883 0 30
1884 0 31
1886 0 31
1887 0 36
1888 0 31
1892 0 31
1893 0 31
1894 0 32
1895 0 31
1896 0 31
1897 0 32
1899 0 31
1900 0 32
1902 0 33
1903 0 32
1904 0 34
1905 0 32
1906 0 31
1907 0 32
1908 0 32
1909 0 31
1910 0 31
1911 0 32
1966 0 36
1967 0 31
1968 0 31
1969 0 31
1970 0 36
1971 0 32
1973 0 31
1974 0 36
1976 0 31
1977 0 32
1978 0 32
1979 0 32
1981 0 32
1984 0 31
1987 0 31
1988 0 37
1990 0 31
1991 0 31
1992 0 32
1993 0 34
1994 0 32
1995 0 36
1996 0 31
1997 0 31
1998 0 31
2000 0 31
2001 0 31
2002 0 32
2003 0 32
2004 0 31
2005 0 33
2006 0 31
2007 0 31
2008 0 32
2009 0 32
2010 0 32
2011 0 31
2012 0 33
2014 0 31
2015 0 38
2017 0 31
2018 0 31
2019 0 32
2020 0 34
2021 0 32
2027 0 36
2028 0 32
2030 0 37
2031 0 32
2032 0 38
2034 0 38
2035 0 38
2036 0 38
2040 0 36
2041 0 31
2042 0 31
2043 0 31
2044 0 36
2045 0 32
2047 0 32
2048 0 38
2050 0 32
2051 0 32
2052 0 33
2053 0 35
2054 0 33
2055 0 37
2056 0 32
2057 0 32
2058 0 32
2083 0 31
2084 0 36
2086 0 30
2087 0 31
2088 0 31
2089 0 34
2090 0 31
2091 0 36
2092 0 32
2093 0 31
2094 0 32
2096 0 30
2097 0 31
2098 0 31
2099 0 31
2100 0 30
2101 0 33
2102 0 31
2103 0 30
2104 0 32
2105 0 31
2107 0 31
2108 0 32
2109 0 31
2113 0 36
2114 0 32
2115 0 31
2116 0 32
2117 0 36
2118 0 33
2120 0 31
2121 0 36
2123 0 31
2124 0 32
2125 0 32
2126 0 32
2141 0 31
2142 0 32
2143 0 32
2144 0 32
2145 0 31
2146 0 34
2147 0 31
2148 0 31
2149 0 33
2150 0 32
2151 0 33
2152 0 31
2153 0 34
2155 0 32
2156 0 38
2158 0 31
2159 0 32
2160 0 32
2161 0 35
2162 0 32
2168 0 31
2169 0 34
2170 0 32
2171 0 31
2172 0 33
2173 0 32
2175 0 32
2176 0 33
2177 0 32
2181 0 32
2182 0 34
2183 0 33
2184 0 34
2185 0 32
2186 0 35
2188 0 34
2189 0 33
2191 0 34
2192 0 35
2193 0 35
2194 0 35
2195 0 32
2196 0 35
2197 0 33
2198 0 32
2199 0 34
2200 0 33
2202 0 32
2203 0 37
2205 0 31
2206 0 32
2207 0 32
2208 0 35
2209 0 32
2210 0 37
2211 0 33
2212 0 32
2213 0 33
2215 0 31
2216 0 32
2217 0 32
2218 0 32
2219 0 31
2220 0 34
2221 0 32
2222 0 31
2223 0 33
2224 0 32
2226 0 32
2227 0 33
2228 0 32
2232 0 32
2233 0 31
2235 0 37
2237 0 31
2238 0 31
2239 0 32
2240 0 32
2242 0 32
2243 0 35
2244 0 32
2245 0 32
2247 0 37
2248 0 38
2249 0 33
2250 0 32
2251 0 32
2252 0 33
2254 0 31
2255 0 31
2256 0 32
2257 0 31
2259 0 32
2260 0 32
2261 0 32
2262 0 31
2263 0 31
2265 0 31
2266 0 34
2267 0 32
2268 0 32
2270 0 31
2271 0 31
2272 0 33
2273 0 32
2275 0 32
2277 0 32
2278 0 32
2279 0 33
2280 0 31
2282 0 32
2283 0 32
2292 0 36
2294 0 32
2295 0 36
2297 0 36
2298 0 31
2299 0 31
2302 0 36
2303 0 37
2304 0 36
2306 0 37
2312 0 37
2313 0 31
2314 0 30
2315 0 31
2318 0 32
2321 0 32
2322 0 32
2325 0 31
2326 0 32
2327 0 32
2329 0 35
2330 0 32
2332 0 38
2333 0 32
2334 0 31
2335 0 32
2337 0 36
2338 0 37
2339 0 37
2341 0 38
2342 0 38
2343 0 38
2344 0 36
2346 0 33
2347 0 36
2349 0 38
2350 0 32
2351 0 31
2352 0 32
2355 0 33
2361 0 36
2362 0 31
2363 0 30
2364 0 31
2367 0 32
2370 0 31
2371 0 31
2374 0 31
2375 0 32
2376 0 32
2378 0 33
2379 0 32
2380 0 32
2381 0 36
2383 0 32
2384 0 36
2386 0 36
2387 0 31
2388 0 31
2392 0 31
2393 0 31
2396 0 30
2397 0 31
2398 0 31
2400 0 34
2401 0 31
2403 0 38
2404 0 32
2405 0 31
2406 0 32
2408 0 30
2409 0 31
2410 0 31
2412 0 32
2413 0 31
2414 0 31
2415 0 31
2417 0 33
2418 0 31
2420 0 31
2421 0 32
2422 0 32
2425 0 31
2426 0 32
2427 0 31
2429 0 32
2436 0 32
2437 0 31
2438 0 32
2441 0 33
2444 0 31
2445 0 31
2448 0 31
2449 0 32
2450 0 32
2452 0 33
2453 0 32
2454 0 32
2474 0 30
2476 0 31
2478 0 36
2479 0 30
2481 0 31
2482 0 30
2483 0 30
2485 0 30
2486 0 31
2488 0 30
2490 0 31
2494 0 37
2497 0 30
2499 0 31
2501 0 32
2502 0 31
2510 0 30
2512 0 31
2513 0 31
2514 0 30
2516 0 31
2517 0 31
2520 0 31
2522 0 31
2527 0 31
2529 0 31
2530 0 32
2532 0 31
2534 0 32
2537 0 32
2538 0 32
2541 0 33
2543 0 34
2545 0 33
2546 0 31
2548 0 32
2549 0 32
2550 0 31
2552 0 32
2553 0 32
2556 0 36
2557 0 36
2560 0 30
2562 0 31
2564 0 32
2565 0 31
2566 0 36
2568 0 36
2569 0 31
2573 0 30
2575 0 31
2577 0 36
2578 0 30
2580 0 31
2581 0 31
2582 0 30
2584 0 31
2585 0 31
2588 0 31
2590 0 31
2598 0 30
2599 0 31
2600 0 31
2601 0 31
2602 0 30
2603 0 30
2604 0 31
2605 0 31
2608 0 31
2609 0 36
2610 0 31
2615 0 30
2616 0 30
2617 0 30
2618 0 31
2619 0 30
2620 0 30
2621 0 31
2622 0 31
2624 0 31
2625 0 31
2626 0 32
2629 0 32
2630 0 31
2631 0 33
2632 0 34
2633 0 34
2634 0 33
2635 0 31
2636 0 31
2637 0 31
2638 0 32
2639 0 31
2642 0 31
2643 0 36
2644 0 32
2645 0 37
2646 0 38
2647 0 31
2648 0 32
2649 0 32
2650 0 31
2651 0 31
2652 0 31
2653 0 31
2654 0 32
2655 0 31
2656 0 31
2657 0 32
2658 0 32
2663 0 30
2664 0 30
2665 0 30
2666 0 31
2667 0 30
2668 0 30
2669 0 31
2670 0 31
2672 0 30
2673 0 31
2674 0 31
2677 0 32
2678 0 31
2679 0 33
2680 0 31
2681 0 32
2682 0 30
2683 0 31
2684 0 31
2685 0 31
2686 0 30
2687 0 30
2688 0 31
2689 0 31
2691 0 30
2692 0 31
2693 0 31
2696 0 31
2697 0 30
2698 0 32
2699 0 33
2700 0 33
2701 0 32
2702 0 31
2703 0 31
2704 0 31
2705 0 32
2706 0 31
2709 0 31
2710 0 30
2711 0 32
2712 0 30
2713 0 31
2714 0 31
2715 0 32
2716 0 32
2717 0 32
2718 0 31
2719 0 31
2720 0 32
2721 0 32
2724 0 32
2725 0 31
2726 0 32
2731 0 31
2732 0 31
2733 0 31
2734 0 32
2735 0 31
2736 0 31
2737 0 32
2738 0 32
2740 0 30
2741 0 31
2742 0 31
2745 0 32
2746 0 31
2747 0 33
2748 0 31
2749 0 32
2769 0 31
2770 0 36
2771 0 31
2774 0 31
2775 0 32
2776 0 32
2777 0 31
2778 0 31
2779 0 31
2780 0 31
2781 0 32
2782 0 31
2783 0 31
2784 0 32
2785 0 32
2787 0 36
2789 0 38
2792 0 31
2793 0 36
2794 0 32
2795 0 33
2796 0 33
2797 0 32
2805 0 30
2806 0 31
2807 0 31
2808 0 31
2809 0 30
2810 0 30
2811 0 31
2812 0 31
2815 0 31
2816 0 36
2817 0 31
2822 0 31
2823 0 31
2824 0 31
2825 0 32
2826 0 31
2827 0 31
2828 0 32
2829 0 32
2831 0 31
2832 0 32
2833 0 32
2836 0 33
2837 0 32
2838 0 34
2839 0 32
2840 0 33
2841 0 31
2842 0 32
2843 0 32
2844 0 32
2845 0 31
2846 0 31
2847 0 32
2848 0 32
