106 0 39
107 0 39
108 0 33
109 0 33
110 0 34
111 0 34
112 0 39
114 0 39
115 0 34
119 0 33
120 0 33
122 0 39
124 0 33
125 0 34
126 0 34
127 0 33
129 0 34
130 0 34
131 0 34
132 0 34
133 0 39
136 0 34
137 0 39
141 0 39
142 0 34
143 0 34
149 0 33
150 0 33
152 0 40
154 0 32
155 0 34
156 0 33
157 0 33
159 0 34
160 0 35
161 0 33
162 0 35
164 0 39
165 0 39
166 0 33
167 0 33
168 0 34
169 0 34
171 0 33
172 0 34
173 0 34
174 0 33
176 0 34
177 0 34
178 0 34
179 0 34
180 0 33
182 0 33
183 0 35
184 0 33
185 0 34
187 0 34
188 0 34
189 0 35
190 0 35
191 0 36
192 0 36
193 0 34
195 0 34
196 0 36
200 0 34
201 0 34
203 0 41
205 0 33
206 0 34
207 0 34
208 0 34
210 0 34
211 0 36
212 0 34
213 0 35
224 0 39
226 0 39
227 0 34
231 0 40
232 0 39
233 0 34
234 0 34
236 0 41
238 0 40
239 0 41
240 0 41
241 0 39
243 0 41
244 0 40
252 0 39
253 0 39
254 0 33
255 0 33
256 0 34
257 0 34
258 0 39
260 0 39
261 0 34
265 0 34
266 0 34
268 0 41
270 0 33
271 0 35
272 0 34
273 0 34
275 0 35
276 0 36
277 0 34
278 0 36
280 0 40
281 0 40
282 0 34
283 0 34
284 0 35
285 0 35
336 0 33
337 0 33
339 0 39
341 0 32
342 0 33
343 0 33
344 0 33
346 0 33
347 0 35
348 0 33
349 0 34
351 0 39
352 0 40
353 0 34
354 0 34
355 0 34
356 0 35
358 0 32
359 0 33
360 0 33
361 0 32
363 0 33
364 0 33
365 0 33
366 0 33
367 0 33
369 0 33
370 0 35
371 0 33
372 0 34
374 0 33
375 0 33
376 0 35
377 0 35
379 0 34
381 0 34
382 0 34
383 0 35
384 0 33
386 0 34
387 0 34
395 0 39
397 0 34
398 0 33
399 0 34
400 0 34
401 0 39
403 0 39
404 0 35
408 0 33
409 0 33
411 0 39
413 0 33
414 0 34
415 0 34
416 0 33
418 0 34
419 0 34
420 0 34
421 0 34
447 0 33
448 0 34
449 0 34
450 0 33
452 0 34
453 0 34
454 0 34
455 0 34
456 0 33
458 0 33
459 0 35
460 0 33
461 0 34
463 0 34
464 0 34
465 0 35
466 0 35
467 0 36
468 0 36
469 0 34
471 0 34
472 0 36
476 0 34
477 0 34
479 0 41
481 0 33
482 0 34
483 0 34
484 0 34
486 0 34
487 0 36
488 0 34
489 0 35
500 0 33
502 0 33
503 0 35
504 0 34
505 0 35
507 0 33
508 0 33
509 0 35
510 0 35
512 0 35
514 0 34
515 0 34
516 0 35
517 0 33
519 0 34
520 0 34
528 0 34
529 0 34
530 0 35
531 0 35
532 0 36
533 0 36
534 0 34
536 0 34
537 0 36
541 0 35
542 0 35
544 0 35
546 0 35
547 0 36
548 0 36
549 0 35
551 0 36
552 0 36
553 0 36
554 0 36
555 0 34
557 0 34
558 0 36
559 0 35
560 0 36
562 0 34
563 0 34
564 0 36
565 0 36
567 0 36
571 0 34
572 0 34
574 0 40
576 0 33
577 0 34
578 0 34
579 0 34
581 0 34
582 0 36
583 0 34
584 0 35
586 0 40
587 0 41
588 0 35
589 0 35
590 0 35
591 0 36
593 0 33
594 0 34
595 0 34
596 0 33
598 0 34
599 0 34
600 0 34
601 0 34
602 0 34
604 0 34
605 0 36
606 0 34
607 0 35
609 0 34
610 0 34
611 0 36
612 0 36
614 0 35
616 0 35
617 0 35
618 0 36
619 0 34
621 0 35
622 0 35
631 0 39
633 0 34
634 0 39
636 0 39
637 0 34
638 0 34
641 0 39
642 0 40
643 0 39
645 0 40
651 0 40
652 0 33
653 0 33
654 0 34
657 0 34
660 0 34
661 0 34
664 0 33
665 0 34
666 0 34
668 0 36
669 0 34
671 0 41
672 0 34
673 0 34
674 0 35
676 0 39
677 0 40
678 0 40
680 0 41
681 0 41
682 0 41
683 0 39
685 0 35
686 0 39
688 0 41
689 0 35
690 0 34
691 0 35
694 0 36
700 0 39
701 0 33
702 0 33
703 0 34
706 0 34
709 0 33
710 0 33
713 0 33
714 0 34
715 0 34
717 0 35
718 0 34
719 0 34
720 0 39
722 0 34
723 0 39
725 0 39
726 0 34
727 0 34
731 0 34
732 0 34
735 0 33
736 0 34
737 0 34
739 0 36
740 0 34
742 0 41
743 0 34
744 0 34
745 0 35
747 0 33
748 0 34
749 0 34
751 0 35
752 0 34
753 0 34
754 0 34
756 0 36
757 0 34
759 0 34
760 0 36
761 0 36
764 0 34
765 0 35
766 0 34
768 0 35
775 0 35
776 0 34
777 0 35
780 0 36
783 0 34
784 0 34
787 0 34
788 0 35
789 0 35
791 0 36
792 0 35
793 0 35
846 0 39
847 0 33
848 0 39
852 0 33
854 0 33
855 0 33
857 0 34
858 0 34
859 0 39
861 0 39
863 0 39
864 0 34
868 0 33
870 0 32
871 0 33
873 0 33
875 0 39
876 0 33
877 0 33
878 0 33
880 0 34
881 0 34
882 0 33
884 0 33
886 0 34
887 0 35
888 0 34
892 0 34
894 0 33
895 0 34
897 0 34
903 0 39
907 0 39
908 0 34
910 0 40
911 0 39
913 0 40
918 0 39
919 0 33
920 0 39
924 0 34
926 0 33
927 0 34
929 0 34
931 0 40
932 0 34
959 0 33
961 0 32
962 0 33
964 0 33
966 0 40
967 0 34
968 0 32
969 0 32
971 0 33
972 0 33
973 0 33
975 0 33
977 0 33
978 0 35
980 0 34
981 0 33
983 0 34
989 0 33
990 0 39
994 0 33
996 0 33
997 0 33
999 0 34
1000 0 34
1012 0 33
1013 0 33
1015 0 34
1016 0 34
1017 0 33
1019 0 33
1021 0 34
1022 0 35
1023 0 34
1027 0 34
1029 0 33
1030 0 34
1032 0 34
1038 0 33
1040 0 34
1042 0 33
1043 0 35
1045 0 34
1046 0 33
1048 0 34
1053 0 34
1054 0 35
1055 0 34
1059 0 35
1061 0 35
1062 0 35
1064 0 36
1065 0 36
1066 0 34
1068 0 35
1070 0 34
1071 0 36
1075 0 34
1077 0 33
1078 0 34
1080 0 34
1082 0 41
1083 0 35
1084 0 33
1085 0 33
1087 0 34
1088 0 34
1089 0 34
1091 0 34
1093 0 34
1094 0 36
1096 0 35
1097 0 34
1099 0 35
1105 0 39
1107 0 39
1109 0 39
1110 0 34
1112 0 39
1113 0 39
1115 0 40
1120 0 40
1121 0 33
1126 0 34
1128 0 33
1129 0 34
1131 0 34
1133 0 41
1134 0 34
1135 0 39
1136 0 40
1138 0 41
1139 0 41
1140 0 39
1142 0 39
1144 0 41
1145 0 34
1152 0 39
1153 0 33
1158 0 33
1160 0 33
1161 0 34
1163 0 35
1164 0 34
1165 0 39
1167 0 39
1169 0 39
1170 0 34
1174 0 34
1176 0 33
1177 0 34
1179 0 34
1181 0 41
1182 0 34
1183 0 33
1184 0 34
1186 0 35
1187 0 34
1188 0 34
1190 0 34
1192 0 34
1193 0 36
1195 0 34
1196 0 34
1198 0 35
1204 0 34
1209 0 34
1211 0 34
1212 0 35
1214 0 36
1215 0 35
1241 0 39
1243 0 33
1245 0 33
1247 0 34
1248 0 39
1250 0 34
1253 0 33
1255 0 33
1257 0 33
1259 0 34
1260 0 33
1262 0 34
1264 0 34
1266 0 34
1270 0 39
1272 0 34
1274 0 39
1278 0 39
1280 0 34
1282 0 34
1298 0 33
1300 0 33
1302 0 32
1304 0 33
1305 0 33
1307 0 35
1309 0 33
1313 0 39
1315 0 33
1317 0 33
1319 0 34
1325 0 33
1327 0 34
1328 0 33
1330 0 34
1332 0 34
1334 0 34
1338 0 33
1340 0 35
1342 0 33
1346 0 34
1348 0 35
1350 0 35
1352 0 36
1353 0 34
1355 0 36
1358 0 34
1360 0 34
1362 0 33
1364 0 34
1365 0 34
1367 0 36
1369 0 34
1374 0 39
1376 0 34
1378 0 39
1384 0 34
1386 0 34
1388 0 40
1390 0 41
1391 0 39
1398 0 33
1400 0 34
1402 0 34
1403 0 39
1405 0 34
1408 0 34
1410 0 34
1412 0 34
1414 0 34
1415 0 34
1417 0 36
1419 0 34
1425 0 34
1427 0 35
1429 0 35
1437 0 39
1438 0 39
1439 0 33
1440 0 33
1441 0 34
1442 0 34
1443 0 39
1445 0 39
1446 0 34
1450 0 33
1451 0 33
1453 0 39
1455 0 33
1456 0 34
1457 0 34
1458 0 33
1460 0 34
1461 0 34
1462 0 34
1463 0 34
1464 0 39
1467 0 34
1468 0 39
1472 0 39
1473 0 34
1474 0 34
1480 0 33
1481 0 33
1483 0 40
1485 0 32
1486 0 34
1487 0 33
1488 0 33
1490 0 34
1491 0 35
1492 0 33
1493 0 35
1495 0 39
1496 0 39
1497 0 33
1498 0 33
1499 0 34
1500 0 34
1502 0 33
1503 0 34
1504 0 34
1505 0 33
1507 0 34
1508 0 34
1509 0 34
1510 0 34
1511 0 33
1513 0 33
1514 0 35
1515 0 33
1516 0 34
1518 0 34
1519 0 34
1520 0 35
1521 0 35
1522 0 36
1523 0 36
1524 0 34
1526 0 34
1527 0 36
1531 0 34
1532 0 34
1534 0 41
1536 0 33
1537 0 34
1538 0 34
1539 0 34
1541 0 34
1542 0 36
1543 0 34
1544 0 35
1555 0 39
1557 0 39
1558 0 34
1562 0 40
1563 0 39
1564 0 34
1565 0 34
1567 0 41
1569 0 40
1570 0 41
1571 0 41
1572 0 39
1574 0 41
1575 0 40
1583 0 39
1584 0 39
1585 0 33
1586 0 33
1587 0 34
1588 0 34
1589 0 39
1591 0 39
1592 0 34
1596 0 34
1597 0 34
1599 0 41
1601 0 33
1602 0 35
1603 0 34
1604 0 34
1606 0 35
1607 0 36
1608 0 34
1609 0 36
1611 0 40
1612 0 40
1613 0 34
1614 0 34
1615 0 35
1616 0 35
1631 0 33
1633 0 33
1635 0 32
1637 0 33
1638 0 33
1640 0 35
1642 0 33
1646 0 40
1648 0 33
1650 0 33
1652 0 34
1658 0 32
1660 0 34
1661 0 32
1663 0 34
1665 0 33
1667 0 33
1671 0 33
1673 0 35
1675 0 33
1679 0 34
1681 0 35
1683 0 35
1685 0 33
1687 0 35
1688 0 33
1690 0 35
1693 0 39
1695 0 33
1697 0 33
1699 0 34
1700 0 39
1702 0 34
1705 0 33
1707 0 33
1709 0 33
1711 0 34
1712 0 33
1714 0 34
1716 0 34
1718 0 34
1724 0 33
1725 0 33
1726 0 34
1727 0 33
1728 0 33
1729 0 34
1731 0 34
1732 0 39
1733 0 34
1737 0 33
1738 0 32
1739 0 35
1740 0 33
1741 0 33
1742 0 33
1744 0 33
1745 0 34
1747 0 35
1748 0 33
1749 0 35
1750 0 35
1751 0 36
1752 0 34
1753 0 33
1754 0 36
1755 0 34
1757 0 34
1758 0 39
1759 0 34
1760 0 40
1761 0 33
1762 0 34
1763 0 34
1764 0 34
1765 0 34
1766 0 36
1767 0 34
1768 0 34
1769 0 35
1773 0 33
1774 0 32
1775 0 35
1776 0 33
1777 0 33
1778 0 33
1780 0 32
1781 0 33
1783 0 35
1784 0 33
1785 0 35
1786 0 33
1787 0 33
1788 0 33
1789 0 34
1790 0 33
1791 0 33
1792 0 34
1794 0 33
1795 0 34
1797 0 35
1798 0 33
1799 0 35
1800 0 35
1801 0 36
1802 0 34
1803 0 33
1804 0 36
1805 0 34
1807 0 35
1808 0 33
1809 0 35
1810 0 33
1811 0 35
1812 0 35
1813 0 36
1814 0 35
1815 0 35
1816 0 36
1818 0 36
1819 0 34
1820 0 36
1824 0 34
1825 0 34
1826 0 36
1827 0 34
1828 0 34
1829 0 35
1831 0 33
1832 0 34
1834 0 36
1835 0 34
1836 0 36
1837 0 34
1852 0 34
1853 0 39
1854 0 34
1856 0 34
1857 0 34
1858 0 34
1859 0 34
1860 0 33
1861 0 36
1862 0 34
1863 0 34
1864 0 34
1866 0 39
1867 0 41
1869 0 34
1870 0 39
1871 0 35
1872 0 35
1873 0 35
1879 0 33
1880 0 33
1881 0 34
1882 0 33
1883 0 33
1884 0 34
1886 0 34
1887 0 39
1888 0 34
1892 0 34
1893 0 33
1894 0 36
1895 0 34
1896 0 34
1897 0 34
1899 0 33
1900 0 34
1902 0 36
1903 0 34
1904 0 36
1905 0 34
1906 0 34
1907 0 34
1908 0 35
1909 0 34
1910 0 34
1911 0 35
1966 0 39
1967 0 33
1968 0 34
1969 0 34
1970 0 39
1971 0 34
1973 0 33
1974 0 39
1976 0 34
1977 0 34
1978 0 34
1979 0 34
1981 0 34
1984 0 34
1987 0 33
1988 0 40
1990 0 34
1991 0 33
1992 0 34
1993 0 35
1994 0 35
1995 0 39
1996 0 33
1997 0 34
1998 0 34
2000 0 34
2001 0 34
2002 0 34
2003 0 34
2004 0 33
2005 0 35
2006 0 34
2007 0 34
2008 0 35
2009 0 36
2010 0 36
2011 0 34
2012 0 36
2014 0 34
2015 0 41
2017 0 34
2018 0 34
2019 0 34
2020 0 36
2021 0 35
2027 0 39
2028 0 34
2030 0 40
2031 0 34
2032 0 41
2034 0 41
2035 0 41
2036 0 41
2040 0 39
2041 0 33
2042 0 34
2043 0 34
2044 0 39
2045 0 34
2047 0 34
2048 0 41
2050 0 35
2051 0 34
2052 0 35
2053 0 36
2054 0 36
2055 0 40
2056 0 34
2057 0 35
2058 0 35
2083 0 33
2084 0 39
2086 0 33
2087 0 33
2088 0 33
2089 0 35
2090 0 34
2091 0 39
2092 0 34
2093 0 34
2094 0 35
2096 0 33
2097 0 33
2098 0 33
2099 0 33
2100 0 33
2101 0 35
2102 0 34
2103 0 33
2104 0 35
2105 0 34
2107 0 34
2108 0 35
2109 0 34
2113 0 39
2114 0 34
2115 0 34
2116 0 34
2117 0 39
2118 0 35
2120 0 33
2121 0 39
2123 0 34
2124 0 34
2125 0 34
2126 0 34
2141 0 34
2142 0 34
2143 0 34
2144 0 34
2145 0 33
2146 0 35
2147 0 34
2148 0 34
2149 0 35
2150 0 36
2151 0 36
2152 0 34
2153 0 36
2155 0 34
2156 0 41
2158 0 34
2159 0 34
2160 0 34
2161 0 36
2162 0 35
2168 0 33
2169 0 35
2170 0 35
2171 0 33
2172 0 35
2173 0 35
2175 0 34
2176 0 35
2177 0 34
2181 0 34
2182 0 35
2183 0 36
2184 0 36
2185 0 34
2186 0 36
2188 0 35
2189 0 35
2191 0 36
2192 0 36
2193 0 36
2194 0 36
2195 0 34
2196 0 36
2197 0 36
2198 0 34
2199 0 36
2200 0 36
2202 0 34
2203 0 40
2205 0 34
2206 0 34
2207 0 34
2208 0 36
2209 0 35
2210 0 40
2211 0 35
2212 0 35
2213 0 36
2215 0 34
2216 0 34
2217 0 34
2218 0 34
2219 0 34
2220 0 36
2221 0 35
2222 0 34
2223 0 36
2224 0 35
2226 0 35
2227 0 36
2228 0 35
2232 0 34
2233 0 34
2235 0 40
2237 0 33
2238 0 34
2239 0 34
2240 0 34
2242 0 34
2243 0 36
2244 0 34
2245 0 35
2247 0 40
2248 0 41
2249 0 35
2250 0 35
2251 0 35
2252 0 36
2254 0 33
2255 0 34
2256 0 34
2257 0 33
2259 0 34
2260 0 34
2261 0 34
2262 0 34
2263 0 34
2265 0 34
2266 0 36
2267 0 34
2268 0 35
2270 0 34
2271 0 34
2272 0 36
2273 0 36
2275 0 35
2277 0 35
2278 0 35
2279 0 36
2280 0 34
2282 0 35
2283 0 35
2292 0 39
2294 0 34
2295 0 39
2297 0 39
2298 0 34
2299 0 34
2302 0 39
2303 0 40
2304 0 39
2306 0 40
2312 0 40
2313 0 33
2314 0 33
2315 0 34
2318 0 34
2321 0 34
2322 0 34
2325 0 33
2326 0 34
2327 0 34
2329 0 36
2330 0 34
2332 0 41
2333 0 34
2334 0 34
2335 0 35
2337 0 39
2338 0 40
2339 0 40
2341 0 41
2342 0 41
2343 0 41
2344 0 39
2346 0 35
2347 0 39
2349 0 41
2350 0 35
2351 0 34
2352 0 35
2355 0 36
2361 0 39
2362 0 33
2363 0 33
2364 0 34
2367 0 34
2370 0 33
2371 0 33
2374 0 33
2375 0 34
2376 0 34
2378 0 35
2379 0 34
2380 0 34
2381 0 39
2383 0 34
2384 0 39
2386 0 39
2387 0 34
2388 0 34
2392 0 34
2393 0 34
2396 0 33
2397 0 34
2398 0 34
2400 0 36
2401 0 34
2403 0 41
2404 0 34
2405 0 34
2406 0 35
2408 0 33
2409 0 34
2410 0 34
2412 0 35
2413 0 34
2414 0 34
2415 0 34
2417 0 36
2418 0 34
2420 0 34
2421 0 36
2422 0 36
2425 0 34
2426 0 35
2427 0 34
2429 0 35
2436 0 35
2437 0 34
2438 0 35
2441 0 36
2444 0 34
2445 0 34
2448 0 34
2449 0 35
2450 0 35
2452 0 36
2453 0 35
2454 0 35
2474 0 33
2476 0 33
2478 0 39
2479 0 32
2481 0 33
2482 0 33
2483 0 33
2485 0 33
2486 0 35
2488 0 33
2490 0 34
2494 0 40
2497 0 33
2499 0 33
2501 0 34
2502 0 34
2510 0 32
2512 0 33
2513 0 34
2514 0 32
2516 0 33
2517 0 34
2520 0 33
2522 0 33
2527 0 33
2529 0 33
2530 0 35
2532 0 33
2534 0 34
2537 0 34
2538 0 34
2541 0 35
2543 0 35
2545 0 35
2546 0 33
2548 0 34
2549 0 35
2550 0 33
2552 0 34
2553 0 35
2556 0 39
2557 0 39
2560 0 33
2562 0 33
2564 0 34
2565 0 34
2566 0 39
2568 0 39
2569 0 34
2573 0 33
2575 0 33
2577 0 39
2578 0 33
2580 0 34
2581 0 34
2582 0 33
2584 0 34
2585 0 34
2588 0 34
2590 0 34
2598 0 33
2599 0 33
2600 0 34
2601 0 34
2602 0 33
2603 0 33
2604 0 34
2605 0 34
2608 0 34
2609 0 39
2610 0 34
2615 0 33
2616 0 32
2617 0 33
2618 0 35
2619 0 33
2620 0 33
2621 0 33
2622 0 34
2624 0 33
2625 0 34
2626 0 34
2629 0 35
2630 0 33
2631 0 35
2632 0 35
2633 0 36
2634 0 36
2635 0 34
2636 0 33
2637 0 34
2638 0 36
2639 0 34
2642 0 34
2643 0 39
2644 0 34
2645 0 40
2646 0 41
2647 0 33
2648 0 34
2649 0 34
2650 0 34
2651 0 34
2652 0 34
2653 0 34
2654 0 36
2655 0 34
2656 0 34
2657 0 35
2658 0 35
2663 0 33
2664 0 32
2665 0 33
2666 0 35
2667 0 33
2668 0 33
2669 0 33
2670 0 34
2672 0 32
2673 0 34
2674 0 33
2677 0 35
2678 0 33
2679 0 35
2680 0 33
2681 0 35
2682 0 33
2683 0 33
2684 0 34
2685 0 34
2686 0 33
2687 0 33
2688 0 34
2689 0 34
2691 0 33
2692 0 34
2693 0 34
2696 0 35
2697 0 33
2698 0 35
2699 0 35
2700 0 36
2701 0 36
2702 0 34
2703 0 33
2704 0 34
2705 0 36
2706 0 34
2709 0 35
2710 0 33
2711 0 35
2712 0 33
2713 0 34
2714 0 35
2715 0 35
2716 0 36
2717 0 36
2718 0 35
2719 0 35
2720 0 36
2721 0 36
2724 0 36
2725 0 34
2726 0 36
2731 0 34
2732 0 34
2733 0 34
2734 0 36
2735 0 34
2736 0 34
2737 0 35
2738 0 35
2740 0 33
2741 0 34
2742 0 34
2745 0 36
2746 0 34
2747 0 36
2748 0 34
2749 0 35
2769 0 34
2770 0 39
2771 0 34
2774 0 34
2775 0 34
2776 0 35
2777 0 34
2778 0 34
2779 0 33
2780 0 34
2781 0 36
2782 0 34
2783 0 34
2784 0 34
2785 0 35
2787 0 39
2789 0 41
2792 0 34
2793 0 39
2794 0 35
2795 0 35
2796 0 36
2797 0 35
2805 0 33
2806 0 33
2807 0 34
2808 0 34
2809 0 33
2810 0 33
2811 0 34
2812 0 34
2815 0 34
2816 0 39
2817 0 34
2822 0 34
2823 0 33
2824 0 34
2825 0 36
2826 0 34
2827 0 34
2828 0 34
2829 0 35
2831 0 33
2832 0 35
2833 0 34
2836 0 36
2837 0 34
2838 0 36
2839 0 34
2840 0 36
2841 0 34
2842 0 34
2843 0 35
2844 0 35
2845 0 34
2846 0 34
2847 0 35
2848 0 35
