106 0 42
107 0 42
108 0 36
109 0 35
110 0 36
111 0 36
112 0 42
114 0 42
115 0 37
119 0 35
120 0 35
122 0 42
124 0 35
125 0 36
126 0 36
127 0 36
129 0 37
130 0 37
131 0 36
132 0 36
133 0 42
136 0 37
137 0 42
141 0 42
142 0 36
143 0 36
149 0 35
150 0 35
152 0 43
154 0 35
155 0 36
156 0 36
157 0 36
159 0 37
160 0 39
161 0 36
162 0 37
164 0 42
165 0 42
166 0 36
167 0 35
168 0 36
169 0 36
171 0 35
172 0 36
173 0 36
174 0 35
176 0 36
177 0 36
178 0 36
179 0 36
180 0 35
182 0 36
183 0 38
184 0 35
185 0 36
187 0 36
188 0 36
189 0 37
190 0 36
191 0 37
192 0 37
193 0 36
195 0 36
196 0 38
200 0 36
201 0 36
203 0 44
205 0 35
206 0 36
207 0 36
208 0 36
210 0 37
211 0 39
212 0 36
213 0 37
224 0 42
226 0 42
227 0 37
231 0 43
232 0 42
233 0 36
234 0 36
236 0 44
238 0 43
239 0 44
240 0 44
241 0 42
243 0 44
244 0 43
252 0 42
253 0 42
254 0 36
255 0 35
256 0 36
257 0 36
258 0 42
260 0 42
261 0 37
265 0 36
266 0 36
268 0 44
270 0 36
271 0 37
272 0 37
273 0 37
275 0 38
276 0 40
277 0 37
278 0 38
280 0 43
281 0 43
282 0 37
283 0 36
284 0 37
285 0 37
336 0 36
337 0 35
339 0 42
341 0 35
342 0 35
343 0 36
344 0 35
346 0 36
347 0 39
348 0 36
349 0 36
351 0 42
352 0 43
353 0 37
354 0 36
355 0 36
356 0 37
358 0 35
359 0 35
360 0 36
361 0 35
363 0 36
364 0 36
365 0 36
366 0 35
367 0 35
369 0 35
370 0 38
371 0 36
372 0 36
374 0 35
375 0 35
376 0 37
377 0 36
379 0 36
381 0 36
382 0 36
383 0 37
384 0 35
386 0 36
387 0 36
395 0 42
397 0 37
398 0 36
399 0 36
400 0 37
401 0 42
403 0 42
404 0 38
408 0 36
409 0 35
411 0 42
413 0 36
414 0 36
415 0 37
416 0 36
418 0 37
419 0 37
420 0 37
421 0 36
447 0 36
448 0 36
449 0 37
450 0 35
452 0 36
453 0 36
454 0 37
455 0 36
456 0 35
458 0 36
459 0 39
460 0 36
461 0 36
463 0 36
464 0 36
465 0 38
466 0 37
467 0 37
468 0 38
469 0 36
471 0 36
472 0 39
476 0 37
477 0 36
479 0 44
481 0 36
482 0 36
483 0 37
484 0 36
486 0 37
487 0 40
488 0 37
489 0 37
500 0 36
502 0 36
503 0 39
504 0 37
505 0 37
507 0 36
508 0 36
509 0 38
510 0 37
512 0 37
514 0 37
515 0 37
516 0 38
517 0 36
519 0 37
520 0 37
528 0 37
529 0 37
530 0 39
531 0 38
532 0 38
533 0 39
534 0 37
536 0 37
537 0 40
541 0 39
542 0 38
544 0 38
546 0 39
547 0 39
548 0 40
549 0 39
551 0 40
552 0 40
553 0 40
554 0 39
555 0 37
557 0 37
558 0 40
559 0 38
560 0 38
562 0 37
563 0 37
564 0 39
565 0 38
567 0 38
571 0 37
572 0 36
574 0 43
576 0 36
577 0 36
578 0 37
579 0 36
581 0 37
582 0 40
583 0 37
584 0 37
586 0 43
587 0 44
588 0 38
589 0 37
590 0 37
591 0 38
593 0 36
594 0 36
595 0 37
596 0 36
598 0 37
599 0 37
600 0 37
601 0 36
602 0 36
604 0 36
605 0 39
606 0 37
607 0 37
609 0 36
610 0 36
611 0 38
612 0 37
614 0 37
616 0 37
617 0 37
618 0 38
619 0 36
621 0 37
622 0 37
631 0 42
633 0 37
634 0 42
636 0 42
637 0 36
638 0 36
641 0 42
642 0 43
643 0 42
645 0 43
651 0 43
652 0 36
653 0 35
654 0 36
657 0 37
660 0 36
661 0 36
664 0 36
665 0 37
666 0 37
668 0 40
669 0 37
671 0 44
672 0 37
673 0 36
674 0 37
676 0 42
677 0 43
678 0 43
680 0 44
681 0 44
682 0 44
683 0 42
685 0 38
686 0 42
688 0 44
689 0 37
690 0 36
691 0 37
694 0 38
700 0 42
701 0 36
702 0 35
703 0 36
706 0 37
709 0 36
710 0 36
713 0 36
714 0 37
715 0 37
717 0 38
718 0 37
719 0 37
720 0 42
722 0 37
723 0 42
725 0 42
726 0 36
727 0 36
731 0 36
732 0 36
735 0 35
736 0 36
737 0 36
739 0 39
740 0 36
742 0 44
743 0 37
744 0 36
745 0 37
747 0 35
748 0 36
749 0 36
751 0 37
752 0 36
753 0 36
754 0 36
756 0 38
757 0 36
759 0 36
760 0 37
761 0 37
764 0 36
765 0 37
766 0 36
768 0 37
775 0 37
776 0 36
777 0 37
780 0 38
783 0 36
784 0 36
787 0 36
788 0 37
789 0 37
791 0 38
792 0 37
793 0 37
846 0 42
847 0 35
848 0 42
852 0 35
854 0 35
855 0 36
857 0 37
858 0 36
859 0 42
861 0 42
863 0 42
864 0 36
868 0 35
870 0 35
871 0 36
873 0 36
875 0 42
876 0 35
877 0 35
878 0 35
880 0 36
881 0 36
882 0 35
884 0 35
886 0 36
887 0 36
888 0 36
892 0 36
894 0 35
895 0 36
897 0 36
903 0 42
907 0 42
908 0 36
910 0 43
911 0 42
913 0 43
918 0 42
919 0 35
920 0 42
924 0 36
926 0 36
927 0 37
929 0 37
931 0 43
932 0 36
959 0 35
961 0 35
962 0 35
964 0 36
966 0 43
967 0 36
968 0 35
969 0 35
971 0 36
972 0 35
973 0 35
975 0 36
977 0 35
978 0 36
980 0 36
981 0 35
983 0 36
989 0 36
990 0 42
994 0 35
996 0 36
997 0 36
999 0 37
1000 0 36
1012 0 36
1013 0 35
1015 0 36
1016 0 36
1017 0 35
1019 0 36
1021 0 36
1022 0 37
1023 0 36
1027 0 36
1029 0 36
1030 0 36
1032 0 37
1038 0 36
1040 0 37
1042 0 36
1043 0 37
1045 0 37
1046 0 36
1048 0 37
1053 0 37
1054 0 38
1055 0 37
1059 0 38
1061 0 39
1062 0 39
1064 0 40
1065 0 39
1066 0 37
1068 0 38
1070 0 37
1071 0 38
1075 0 36
1077 0 36
1078 0 36
1080 0 37
1082 0 44
1083 0 37
1084 0 36
1085 0 36
1087 0 37
1088 0 36
1089 0 36
1091 0 37
1093 0 36
1094 0 37
1096 0 37
1097 0 36
1099 0 37
1105 0 42
1107 0 42
1109 0 42
1110 0 36
1112 0 42
1113 0 42
1115 0 43
1120 0 43
1121 0 35
1126 0 36
1128 0 36
1129 0 37
1131 0 37
1133 0 44
1134 0 36
1135 0 42
1136 0 43
1138 0 44
1139 0 44
1140 0 42
1142 0 42
1144 0 44
1145 0 36
1152 0 42
1153 0 35
1158 0 36
1160 0 36
1161 0 37
1163 0 38
1164 0 37
1165 0 42
1167 0 42
1169 0 42
1170 0 36
1174 0 36
1176 0 35
1177 0 36
1179 0 36
1181 0 44
1182 0 36
1183 0 35
1184 0 36
1186 0 37
1187 0 36
1188 0 36
1190 0 36
1192 0 36
1193 0 37
1195 0 36
1196 0 36
1198 0 37
1204 0 36
1209 0 36
1211 0 36
1212 0 37
1214 0 38
1215 0 37
1241 0 42
1243 0 35
1245 0 36
1247 0 36
1248 0 42
1250 0 36
1253 0 35
1255 0 36
1257 0 35
1259 0 36
1260 0 35
1262 0 36
1264 0 36
1266 0 36
1270 0 42
1272 0 36
1274 0 42
1278 0 42
1280 0 36
1282 0 37
1298 0 35
1300 0 35
1302 0 35
1304 0 35
1305 0 35
1307 0 36
1309 0 35
1313 0 42
1315 0 35
1317 0 36
1319 0 36
1325 0 35
1327 0 36
1328 0 35
1330 0 36
1332 0 36
1334 0 36
1338 0 36
1340 0 37
1342 0 36
1346 0 37
1348 0 38
1350 0 39
1352 0 39
1353 0 37
1355 0 38
1358 0 36
1360 0 36
1362 0 36
1364 0 36
1365 0 36
1367 0 37
1369 0 36
1374 0 42
1376 0 36
1378 0 42
1384 0 36
1386 0 37
1388 0 43
1390 0 44
1391 0 42
1398 0 36
1400 0 37
1402 0 37
1403 0 42
1405 0 36
1408 0 36
1410 0 36
1412 0 36
1414 0 36
1415 0 36
1417 0 37
1419 0 36
1425 0 36
1427 0 37
1429 0 37
1437 0 42
1438 0 42
1439 0 36
1440 0 35
1441 0 36
1442 0 36
1443 0 42
1445 0 42
1446 0 37
1450 0 35
1451 0 35
1453 0 42
1455 0 35
1456 0 36
1457 0 36
1458 0 36
1460 0 37
1461 0 37
1462 0 36
1463 0 36
1464 0 42
1467 0 37
1468 0 42
1472 0 42
1473 0 36
1474 0 36
1480 0 35
1481 0 35
1483 0 43
1485 0 35
1486 0 36
1487 0 36
1488 0 36
1490 0 37
1491 0 39
1492 0 36
1493 0 37
1495 0 42
1496 0 42
1497 0 36
1498 0 35
1499 0 36
1500 0 36
1502 0 35
1503 0 36
1504 0 36
1505 0 35
1507 0 36
1508 0 36
1509 0 36
1510 0 36
1511 0 35
1513 0 36
1514 0 38
1515 0 35
1516 0 36
1518 0 36
1519 0 36
1520 0 37
1521 0 36
1522 0 37
1523 0 37
1524 0 36
1526 0 36
1527 0 38
1531 0 36
1532 0 36
1534 0 44
1536 0 35
1537 0 36
1538 0 36
1539 0 36
1541 0 37
1542 0 39
1543 0 36
1544 0 37
1555 0 42
1557 0 42
1558 0 37
1562 0 43
1563 0 42
1564 0 36
1565 0 36
1567 0 44
1569 0 43
1570 0 44
1571 0 44
1572 0 42
1574 0 44
1575 0 43
1583 0 42
1584 0 42
1585 0 36
1586 0 35
1587 0 36
1588 0 36
1589 0 42
1591 0 42
1592 0 37
1596 0 36
1597 0 36
1599 0 44
1601 0 36
1602 0 37
1603 0 37
1604 0 37
1606 0 38
1607 0 40
1608 0 37
1609 0 38
1611 0 43
1612 0 43
1613 0 37
1614 0 36
1615 0 37
1616 0 37
1631 0 35
1633 0 35
1635 0 35
1637 0 35
1638 0 35
1640 0 36
1642 0 35
1646 0 43
1648 0 35
1650 0 36
1652 0 36
1658 0 35
1660 0 36
1661 0 35
1663 0 36
1665 0 36
1667 0 36
1671 0 36
1673 0 37
1675 0 36
1679 0 37
1681 0 38
1683 0 39
1685 0 36
1687 0 37
1688 0 36
1690 0 37
1693 0 42
1695 0 35
1697 0 36
1699 0 36
1700 0 42
1702 0 36
1705 0 35
1707 0 36
1709 0 35
1711 0 36
1712 0 35
1714 0 36
1716 0 36
1718 0 36
1724 0 35
1725 0 36
1726 0 36
1727 0 35
1728 0 35
1729 0 36
1731 0 36
1732 0 42
1733 0 36
1737 0 35
1738 0 35
1739 0 36
1740 0 35
1741 0 35
1742 0 36
1744 0 35
1745 0 36
1747 0 37
1748 0 36
1749 0 38
1750 0 39
1751 0 38
1752 0 36
1753 0 36
1754 0 37
1755 0 36
1757 0 36
1758 0 42
1759 0 36
1760 0 43
1761 0 36
1762 0 37
1763 0 36
1764 0 36
1765 0 36
1766 0 37
1767 0 36
1768 0 36
1769 0 37
1773 0 35
1774 0 35
1775 0 36
1776 0 35
1777 0 35
1778 0 36
1780 0 35
1781 0 36
1783 0 37
1784 0 36
1785 0 38
1786 0 36
1787 0 35
1788 0 36
1789 0 36
1790 0 35
1791 0 35
1792 0 36
1794 0 35
1795 0 36
1797 0 36
1798 0 35
1799 0 37
1800 0 38
1801 0 37
1802 0 36
1803 0 36
1804 0 37
1805 0 36
1807 0 36
1808 0 35
1809 0 37
1810 0 35
1811 0 36
1812 0 37
1813 0 37
1814 0 36
1815 0 36
1816 0 37
1818 0 37
1819 0 36
1820 0 37
1824 0 36
1825 0 36
1826 0 37
1827 0 36
1828 0 36
1829 0 37
1831 0 35
1832 0 36
1834 0 37
1835 0 36
1836 0 38
1837 0 36
1852 0 36
1853 0 42
1854 0 36
1856 0 36
1857 0 37
1858 0 36
1859 0 36
1860 0 36
1861 0 37
1862 0 36
1863 0 36
1864 0 37
1866 0 42
1867 0 44
1869 0 36
1870 0 42
1871 0 37
1872 0 38
1873 0 37
1879 0 35
1880 0 36
1881 0 36
1882 0 35
1883 0 35
1884 0 36
1886 0 36
1887 0 42
1888 0 36
1892 0 36
1893 0 36
1894 0 37
1895 0 36
1896 0 36
1897 0 37
1899 0 36
1900 0 37
1902 0 38
1903 0 37
1904 0 39
1905 0 37
1906 0 36
1907 0 37
1908 0 37
1909 0 36
1910 0 36
1911 0 37
1966 0 42
1967 0 36
1968 0 36
1969 0 36
1970 0 42
1971 0 37
1973 0 35
1974 0 42
1976 0 36
1977 0 36
1978 0 37
1979 0 36
1981 0 37
1984 0 36
1987 0 35
1988 0 43
1990 0 36
1991 0 36
1992 0 37
1993 0 39
1994 0 37
1995 0 42
1996 0 36
1997 0 36
1998 0 36
2000 0 36
2001 0 36
2002 0 36
2003 0 36
2004 0 36
2005 0 38
2006 0 36
2007 0 36
2008 0 37
2009 0 37
2010 0 37
2011 0 36
2012 0 38
2014 0 36
2015 0 44
2017 0 36
2018 0 36
2019 0 37
2020 0 39
2021 0 37
2027 0 42
2028 0 37
2030 0 43
2031 0 36
2032 0 44
2034 0 44
2035 0 44
2036 0 44
2040 0 42
2041 0 36
2042 0 36
2043 0 36
2044 0 42
2045 0 37
2047 0 36
2048 0 44
2050 0 37
2051 0 37
2052 0 38
2053 0 40
2054 0 38
2055 0 43
2056 0 37
2057 0 37
2058 0 37
2083 0 36
2084 0 42
2086 0 35
2087 0 36
2088 0 36
2089 0 39
2090 0 36
2091 0 42
2092 0 37
2093 0 36
2094 0 37
2096 0 35
2097 0 36
2098 0 36
2099 0 36
2100 0 35
2101 0 38
2102 0 36
2103 0 35
2104 0 37
2105 0 36
2107 0 36
2108 0 37
2109 0 36
2113 0 42
2114 0 37
2115 0 36
2116 0 37
2117 0 42
2118 0 38
2120 0 36
2121 0 42
2123 0 36
2124 0 37
2125 0 37
2126 0 37
2141 0 36
2142 0 37
2143 0 36
2144 0 37
2145 0 36
2146 0 39
2147 0 36
2148 0 36
2149 0 38
2150 0 37
2151 0 38
2152 0 36
2153 0 39
2155 0 37
2156 0 44
2158 0 36
2159 0 37
2160 0 37
2161 0 40
2162 0 37
2168 0 36
2169 0 39
2170 0 37
2171 0 36
2172 0 38
2173 0 37
2175 0 37
2176 0 38
2177 0 37
2181 0 37
2182 0 39
2183 0 38
2184 0 39
2185 0 37
2186 0 40
2188 0 39
2189 0 38
2191 0 39
2192 0 40
2193 0 40
2194 0 40
2195 0 37
2196 0 40
2197 0 38
2198 0 37
2199 0 39
2200 0 38
2202 0 37
2203 0 43
2205 0 36
2206 0 37
2207 0 37
2208 0 40
2209 0 37
2210 0 43
2211 0 38
2212 0 37
2213 0 38
2215 0 36
2216 0 37
2217 0 37
2218 0 37
2219 0 36
2220 0 39
2221 0 37
2222 0 36
2223 0 38
2224 0 37
2226 0 37
2227 0 38
2228 0 37
2232 0 37
2233 0 36
2235 0 43
2237 0 36
2238 0 36
2239 0 37
2240 0 36
2242 0 37
2243 0 40
2244 0 37
2245 0 37
2247 0 43
2248 0 44
2249 0 38
2250 0 37
2251 0 37
2252 0 38
2254 0 36
2255 0 36
2256 0 37
2257 0 36
2259 0 37
2260 0 37
2261 0 37
2262 0 36
2263 0 36
2265 0 36
2266 0 39
2267 0 37
2268 0 37
2270 0 36
2271 0 36
2272 0 38
2273 0 37
2275 0 37
2277 0 37
2278 0 37
2279 0 38
2280 0 36
2282 0 37
2283 0 37
2292 0 42
2294 0 37
2295 0 42
2297 0 42
2298 0 36
2299 0 36
2302 0 42
2303 0 43
2304 0 42
2306 0 43
2312 0 43
2313 0 36
2314 0 35
2315 0 36
2318 0 37
2321 0 36
2322 0 36
2325 0 36
2326 0 37
2327 0 37
2329 0 40
2330 0 37
2332 0 44
2333 0 37
2334 0 36
2335 0 37
2337 0 42
2338 0 43
2339 0 43
2341 0 44
2342 0 44
2343 0 44
2344 0 42
2346 0 38
2347 0 42
2349 0 44
2350 0 37
2351 0 36
2352 0 37
2355 0 38
2361 0 42
2362 0 36
2363 0 35
2364 0 36
2367 0 37
2370 0 36
2371 0 36
2374 0 36
2375 0 37
2376 0 37
2378 0 38
2379 0 37
2380 0 37
2381 0 42
2383 0 37
2384 0 42
2386 0 42
2387 0 36
2388 0 36
2392 0 36
2393 0 36
2396 0 35
2397 0 36
2398 0 36
2400 0 39
2401 0 36
2403 0 44
2404 0 37
2405 0 36
2406 0 37
2408 0 35
2409 0 36
2410 0 36
2412 0 37
2413 0 36
2414 0 36
2415 0 36
2417 0 38
2418 0 36
2420 0 36
2421 0 37
2422 0 37
2425 0 36
2426 0 37
2427 0 36
2429 0 37
2436 0 37
2437 0 36
2438 0 37
2441 0 38
2444 0 36
2445 0 36
2448 0 36
2449 0 37
2450 0 37
2452 0 38
2453 0 37
2454 0 37
2474 0 35
2476 0 35
2478 0 42
2479 0 35
2481 0 36
2482 0 35
2483 0 35
2485 0 35
2486 0 36
2488 0 35
2490 0 36
2494 0 43
2497 0 35
2499 0 36
2501 0 37
2502 0 36
2510 0 35
2512 0 36
2513 0 36
2514 0 35
2516 0 36
2517 0 36
2520 0 36
2522 0 36
2527 0 36
2529 0 36
2530 0 37
2532 0 36
2534 0 37
2537 0 37
2538 0 37
2541 0 38
2543 0 39
2545 0 38
2546 0 36
2548 0 37
2549 0 37
2550 0 36
2552 0 37
2553 0 37
2556 0 42
2557 0 42
2560 0 35
2562 0 36
2564 0 37
2565 0 36
2566 0 42
2568 0 42
2569 0 36
2573 0 35
2575 0 36
2577 0 42
2578 0 35
2580 0 36
2581 0 36
2582 0 35
2584 0 36
2585 0 36
2588 0 36
2590 0 36
2598 0 35
2599 0 36
2600 0 36
2601 0 36
2602 0 35
2603 0 35
2604 0 36
2605 0 36
2608 0 36
2609 0 42
2610 0 36
2615 0 35
2616 0 35
2617 0 35
2618 0 36
2619 0 35
2620 0 35
2621 0 36
2622 0 36
2624 0 35
2625 0 36
2626 0 36
2629 0 37
2630 0 36
2631 0 38
2632 0 39
2633 0 39
2634 0 38
2635 0 36
2636 0 36
2637 0 36
2638 0 37
2639 0 36
2642 0 36
2643 0 42
2644 0 36
2645 0 43
2646 0 44
2647 0 36
2648 0 37
2649 0 37
2650 0 36
2651 0 36
2652 0 36
2653 0 36
2654 0 37
2655 0 36
2656 0 36
2657 0 37
2658 0 37
2663 0 35
2664 0 35
2665 0 35
2666 0 36
2667 0 35
2668 0 35
2669 0 36
2670 0 36
2672 0 35
2673 0 36
2674 0 36
2677 0 37
2678 0 36
2679 0 38
2680 0 36
2681 0 37
2682 0 35
2683 0 36
2684 0 36
2685 0 36
2686 0 35
2687 0 35
2688 0 36
2689 0 36
2691 0 35
2692 0 36
2693 0 36
2696 0 36
2697 0 35
2698 0 37
2699 0 38
2700 0 38
2701 0 37
2702 0 36
2703 0 36
2704 0 36
2705 0 37
2706 0 36
2709 0 36
2710 0 35
2711 0 37
2712 0 35
2713 0 36
2714 0 36
2715 0 37
2716 0 37
2717 0 37
2718 0 36
2719 0 36
2720 0 37
2721 0 37
2724 0 37
2725 0 36
2726 0 37
2731 0 36
2732 0 36
2733 0 36
2734 0 37
2735 0 36
2736 0 36
2737 0 37
2738 0 37
2740 0 35
2741 0 36
2742 0 36
2745 0 37
2746 0 36
2747 0 38
2748 0 36
2749 0 37
2769 0 36
2770 0 42
2771 0 36
2774 0 36
2775 0 37
2776 0 37
2777 0 36
2778 0 36
2779 0 36
2780 0 36
2781 0 37
2782 0 36
2783 0 36
2784 0 37
2785 0 37
2787 0 42
2789 0 44
2792 0 36
2793 0 42
2794 0 37
2795 0 38
2796 0 38
2797 0 37
2805 0 35
2806 0 36
2807 0 36
2808 0 36
2809 0 35
2810 0 35
2811 0 36
2812 0 36
2815 0 36
2816 0 42
2817 0 36
2822 0 36
2823 0 36
2824 0 36
2825 0 37
2826 0 36
2827 0 36
2828 0 37
2829 0 37
2831 0 36
2832 0 37
2833 0 37
2836 0 38
2837 0 37
2838 0 39
2839 0 37
2840 0 38
2841 0 36
2842 0 37
2843 0 37
2844 0 37
2845 0 36
2846 0 36
2847 0 37
2848 0 37
