106 0 45
107 0 45
108 0 38
109 0 37
110 0 39
111 0 38
112 0 45
114 0 45
115 0 39
119 0 38
120 0 37
122 0 45
124 0 38
125 0 39
126 0 39
127 0 38
129 0 39
130 0 39
131 0 39
132 0 38
133 0 45
136 0 39
137 0 45
141 0 45
142 0 39
143 0 39
149 0 38
150 0 38
152 0 46
154 0 37
155 0 38
156 0 38
157 0 38
159 0 39
160 0 40
161 0 38
162 0 39
164 0 45
165 0 45
166 0 38
167 0 37
168 0 39
169 0 38
171 0 38
172 0 38
173 0 39
174 0 38
176 0 39
177 0 39
178 0 39
179 0 38
180 0 37
182 0 38
183 0 40
184 0 38
185 0 38
187 0 39
188 0 39
189 0 40
190 0 40
191 0 41
192 0 41
193 0 39
195 0 39
196 0 41
200 0 39
201 0 38
203 0 47
205 0 38
206 0 38
207 0 39
208 0 38
210 0 39
211 0 41
212 0 39
213 0 39
224 0 45
226 0 45
227 0 39
231 0 46
232 0 45
233 0 39
234 0 39
236 0 47
238 0 46
239 0 47
240 0 47
241 0 45
243 0 47
244 0 46
252 0 45
253 0 45
254 0 38
255 0 37
256 0 39
257 0 38
258 0 45
260 0 45
261 0 39
265 0 39
266 0 39
268 0 47
270 0 38
271 0 39
272 0 39
273 0 39
275 0 40
276 0 41
277 0 39
278 0 40
280 0 46
281 0 46
282 0 39
283 0 38
284 0 40
285 0 39
336 0 38
337 0 38
339 0 45
341 0 37
342 0 37
343 0 38
344 0 38
346 0 38
347 0 40
348 0 38
349 0 38
351 0 45
352 0 46
353 0 39
354 0 38
355 0 39
356 0 39
358 0 37
359 0 38
360 0 38
361 0 37
363 0 38
364 0 38
365 0 38
366 0 38
367 0 37
369 0 38
370 0 40
371 0 38
372 0 38
374 0 37
375 0 37
376 0 40
377 0 40
379 0 39
381 0 38
382 0 38
383 0 39
384 0 37
386 0 38
387 0 38
395 0 45
397 0 39
398 0 38
399 0 39
400 0 39
401 0 45
403 0 45
404 0 40
408 0 38
409 0 38
411 0 45
413 0 38
414 0 39
415 0 39
416 0 38
418 0 39
419 0 39
420 0 39
421 0 39
447 0 38
448 0 38
449 0 39
450 0 38
452 0 39
453 0 39
454 0 39
455 0 39
456 0 38
458 0 38
459 0 40
460 0 38
461 0 38
463 0 39
464 0 39
465 0 40
466 0 40
467 0 41
468 0 41
469 0 39
471 0 39
472 0 41
476 0 39
477 0 39
479 0 47
481 0 38
482 0 38
483 0 39
484 0 39
486 0 39
487 0 41
488 0 39
489 0 39
500 0 38
502 0 38
503 0 40
504 0 39
505 0 39
507 0 38
508 0 38
509 0 40
510 0 40
512 0 39
514 0 39
515 0 39
516 0 40
517 0 38
519 0 39
520 0 39
528 0 39
529 0 39
530 0 40
531 0 40
532 0 41
533 0 41
534 0 39
536 0 39
537 0 41
541 0 40
542 0 40
544 0 40
546 0 40
547 0 41
548 0 41
549 0 40
551 0 41
552 0 41
553 0 41
554 0 41
555 0 39
557 0 39
558 0 41
559 0 40
560 0 40
562 0 39
563 0 39
564 0 41
565 0 41
567 0 40
571 0 39
572 0 39
574 0 46
576 0 38
577 0 38
578 0 39
579 0 39
581 0 39
582 0 41
583 0 39
584 0 39
586 0 46
587 0 47
588 0 40
589 0 39
590 0 40
591 0 40
593 0 38
594 0 39
595 0 39
596 0 38
598 0 39
599 0 39
600 0 39
601 0 39
602 0 38
604 0 39
605 0 41
606 0 39
607 0 39
609 0 38
610 0 38
611 0 41
612 0 41
614 0 40
616 0 39
617 0 39
618 0 40
619 0 38
621 0 39
622 0 39
631 0 45
633 0 39
634 0 45
636 0 45
637 0 39
638 0 39
641 0 45
642 0 46
643 0 45
645 0 46
651 0 46
652 0 38
653 0 37
654 0 38
657 0 39
660 0 39
661 0 39
664 0 38
665 0 39
666 0 39
668 0 41
669 0 39
671 0 47
672 0 39
673 0 38
674 0 39
676 0 45
677 0 46
678 0 46
680 0 47
681 0 47
682 0 47
683 0 45
685 0 40
686 0 45
688 0 47
689 0 39
690 0 39
691 0 40
694 0 40
700 0 45
701 0 38
702 0 38
703 0 39
706 0 39
709 0 38
710 0 38
713 0 38
714 0 39
715 0 39
717 0 40
718 0 39
719 0 39
720 0 45
722 0 39
723 0 45
725 0 45
726 0 39
727 0 39
731 0 38
732 0 38
735 0 38
736 0 39
737 0 39
739 0 41
740 0 39
742 0 47
743 0 39
744 0 38
745 0 39
747 0 37
748 0 38
749 0 38
751 0 39
752 0 38
753 0 38
754 0 39
756 0 41
757 0 39
759 0 39
760 0 41
761 0 41
764 0 39
765 0 40
766 0 39
768 0 40
775 0 39
776 0 38
777 0 39
780 0 40
783 0 38
784 0 38
787 0 38
788 0 39
789 0 39
791 0 40
792 0 39
793 0 39
846 0 45
847 0 37
848 0 45
852 0 37
854 0 38
855 0 38
857 0 39
858 0 38
859 0 45
861 0 45
863 0 45
864 0 39
868 0 38
870 0 37
871 0 38
873 0 38
875 0 45
876 0 37
877 0 38
878 0 38
880 0 39
881 0 38
882 0 37
884 0 38
886 0 39
887 0 40
888 0 39
892 0 38
894 0 38
895 0 38
897 0 39
903 0 45
907 0 45
908 0 39
910 0 46
911 0 45
913 0 46
918 0 45
919 0 37
920 0 45
924 0 39
926 0 38
927 0 39
929 0 39
931 0 46
932 0 38
959 0 38
961 0 37
962 0 38
964 0 38
966 0 46
967 0 38
968 0 37
969 0 37
971 0 38
972 0 38
973 0 37
975 0 38
977 0 37
978 0 40
980 0 38
981 0 37
983 0 38
989 0 38
990 0 45
994 0 38
996 0 38
997 0 38
999 0 39
1000 0 39
1012 0 38
1013 0 38
1015 0 39
1016 0 39
1017 0 38
1019 0 38
1021 0 39
1022 0 40
1023 0 39
1027 0 39
1029 0 38
1030 0 39
1032 0 39
1038 0 38
1040 0 39
1042 0 38
1043 0 40
1045 0 39
1046 0 38
1048 0 39
1053 0 39
1054 0 40
1055 0 39
1059 0 40
1061 0 40
1062 0 40
1064 0 41
1065 0 41
1066 0 39
1068 0 40
1070 0 39
1071 0 41
1075 0 39
1077 0 38
1078 0 39
1080 0 39
1082 0 47
1083 0 39
1084 0 38
1085 0 38
1087 0 39
1088 0 39
1089 0 38
1091 0 39
1093 0 38
1094 0 41
1096 0 39
1097 0 38
1099 0 39
1105 0 45
1107 0 45
1109 0 45
1110 0 39
1112 0 45
1113 0 45
1115 0 46
1120 0 46
1121 0 37
1126 0 39
1128 0 38
1129 0 39
1131 0 39
1133 0 47
1134 0 38
1135 0 45
1136 0 46
1138 0 47
1139 0 47
1140 0 45
1142 0 45
1144 0 47
1145 0 39
1152 0 45
1153 0 38
1158 0 38
1160 0 38
1161 0 39
1163 0 40
1164 0 39
1165 0 45
1167 0 45
1169 0 45
1170 0 39
1174 0 38
1176 0 38
1177 0 39
1179 0 39
1181 0 47
1182 0 38
1183 0 37
1184 0 38
1186 0 39
1187 0 38
1188 0 39
1190 0 39
1192 0 39
1193 0 41
1195 0 39
1196 0 39
1198 0 40
1204 0 38
1209 0 38
1211 0 38
1212 0 39
1214 0 40
1215 0 39
1241 0 45
1243 0 37
1245 0 38
1247 0 38
1248 0 45
1250 0 39
1253 0 38
1255 0 38
1257 0 38
1259 0 38
1260 0 37
1262 0 39
1264 0 38
1266 0 38
1270 0 45
1272 0 39
1274 0 45
1278 0 45
1280 0 39
1282 0 39
1298 0 38
1300 0 38
1302 0 37
1304 0 38
1305 0 37
1307 0 40
1309 0 37
1313 0 45
1315 0 38
1317 0 38
1319 0 39
1325 0 38
1327 0 39
1328 0 38
1330 0 39
1332 0 39
1334 0 39
1338 0 38
1340 0 40
1342 0 38
1346 0 39
1348 0 40
1350 0 40
1352 0 41
1353 0 39
1355 0 41
1358 0 39
1360 0 39
1362 0 38
1364 0 39
1365 0 38
1367 0 41
1369 0 38
1374 0 45
1376 0 39
1378 0 45
1384 0 39
1386 0 39
1388 0 46
1390 0 47
1391 0 45
1398 0 38
1400 0 39
1402 0 39
1403 0 45
1405 0 39
1408 0 38
1410 0 39
1412 0 38
1414 0 38
1415 0 39
1417 0 41
1419 0 39
1425 0 38
1427 0 39
1429 0 39
1437 0 45
1438 0 45
1439 0 38
1440 0 37
1441 0 39
1442 0 38
1443 0 45
1445 0 45
1446 0 39
1450 0 38
1451 0 37
1453 0 45
1455 0 38
1456 0 39
1457 0 39
1458 0 38
1460 0 39
1461 0 39
1462 0 39
1463 0 38
1464 0 45
1467 0 39
1468 0 45
1472 0 45
1473 0 39
1474 0 39
1480 0 38
1481 0 38
1483 0 46
1485 0 37
1486 0 38
1487 0 38
1488 0 38
1490 0 39
1491 0 40
1492 0 38
1493 0 39
1495 0 45
1496 0 45
1497 0 38
1498 0 37
1499 0 39
1500 0 38
1502 0 38
1503 0 38
1504 0 39
1505 0 38
1507 0 39
1508 0 39
1509 0 39
1510 0 38
1511 0 37
1513 0 38
1514 0 40
1515 0 38
1516 0 38
1518 0 39
1519 0 39
1520 0 40
1521 0 40
1522 0 41
1523 0 41
1524 0 39
1526 0 39
1527 0 41
1531 0 39
1532 0 38
1534 0 47
1536 0 38
1537 0 38
1538 0 39
1539 0 38
1541 0 39
1542 0 41
1543 0 39
1544 0 39
1555 0 45
1557 0 45
1558 0 39
1562 0 46
1563 0 45
1564 0 39
1565 0 39
1567 0 47
1569 0 46
1570 0 47
1571 0 47
1572 0 45
1574 0 47
1575 0 46
1583 0 45
1584 0 45
1585 0 38
1586 0 37
1587 0 39
1588 0 38
1589 0 45
1591 0 45
1592 0 39
1596 0 39
1597 0 39
1599 0 47
1601 0 38
1602 0 39
1603 0 39
1604 0 39
1606 0 40
1607 0 41
1608 0 39
1609 0 40
1611 0 46
1612 0 46
1613 0 39
1614 0 38
1615 0 40
1616 0 39
1631 0 37
1633 0 38
1635 0 37
1637 0 37
1638 0 38
1640 0 40
1642 0 38
1646 0 46
1648 0 37
1650 0 38
1652 0 38
1658 0 37
1660 0 38
1661 0 37
1663 0 38
1665 0 38
1667 0 38
1671 0 38
1673 0 40
1675 0 38
1679 0 39
1681 0 40
1683 0 40
1685 0 38
1687 0 39
1688 0 38
1690 0 39
1693 0 45
1695 0 37
1697 0 38
1699 0 38
1700 0 45
1702 0 39
1705 0 38
1707 0 38
1709 0 38
1711 0 38
1712 0 37
1714 0 39
1716 0 38
1718 0 38
1724 0 37
1725 0 38
1726 0 39
1727 0 38
1728 0 38
1729 0 38
1731 0 39
1732 0 45
1733 0 39
1737 0 38
1738 0 37
1739 0 40
1740 0 37
1741 0 38
1742 0 38
1744 0 38
1745 0 39
1747 0 40
1748 0 38
1749 0 40
1750 0 40
1751 0 41
1752 0 39
1753 0 38
1754 0 41
1755 0 38
1757 0 39
1758 0 45
1759 0 39
1760 0 46
1761 0 38
1762 0 39
1763 0 39
1764 0 38
1765 0 38
1766 0 41
1767 0 39
1768 0 38
1769 0 39
1773 0 37
1774 0 37
1775 0 40
1776 0 38
1777 0 37
1778 0 38
1780 0 37
1781 0 38
1783 0 40
1784 0 38
1785 0 40
1786 0 38
1787 0 37
1788 0 38
1789 0 39
1790 0 38
1791 0 38
1792 0 38
1794 0 37
1795 0 39
1797 0 40
1798 0 38
1799 0 40
1800 0 40
1801 0 41
1802 0 39
1803 0 38
1804 0 41
1805 0 38
1807 0 40
1808 0 37
1809 0 40
1810 0 37
1811 0 40
1812 0 40
1813 0 41
1814 0 40
1815 0 40
1816 0 41
1818 0 41
1819 0 39
1820 0 41
1824 0 39
1825 0 38
1826 0 41
1827 0 38
1828 0 39
1829 0 39
1831 0 37
1832 0 39
1834 0 41
1835 0 38
1836 0 41
1837 0 38
1852 0 39
1853 0 45
1854 0 39
1856 0 38
1857 0 39
1858 0 39
1859 0 38
1860 0 38
1861 0 41
1862 0 39
1863 0 38
1864 0 39
1866 0 45
1867 0 47
1869 0 39
1870 0 45
1871 0 39
1872 0 40
1873 0 40
1879 0 37
1880 0 38
1881 0 39
1882 0 38
1883 0 38
1884 0 38
1886 0 39
1887 0 45
1888 0 39
1892 0 38
1893 0 38
1894 0 41
1895 0 39
1896 0 38
1897 0 39
1899 0 38
1900 0 39
1902 0 41
1903 0 39
1904 0 41
1905 0 39
1906 0 38
1907 0 39
1908 0 40
1909 0 39
1910 0 39
1911 0 39
1966 0 45
1967 0 38
1968 0 39
1969 0 38
1970 0 45
1971 0 39
1973 0 38
1974 0 45
1976 0 39
1977 0 39
1978 0 39
1979 0 39
1981 0 39
1984 0 39
1987 0 38
1988 0 46
1990 0 38
1991 0 38
1992 0 39
1993 0 40
1994 0 39
1995 0 45
1996 0 38
1997 0 39
1998 0 38
2000 0 38
2001 0 39
2002 0 39
2003 0 39
2004 0 38
2005 0 40
2006 0 38
2007 0 39
2008 0 40
2009 0 41
2010 0 41
2011 0 39
2012 0 41
2014 0 39
2015 0 47
2017 0 38
2018 0 39
2019 0 39
2020 0 41
2021 0 39
2027 0 45
2028 0 39
2030 0 46
2031 0 39
2032 0 47
2034 0 47
2035 0 47
2036 0 47
2040 0 45
2041 0 38
2042 0 39
2043 0 38
2044 0 45
2045 0 39
2047 0 39
2048 0 47
2050 0 39
2051 0 39
2052 0 40
2053 0 41
2054 0 40
2055 0 46
2056 0 39
2057 0 40
2058 0 39
2083 0 38
2084 0 45
2086 0 37
2087 0 38
2088 0 38
2089 0 40
2090 0 38
2091 0 45
2092 0 39
2093 0 39
2094 0 39
2096 0 38
2097 0 38
2098 0 38
2099 0 38
2100 0 38
2101 0 40
2102 0 38
2103 0 37
2104 0 40
2105 0 39
2107 0 38
2108 0 39
2109 0 38
2113 0 45
2114 0 39
2115 0 39
2116 0 39
2117 0 45
2118 0 40
2120 0 38
2121 0 45
2123 0 39
2124 0 39
2125 0 39
2126 0 39
2141 0 38
2142 0 39
2143 0 39
2144 0 39
2145 0 38
2146 0 40
2147 0 38
2148 0 39
2149 0 40
2150 0 41
2151 0 41
2152 0 39
2153 0 41
2155 0 39
2156 0 47
2158 0 38
2159 0 39
2160 0 39
2161 0 41
2162 0 39
2168 0 38
2169 0 40
2170 0 39
2171 0 38
2172 0 40
2173 0 39
2175 0 39
2176 0 40
2177 0 39
2181 0 39
2182 0 40
2183 0 41
2184 0 41
2185 0 39
2186 0 41
2188 0 40
2189 0 40
2191 0 41
2192 0 41
2193 0 41
2194 0 41
2195 0 39
2196 0 41
2197 0 40
2198 0 39
2199 0 41
2200 0 40
2202 0 39
2203 0 46
2205 0 38
2206 0 39
2207 0 39
2208 0 41
2209 0 39
2210 0 46
2211 0 40
2212 0 40
2213 0 40
2215 0 39
2216 0 39
2217 0 39
2218 0 39
2219 0 39
2220 0 41
2221 0 39
2222 0 38
2223 0 41
2224 0 40
2226 0 39
2227 0 40
2228 0 39
2232 0 39
2233 0 39
2235 0 46
2237 0 38
2238 0 38
2239 0 39
2240 0 39
2242 0 39
2243 0 41
2244 0 39
2245 0 39
2247 0 46
2248 0 47
2249 0 40
2250 0 39
2251 0 40
2252 0 40
2254 0 38
2255 0 39
2256 0 39
2257 0 38
2259 0 39
2260 0 39
2261 0 39
2262 0 39
2263 0 38
2265 0 39
2266 0 41
2267 0 39
2268 0 39
2270 0 38
2271 0 38
2272 0 41
2273 0 41
2275 0 40
2277 0 39
2278 0 39
2279 0 40
2280 0 38
2282 0 39
2283 0 39
2292 0 45
2294 0 39
2295 0 45
2297 0 45
2298 0 39
2299 0 39
2302 0 45
2303 0 46
2304 0 45
2306 0 46
2312 0 46
2313 0 38
2314 0 37
2315 0 38
2318 0 39
2321 0 39
2322 0 39
2325 0 38
2326 0 39
2327 0 39
2329 0 41
2330 0 39
2332 0 47
2333 0 39
2334 0 38
2335 0 39
2337 0 45
2338 0 46
2339 0 46
2341 0 47
2342 0 47
2343 0 47
2344 0 45
2346 0 40
2347 0 45
2349 0 47
2350 0 39
2351 0 39
2352 0 40
2355 0 40
2361 0 45
2362 0 38
2363 0 38
2364 0 39
2367 0 39
2370 0 38
2371 0 38
2374 0 38
2375 0 39
2376 0 39
2378 0 40
2379 0 39
2380 0 39
2381 0 45
2383 0 39
2384 0 45
2386 0 45
2387 0 39
2388 0 39
2392 0 38
2393 0 38
2396 0 38
2397 0 39
2398 0 39
2400 0 41
2401 0 39
2403 0 47
2404 0 39
2405 0 38
2406 0 39
2408 0 37
2409 0 38
2410 0 38
2412 0 39
2413 0 38
2414 0 38
2415 0 39
2417 0 41
2418 0 39
2420 0 39
2421 0 41
2422 0 41
2425 0 39
2426 0 40
2427 0 39
2429 0 40
2436 0 39
2437 0 38
2438 0 39
2441 0 40
2444 0 38
2445 0 38
2448 0 38
2449 0 39
2450 0 39
2452 0 40
2453 0 39
2454 0 39
2474 0 37
2476 0 38
2478 0 45
2479 0 37
2481 0 38
2482 0 37
2483 0 38
2485 0 38
2486 0 40
2488 0 38
2490 0 39
2494 0 46
2497 0 37
2499 0 38
2501 0 39
2502 0 38
2510 0 37
2512 0 38
2513 0 38
2514 0 37
2516 0 38
2517 0 38
2520 0 38
2522 0 38
2527 0 38
2529 0 38
2530 0 40
2532 0 38
2534 0 39
2537 0 39
2538 0 39
2541 0 40
2543 0 40
2545 0 40
2546 0 38
2548 0 39
2549 0 39
2550 0 38
2552 0 39
2553 0 39
2556 0 45
2557 0 45
2560 0 37
2562 0 38
2564 0 39
2565 0 38
2566 0 45
2568 0 45
2569 0 39
2573 0 38
2575 0 38
2577 0 45
2578 0 38
2580 0 39
2581 0 38
2582 0 37
2584 0 39
2585 0 39
2588 0 38
2590 0 38
2598 0 37
2599 0 38
2600 0 38
2601 0 39
2602 0 38
2603 0 38
2604 0 38
2605 0 38
2608 0 39
2609 0 45
2610 0 39
2615 0 38
2616 0 37
2617 0 38
2618 0 40
2619 0 37
2620 0 38
2621 0 38
2622 0 39
2624 0 38
2625 0 39
2626 0 39
2629 0 40
2630 0 38
2631 0 40
2632 0 40
2633 0 41
2634 0 41
2635 0 39
2636 0 38
2637 0 39
2638 0 41
2639 0 38
2642 0 39
2643 0 45
2644 0 39
2645 0 46
2646 0 47
2647 0 38
2648 0 39
2649 0 39
2650 0 39
2651 0 38
2652 0 38
2653 0 38
2654 0 41
2655 0 39
2656 0 38
2657 0 39
2658 0 39
2663 0 37
2664 0 37
2665 0 37
2666 0 40
2667 0 38
2668 0 37
2669 0 38
2670 0 38
2672 0 37
2673 0 38
2674 0 38
2677 0 40
2678 0 38
2679 0 40
2680 0 38
2681 0 39
2682 0 37
2683 0 38
2684 0 38
2685 0 39
2686 0 38
2687 0 38
2688 0 38
2689 0 38
2691 0 37
2692 0 39
2693 0 39
2696 0 40
2697 0 38
2698 0 40
2699 0 40
2700 0 41
2701 0 41
2702 0 39
2703 0 38
2704 0 39
2705 0 41
2706 0 38
2709 0 40
2710 0 37
2711 0 40
2712 0 37
2713 0 39
2714 0 40
2715 0 40
2716 0 41
2717 0 41
2718 0 40
2719 0 40
2720 0 41
2721 0 41
2724 0 41
2725 0 39
2726 0 41
2731 0 39
2732 0 38
2733 0 39
2734 0 41
2735 0 38
2736 0 39
2737 0 39
2738 0 40
2740 0 37
2741 0 39
2742 0 39
2745 0 41
2746 0 38
2747 0 41
2748 0 38
2749 0 40
2769 0 39
2770 0 45
2771 0 39
2774 0 38
2775 0 39
2776 0 39
2777 0 39
2778 0 38
2779 0 38
2780 0 38
2781 0 41
2782 0 39
2783 0 38
2784 0 39
2785 0 39
2787 0 45
2789 0 47
2792 0 39
2793 0 45
2794 0 39
2795 0 40
2796 0 40
2797 0 40
2805 0 37
2806 0 38
2807 0 38
2808 0 39
2809 0 38
2810 0 38
2811 0 38
2812 0 38
2815 0 39
2816 0 45
2817 0 39
2822 0 38
2823 0 38
2824 0 38
2825 0 41
2826 0 39
2827 0 38
2828 0 39
2829 0 39
2831 0 38
2832 0 39
2833 0 39
2836 0 41
2837 0 39
2838 0 41
2839 0 39
2840 0 40
2841 0 38
2842 0 39
2843 0 39
2844 0 40
2845 0 39
2846 0 39
2847 0 39
2848 0 39
