106 0 48
107 0 48
108 0 40
109 0 40
110 0 41
111 0 41
112 0 48
114 0 48
115 0 41
119 0 40
120 0 40
122 0 48
124 0 40
125 0 41
126 0 41
127 0 40
129 0 41
130 0 41
131 0 41
132 0 41
133 0 48
136 0 41
137 0 48
141 0 48
142 0 41
143 0 41
149 0 40
150 0 40
152 0 49
154 0 40
155 0 41
156 0 41
157 0 40
159 0 42
160 0 44
161 0 41
162 0 42
164 0 48
165 0 48
166 0 40
167 0 40
168 0 41
169 0 41
171 0 40
172 0 41
173 0 41
174 0 40
176 0 41
177 0 41
178 0 41
179 0 41
180 0 40
182 0 41
183 0 43
184 0 40
185 0 41
187 0 41
188 0 41
189 0 42
190 0 41
191 0 42
192 0 42
193 0 41
195 0 41
196 0 43
200 0 41
201 0 41
203 0 50
205 0 40
206 0 41
207 0 41
208 0 41
210 0 42
211 0 44
212 0 41
213 0 42
224 0 48
226 0 48
227 0 41
231 0 49
232 0 48
233 0 41
234 0 41
236 0 50
238 0 49
239 0 50
240 0 50
241 0 48
243 0 50
244 0 49
252 0 48
253 0 48
254 0 40
255 0 40
256 0 41
257 0 41
258 0 48
260 0 48
261 0 41
265 0 41
266 0 41
268 0 50
270 0 41
271 0 42
272 0 42
273 0 41
275 0 43
276 0 45
277 0 42
278 0 43
280 0 49
281 0 49
282 0 41
283 0 41
284 0 42
285 0 42
336 0 40
337 0 40
339 0 48
341 0 40
342 0 40
343 0 41
344 0 40
346 0 40
347 0 44
348 0 41
349 0 41
351 0 48
352 0 49
353 0 42
354 0 41
355 0 41
356 0 42
358 0 40
359 0 40
360 0 41
361 0 40
363 0 40
364 0 41
365 0 40
366 0 40
367 0 40
369 0 40
370 0 43
371 0 41
372 0 41
374 0 40
375 0 40
376 0 42
377 0 41
379 0 41
381 0 41
382 0 41
383 0 42
384 0 40
386 0 41
387 0 41
395 0 48
397 0 42
398 0 41
399 0 41
400 0 42
401 0 48
403 0 48
404 0 43
408 0 40
409 0 40
411 0 48
413 0 41
414 0 41
415 0 42
416 0 41
418 0 41
419 0 42
420 0 41
421 0 41
447 0 40
448 0 41
449 0 41
450 0 40
452 0 41
453 0 41
454 0 41
455 0 41
456 0 40
458 0 41
459 0 44
460 0 40
461 0 41
463 0 41
464 0 41
465 0 43
466 0 42
467 0 42
468 0 43
469 0 41
471 0 41
472 0 44
476 0 41
477 0 41
479 0 50
481 0 40
482 0 41
483 0 41
484 0 41
486 0 42
487 0 45
488 0 41
489 0 42
500 0 40
502 0 41
503 0 44
504 0 42
505 0 42
507 0 41
508 0 40
509 0 43
510 0 42
512 0 42
514 0 42
515 0 42
516 0 43
517 0 40
519 0 42
520 0 41
528 0 41
529 0 41
530 0 44
531 0 43
532 0 43
533 0 44
534 0 41
536 0 41
537 0 45
541 0 44
542 0 43
544 0 43
546 0 44
547 0 44
548 0 45
549 0 44
551 0 45
552 0 45
553 0 45
554 0 44
555 0 41
557 0 42
558 0 45
559 0 43
560 0 43
562 0 42
563 0 41
564 0 44
565 0 43
567 0 43
571 0 41
572 0 41
574 0 49
576 0 41
577 0 41
578 0 42
579 0 41
581 0 41
582 0 45
583 0 42
584 0 42
586 0 49
587 0 50
588 0 43
589 0 42
590 0 42
591 0 43
593 0 41
594 0 41
595 0 42
596 0 41
598 0 41
599 0 42
600 0 41
601 0 41
602 0 41
604 0 41
605 0 44
606 0 42
607 0 42
609 0 41
610 0 41
611 0 43
612 0 42
614 0 42
616 0 42
617 0 42
618 0 43
619 0 41
621 0 42
622 0 42
631 0 48
633 0 41
634 0 48
636 0 48
637 0 41
638 0 41
641 0 48
642 0 49
643 0 48
645 0 49
651 0 49
652 0 41
653 0 40
654 0 41
657 0 42
660 0 41
661 0 41
664 0 40
665 0 41
666 0 41
668 0 45
669 0 41
671 0 50
672 0 42
673 0 41
674 0 42
676 0 48
677 0 49
678 0 49
680 0 50
681 0 50
682 0 50
683 0 48
685 0 43
686 0 48
688 0 50
689 0 42
690 0 41
691 0 42
694 0 43
700 0 48
701 0 41
702 0 40
703 0 41
706 0 42
709 0 41
710 0 41
713 0 40
714 0 41
715 0 42
717 0 43
718 0 42
719 0 42
720 0 48
722 0 41
723 0 48
725 0 48
726 0 41
727 0 41
731 0 41
732 0 41
735 0 40
736 0 41
737 0 41
739 0 44
740 0 41
742 0 50
743 0 42
744 0 41
745 0 42
747 0 40
748 0 41
749 0 41
751 0 42
752 0 41
753 0 41
754 0 41
756 0 43
757 0 41
759 0 41
760 0 42
761 0 42
764 0 41
765 0 42
766 0 41
768 0 42
775 0 42
776 0 41
777 0 42
780 0 43
783 0 41
784 0 41
787 0 41
788 0 42
789 0 42
791 0 43
792 0 42
793 0 42
846 0 48
847 0 40
848 0 48
852 0 40
854 0 40
855 0 40
857 0 41
858 0 41
859 0 48
861 0 48
863 0 48
864 0 41
868 0 40
870 0 40
871 0 40
873 0 41
875 0 48
876 0 40
877 0 40
878 0 40
880 0 41
881 0 41
882 0 40
884 0 40
886 0 41
887 0 41
888 0 41
892 0 41
894 0 40
895 0 41
897 0 41
903 0 48
907 0 48
908 0 41
910 0 49
911 0 48
913 0 49
918 0 48
919 0 40
920 0 48
924 0 41
926 0 41
927 0 41
929 0 42
931 0 49
932 0 41
959 0 40
961 0 40
962 0 40
964 0 41
966 0 49
967 0 41
968 0 40
969 0 40
971 0 41
972 0 40
973 0 40
975 0 41
977 0 40
978 0 41
980 0 41
981 0 40
983 0 41
989 0 41
990 0 48
994 0 40
996 0 41
997 0 41
999 0 42
1000 0 41
1012 0 40
1013 0 40
1015 0 41
1016 0 41
1017 0 40
1019 0 40
1021 0 41
1022 0 42
1023 0 41
1027 0 41
1029 0 40
1030 0 41
1032 0 41
1038 0 40
1040 0 42
1042 0 40
1043 0 42
1045 0 42
1046 0 40
1048 0 41
1053 0 41
1054 0 43
1055 0 41
1059 0 43
1061 0 44
1062 0 44
1064 0 45
1065 0 44
1066 0 41
1068 0 43
1070 0 41
1071 0 43
1075 0 41
1077 0 41
1078 0 41
1080 0 42
1082 0 50
1083 0 42
1084 0 41
1085 0 41
1087 0 42
1088 0 41
1089 0 41
1091 0 42
1093 0 41
1094 0 42
1096 0 42
1097 0 41
1099 0 42
1105 0 48
1107 0 48
1109 0 48
1110 0 41
1112 0 48
1113 0 48
1115 0 49
1120 0 49
1121 0 40
1126 0 41
1128 0 40
1129 0 41
1131 0 41
1133 0 50
1134 0 41
1135 0 48
1136 0 49
1138 0 50
1139 0 50
1140 0 48
1142 0 48
1144 0 50
1145 0 41
1152 0 48
1153 0 40
1158 0 41
1160 0 40
1161 0 42
1163 0 43
1164 0 42
1165 0 48
1167 0 48
1169 0 48
1170 0 41
1174 0 41
1176 0 40
1177 0 41
1179 0 41
1181 0 50
1182 0 41
1183 0 40
1184 0 41
1186 0 42
1187 0 41
1188 0 41
1190 0 41
1192 0 41
1193 0 42
1195 0 41
1196 0 41
1198 0 42
1204 0 41
1209 0 41
1211 0 41
1212 0 42
1214 0 43
1215 0 42
1241 0 48
1243 0 40
1245 0 40
1247 0 41
1248 0 48
1250 0 41
1253 0 40
1255 0 40
1257 0 40
1259 0 41
1260 0 40
1262 0 41
1264 0 41
1266 0 41
1270 0 48
1272 0 41
1274 0 48
1278 0 48
1280 0 41
1282 0 41
1298 0 40
1300 0 40
1302 0 40
1304 0 40
1305 0 40
1307 0 41
1309 0 40
1313 0 48
1315 0 40
1317 0 41
1319 0 41
1325 0 40
1327 0 41
1328 0 40
1330 0 41
1332 0 41
1334 0 41
1338 0 40
1340 0 42
1342 0 40
1346 0 41
1348 0 43
1350 0 44
1352 0 44
1353 0 41
1355 0 43
1358 0 41
1360 0 41
1362 0 41
1364 0 41
1365 0 41
1367 0 42
1369 0 41
1374 0 48
1376 0 41
1378 0 48
1384 0 41
1386 0 41
1388 0 49
1390 0 50
1391 0 48
1398 0 41
1400 0 42
1402 0 42
1403 0 48
1405 0 41
1408 0 41
1410 0 41
1412 0 41
1414 0 41
1415 0 41
1417 0 42
1419 0 41
1425 0 41
1427 0 42
1429 0 42
1437 0 48
1438 0 48
1439 0 40
1440 0 40
1441 0 41
1442 0 41
1443 0 48
1445 0 48
1446 0 41
1450 0 40
1451 0 40
1453 0 48
1455 0 40
1456 0 41
1457 0 41
1458 0 40
1460 0 41
1461 0 41
1462 0 41
1463 0 41
1464 0 48
1467 0 41
1468 0 48
1472 0 48
1473 0 41
1474 0 41
1480 0 40
1481 0 40
1483 0 49
1485 0 40
1486 0 41
1487 0 41
1488 0 40
1490 0 42
1491 0 44
1492 0 41
1493 0 42
1495 0 48
1496 0 48
1497 0 40
1498 0 40
1499 0 41
1500 0 41
1502 0 40
1503 0 41
1504 0 41
1505 0 40
1507 0 41
1508 0 41
1509 0 41
1510 0 41
1511 0 40
1513 0 41
1514 0 43
1515 0 40
1516 0 41
1518 0 41
1519 0 41
1520 0 42
1521 0 41
1522 0 42
1523 0 42
1524 0 41
1526 0 41
1527 0 43
1531 0 41
1532 0 41
1534 0 50
1536 0 40
1537 0 41
1538 0 41
1539 0 41
1541 0 42
1542 0 44
1543 0 41
1544 0 42
1555 0 48
1557 0 48
1558 0 41
1562 0 49
1563 0 48
1564 0 41
1565 0 41
1567 0 50
1569 0 49
1570 0 50
1571 0 50
1572 0 48
1574 0 50
1575 0 49
1583 0 48
1584 0 48
1585 0 40
1586 0 40
1587 0 41
1588 0 41
1589 0 48
1591 0 48
1592 0 41
1596 0 41
1597 0 41
1599 0 50
1601 0 41
1602 0 42
1603 0 42
1604 0 41
1606 0 43
1607 0 45
1608 0 42
1609 0 43
1611 0 49
1612 0 49
1613 0 41
1614 0 41
1615 0 42
1616 0 42
1631 0 40
1633 0 40
1635 0 40
1637 0 40
1638 0 40
1640 0 41
1642 0 40
1646 0 49
1648 0 40
1650 0 41
1652 0 41
1658 0 40
1660 0 41
1661 0 40
1663 0 41
1665 0 41
1667 0 41
1671 0 40
1673 0 42
1675 0 40
1679 0 42
1681 0 43
1683 0 44
1685 0 41
1687 0 42
1688 0 41
1690 0 42
1693 0 48
1695 0 40
1697 0 40
1699 0 41
1700 0 48
1702 0 41
1705 0 40
1707 0 40
1709 0 40
1711 0 41
1712 0 40
1714 0 41
1716 0 41
1718 0 41
1724 0 40
1725 0 40
1726 0 41
1727 0 40
1728 0 40
1729 0 41
1731 0 41
1732 0 48
1733 0 41
1737 0 40
1738 0 40
1739 0 41
1740 0 40
1741 0 40
1742 0 41
1744 0 40
1745 0 41
1747 0 42
1748 0 40
1749 0 43
1750 0 44
1751 0 43
1752 0 41
1753 0 41
1754 0 42
1755 0 41
1757 0 41
1758 0 48
1759 0 41
1760 0 49
1761 0 41
1762 0 42
1763 0 41
1764 0 41
1765 0 41
1766 0 42
1767 0 41
1768 0 41
1769 0 42
1773 0 40
1774 0 40
1775 0 41
1776 0 40
1777 0 40
1778 0 41
1780 0 40
1781 0 41
1783 0 42
1784 0 40
1785 0 43
1786 0 41
1787 0 40
1788 0 40
1789 0 41
1790 0 40
1791 0 40
1792 0 41
1794 0 40
1795 0 41
1797 0 41
1798 0 40
1799 0 42
1800 0 43
1801 0 42
1802 0 41
1803 0 41
1804 0 42
1805 0 41
1807 0 41
1808 0 40
1809 0 42
1810 0 40
1811 0 41
1812 0 42
1813 0 42
1814 0 41
1815 0 41
1816 0 42
1818 0 42
1819 0 41
1820 0 42
1824 0 41
1825 0 41
1826 0 42
1827 0 41
1828 0 41
1829 0 42
1831 0 40
1832 0 41
1834 0 42
1835 0 41
1836 0 43
1837 0 41
1852 0 41
1853 0 48
1854 0 41
1856 0 41
1857 0 42
1858 0 41
1859 0 41
1860 0 41
1861 0 42
1862 0 41
1863 0 41
1864 0 42
1866 0 48
1867 0 50
1869 0 41
1870 0 48
1871 0 42
1872 0 43
1873 0 42
1879 0 40
1880 0 40
1881 0 41
1882 0 40
1883 0 40
1884 0 41
1886 0 41
1887 0 48
1888 0 41
1892 0 41
1893 0 41
1894 0 42
1895 0 41
1896 0 41
1897 0 42
1899 0 41
1900 0 42
1902 0 43
1903 0 41
1904 0 44
1905 0 42
1906 0 41
1907 0 41
1908 0 42
1909 0 41
1910 0 41
1911 0 42
1966 0 48
1967 0 40
1968 0 41
1969 0 41
1970 0 48
1971 0 41
1973 0 40
1974 0 48
1976 0 41
1977 0 41
1978 0 41
1979 0 41
1981 0 41
1984 0 41
1987 0 40
1988 0 49
1990 0 41
1991 0 41
1992 0 42
1993 0 44
1994 0 42
1995 0 48
1996 0 40
1997 0 41
1998 0 41
2000 0 41
2001 0 41
2002 0 41
2003 0 41
2004 0 41
2005 0 43
2006 0 41
2007 0 41
2008 0 42
2009 0 42
2010 0 42
2011 0 41
2012 0 43
2014 0 41
2015 0 50
2017 0 41
2018 0 41
2019 0 42
2020 0 44
2021 0 42
2027 0 48
2028 0 41
2030 0 49
2031 0 41
2032 0 50
2034 0 50
2035 0 50
2036 0 50
2040 0 48
2041 0 40
2042 0 41
2043 0 41
2044 0 48
2045 0 41
2047 0 41
2048 0 50
2050 0 42
2051 0 42
2052 0 43
2053 0 45
2054 0 43
2055 0 49
2056 0 41
2057 0 42
2058 0 42
2083 0 40
2084 0 48
2086 0 40
2087 0 41
2088 0 40
2089 0 44
2090 0 41
2091 0 48
2092 0 42
2093 0 41
2094 0 42
2096 0 40
2097 0 41
2098 0 40
2099 0 40
2100 0 40
2101 0 43
2102 0 41
2103 0 40
2104 0 42
2105 0 41
2107 0 41
2108 0 42
2109 0 41
2113 0 48
2114 0 42
2115 0 41
2116 0 42
2117 0 48
2118 0 43
2120 0 40
2121 0 48
2123 0 41
2124 0 42
2125 0 41
2126 0 41
2141 0 41
2142 0 41
2143 0 41
2144 0 41
2145 0 41
2146 0 44
2147 0 41
2148 0 41
2149 0 43
2150 0 42
2151 0 43
2152 0 41
2153 0 44
2155 0 41
2156 0 50
2158 0 41
2159 0 41
2160 0 42
2161 0 45
2162 0 42
2168 0 41
2169 0 44
2170 0 42
2171 0 41
2172 0 43
2173 0 42
2175 0 42
2176 0 43
2177 0 42
2181 0 41
2182 0 44
2183 0 43
2184 0 44
2185 0 41
2186 0 45
2188 0 44
2189 0 43
2191 0 44
2192 0 45
2193 0 45
2194 0 45
2195 0 42
2196 0 45
2197 0 43
2198 0 42
2199 0 44
2200 0 43
2202 0 41
2203 0 49
2205 0 41
2206 0 42
2207 0 41
2208 0 45
2209 0 42
2210 0 49
2211 0 43
2212 0 42
2213 0 43
2215 0 41
2216 0 42
2217 0 41
2218 0 41
2219 0 41
2220 0 44
2221 0 42
2222 0 41
2223 0 43
2224 0 42
2226 0 42
2227 0 43
2228 0 42
2232 0 41
2233 0 41
2235 0 49
2237 0 41
2238 0 41
2239 0 42
2240 0 41
2242 0 41
2243 0 45
2244 0 42
2245 0 42
2247 0 49
2248 0 50
2249 0 43
2250 0 42
2251 0 42
2252 0 43
2254 0 41
2255 0 41
2256 0 42
2257 0 41
2259 0 41
2260 0 42
2261 0 41
2262 0 41
2263 0 41
2265 0 41
2266 0 44
2267 0 42
2268 0 42
2270 0 41
2271 0 41
2272 0 43
2273 0 42
2275 0 42
2277 0 42
2278 0 42
2279 0 43
2280 0 41
2282 0 42
2283 0 42
2292 0 48
2294 0 41
2295 0 48
2297 0 48
2298 0 41
2299 0 41
2302 0 48
2303 0 49
2304 0 48
2306 0 49
2312 0 49
2313 0 41
2314 0 40
2315 0 41
2318 0 42
2321 0 41
2322 0 41
2325 0 40
2326 0 41
2327 0 41
2329 0 45
2330 0 41
2332 0 50
2333 0 42
2334 0 41
2335 0 42
2337 0 48
2338 0 49
2339 0 49
2341 0 50
2342 0 50
2343 0 50
2344 0 48
2346 0 43
2347 0 48
2349 0 50
2350 0 42
2351 0 41
2352 0 42
2355 0 43
2361 0 48
2362 0 41
2363 0 40
2364 0 41
2367 0 42
2370 0 41
2371 0 41
2374 0 40
2375 0 41
2376 0 42
2378 0 43
2379 0 42
2380 0 42
2381 0 48
2383 0 41
2384 0 48
2386 0 48
2387 0 41
2388 0 41
2392 0 41
2393 0 41
2396 0 40
2397 0 41
2398 0 41
2400 0 44
2401 0 41
2403 0 50
2404 0 42
2405 0 41
2406 0 42
2408 0 40
2409 0 41
2410 0 41
2412 0 42
2413 0 41
2414 0 41
2415 0 41
2417 0 43
2418 0 41
2420 0 41
2421 0 42
2422 0 42
2425 0 41
2426 0 42
2427 0 41
2429 0 42
2436 0 42
2437 0 41
2438 0 42
2441 0 43
2444 0 41
2445 0 41
2448 0 41
2449 0 42
2450 0 42
2452 0 43
2453 0 42
2454 0 42
2474 0 40
2476 0 40
2478 0 48
2479 0 40
2481 0 41
2482 0 40
2483 0 40
2485 0 40
2486 0 41
2488 0 40
2490 0 41
2494 0 49
2497 0 40
2499 0 41
2501 0 42
2502 0 41
2510 0 40
2512 0 41
2513 0 41
2514 0 40
2516 0 41
2517 0 41
2520 0 41
2522 0 41
2527 0 40
2529 0 40
2530 0 42
2532 0 40
2534 0 41
2537 0 42
2538 0 42
2541 0 43
2543 0 44
2545 0 43
2546 0 41
2548 0 42
2549 0 42
2550 0 41
2552 0 42
2553 0 42
2556 0 48
2557 0 48
2560 0 40
2562 0 40
2564 0 41
2565 0 41
2566 0 48
2568 0 48
2569 0 41
2573 0 40
2575 0 40
2577 0 48
2578 0 40
2580 0 41
2581 0 41
2582 0 40
2584 0 41
2585 0 41
2588 0 41
2590 0 41
2598 0 40
2599 0 40
2600 0 41
2601 0 41
2602 0 40
2603 0 40
2604 0 41
2605 0 41
2608 0 41
2609 0 48
2610 0 41
2615 0 40
2616 0 40
2617 0 40
2618 0 41
2619 0 40
2620 0 40
2621 0 41
2622 0 41
2624 0 40
2625 0 41
2626 0 41
2629 0 42
2630 0 40
2631 0 43
2632 0 44
2633 0 44
2634 0 43
2635 0 41
2636 0 41
2637 0 41
2638 0 42
2639 0 41
2642 0 41
2643 0 48
2644 0 41
2645 0 49
2646 0 50
2647 0 41
2648 0 42
2649 0 42
2650 0 41
2651 0 41
2652 0 41
2653 0 41
2654 0 42
2655 0 41
2656 0 41
2657 0 42
2658 0 42
2663 0 40
2664 0 40
2665 0 40
2666 0 41
2667 0 40
2668 0 40
2669 0 41
2670 0 41
2672 0 40
2673 0 41
2674 0 41
2677 0 42
2678 0 40
2679 0 43
2680 0 41
2681 0 42
2682 0 40
2683 0 40
2684 0 41
2685 0 41
2686 0 40
2687 0 40
2688 0 41
2689 0 41
2691 0 40
2692 0 41
2693 0 41
2696 0 41
2697 0 40
2698 0 42
2699 0 43
2700 0 43
2701 0 42
2702 0 41
2703 0 41
2704 0 41
2705 0 42
2706 0 41
2709 0 41
2710 0 40
2711 0 42
2712 0 40
2713 0 41
2714 0 41
2715 0 42
2716 0 42
2717 0 42
2718 0 41
2719 0 41
2720 0 42
2721 0 42
2724 0 42
2725 0 41
2726 0 42
2731 0 41
2732 0 41
2733 0 41
2734 0 42
2735 0 41
2736 0 41
2737 0 42
2738 0 42
2740 0 40
2741 0 41
2742 0 41
2745 0 42
2746 0 41
2747 0 43
2748 0 41
2749 0 42
2769 0 41
2770 0 48
2771 0 41
2774 0 41
2775 0 42
2776 0 42
2777 0 41
2778 0 41
2779 0 41
2780 0 41
2781 0 42
2782 0 41
2783 0 41
2784 0 42
2785 0 42
2787 0 48
2789 0 50
2792 0 41
2793 0 48
2794 0 42
2795 0 43
2796 0 43
2797 0 42
2805 0 40
2806 0 40
2807 0 41
2808 0 41
2809 0 40
2810 0 40
2811 0 41
2812 0 41
2815 0 41
2816 0 48
2817 0 41
2822 0 41
2823 0 41
2824 0 41
2825 0 42
2826 0 41
2827 0 41
2828 0 42
2829 0 42
2831 0 41
2832 0 42
2833 0 42
2836 0 43
2837 0 41
2838 0 44
2839 0 42
2840 0 43
2841 0 41
2842 0 41
2843 0 42
2844 0 42
2845 0 41
2846 0 41
2847 0 42
2848 0 42
