106 0 51
107 0 51
108 0 43
109 0 42
110 0 43
111 0 43
112 0 51
114 0 51
115 0 44
119 0 43
120 0 42
122 0 51
124 0 43
125 0 43
126 0 44
127 0 43
129 0 44
130 0 44
131 0 44
132 0 43
133 0 51
136 0 44
137 0 51
141 0 51
142 0 43
143 0 43
149 0 43
150 0 42
152 0 52
154 0 42
155 0 43
156 0 43
157 0 43
159 0 44
160 0 45
161 0 43
162 0 44
164 0 51
165 0 51
166 0 43
167 0 42
168 0 43
169 0 43
171 0 42
172 0 43
173 0 43
174 0 42
176 0 44
177 0 43
178 0 44
179 0 43
180 0 42
182 0 43
183 0 45
184 0 42
185 0 43
187 0 43
188 0 43
189 0 45
190 0 45
191 0 46
192 0 46
193 0 43
195 0 43
196 0 46
200 0 43
201 0 43
203 0 53
205 0 42
206 0 43
207 0 43
208 0 43
210 0 44
211 0 46
212 0 43
213 0 44
224 0 51
226 0 51
227 0 44
231 0 52
232 0 51
233 0 44
234 0 43
236 0 53
238 0 52
239 0 53
240 0 53
241 0 51
243 0 53
244 0 52
252 0 51
253 0 51
254 0 43
255 0 42
256 0 43
257 0 43
258 0 51
260 0 51
261 0 44
265 0 44
266 0 43
268 0 53
270 0 43
271 0 44
272 0 44
273 0 44
275 0 45
276 0 46
277 0 44
278 0 45
280 0 52
281 0 52
282 0 44
283 0 43
284 0 44
285 0 44
336 0 43
337 0 42
339 0 51
341 0 42
342 0 42
343 0 43
344 0 43
346 0 43
347 0 45
348 0 43
349 0 43
351 0 51
352 0 52
353 0 44
354 0 43
355 0 43
356 0 44
358 0 42
359 0 42
360 0 43
361 0 42
363 0 43
364 0 43
365 0 43
366 0 42
367 0 42
369 0 42
370 0 45
371 0 43
372 0 43
374 0 42
375 0 42
376 0 45
377 0 45
379 0 43
381 0 43
382 0 43
383 0 44
384 0 42
386 0 43
387 0 43
395 0 51
397 0 44
398 0 43
399 0 43
400 0 44
401 0 51
403 0 51
404 0 45
408 0 43
409 0 42
411 0 51
413 0 43
414 0 43
415 0 44
416 0 43
418 0 44
419 0 44
420 0 44
421 0 43
447 0 43
448 0 43
449 0 44
450 0 43
452 0 44
453 0 44
454 0 44
455 0 43
456 0 43
458 0 43
459 0 45
460 0 43
461 0 43
463 0 43
464 0 44
465 0 45
466 0 45
467 0 46
468 0 46
469 0 43
471 0 43
472 0 46
476 0 44
477 0 44
479 0 53
481 0 43
482 0 43
483 0 44
484 0 44
486 0 44
487 0 46
488 0 44
489 0 44
500 0 43
502 0 43
503 0 45
504 0 44
505 0 44
507 0 43
508 0 43
509 0 45
510 0 45
512 0 44
514 0 44
515 0 44
516 0 45
517 0 43
519 0 44
520 0 44
528 0 44
529 0 44
530 0 45
531 0 45
532 0 46
533 0 46
534 0 44
536 0 44
537 0 46
541 0 45
542 0 45
544 0 45
546 0 45
547 0 46
548 0 46
549 0 45
551 0 46
552 0 46
553 0 46
554 0 46
555 0 44
557 0 44
558 0 46
559 0 45
560 0 45
562 0 44
563 0 44
564 0 46
565 0 46
567 0 45
571 0 44
572 0 43
574 0 52
576 0 43
577 0 43
578 0 44
579 0 44
581 0 44
582 0 46
583 0 44
584 0 44
586 0 52
587 0 53
588 0 45
589 0 44
590 0 44
591 0 45
593 0 43
594 0 43
595 0 44
596 0 43
598 0 44
599 0 44
600 0 44
601 0 43
602 0 43
604 0 43
605 0 46
606 0 44
607 0 44
609 0 43
610 0 43
611 0 46
612 0 46
614 0 44
616 0 44
617 0 44
618 0 45
619 0 43
621 0 44
622 0 44
631 0 51
633 0 44
634 0 51
636 0 51
637 0 43
638 0 43
641 0 51
642 0 52
643 0 51
645 0 52
651 0 52
652 0 43
653 0 42
654 0 43
657 0 44
660 0 44
661 0 44
664 0 43
665 0 44
666 0 44
668 0 46
669 0 44
671 0 53
672 0 44
673 0 43
674 0 44
676 0 51
677 0 52
678 0 52
680 0 53
681 0 53
682 0 53
683 0 51
685 0 45
686 0 51
688 0 53
689 0 44
690 0 43
691 0 44
694 0 45
700 0 51
701 0 43
702 0 42
703 0 43
706 0 44
709 0 43
710 0 43
713 0 43
714 0 44
715 0 44
717 0 45
718 0 44
719 0 44
720 0 51
722 0 44
723 0 51
725 0 51
726 0 43
727 0 43
731 0 43
732 0 43
735 0 42
736 0 43
737 0 43
739 0 46
740 0 43
742 0 53
743 0 44
744 0 43
745 0 44
747 0 42
748 0 43
749 0 43
751 0 44
752 0 43
753 0 43
754 0 43
756 0 46
757 0 43
759 0 43
760 0 46
761 0 46
764 0 43
765 0 44
766 0 43
768 0 44
775 0 44
776 0 43
777 0 44
780 0 45
783 0 43
784 0 43
787 0 43
788 0 44
789 0 44
791 0 45
792 0 44
793 0 44
846 0 51
847 0 42
848 0 51
852 0 42
854 0 43
855 0 43
857 0 44
858 0 43
859 0 51
861 0 51
863 0 51
864 0 43
868 0 42
870 0 42
871 0 43
873 0 43
875 0 51
876 0 42
877 0 42
878 0 42
880 0 43
881 0 43
882 0 42
884 0 42
886 0 43
887 0 45
888 0 43
892 0 43
894 0 42
895 0 43
897 0 43
903 0 51
907 0 51
908 0 43
910 0 52
911 0 51
913 0 52
918 0 51
919 0 42
920 0 51
924 0 43
926 0 43
927 0 44
929 0 44
931 0 52
932 0 43
959 0 42
961 0 42
962 0 43
964 0 43
966 0 52
967 0 43
968 0 42
969 0 42
971 0 43
972 0 42
973 0 42
975 0 43
977 0 42
978 0 45
980 0 43
981 0 42
983 0 43
989 0 43
990 0 51
994 0 42
996 0 43
997 0 43
999 0 44
1000 0 43
1012 0 43
1013 0 43
1015 0 44
1016 0 43
1017 0 43
1019 0 43
1021 0 44
1022 0 45
1023 0 43
1027 0 44
1029 0 43
1030 0 44
1032 0 44
1038 0 43
1040 0 44
1042 0 43
1043 0 45
1045 0 44
1046 0 43
1048 0 44
1053 0 44
1054 0 45
1055 0 44
1059 0 45
1061 0 45
1062 0 45
1064 0 46
1065 0 46
1066 0 44
1068 0 45
1070 0 44
1071 0 46
1075 0 43
1077 0 43
1078 0 44
1080 0 44
1082 0 53
1083 0 44
1084 0 43
1085 0 43
1087 0 44
1088 0 43
1089 0 43
1091 0 44
1093 0 43
1094 0 46
1096 0 44
1097 0 43
1099 0 44
1105 0 51
1107 0 51
1109 0 51
1110 0 43
1112 0 51
1113 0 51
1115 0 52
1120 0 52
1121 0 42
1126 0 44
1128 0 43
1129 0 44
1131 0 44
1133 0 53
1134 0 43
1135 0 51
1136 0 52
1138 0 53
1139 0 53
1140 0 51
1142 0 51
1144 0 53
1145 0 43
1152 0 51
1153 0 42
1158 0 43
1160 0 43
1161 0 44
1163 0 45
1164 0 44
1165 0 51
1167 0 51
1169 0 51
1170 0 43
1174 0 43
1176 0 42
1177 0 43
1179 0 43
1181 0 53
1182 0 43
1183 0 42
1184 0 43
1186 0 44
1187 0 43
1188 0 43
1190 0 43
1192 0 43
1193 0 46
1195 0 43
1196 0 43
1198 0 44
1204 0 43
1209 0 43
1211 0 43
1212 0 44
1214 0 45
1215 0 44
1241 0 51
1243 0 42
1245 0 43
1247 0 43
1248 0 51
1250 0 43
1253 0 42
1255 0 43
1257 0 42
1259 0 43
1260 0 42
1262 0 43
1264 0 43
1266 0 43
1270 0 51
1272 0 43
1274 0 51
1278 0 51
1280 0 43
1282 0 44
1298 0 42
1300 0 43
1302 0 42
1304 0 42
1305 0 42
1307 0 45
1309 0 42
1313 0 51
1315 0 42
1317 0 43
1319 0 43
1325 0 43
1327 0 43
1328 0 43
1330 0 43
1332 0 44
1334 0 44
1338 0 43
1340 0 45
1342 0 43
1346 0 44
1348 0 45
1350 0 45
1352 0 46
1353 0 44
1355 0 46
1358 0 43
1360 0 44
1362 0 43
1364 0 43
1365 0 43
1367 0 46
1369 0 43
1374 0 51
1376 0 43
1378 0 51
1384 0 44
1386 0 44
1388 0 52
1390 0 53
1391 0 51
1398 0 43
1400 0 44
1402 0 44
1403 0 51
1405 0 43
1408 0 43
1410 0 43
1412 0 43
1414 0 43
1415 0 43
1417 0 46
1419 0 43
1425 0 43
1427 0 44
1429 0 44
1437 0 51
1438 0 51
1439 0 43
1440 0 42
1441 0 43
1442 0 43
1443 0 51
1445 0 51
1446 0 44
1450 0 43
1451 0 42
1453 0 51
1455 0 43
1456 0 43
1457 0 44
1458 0 43
1460 0 44
1461 0 44
1462 0 44
1463 0 43
1464 0 51
1467 0 44
1468 0 51
1472 0 51
1473 0 43
1474 0 43
1480 0 43
1481 0 42
1483 0 52
1485 0 42
1486 0 43
1487 0 43
1488 0 43
1490 0 44
1491 0 45
1492 0 43
1493 0 44
1495 0 51
1496 0 51
1497 0 43
1498 0 42
1499 0 43
1500 0 43
1502 0 42
1503 0 43
1504 0 43
1505 0 42
1507 0 44
1508 0 43
1509 0 44
1510 0 43
1511 0 42
1513 0 43
1514 0 45
1515 0 42
1516 0 43
1518 0 43
1519 0 43
1520 0 45
1521 0 45
1522 0 46
1523 0 46
1524 0 43
1526 0 43
1527 0 46
1531 0 43
1532 0 43
1534 0 53
1536 0 42
1537 0 43
1538 0 43
1539 0 43
1541 0 44
1542 0 46
1543 0 43
1544 0 44
1555 0 51
1557 0 51
1558 0 44
1562 0 52
1563 0 51
1564 0 44
1565 0 43
1567 0 53
1569 0 52
1570 0 53
1571 0 53
1572 0 51
1574 0 53
1575 0 52
1583 0 51
1584 0 51
1585 0 43
1586 0 42
1587 0 43
1588 0 43
1589 0 51
1591 0 51
1592 0 44
1596 0 44
1597 0 43
1599 0 53
1601 0 43
1602 0 44
1603 0 44
1604 0 44
1606 0 45
1607 0 46
1608 0 44
1609 0 45
1611 0 52
1612 0 52
1613 0 44
1614 0 43
1615 0 44
1616 0 44
1631 0 42
1633 0 43
1635 0 42
1637 0 42
1638 0 42
1640 0 45
1642 0 42
1646 0 52
1648 0 42
1650 0 43
1652 0 43
1658 0 42
1660 0 43
1661 0 42
1663 0 43
1665 0 43
1667 0 43
1671 0 43
1673 0 45
1675 0 43
1679 0 44
1681 0 45
1683 0 45
1685 0 43
1687 0 44
1688 0 43
1690 0 44
1693 0 51
1695 0 42
1697 0 43
1699 0 43
1700 0 51
1702 0 43
1705 0 42
1707 0 43
1709 0 42
1711 0 43
1712 0 42
1714 0 43
1716 0 43
1718 0 43
1724 0 42
1725 0 43
1726 0 43
1727 0 42
1728 0 42
1729 0 43
1731 0 43
1732 0 51
1733 0 43
1737 0 42
1738 0 42
1739 0 45
1740 0 42
1741 0 42
1742 0 43
1744 0 43
1745 0 44
1747 0 45
1748 0 43
1749 0 45
1750 0 45
1751 0 46
1752 0 43
1753 0 43
1754 0 46
1755 0 43
1757 0 43
1758 0 51
1759 0 44
1760 0 52
1761 0 43
1762 0 44
1763 0 43
1764 0 43
1765 0 43
1766 0 46
1767 0 43
1768 0 43
1769 0 44
1773 0 42
1774 0 42
1775 0 45
1776 0 42
1777 0 42
1778 0 43
1780 0 42
1781 0 43
1783 0 45
1784 0 43
1785 0 45
1786 0 43
1787 0 42
1788 0 43
1789 0 43
1790 0 42
1791 0 42
1792 0 43
1794 0 42
1795 0 43
1797 0 45
1798 0 42
1799 0 45
1800 0 45
1801 0 46
1802 0 43
1803 0 43
1804 0 46
1805 0 43
1807 0 45
1808 0 42
1809 0 45
1810 0 42
1811 0 45
1812 0 45
1813 0 46
1814 0 45
1815 0 45
1816 0 46
1818 0 46
1819 0 43
1820 0 46
1824 0 43
1825 0 43
1826 0 46
1827 0 43
1828 0 43
1829 0 44
1831 0 42
1832 0 43
1834 0 46
1835 0 43
1836 0 46
1837 0 43
1852 0 43
1853 0 51
1854 0 43
1856 0 43
1857 0 44
1858 0 43
1859 0 43
1860 0 43
1861 0 46
1862 0 43
1863 0 43
1864 0 44
1866 0 51
1867 0 53
1869 0 43
1870 0 51
1871 0 44
1872 0 45
1873 0 44
1879 0 42
1880 0 43
1881 0 43
1882 0 42
1883 0 42
1884 0 43
1886 0 43
1887 0 51
1888 0 43
1892 0 43
1893 0 43
1894 0 46
1895 0 43
1896 0 43
1897 0 44
1899 0 43
1900 0 44
1902 0 46
1903 0 44
1904 0 46
1905 0 44
1906 0 43
1907 0 44
1908 0 44
1909 0 43
1910 0 43
1911 0 44
1966 0 51
1967 0 43
1968 0 43
1969 0 43
1970 0 51
1971 0 44
1973 0 43
1974 0 51
1976 0 43
1977 0 44
1978 0 44
1979 0 44
1981 0 44
1984 0 43
1987 0 43
1988 0 52
1990 0 43
1991 0 43
1992 0 44
1993 0 45
1994 0 44
1995 0 51
1996 0 43
1997 0 43
1998 0 43
2000 0 43
2001 0 43
2002 0 44
2003 0 44
2004 0 43
2005 0 45
2006 0 43
2007 0 43
2008 0 45
2009 0 46
2010 0 46
2011 0 43
2012 0 46
2014 0 43
2015 0 53
2017 0 43
2018 0 43
2019 0 44
2020 0 46
2021 0 44
2027 0 51
2028 0 44
2030 0 52
2031 0 44
2032 0 53
2034 0 53
2035 0 53
2036 0 53
2040 0 51
2041 0 43
2042 0 43
2043 0 43
2044 0 51
2045 0 44
2047 0 44
2048 0 53
2050 0 44
2051 0 44
2052 0 45
2053 0 46
2054 0 45
2055 0 52
2056 0 44
2057 0 44
2058 0 44
2083 0 43
2084 0 51
2086 0 42
2087 0 43
2088 0 43
2089 0 45
2090 0 43
2091 0 51
2092 0 44
2093 0 43
2094 0 44
2096 0 42
2097 0 43
2098 0 43
2099 0 43
2100 0 42
2101 0 45
2102 0 43
2103 0 42
2104 0 45
2105 0 43
2107 0 43
2108 0 44
2109 0 43
2113 0 51
2114 0 44
2115 0 43
2116 0 44
2117 0 51
2118 0 45
2120 0 43
2121 0 51
2123 0 43
2124 0 44
2125 0 44
2126 0 44
2141 0 43
2142 0 44
2143 0 44
2144 0 44
2145 0 43
2146 0 45
2147 0 43
2148 0 43
2149 0 45
2150 0 46
2151 0 46
2152 0 43
2153 0 46
2155 0 44
2156 0 53
2158 0 43
2159 0 44
2160 0 44
2161 0 46
2162 0 44
2168 0 43
2169 0 45
2170 0 44
2171 0 43
2172 0 45
2173 0 44
2175 0 44
2176 0 45
2177 0 44
2181 0 44
2182 0 45
2183 0 46
2184 0 46
2185 0 44
2186 0 46
2188 0 45
2189 0 45
2191 0 46
2192 0 46
2193 0 46
2194 0 46
2195 0 44
2196 0 46
2197 0 45
2198 0 44
2199 0 46
2200 0 45
2202 0 44
2203 0 52
2205 0 43
2206 0 44
2207 0 44
2208 0 46
2209 0 44
2210 0 52
2211 0 45
2212 0 44
2213 0 45
2215 0 43
2216 0 44
2217 0 44
2218 0 44
2219 0 43
2220 0 46
2221 0 44
2222 0 43
2223 0 46
2224 0 44
2226 0 44
2227 0 45
2228 0 44
2232 0 44
2233 0 43
2235 0 52
2237 0 43
2238 0 43
2239 0 44
2240 0 44
2242 0 44
2243 0 46
2244 0 44
2245 0 44
2247 0 52
2248 0 53
2249 0 45
2250 0 44
2251 0 44
2252 0 45
2254 0 43
2255 0 43
2256 0 44
2257 0 43
2259 0 44
2260 0 44
2261 0 44
2262 0 43
2263 0 43
2265 0 43
2266 0 46
2267 0 44
2268 0 44
2270 0 43
2271 0 43
2272 0 46
2273 0 46
2275 0 44
2277 0 44
2278 0 44
2279 0 45
2280 0 43
2282 0 44
2283 0 44
2292 0 51
2294 0 44
2295 0 51
2297 0 51
2298 0 43
2299 0 43
2302 0 51
2303 0 52
2304 0 51
2306 0 52
2312 0 52
2313 0 43
2314 0 42
2315 0 43
2318 0 44
2321 0 44
2322 0 44
2325 0 43
2326 0 44
2327 0 44
2329 0 46
2330 0 44
2332 0 53
2333 0 44
2334 0 43
2335 0 44
2337 0 51
2338 0 52
2339 0 52
2341 0 53
2342 0 53
2343 0 53
2344 0 51
2346 0 45
2347 0 51
2349 0 53
2350 0 44
2351 0 43
2352 0 44
2355 0 45
2361 0 51
2362 0 43
2363 0 42
2364 0 43
2367 0 44
2370 0 43
2371 0 43
2374 0 43
2375 0 44
2376 0 44
2378 0 45
2379 0 44
2380 0 44
2381 0 51
2383 0 44
2384 0 51
2386 0 51
2387 0 43
2388 0 43
2392 0 43
2393 0 43
2396 0 42
2397 0 43
2398 0 43
2400 0 46
2401 0 43
2403 0 53
2404 0 44
2405 0 43
2406 0 44
2408 0 42
2409 0 43
2410 0 43
2412 0 44
2413 0 43
2414 0 43
2415 0 43
2417 0 46
2418 0 43
2420 0 43
2421 0 46
2422 0 46
2425 0 43
2426 0 44
2427 0 43
2429 0 44
2436 0 44
2437 0 43
2438 0 44
2441 0 45
2444 0 43
2445 0 43
2448 0 43
2449 0 44
2450 0 44
2452 0 45
2453 0 44
2454 0 44
2474 0 42
2476 0 43
2478 0 51
2479 0 42
2481 0 43
2482 0 42
2483 0 42
2485 0 42
2486 0 45
2488 0 42
2490 0 43
2494 0 52
2497 0 42
2499 0 43
2501 0 44
2502 0 43
2510 0 42
2512 0 43
2513 0 43
2514 0 42
2516 0 43
2517 0 43
2520 0 43
2522 0 43
2527 0 43
2529 0 43
2530 0 45
2532 0 43
2534 0 44
2537 0 44
2538 0 44
2541 0 45
2543 0 45
2545 0 45
2546 0 43
2548 0 44
2549 0 44
2550 0 43
2552 0 44
2553 0 44
2556 0 51
2557 0 51
2560 0 42
2562 0 43
2564 0 44
2565 0 43
2566 0 51
2568 0 51
2569 0 43
2573 0 42
2575 0 43
2577 0 51
2578 0 42
2580 0 43
2581 0 43
2582 0 42
2584 0 43
2585 0 43
2588 0 43
2590 0 43
2598 0 42
2599 0 43
2600 0 43
2601 0 43
2602 0 42
2603 0 42
2604 0 43
2605 0 43
2608 0 43
2609 0 51
2610 0 43
2615 0 42
2616 0 42
2617 0 42
2618 0 45
2619 0 42
2620 0 42
2621 0 43
2622 0 43
2624 0 43
2625 0 43
2626 0 44
2629 0 45
2630 0 43
2631 0 45
2632 0 45
2633 0 46
2634 0 46
2635 0 43
2636 0 43
2637 0 43
2638 0 46
2639 0 43
2642 0 43
2643 0 51
2644 0 44
2645 0 52
2646 0 53
2647 0 43
2648 0 44
2649 0 44
2650 0 43
2651 0 43
2652 0 43
2653 0 43
2654 0 46
2655 0 43
2656 0 43
2657 0 44
2658 0 44
2663 0 42
2664 0 42
2665 0 42
2666 0 45
2667 0 42
2668 0 42
2669 0 43
2670 0 43
2672 0 42
2673 0 43
2674 0 43
2677 0 45
2678 0 43
2679 0 45
2680 0 43
2681 0 44
2682 0 42
2683 0 43
2684 0 43
2685 0 43
2686 0 42
2687 0 42
2688 0 43
2689 0 43
2691 0 42
2692 0 43
2693 0 43
2696 0 45
2697 0 42
2698 0 45
2699 0 45
2700 0 46
2701 0 46
2702 0 43
2703 0 43
2704 0 43
2705 0 46
2706 0 43
2709 0 45
2710 0 42
2711 0 45
2712 0 42
2713 0 43
2714 0 45
2715 0 45
2716 0 46
2717 0 46
2718 0 45
2719 0 45
2720 0 46
2721 0 46
2724 0 46
2725 0 43
2726 0 46
2731 0 43
2732 0 43
2733 0 43
2734 0 46
2735 0 43
2736 0 43
2737 0 44
2738 0 44
2740 0 42
2741 0 43
2742 0 43
2745 0 46
2746 0 43
2747 0 46
2748 0 43
2749 0 44
2769 0 43
2770 0 51
2771 0 43
2774 0 43
2775 0 44
2776 0 44
2777 0 43
2778 0 43
2779 0 43
2780 0 43
2781 0 46
2782 0 43
2783 0 43
2784 0 44
2785 0 44
2787 0 51
2789 0 53
2792 0 43
2793 0 51
2794 0 44
2795 0 45
2796 0 45
2797 0 44
2805 0 42
2806 0 43
2807 0 43
2808 0 43
2809 0 42
2810 0 42
2811 0 43
2812 0 43
2815 0 43
2816 0 51
2817 0 43
2822 0 43
2823 0 43
2824 0 43
2825 0 46
2826 0 43
2827 0 43
2828 0 44
2829 0 44
2831 0 43
2832 0 44
2833 0 44
2836 0 46
2837 0 44
2838 0 46
2839 0 44
2840 0 45
2841 0 43
2842 0 44
2843 0 44
2844 0 44
2845 0 43
2846 0 43
2847 0 44
2848 0 44
