106 0 54
107 0 54
108 0 45
109 0 45
110 0 46
111 0 46
112 0 54
114 0 54
115 0 46
119 0 45
120 0 45
122 0 54
124 0 45
125 0 46
126 0 46
127 0 45
129 0 46
130 0 46
131 0 46
132 0 46
133 0 54
136 0 46
137 0 54
141 0 54
142 0 46
143 0 46
149 0 45
150 0 45
152 0 55
154 0 44
155 0 46
156 0 45
157 0 45
159 0 46
160 0 49
161 0 45
162 0 47
164 0 54
165 0 54
166 0 45
167 0 45
168 0 46
169 0 46
171 0 45
172 0 46
173 0 46
174 0 45
176 0 46
177 0 46
178 0 46
179 0 46
180 0 45
182 0 45
183 0 48
184 0 45
185 0 46
187 0 46
188 0 46
189 0 47
190 0 46
191 0 47
192 0 47
193 0 46
195 0 46
196 0 48
200 0 46
201 0 46
203 0 56
205 0 45
206 0 46
207 0 46
208 0 46
210 0 46
211 0 49
212 0 46
213 0 47
224 0 54
226 0 54
227 0 46
231 0 55
232 0 54
233 0 46
234 0 46
236 0 56
238 0 55
239 0 56
240 0 56
241 0 54
243 0 56
244 0 55
252 0 54
253 0 54
254 0 45
255 0 45
256 0 46
257 0 46
258 0 54
260 0 54
261 0 46
265 0 46
266 0 46
268 0 56
270 0 45
271 0 47
272 0 46
273 0 46
275 0 47
276 0 50
277 0 46
278 0 48
280 0 55
281 0 55
282 0 46
283 0 46
284 0 47
285 0 47
336 0 45
337 0 45
339 0 54
341 0 44
342 0 45
343 0 45
344 0 45
346 0 45
347 0 49
348 0 45
349 0 46
351 0 54
352 0 55
353 0 46
354 0 46
355 0 46
356 0 47
358 0 44
359 0 45
360 0 45
361 0 44
363 0 45
364 0 45
365 0 45
366 0 45
367 0 45
369 0 45
370 0 48
371 0 45
372 0 46
374 0 45
375 0 45
376 0 47
377 0 46
379 0 46
381 0 46
382 0 46
383 0 47
384 0 45
386 0 46
387 0 46
395 0 54
397 0 46
398 0 45
399 0 46
400 0 46
401 0 54
403 0 54
404 0 47
408 0 45
409 0 45
411 0 54
413 0 45
414 0 46
415 0 46
416 0 45
418 0 46
419 0 46
420 0 46
421 0 46
447 0 45
448 0 46
449 0 46
450 0 45
452 0 46
453 0 46
454 0 46
455 0 46
456 0 45
458 0 45
459 0 49
460 0 45
461 0 46
463 0 46
464 0 46
465 0 48
466 0 47
467 0 47
468 0 48
469 0 46
471 0 46
472 0 49
476 0 46
477 0 46
479 0 56
481 0 45
482 0 46
483 0 46
484 0 46
486 0 46
487 0 50
488 0 46
489 0 47
500 0 45
502 0 45
503 0 49
504 0 46
505 0 47
507 0 45
508 0 45
509 0 48
510 0 47
512 0 47
514 0 46
515 0 46
516 0 47
517 0 45
519 0 46
520 0 46
528 0 46
529 0 46
530 0 49
531 0 48
532 0 48
533 0 49
534 0 46
536 0 46
537 0 50
541 0 49
542 0 48
544 0 47
546 0 49
547 0 49
548 0 50
549 0 49
551 0 50
552 0 50
553 0 50
554 0 49
555 0 46
557 0 46
558 0 50
559 0 47
560 0 48
562 0 46
563 0 46
564 0 49
565 0 48
567 0 48
571 0 46
572 0 46
574 0 55
576 0 45
577 0 46
578 0 46
579 0 46
581 0 46
582 0 50
583 0 46
584 0 47
586 0 55
587 0 56
588 0 47
589 0 47
590 0 47
591 0 48
593 0 45
594 0 46
595 0 46
596 0 45
598 0 46
599 0 46
600 0 46
601 0 46
602 0 46
604 0 46
605 0 49
606 0 46
607 0 47
609 0 46
610 0 46
611 0 48
612 0 47
614 0 47
616 0 47
617 0 47
618 0 48
619 0 46
621 0 47
622 0 47
631 0 54
633 0 46
634 0 54
636 0 54
637 0 46
638 0 46
641 0 54
642 0 55
643 0 54
645 0 55
651 0 55
652 0 45
653 0 45
654 0 46
657 0 46
660 0 46
661 0 46
664 0 45
665 0 46
666 0 46
668 0 50
669 0 46
671 0 56
672 0 46
673 0 46
674 0 47
676 0 54
677 0 55
678 0 55
680 0 56
681 0 56
682 0 56
683 0 54
685 0 47
686 0 54
688 0 56
689 0 47
690 0 46
691 0 47
694 0 48
700 0 54
701 0 45
702 0 45
703 0 46
706 0 46
709 0 45
710 0 45
713 0 45
714 0 46
715 0 46
717 0 47
718 0 46
719 0 46
720 0 54
722 0 46
723 0 54
725 0 54
726 0 46
727 0 46
731 0 46
732 0 46
735 0 45
736 0 46
737 0 46
739 0 49
740 0 46
742 0 56
743 0 46
744 0 46
745 0 47
747 0 45
748 0 46
749 0 46
751 0 47
752 0 46
753 0 46
754 0 46
756 0 48
757 0 46
759 0 46
760 0 47
761 0 47
764 0 46
765 0 47
766 0 46
768 0 47
775 0 47
776 0 46
777 0 47
780 0 48
783 0 46
784 0 46
787 0 46
788 0 47
789 0 47
791 0 48
792 0 47
793 0 47
846 0 54
847 0 45
848 0 54
852 0 45
854 0 45
855 0 45
857 0 46
858 0 46
859 0 54
861 0 54
863 0 54
864 0 46
868 0 45
870 0 44
871 0 45
873 0 45
875 0 54
876 0 45
877 0 45
878 0 45
880 0 46
881 0 46
882 0 45
884 0 45
886 0 46
887 0 46
888 0 46
892 0 46
894 0 45
895 0 46
897 0 46
903 0 54
907 0 54
908 0 46
910 0 55
911 0 54
913 0 55
918 0 54
919 0 45
920 0 54
924 0 46
926 0 45
927 0 46
929 0 46
931 0 55
932 0 46
959 0 45
961 0 44
962 0 45
964 0 45
966 0 55
967 0 46
968 0 44
969 0 44
971 0 45
972 0 45
973 0 45
975 0 45
977 0 45
978 0 46
980 0 46
981 0 45
983 0 46
989 0 45
990 0 54
994 0 45
996 0 45
997 0 45
999 0 46
1000 0 46
1012 0 45
1013 0 45
1015 0 46
1016 0 46
1017 0 45
1019 0 45
1021 0 46
1022 0 47
1023 0 46
1027 0 46
1029 0 45
1030 0 46
1032 0 46
1038 0 45
1040 0 46
1042 0 45
1043 0 47
1045 0 46
1046 0 45
1048 0 46
1053 0 46
1054 0 48
1055 0 46
1059 0 48
1061 0 49
1062 0 49
1064 0 50
1065 0 49
1066 0 46
1068 0 47
1070 0 46
1071 0 48
1075 0 46
1077 0 45
1078 0 46
1080 0 46
1082 0 56
1083 0 47
1084 0 45
1085 0 45
1087 0 46
1088 0 46
1089 0 46
1091 0 46
1093 0 46
1094 0 47
1096 0 47
1097 0 46
1099 0 47
1105 0 54
1107 0 54
1109 0 54
1110 0 46
1112 0 54
1113 0 54
1115 0 55
1120 0 55
1121 0 45
1126 0 46
1128 0 45
1129 0 46
1131 0 46
1133 0 56
1134 0 46
1135 0 54
1136 0 55
1138 0 56
1139 0 56
1140 0 54
1142 0 54
1144 0 56
1145 0 46
1152 0 54
1153 0 45
1158 0 45
1160 0 45
1161 0 46
1163 0 47
1164 0 46
1165 0 54
1167 0 54
1169 0 54
1170 0 46
1174 0 46
1176 0 45
1177 0 46
1179 0 46
1181 0 56
1182 0 46
1183 0 45
1184 0 46
1186 0 47
1187 0 46
1188 0 46
1190 0 46
1192 0 46
1193 0 47
1195 0 46
1196 0 46
1198 0 47
1204 0 46
1209 0 46
1211 0 46
1212 0 47
1214 0 48
1215 0 47
1241 0 54
1243 0 45
1245 0 45
1247 0 46
1248 0 54
1250 0 46
1253 0 45
1255 0 45
1257 0 45
1259 0 46
1260 0 45
1262 0 46
1264 0 46
1266 0 46
1270 0 54
1272 0 46
1274 0 54
1278 0 54
1280 0 46
1282 0 46
1298 0 45
1300 0 45
1302 0 44
1304 0 45
1305 0 45
1307 0 46
1309 0 45
1313 0 54
1315 0 45
1317 0 45
1319 0 46
1325 0 45
1327 0 46
1328 0 45
1330 0 46
1332 0 46
1334 0 46
1338 0 45
1340 0 47
1342 0 45
1346 0 46
1348 0 48
1350 0 49
1352 0 49
1353 0 46
1355 0 48
1358 0 46
1360 0 46
1362 0 45
1364 0 46
1365 0 46
1367 0 47
1369 0 46
1374 0 54
1376 0 46
1378 0 54
1384 0 46
1386 0 46
1388 0 55
1390 0 56
1391 0 54
1398 0 45
1400 0 46
1402 0 46
1403 0 54
1405 0 46
1408 0 46
1410 0 46
1412 0 46
1414 0 46
1415 0 46
1417 0 47
1419 0 46
1425 0 46
1427 0 47
1429 0 47
1437 0 54
1438 0 54
1439 0 45
1440 0 45
1441 0 46
1442 0 46
1443 0 54
1445 0 54
1446 0 46
1450 0 45
1451 0 45
1453 0 54
1455 0 45
1456 0 46
1457 0 46
1458 0 45
1460 0 46
1461 0 46
1462 0 46
1463 0 46
1464 0 54
1467 0 46
1468 0 54
1472 0 54
1473 0 46
1474 0 46
1480 0 45
1481 0 45
1483 0 55
1485 0 44
1486 0 46
1487 0 45
1488 0 45
1490 0 46
1491 0 49
1492 0 45
1493 0 47
1495 0 54
1496 0 54
1497 0 45
1498 0 45
1499 0 46
1500 0 46
1502 0 45
1503 0 46
1504 0 46
1505 0 45
1507 0 46
1508 0 46
1509 0 46
1510 0 46
1511 0 45
1513 0 45
1514 0 48
1515 0 45
1516 0 46
1518 0 46
1519 0 46
1520 0 47
1521 0 46
1522 0 47
1523 0 47
1524 0 46
1526 0 46
1527 0 48
1531 0 46
1532 0 46
1534 0 56
1536 0 45
1537 0 46
1538 0 46
1539 0 46
1541 0 46
1542 0 49
1543 0 46
1544 0 47
1555 0 54
1557 0 54
1558 0 46
1562 0 55
1563 0 54
1564 0 46
1565 0 46
1567 0 56
1569 0 55
1570 0 56
1571 0 56
1572 0 54
1574 0 56
1575 0 55
1583 0 54
1584 0 54
1585 0 45
1586 0 45
1587 0 46
1588 0 46
1589 0 54
1591 0 54
1592 0 46
1596 0 46
1597 0 46
1599 0 56
1601 0 45
1602 0 47
1603 0 46
1604 0 46
1606 0 47
1607 0 50
1608 0 46
1609 0 48
1611 0 55
1612 0 55
1613 0 46
1614 0 46
1615 0 47
1616 0 47
1631 0 45
1633 0 45
1635 0 44
1637 0 45
1638 0 45
1640 0 46
1642 0 45
1646 0 55
1648 0 45
1650 0 45
1652 0 46
1658 0 44
1660 0 46
1661 0 44
1663 0 46
1665 0 45
1667 0 45
1671 0 45
1673 0 47
1675 0 45
1679 0 46
1681 0 48
1683 0 49
1685 0 45
1687 0 47
1688 0 45
1690 0 47
1693 0 54
1695 0 45
1697 0 45
1699 0 46
1700 0 54
1702 0 46
1705 0 45
1707 0 45
1709 0 45
1711 0 46
1712 0 45
1714 0 46
1716 0 46
1718 0 46
1724 0 45
1725 0 45
1726 0 46
1727 0 45
1728 0 45
1729 0 46
1731 0 46
1732 0 54
1733 0 46
1737 0 45
1738 0 44
1739 0 46
1740 0 45
1741 0 45
1742 0 45
1744 0 45
1745 0 46
1747 0 47
1748 0 45
1749 0 48
1750 0 49
1751 0 48
1752 0 46
1753 0 45
1754 0 47
1755 0 46
1757 0 46
1758 0 54
1759 0 46
1760 0 55
1761 0 45
1762 0 46
1763 0 46
1764 0 46
1765 0 46
1766 0 47
1767 0 46
1768 0 46
1769 0 47
1773 0 45
1774 0 44
1775 0 46
1776 0 45
1777 0 45
1778 0 45
1780 0 44
1781 0 45
1783 0 47
1784 0 45
1785 0 48
1786 0 45
1787 0 45
1788 0 45
1789 0 46
1790 0 45
1791 0 45
1792 0 46
1794 0 45
1795 0 46
1797 0 46
1798 0 45
1799 0 47
1800 0 48
1801 0 47
1802 0 46
1803 0 45
1804 0 47
1805 0 46
1807 0 46
1808 0 45
1809 0 47
1810 0 45
1811 0 46
1812 0 47
1813 0 47
1814 0 46
1815 0 46
1816 0 47
1818 0 47
1819 0 46
1820 0 47
1824 0 46
1825 0 46
1826 0 47
1827 0 46
1828 0 46
1829 0 47
1831 0 45
1832 0 46
1834 0 47
1835 0 46
1836 0 48
1837 0 46
1852 0 46
1853 0 54
1854 0 46
1856 0 46
1857 0 46
1858 0 46
1859 0 46
1860 0 45
1861 0 47
1862 0 46
1863 0 46
1864 0 46
1866 0 54
1867 0 56
1869 0 46
1870 0 54
1871 0 47
1872 0 47
1873 0 47
1879 0 45
1880 0 45
1881 0 46
1882 0 45
1883 0 45
1884 0 46
1886 0 46
1887 0 54
1888 0 46
1892 0 46
1893 0 45
1894 0 47
1895 0 46
1896 0 46
1897 0 46
1899 0 45
1900 0 46
1902 0 48
1903 0 46
1904 0 49
1905 0 46
1906 0 46
1907 0 46
1908 0 47
1909 0 46
1910 0 46
1911 0 47
1966 0 54
1967 0 45
1968 0 46
1969 0 46
1970 0 54
1971 0 46
1973 0 45
1974 0 54
1976 0 46
1977 0 46
1978 0 46
1979 0 46
1981 0 46
1984 0 46
1987 0 45
1988 0 55
1990 0 46
1991 0 45
1992 0 46
1993 0 49
1994 0 47
1995 0 54
1996 0 45
1997 0 46
1998 0 46
2000 0 46
2001 0 46
2002 0 46
2003 0 46
2004 0 45
2005 0 48
2006 0 46
2007 0 46
2008 0 47
2009 0 47
2010 0 47
2011 0 46
2012 0 48
2014 0 46
2015 0 56
2017 0 46
2018 0 46
2019 0 46
2020 0 49
2021 0 47
2027 0 54
2028 0 46
2030 0 55
2031 0 46
2032 0 56
2034 0 56
2035 0 56
2036 0 56
2040 0 54
2041 0 45
2042 0 46
2043 0 46
2044 0 54
2045 0 46
2047 0 46
2048 0 56
2050 0 47
2051 0 46
2052 0 47
2053 0 50
2054 0 48
2055 0 55
2056 0 46
2057 0 47
2058 0 47
2083 0 45
2084 0 54
2086 0 45
2087 0 45
2088 0 45
2089 0 49
2090 0 46
2091 0 54
2092 0 46
2093 0 46
2094 0 47
2096 0 45
2097 0 45
2098 0 45
2099 0 45
2100 0 45
2101 0 48
2102 0 46
2103 0 45
2104 0 47
2105 0 46
2107 0 46
2108 0 47
2109 0 46
2113 0 54
2114 0 46
2115 0 46
2116 0 46
2117 0 54
2118 0 47
2120 0 45
2121 0 54
2123 0 46
2124 0 46
2125 0 46
2126 0 46
2141 0 46
2142 0 46
2143 0 46
2144 0 46
2145 0 45
2146 0 49
2147 0 46
2148 0 46
2149 0 48
2150 0 47
2151 0 48
2152 0 46
2153 0 49
2155 0 46
2156 0 56
2158 0 46
2159 0 46
2160 0 46
2161 0 50
2162 0 47
2168 0 45
2169 0 49
2170 0 47
2171 0 45
2172 0 48
2173 0 47
2175 0 46
2176 0 47
2177 0 46
2181 0 46
2182 0 49
2183 0 48
2184 0 49
2185 0 46
2186 0 50
2188 0 49
2189 0 47
2191 0 49
2192 0 50
2193 0 50
2194 0 50
2195 0 46
2196 0 50
2197 0 48
2198 0 46
2199 0 49
2200 0 48
2202 0 46
2203 0 55
2205 0 46
2206 0 46
2207 0 46
2208 0 50
2209 0 47
2210 0 55
2211 0 47
2212 0 47
2213 0 48
2215 0 46
2216 0 46
2217 0 46
2218 0 46
2219 0 46
2220 0 49
2221 0 47
2222 0 46
2223 0 48
2224 0 47
2226 0 47
2227 0 48
2228 0 47
2232 0 46
2233 0 46
2235 0 55
2237 0 45
2238 0 46
2239 0 46
2240 0 46
2242 0 46
2243 0 50
2244 0 46
2245 0 47
2247 0 55
2248 0 56
2249 0 47
2250 0 47
2251 0 47
2252 0 48
2254 0 45
2255 0 46
2256 0 46
2257 0 45
2259 0 46
2260 0 46
2261 0 46
2262 0 46
2263 0 46
2265 0 46
2266 0 49
2267 0 46
2268 0 47
2270 0 46
2271 0 46
2272 0 48
2273 0 47
2275 0 47
2277 0 47
2278 0 47
2279 0 48
2280 0 46
2282 0 47
2283 0 47
2292 0 54
2294 0 46
2295 0 54
2297 0 54
2298 0 46
2299 0 46
2302 0 54
2303 0 55
2304 0 54
2306 0 55
2312 0 55
2313 0 45
2314 0 45
2315 0 46
2318 0 46
2321 0 46
2322 0 46
2325 0 45
2326 0 46
2327 0 46
2329 0 50
2330 0 46
2332 0 56
2333 0 46
2334 0 46
2335 0 47
2337 0 54
2338 0 55
2339 0 55
2341 0 56
2342 0 56
2343 0 56
2344 0 54
2346 0 47
2347 0 54
2349 0 56
2350 0 47
2351 0 46
2352 0 47
2355 0 48
2361 0 54
2362 0 45
2363 0 45
2364 0 46
2367 0 46
2370 0 45
2371 0 45
2374 0 45
2375 0 46
2376 0 46
2378 0 47
2379 0 46
2380 0 46
2381 0 54
2383 0 46
2384 0 54
2386 0 54
2387 0 46
2388 0 46
2392 0 46
2393 0 46
2396 0 45
2397 0 46
2398 0 46
2400 0 49
2401 0 46
2403 0 56
2404 0 46
2405 0 46
2406 0 47
2408 0 45
2409 0 46
2410 0 46
2412 0 47
2413 0 46
2414 0 46
2415 0 46
2417 0 48
2418 0 46
2420 0 46
2421 0 47
2422 0 47
2425 0 46
2426 0 47
2427 0 46
2429 0 47
2436 0 47
2437 0 46
2438 0 47
2441 0 48
2444 0 46
2445 0 46
2448 0 46
2449 0 47
2450 0 47
2452 0 48
2453 0 47
2454 0 47
2474 0 45
2476 0 45
2478 0 54
2479 0 44
2481 0 45
2482 0 45
2483 0 45
2485 0 45
2486 0 46
2488 0 45
2490 0 46
2494 0 55
2497 0 45
2499 0 45
2501 0 46
2502 0 46
2510 0 44
2512 0 45
2513 0 46
2514 0 44
2516 0 45
2517 0 46
2520 0 45
2522 0 45
2527 0 45
2529 0 45
2530 0 47
2532 0 45
2534 0 46
2537 0 46
2538 0 46
2541 0 48
2543 0 49
2545 0 47
2546 0 45
2548 0 46
2549 0 47
2550 0 45
2552 0 46
2553 0 47
2556 0 54
2557 0 54
2560 0 45
2562 0 45
2564 0 46
2565 0 46
2566 0 54
2568 0 54
2569 0 46
2573 0 45
2575 0 45
2577 0 54
2578 0 45
2580 0 46
2581 0 46
2582 0 45
2584 0 46
2585 0 46
2588 0 46
2590 0 46
2598 0 45
2599 0 45
2600 0 46
2601 0 46
2602 0 45
2603 0 45
2604 0 46
2605 0 46
2608 0 46
2609 0 54
2610 0 46
2615 0 45
2616 0 44
2617 0 45
2618 0 46
2619 0 45
2620 0 45
2621 0 45
2622 0 46
2624 0 45
2625 0 46
2626 0 46
2629 0 47
2630 0 45
2631 0 48
2632 0 49
2633 0 49
2634 0 48
2635 0 46
2636 0 45
2637 0 46
2638 0 47
2639 0 46
2642 0 46
2643 0 54
2644 0 46
2645 0 55
2646 0 56
2647 0 45
2648 0 46
2649 0 46
2650 0 46
2651 0 46
2652 0 46
2653 0 46
2654 0 47
2655 0 46
2656 0 46
2657 0 47
2658 0 47
2663 0 45
2664 0 44
2665 0 45
2666 0 46
2667 0 45
2668 0 45
2669 0 45
2670 0 46
2672 0 44
2673 0 46
2674 0 45
2677 0 47
2678 0 45
2679 0 48
2680 0 45
2681 0 47
2682 0 45
2683 0 45
2684 0 46
2685 0 46
2686 0 45
2687 0 45
2688 0 46
2689 0 46
2691 0 45
2692 0 46
2693 0 46
2696 0 46
2697 0 45
2698 0 47
2699 0 48
2700 0 48
2701 0 47
2702 0 46
2703 0 45
2704 0 46
2705 0 47
2706 0 46
2709 0 46
2710 0 45
2711 0 47
2712 0 45
2713 0 46
2714 0 46
2715 0 47
2716 0 47
2717 0 47
2718 0 46
2719 0 46
2720 0 47
2721 0 47
2724 0 47
2725 0 46
2726 0 47
2731 0 46
2732 0 46
2733 0 46
2734 0 47
2735 0 46
2736 0 46
2737 0 47
2738 0 47
2740 0 45
2741 0 46
2742 0 46
2745 0 47
2746 0 46
2747 0 48
2748 0 46
2749 0 47
2769 0 46
2770 0 54
2771 0 46
2774 0 46
2775 0 46
2776 0 47
2777 0 46
2778 0 46
2779 0 45
2780 0 46
2781 0 47
2782 0 46
2783 0 46
2784 0 46
2785 0 47
2787 0 54
2789 0 56
2792 0 46
2793 0 54
2794 0 47
2795 0 47
2796 0 48
2797 0 47
2805 0 45
2806 0 45
2807 0 46
2808 0 46
2809 0 45
2810 0 45
2811 0 46
2812 0 46
2815 0 46
2816 0 54
2817 0 46
2822 0 46
2823 0 45
2824 0 46
2825 0 47
2826 0 46
2827 0 46
2828 0 46
2829 0 47
2831 0 45
2832 0 47
2833 0 46
2836 0 48
2837 0 46
2838 0 49
2839 0 46
2840 0 48
2841 0 46
2842 0 46
2843 0 47
2844 0 47
2845 0 46
2846 0 46
2847 0 47
2848 0 47
