106 0 57
107 0 57
108 0 48
109 0 47
110 0 48
111 0 48
112 0 57
114 0 57
115 0 49
119 0 47
120 0 47
122 0 57
124 0 47
125 0 48
126 0 48
127 0 48
129 0 49
130 0 49
131 0 48
132 0 48
133 0 57
136 0 49
137 0 57
141 0 57
142 0 48
143 0 48
149 0 47
150 0 47
152 0 58
154 0 47
155 0 48
156 0 48
157 0 48
159 0 49
160 0 50
161 0 48
162 0 49
164 0 57
165 0 57
166 0 48
167 0 47
168 0 48
169 0 48
171 0 47
172 0 48
173 0 48
174 0 47
176 0 48
177 0 48
178 0 48
179 0 48
180 0 47
182 0 48
183 0 50
184 0 47
185 0 48
187 0 48
188 0 48
189 0 50
190 0 50
191 0 51
192 0 51
193 0 48
195 0 48
196 0 51
200 0 48
201 0 48
203 0 59
205 0 47
206 0 48
207 0 48
208 0 48
210 0 49
211 0 51
212 0 48
213 0 49
224 0 57
226 0 57
227 0 49
231 0 58
232 0 57
233 0 48
234 0 48
236 0 59
238 0 58
239 0 59
240 0 59
241 0 57
243 0 59
244 0 58
252 0 57
253 0 57
254 0 48
255 0 47
256 0 48
257 0 48
258 0 57
260 0 57
261 0 49
265 0 48
266 0 48
268 0 59
270 0 48
271 0 49
272 0 49
273 0 49
275 0 50
276 0 51
277 0 49
278 0 50
280 0 58
281 0 58
282 0 49
283 0 48
284 0 49
285 0 49
336 0 48
337 0 47
339 0 57
341 0 47
342 0 47
343 0 48
344 0 47
346 0 48
347 0 50
348 0 48
349 0 48
351 0 57
352 0 58
353 0 49
354 0 48
355 0 48
356 0 49
358 0 47
359 0 47
360 0 48
361 0 47
363 0 48
364 0 48
365 0 48
366 0 47
367 0 47
369 0 47
370 0 50
371 0 48
372 0 48
374 0 47
375 0 47
376 0 50
377 0 50
379 0 48
381 0 48
382 0 48
383 0 49
384 0 47
386 0 48
387 0 48
395 0 57
397 0 49
398 0 48
399 0 48
400 0 49
401 0 57
403 0 57
404 0 50
408 0 48
409 0 47
411 0 57
413 0 48
414 0 48
415 0 49
416 0 48
418 0 49
419 0 49
420 0 49
421 0 48
447 0 48
448 0 48
449 0 49
450 0 47
452 0 48
453 0 48
454 0 49
455 0 48
456 0 47
458 0 48
459 0 50
460 0 48
461 0 48
463 0 48
464 0 48
465 0 50
466 0 50
467 0 51
468 0 51
469 0 48
471 0 48
472 0 51
476 0 49
477 0 48
479 0 59
481 0 48
482 0 48
483 0 49
484 0 48
486 0 49
487 0 51
488 0 49
489 0 49
500 0 48
502 0 48
503 0 50
504 0 49
505 0 49
507 0 48
508 0 48
509 0 50
510 0 50
512 0 49
514 0 49
515 0 49
516 0 50
517 0 48
519 0 49
520 0 49
528 0 49
529 0 49
530 0 50
531 0 50
532 0 51
533 0 51
534 0 49
536 0 49
537 0 51
541 0 50
542 0 50
544 0 50
546 0 50
547 0 51
548 0 51
549 0 50
551 0 51
552 0 51
553 0 51
554 0 51
555 0 49
557 0 49
558 0 51
559 0 50
560 0 50
562 0 49
563 0 49
564 0 51
565 0 51
567 0 50
571 0 49
572 0 48
574 0 58
576 0 48
577 0 48
578 0 49
579 0 48
581 0 49
582 0 51
583 0 49
584 0 49
586 0 58
587 0 59
588 0 50
589 0 49
590 0 49
591 0 50
593 0 48
594 0 48
595 0 49
596 0 48
598 0 49
599 0 49
600 0 49
601 0 48
602 0 48
604 0 48
605 0 51
606 0 49
607 0 49
609 0 48
610 0 48
611 0 51
612 0 51
614 0 49
616 0 49
617 0 49
618 0 50
619 0 48
621 0 49
622 0 49
631 0 57
633 0 49
634 0 57
636 0 57
637 0 48
638 0 48
641 0 57
642 0 58
643 0 57
645 0 58
651 0 58
652 0 48
653 0 47
654 0 48
657 0 49
660 0 48
661 0 48
664 0 48
665 0 49
666 0 49
668 0 51
669 0 49
671 0 59
672 0 49
673 0 48
674 0 49
676 0 57
677 0 58
678 0 58
680 0 59
681 0 59
682 0 59
683 0 57
685 0 50
686 0 57
688 0 59
689 0 49
690 0 48
691 0 49
694 0 50
700 0 57
701 0 48
702 0 47
703 0 48
706 0 49
709 0 48
710 0 48
713 0 48
714 0 49
715 0 49
717 0 50
718 0 49
719 0 49
720 0 57
722 0 49
723 0 57
725 0 57
726 0 48
727 0 48
731 0 48
732 0 48
735 0 47
736 0 48
737 0 48
739 0 51
740 0 48
742 0 59
743 0 49
744 0 48
745 0 49
747 0 47
748 0 48
749 0 48
751 0 49
752 0 48
753 0 48
754 0 48
756 0 51
757 0 48
759 0 48
760 0 51
761 0 51
764 0 48
765 0 49
766 0 48
768 0 49
775 0 49
776 0 48
777 0 49
780 0 50
783 0 48
784 0 48
787 0 48
788 0 49
789 0 49
791 0 50
792 0 49
793 0 49
846 0 57
847 0 47
848 0 57
852 0 47
854 0 47
855 0 48
857 0 49
858 0 48
859 0 57
861 0 57
863 0 57
864 0 48
868 0 47
870 0 47
871 0 48
873 0 48
875 0 57
876 0 47
877 0 47
878 0 47
880 0 48
881 0 48
882 0 47
884 0 47
886 0 48
887 0 50
888 0 48
892 0 48
894 0 47
895 0 48
897 0 48
903 0 57
907 0 57
908 0 48
910 0 58
911 0 57
913 0 58
918 0 57
919 0 47
920 0 57
924 0 48
926 0 48
927 0 49
929 0 49
931 0 58
932 0 48
959 0 47
961 0 47
962 0 47
964 0 48
966 0 58
967 0 48
968 0 47
969 0 47
971 0 48
972 0 47
973 0 47
975 0 48
977 0 47
978 0 50
980 0 48
981 0 47
983 0 48
989 0 48
990 0 57
994 0 47
996 0 48
997 0 48
999 0 49
1000 0 48
1012 0 48
1013 0 47
1015 0 48
1016 0 48
1017 0 47
1019 0 48
1021 0 48
1022 0 50
1023 0 48
1027 0 48
1029 0 48
1030 0 48
1032 0 49
1038 0 48
1040 0 49
1042 0 48
1043 0 50
1045 0 49
1046 0 48
1048 0 49
1053 0 49
1054 0 50
1055 0 49
1059 0 50
1061 0 50
1062 0 50
1064 0 51
1065 0 51
1066 0 49
1068 0 50
1070 0 49
1071 0 51
1075 0 48
1077 0 48
1078 0 48
1080 0 49
1082 0 59
1083 0 49
1084 0 48
1085 0 48
1087 0 49
1088 0 48
1089 0 48
1091 0 49
1093 0 48
1094 0 51
1096 0 49
1097 0 48
1099 0 49
1105 0 57
1107 0 57
1109 0 57
1110 0 48
1112 0 57
1113 0 57
1115 0 58
1120 0 58
1121 0 47
1126 0 48
1128 0 48
1129 0 49
1131 0 49
1133 0 59
1134 0 48
1135 0 57
1136 0 58
1138 0 59
1139 0 59
1140 0 57
1142 0 57
1144 0 59
1145 0 48
1152 0 57
1153 0 47
1158 0 48
1160 0 48
1161 0 49
1163 0 50
1164 0 49
1165 0 57
1167 0 57
1169 0 57
1170 0 48
1174 0 48
1176 0 47
1177 0 48
1179 0 48
1181 0 59
1182 0 48
1183 0 47
1184 0 48
1186 0 49
1187 0 48
1188 0 48
1190 0 48
1192 0 48
1193 0 51
1195 0 48
1196 0 48
1198 0 49
1204 0 48
1209 0 48
1211 0 48
1212 0 49
1214 0 50
1215 0 49
1241 0 57
1243 0 47
1245 0 48
1247 0 48
1248 0 57
1250 0 48
1253 0 47
1255 0 48
1257 0 47
1259 0 48
1260 0 47
1262 0 48
1264 0 48
1266 0 48
1270 0 57
1272 0 48
1274 0 57
1278 0 57
1280 0 48
1282 0 49
1298 0 47
1300 0 47
1302 0 47
1304 0 47
1305 0 47
1307 0 50
1309 0 47
1313 0 57
1315 0 47
1317 0 48
1319 0 48
1325 0 47
1327 0 48
1328 0 47
1330 0 48
1332 0 48
1334 0 48
1338 0 48
1340 0 50
1342 0 48
1346 0 49
1348 0 50
1350 0 50
1352 0 51
1353 0 49
1355 0 51
1358 0 48
1360 0 48
1362 0 48
1364 0 48
1365 0 48
1367 0 51
1369 0 48
1374 0 57
1376 0 48
1378 0 57
1384 0 48
1386 0 49
1388 0 58
1390 0 59
1391 0 57
1398 0 48
1400 0 49
1402 0 49
1403 0 57
1405 0 48
1408 0 48
1410 0 48
1412 0 48
1414 0 48
1415 0 48
1417 0 51
1419 0 48
1425 0 48
1427 0 49
1429 0 49
1437 0 57
1438 0 57
1439 0 48
1440 0 47
1441 0 48
1442 0 48
1443 0 57
1445 0 57
1446 0 49
1450 0 47
1451 0 47
1453 0 57
1455 0 47
1456 0 48
1457 0 48
1458 0 48
1460 0 49
1461 0 49
1462 0 48
1463 0 48
1464 0 57
1467 0 49
1468 0 57
1472 0 57
1473 0 48
1474 0 48
1480 0 47
1481 0 47
1483 0 58
1485 0 47
1486 0 48
1487 0 48
1488 0 48
1490 0 49
1491 0 50
1492 0 48
1493 0 49
1495 0 57
1496 0 57
1497 0 48
1498 0 47
1499 0 48
1500 0 48
1502 0 47
1503 0 48
1504 0 48
1505 0 47
1507 0 48
1508 0 48
1509 0 48
1510 0 48
1511 0 47
1513 0 48
1514 0 50
1515 0 47
1516 0 48
1518 0 48
1519 0 48
1520 0 50
1521 0 50
1522 0 51
1523 0 51
1524 0 48
1526 0 48
1527 0 51
1531 0 48
1532 0 48
1534 0 59
1536 0 47
1537 0 48
1538 0 48
1539 0 48
1541 0 49
1542 0 51
1543 0 48
1544 0 49
1555 0 57
1557 0 57
1558 0 49
1562 0 58
1563 0 57
1564 0 48
1565 0 48
1567 0 59
1569 0 58
1570 0 59
1571 0 59
1572 0 57
1574 0 59
1575 0 58
1583 0 57
1584 0 57
1585 0 48
1586 0 47
1587 0 48
1588 0 48
1589 0 57
1591 0 57
1592 0 49
1596 0 48
1597 0 48
1599 0 59
1601 0 48
1602 0 49
1603 0 49
1604 0 49
1606 0 50
1607 0 51
1608 0 49
1609 0 50
1611 0 58
1612 0 58
1613 0 49
1614 0 48
1615 0 49
1616 0 49
1631 0 47
1633 0 47
1635 0 47
1637 0 47
1638 0 47
1640 0 50
1642 0 47
1646 0 58
1648 0 47
1650 0 48
1652 0 48
1658 0 47
1660 0 48
1661 0 47
1663 0 48
1665 0 48
1667 0 48
1671 0 48
1673 0 50
1675 0 48
1679 0 49
1681 0 50
1683 0 50
1685 0 48
1687 0 49
1688 0 48
1690 0 49
1693 0 57
1695 0 47
1697 0 48
1699 0 48
1700 0 57
1702 0 48
1705 0 47
1707 0 48
1709 0 47
1711 0 48
1712 0 47
1714 0 48
1716 0 48
1718 0 48
1724 0 47
1725 0 48
1726 0 48
1727 0 47
1728 0 47
1729 0 48
1731 0 48
1732 0 57
1733 0 48
1737 0 47
1738 0 47
1739 0 50
1740 0 47
1741 0 47
1742 0 48
1744 0 47
1745 0 48
1747 0 50
1748 0 48
1749 0 50
1750 0 50
1751 0 51
1752 0 48
1753 0 48
1754 0 51
1755 0 48
1757 0 48
1758 0 57
1759 0 48
1760 0 58
1761 0 48
1762 0 49
1763 0 48
1764 0 48
1765 0 48
1766 0 51
1767 0 48
1768 0 48
1769 0 49
1773 0 47
1774 0 47
1775 0 50
1776 0 47
1777 0 47
1778 0 48
1780 0 47
1781 0 48
1783 0 50
1784 0 48
1785 0 50
1786 0 48
1787 0 47
1788 0 48
1789 0 48
1790 0 47
1791 0 47
1792 0 48
1794 0 47
1795 0 48
1797 0 50
1798 0 47
1799 0 50
1800 0 50
1801 0 51
1802 0 48
1803 0 48
1804 0 51
1805 0 48
1807 0 50
1808 0 47
1809 0 50
1810 0 47
1811 0 50
1812 0 50
1813 0 51
1814 0 50
1815 0 50
1816 0 51
1818 0 51
1819 0 48
1820 0 51
1824 0 48
1825 0 48
1826 0 51
1827 0 48
1828 0 48
1829 0 49
1831 0 47
1832 0 48
1834 0 51
1835 0 48
1836 0 51
1837 0 48
1852 0 48
1853 0 57
1854 0 48
1856 0 48
1857 0 49
1858 0 48
1859 0 48
1860 0 48
1861 0 51
1862 0 48
1863 0 48
1864 0 49
1866 0 57
1867 0 59
1869 0 48
1870 0 57
1871 0 49
1872 0 50
1873 0 49
1879 0 47
1880 0 48
1881 0 48
1882 0 47
1883 0 47
1884 0 48
1886 0 48
1887 0 57
1888 0 48
1892 0 48
1893 0 48
1894 0 51
1895 0 48
1896 0 48
1897 0 49
1899 0 48
1900 0 49
1902 0 51
1903 0 49
1904 0 51
1905 0 49
1906 0 48
1907 0 49
1908 0 49
1909 0 48
1910 0 48
1911 0 49
1966 0 57
1967 0 48
1968 0 48
1969 0 48
1970 0 57
1971 0 49
1973 0 47
1974 0 57
1976 0 48
1977 0 48
1978 0 49
1979 0 48
1981 0 49
1984 0 48
1987 0 47
1988 0 58
1990 0 48
1991 0 48
1992 0 49
1993 0 50
1994 0 49
1995 0 57
1996 0 48
1997 0 48
1998 0 48
2000 0 48
2001 0 48
2002 0 48
2003 0 48
2004 0 48
2005 0 50
2006 0 48
2007 0 48
2008 0 50
2009 0 51
2010 0 51
2011 0 48
2012 0 51
2014 0 48
2015 0 59
2017 0 48
2018 0 48
2019 0 49
2020 0 51
2021 0 49
2027 0 57
2028 0 49
2030 0 58
2031 0 48
2032 0 59
2034 0 59
2035 0 59
2036 0 59
2040 0 57
2041 0 48
2042 0 48
2043 0 48
2044 0 57
2045 0 49
2047 0 48
2048 0 59
2050 0 49
2051 0 49
2052 0 50
2053 0 51
2054 0 50
2055 0 58
2056 0 49
2057 0 49
2058 0 49
2083 0 48
2084 0 57
2086 0 47
2087 0 48
2088 0 48
2089 0 50
2090 0 48
2091 0 57
2092 0 49
2093 0 48
2094 0 49
2096 0 47
2097 0 48
2098 0 48
2099 0 48
2100 0 47
2101 0 50
2102 0 48
2103 0 47
2104 0 50
2105 0 48
2107 0 48
2108 0 49
2109 0 48
2113 0 57
2114 0 49
2115 0 48
2116 0 49
2117 0 57
2118 0 50
2120 0 48
2121 0 57
2123 0 48
2124 0 49
2125 0 49
2126 0 49
2141 0 48
2142 0 49
2143 0 48
2144 0 49
2145 0 48
2146 0 50
2147 0 48
2148 0 48
2149 0 50
2150 0 51
2151 0 51
2152 0 48
2153 0 51
2155 0 49
2156 0 59
2158 0 48
2159 0 49
2160 0 49
2161 0 51
2162 0 49
2168 0 48
2169 0 50
2170 0 49
2171 0 48
2172 0 50
2173 0 49
2175 0 49
2176 0 50
2177 0 49
2181 0 49
2182 0 50
2183 0 51
2184 0 51
2185 0 49
2186 0 51
2188 0 50
2189 0 50
2191 0 51
2192 0 51
2193 0 51
2194 0 51
2195 0 49
2196 0 51
2197 0 50
2198 0 49
2199 0 51
2200 0 50
2202 0 49
2203 0 58
2205 0 48
2206 0 49
2207 0 49
2208 0 51
2209 0 49
2210 0 58
2211 0 50
2212 0 49
2213 0 50
2215 0 48
2216 0 49
2217 0 49
2218 0 49
2219 0 48
2220 0 51
2221 0 49
2222 0 48
2223 0 51
2224 0 49
2226 0 49
2227 0 50
2228 0 49
2232 0 49
2233 0 48
2235 0 58
2237 0 48
2238 0 48
2239 0 49
2240 0 48
2242 0 49
2243 0 51
2244 0 49
2245 0 49
2247 0 58
2248 0 59
2249 0 50
2250 0 49
2251 0 49
2252 0 50
2254 0 48
2255 0 48
2256 0 49
2257 0 48
2259 0 49
2260 0 49
2261 0 49
2262 0 48
2263 0 48
2265 0 48
2266 0 51
2267 0 49
2268 0 49
2270 0 48
2271 0 48
2272 0 51
2273 0 51
2275 0 49
2277 0 49
2278 0 49
2279 0 50
2280 0 48
2282 0 49
2283 0 49
2292 0 57
2294 0 49
2295 0 57
2297 0 57
2298 0 48
2299 0 48
2302 0 57
2303 0 58
2304 0 57
2306 0 58
2312 0 58
2313 0 48
2314 0 47
2315 0 48
2318 0 49
2321 0 48
2322 0 48
2325 0 48
2326 0 49
2327 0 49
2329 0 51
2330 0 49
2332 0 59
2333 0 49
2334 0 48
2335 0 49
2337 0 57
2338 0 58
2339 0 58
2341 0 59
2342 0 59
2343 0 59
2344 0 57
2346 0 50
2347 0 57
2349 0 59
2350 0 49
2351 0 48
2352 0 49
2355 0 50
2361 0 57
2362 0 48
2363 0 47
2364 0 48
2367 0 49
2370 0 48
2371 0 48
2374 0 48
2375 0 49
2376 0 49
2378 0 50
2379 0 49
2380 0 49
2381 0 57
2383 0 49
2384 0 57
2386 0 57
2387 0 48
2388 0 48
2392 0 48
2393 0 48
2396 0 47
2397 0 48
2398 0 48
2400 0 51
2401 0 48
2403 0 59
2404 0 49
2405 0 48
2406 0 49
2408 0 47
2409 0 48
2410 0 48
2412 0 49
2413 0 48
2414 0 48
2415 0 48
2417 0 51
2418 0 48
2420 0 48
2421 0 51
2422 0 51
2425 0 48
2426 0 49
2427 0 48
2429 0 49
2436 0 49
2437 0 48
2438 0 49
2441 0 50
2444 0 48
2445 0 48
2448 0 48
2449 0 49
2450 0 49
2452 0 50
2453 0 49
2454 0 49
2474 0 47
2476 0 47
2478 0 57
2479 0 47
2481 0 48
2482 0 47
2483 0 47
2485 0 47
2486 0 50
2488 0 47
2490 0 48
2494 0 58
2497 0 47
2499 0 48
2501 0 49
2502 0 48
2510 0 47
2512 0 48
2513 0 48
2514 0 47
2516 0 48
2517 0 48
2520 0 48
2522 0 48
2527 0 48
2529 0 48
2530 0 50
2532 0 48
2534 0 49
2537 0 49
2538 0 49
2541 0 50
2543 0 50
2545 0 50
2546 0 48
2548 0 49
2549 0 49
2550 0 48
2552 0 49
2553 0 49
2556 0 57
2557 0 57
2560 0 47
2562 0 48
2564 0 49
2565 0 48
2566 0 57
2568 0 57
2569 0 48
2573 0 47
2575 0 48
2577 0 57
2578 0 47
2580 0 48
2581 0 48
2582 0 47
2584 0 48
2585 0 48
2588 0 48
2590 0 48
2598 0 47
2599 0 48
2600 0 48
2601 0 48
2602 0 47
2603 0 47
2604 0 48
2605 0 48
2608 0 48
2609 0 57
2610 0 48
2615 0 47
2616 0 47
2617 0 47
2618 0 50
2619 0 47
2620 0 47
2621 0 48
2622 0 48
2624 0 47
2625 0 48
2626 0 48
2629 0 50
2630 0 48
2631 0 50
2632 0 50
2633 0 51
2634 0 51
2635 0 48
2636 0 48
2637 0 48
2638 0 51
2639 0 48
2642 0 48
2643 0 57
2644 0 48
2645 0 58
2646 0 59
2647 0 48
2648 0 49
2649 0 49
2650 0 48
2651 0 48
2652 0 48
2653 0 48
2654 0 51
2655 0 48
2656 0 48
2657 0 49
2658 0 49
2663 0 47
2664 0 47
2665 0 47
2666 0 50
2667 0 47
2668 0 47
2669 0 48
2670 0 48
2672 0 47
2673 0 48
2674 0 48
2677 0 50
2678 0 48
2679 0 50
2680 0 48
2681 0 49
2682 0 47
2683 0 48
2684 0 48
2685 0 48
2686 0 47
2687 0 47
2688 0 48
2689 0 48
2691 0 47
2692 0 48
2693 0 48
2696 0 50
2697 0 47
2698 0 50
2699 0 50
2700 0 51
2701 0 51
2702 0 48
2703 0 48
2704 0 48
2705 0 51
2706 0 48
2709 0 50
2710 0 47
2711 0 50
2712 0 47
2713 0 48
2714 0 50
2715 0 50
2716 0 51
2717 0 51
2718 0 50
2719 0 50
2720 0 51
2721 0 51
2724 0 51
2725 0 48
2726 0 51
2731 0 48
2732 0 48
2733 0 48
2734 0 51
2735 0 48
2736 0 48
2737 0 49
2738 0 49
2740 0 47
2741 0 48
2742 0 48
2745 0 51
2746 0 48
2747 0 51
2748 0 48
2749 0 49
2769 0 48
2770 0 57
2771 0 48
2774 0 48
2775 0 49
2776 0 49
2777 0 48
2778 0 48
2779 0 48
2780 0 48
2781 0 51
2782 0 48
2783 0 48
2784 0 49
2785 0 49
2787 0 57
2789 0 59
2792 0 48
2793 0 57
2794 0 49
2795 0 50
2796 0 50
2797 0 49
2805 0 47
2806 0 48
2807 0 48
2808 0 48
2809 0 47
2810 0 47
2811 0 48
2812 0 48
2815 0 48
2816 0 57
2817 0 48
2822 0 48
2823 0 48
2824 0 48
2825 0 51
2826 0 48
2827 0 48
2828 0 49
2829 0 49
2831 0 48
2832 0 49
2833 0 49
2836 0 51
2837 0 49
2838 0 51
2839 0 49
2840 0 50
2841 0 48
2842 0 49
2843 0 49
2844 0 49
2845 0 48
2846 0 48
2847 0 49
2848 0 49
