106 0 6
107 0 6
110 0 6
112 0 6
133 0 6
138 0 7
143 0 6
145 0 7
172 0 6
179 0 6
187 0 6
188 0 6
191 0 6
193 0 6
201 0 6
203 0 7
224 0 6
229 0 7
234 0 6
236 0 7
239 0 7
631 0 6
638 0 6
682 0 7
688 0 7
692 0 7
732 0 6
742 0 7
754 0 6
761 0 6
774 0 7
778 0 7
846 0 6
848 0 6
859 0 6
864 0 6
881 0 6
886 0 6
888 0 6
892 0 6
903 0 6
908 0 6
1105 0 6
1110 0 6
1139 0 7
1144 0 7
1146 0 7
1174 0 6
1181 0 7
1188 0 6
1193 0 6
1203 0 7
1205 0 7
1241 0 6
1248 0 6
1250 0 6
1259 0 6
1262 0 6
1264 0 6
1270 0 6
1272 0 6
1374 0 6
1376 0 6
1390 0 7
1393 0 7
1408 0 6
1415 0 6
1417 0 6
1423 0 7
1437 0 6
1438 0 6
1441 0 6
1443 0 6
1464 0 6
1469 0 7
1474 0 6
1476 0 7
1503 0 6
1510 0 6
1518 0 6
1519 0 6
1522 0 6
1524 0 6
1532 0 6
1534 0 7
1555 0 6
1560 0 7
1565 0 6
1567 0 7
1570 0 7
1726 0 6
1729 0 6
1731 0 6
1757 0 6
1764 0 6
1766 0 6
1795 0 6
1802 0 6
1804 0 6
1813 0 6
1816 0 6
1818 0 6
1824 0 6
1826 0 6
1852 0 6
1859 0 6
1861 0 6
1867 0 7
1966 0 6
1968 0 6
1982 0 7
1985 0 7
2000 0 6
2007 0 6
2009 0 6
2015 0 7
2029 0 7
2032 0 7
2034 0 7
2292 0 6
2299 0 6
2343 0 7
2349 0 7
2353 0 7
2393 0 6
2403 0 7
2415 0 6
2422 0 6
2435 0 7
2439 0 7
2601 0 6
2604 0 6
2605 0 6
2608 0 6
2642 0 6
2646 0 7
2651 0 6
2654 0 6
2692 0 6
2693 0 6
2702 0 6
2705 0 6
2717 0 6
2720 0 6
2721 0 6
2724 0 6
2731 0 6
2734 0 6
2769 0 6
2773 0 7
2778 0 6
2781 0 6
2788 0 7
2789 0 7
