106 0 60
107 0 60
108 0 50
109 0 49
110 0 51
111 0 50
112 0 60
114 0 60
115 0 51
119 0 50
120 0 49
122 0 60
124 0 50
125 0 51
126 0 51
127 0 50
129 0 51
130 0 51
131 0 51
132 0 50
133 0 60
136 0 51
137 0 60
141 0 60
142 0 51
143 0 51
149 0 50
150 0 50
152 0 61
154 0 49
155 0 50
156 0 50
157 0 50
159 0 51
160 0 54
161 0 50
162 0 51
164 0 60
165 0 60
166 0 50
167 0 49
168 0 51
169 0 50
171 0 50
172 0 50
173 0 51
174 0 50
176 0 51
177 0 51
178 0 51
179 0 50
180 0 49
182 0 50
183 0 53
184 0 50
185 0 50
187 0 51
188 0 51
189 0 52
190 0 51
191 0 52
192 0 52
193 0 51
195 0 51
196 0 53
200 0 51
201 0 50
203 0 62
205 0 50
206 0 50
207 0 51
208 0 50
210 0 51
211 0 54
212 0 51
213 0 51
224 0 60
226 0 60
227 0 51
231 0 61
232 0 60
233 0 51
234 0 51
236 0 62
238 0 61
239 0 62
240 0 62
241 0 60
243 0 62
244 0 61
252 0 60
253 0 60
254 0 50
255 0 49
256 0 51
257 0 50
258 0 60
260 0 60
261 0 51
265 0 51
266 0 51
268 0 62
270 0 50
271 0 51
272 0 51
273 0 51
275 0 52
276 0 55
277 0 51
278 0 52
280 0 61
281 0 61
282 0 51
283 0 50
284 0 52
285 0 51
336 0 50
337 0 50
339 0 60
341 0 49
342 0 49
343 0 50
344 0 50
346 0 50
347 0 54
348 0 50
349 0 50
351 0 60
352 0 61
353 0 51
354 0 50
355 0 51
356 0 51
358 0 49
359 0 50
360 0 50
361 0 49
363 0 50
364 0 50
365 0 50
366 0 50
367 0 49
369 0 50
370 0 53
371 0 50
372 0 50
374 0 49
375 0 49
376 0 52
377 0 51
379 0 51
381 0 50
382 0 50
383 0 51
384 0 49
386 0 50
387 0 50
395 0 60
397 0 51
398 0 50
399 0 51
400 0 51
401 0 60
403 0 60
404 0 52
408 0 50
409 0 50
411 0 60
413 0 50
414 0 51
415 0 51
416 0 50
418 0 51
419 0 51
420 0 51
421 0 51
447 0 50
448 0 50
449 0 51
450 0 50
452 0 51
453 0 51
454 0 51
455 0 51
456 0 50
458 0 50
459 0 54
460 0 50
461 0 50
463 0 51
464 0 51
465 0 53
466 0 52
467 0 52
468 0 53
469 0 51
471 0 51
472 0 54
476 0 51
477 0 51
479 0 62
481 0 50
482 0 50
483 0 51
484 0 51
486 0 51
487 0 55
488 0 51
489 0 51
500 0 50
502 0 50
503 0 54
504 0 51
505 0 51
507 0 50
508 0 50
509 0 53
510 0 52
512 0 51
514 0 51
515 0 51
516 0 52
517 0 50
519 0 51
520 0 51
528 0 51
529 0 51
530 0 54
531 0 53
532 0 53
533 0 54
534 0 51
536 0 51
537 0 55
541 0 54
542 0 53
544 0 52
546 0 54
547 0 54
548 0 55
549 0 54
551 0 55
552 0 55
553 0 55
554 0 54
555 0 51
557 0 51
558 0 55
559 0 52
560 0 52
562 0 51
563 0 51
564 0 54
565 0 53
567 0 52
571 0 51
572 0 51
574 0 61
576 0 50
577 0 50
578 0 51
579 0 51
581 0 51
582 0 55
583 0 51
584 0 51
586 0 61
587 0 62
588 0 52
589 0 51
590 0 52
591 0 52
593 0 50
594 0 51
595 0 51
596 0 50
598 0 51
599 0 51
600 0 51
601 0 51
602 0 50
604 0 51
605 0 54
606 0 51
607 0 51
609 0 50
610 0 50
611 0 53
612 0 52
614 0 52
616 0 51
617 0 51
618 0 52
619 0 50
621 0 51
622 0 51
631 0 60
633 0 51
634 0 60
636 0 60
637 0 51
638 0 51
641 0 60
642 0 61
643 0 60
645 0 61
651 0 61
652 0 50
653 0 49
654 0 50
657 0 51
660 0 51
661 0 51
664 0 50
665 0 51
666 0 51
668 0 55
669 0 51
671 0 62
672 0 51
673 0 50
674 0 51
676 0 60
677 0 61
678 0 61
680 0 62
681 0 62
682 0 62
683 0 60
685 0 52
686 0 60
688 0 62
689 0 51
690 0 51
691 0 52
694 0 52
700 0 60
701 0 50
702 0 50
703 0 51
706 0 51
709 0 50
710 0 50
713 0 50
714 0 51
715 0 51
717 0 52
718 0 51
719 0 51
720 0 60
722 0 51
723 0 60
725 0 60
726 0 51
727 0 51
731 0 50
732 0 50
735 0 50
736 0 51
737 0 51
739 0 54
740 0 51
742 0 62
743 0 51
744 0 50
745 0 51
747 0 49
748 0 50
749 0 50
751 0 51
752 0 50
753 0 50
754 0 51
756 0 53
757 0 51
759 0 51
760 0 52
761 0 52
764 0 51
765 0 52
766 0 51
768 0 52
775 0 51
776 0 50
777 0 51
780 0 52
783 0 50
784 0 50
787 0 50
788 0 51
789 0 51
791 0 52
792 0 51
793 0 51
846 0 60
847 0 49
848 0 60
852 0 49
854 0 50
855 0 50
857 0 51
858 0 50
859 0 60
861 0 60
863 0 60
864 0 51
868 0 50
870 0 49
871 0 50
873 0 50
875 0 60
876 0 49
877 0 50
878 0 50
880 0 51
881 0 50
882 0 49
884 0 50
886 0 51
887 0 51
888 0 51
892 0 50
894 0 50
895 0 50
897 0 51
903 0 60
907 0 60
908 0 51
910 0 61
911 0 60
913 0 61
918 0 60
919 0 49
920 0 60
924 0 51
926 0 50
927 0 51
929 0 51
931 0 61
932 0 50
959 0 50
961 0 49
962 0 50
964 0 50
966 0 61
967 0 50
968 0 49
969 0 49
971 0 50
972 0 50
973 0 49
975 0 50
977 0 49
978 0 51
980 0 50
981 0 49
983 0 50
989 0 50
990 0 60
994 0 50
996 0 50
997 0 50
999 0 51
1000 0 51
1012 0 50
1013 0 50
1015 0 51
1016 0 51
1017 0 50
1019 0 50
1021 0 51
1022 0 52
1023 0 51
1027 0 51
1029 0 50
1030 0 51
1032 0 51
1038 0 50
1040 0 51
1042 0 50
1043 0 52
1045 0 51
1046 0 50
1048 0 51
1053 0 51
1054 0 53
1055 0 51
1059 0 53
1061 0 54
1062 0 54
1064 0 55
1065 0 54
1066 0 51
1068 0 52
1070 0 51
1071 0 53
1075 0 51
1077 0 50
1078 0 51
1080 0 51
1082 0 62
1083 0 51
1084 0 50
1085 0 50
1087 0 51
1088 0 51
1089 0 50
1091 0 51
1093 0 50
1094 0 52
1096 0 51
1097 0 50
1099 0 51
1105 0 60
1107 0 60
1109 0 60
1110 0 51
1112 0 60
1113 0 60
1115 0 61
1120 0 61
1121 0 49
1126 0 51
1128 0 50
1129 0 51
1131 0 51
1133 0 62
1134 0 50
1135 0 60
1136 0 61
1138 0 62
1139 0 62
1140 0 60
1142 0 60
1144 0 62
1145 0 51
1152 0 60
1153 0 50
1158 0 50
1160 0 50
1161 0 51
1163 0 52
1164 0 51
1165 0 60
1167 0 60
1169 0 60
1170 0 51
1174 0 50
1176 0 50
1177 0 51
1179 0 51
1181 0 62
1182 0 50
1183 0 49
1184 0 50
1186 0 51
1187 0 50
1188 0 51
1190 0 51
1192 0 51
1193 0 52
1195 0 51
1196 0 51
1198 0 52
1204 0 50
1209 0 50
1211 0 50
1212 0 51
1214 0 52
1215 0 51
1241 0 60
1243 0 49
1245 0 50
1247 0 50
1248 0 60
1250 0 51
1253 0 50
1255 0 50
1257 0 50
1259 0 50
1260 0 49
1262 0 51
1264 0 50
1266 0 50
1270 0 60
1272 0 51
1274 0 60
1278 0 60
1280 0 51
1282 0 51
1298 0 50
1300 0 50
1302 0 49
1304 0 50
1305 0 49
1307 0 51
1309 0 49
1313 0 60
1315 0 50
1317 0 50
1319 0 51
1325 0 50
1327 0 51
1328 0 50
1330 0 51
1332 0 51
1334 0 51
1338 0 50
1340 0 52
1342 0 50
1346 0 51
1348 0 53
1350 0 54
1352 0 54
1353 0 51
1355 0 53
1358 0 51
1360 0 51
1362 0 50
1364 0 51
1365 0 50
1367 0 52
1369 0 50
1374 0 60
1376 0 51
1378 0 60
1384 0 51
1386 0 51
1388 0 61
1390 0 62
1391 0 60
1398 0 50
1400 0 51
1402 0 51
1403 0 60
1405 0 51
1408 0 50
1410 0 51
1412 0 50
1414 0 50
1415 0 51
1417 0 52
1419 0 51
1425 0 50
1427 0 51
1429 0 51
1437 0 60
1438 0 60
1439 0 50
1440 0 49
1441 0 51
1442 0 50
1443 0 60
1445 0 60
1446 0 51
1450 0 50
1451 0 49
1453 0 60
1455 0 50
1456 0 51
1457 0 51
1458 0 50
1460 0 51
1461 0 51
1462 0 51
1463 0 50
1464 0 60
1467 0 51
1468 0 60
1472 0 60
1473 0 51
1474 0 51
1480 0 50
1481 0 50
1483 0 61
1485 0 49
1486 0 50
1487 0 50
1488 0 50
1490 0 51
1491 0 54
1492 0 50
1493 0 51
1495 0 60
1496 0 60
1497 0 50
1498 0 49
1499 0 51
1500 0 50
1502 0 50
1503 0 50
1504 0 51
1505 0 50
1507 0 51
1508 0 51
1509 0 51
1510 0 50
1511 0 49
1513 0 50
1514 0 53
1515 0 50
1516 0 50
1518 0 51
1519 0 51
1520 0 52
1521 0 51
1522 0 52
1523 0 52
1524 0 51
1526 0 51
1527 0 53
1531 0 51
1532 0 50
1534 0 62
1536 0 50
1537 0 50
1538 0 51
1539 0 50
1541 0 51
1542 0 54
1543 0 51
1544 0 51
1555 0 60
1557 0 60
1558 0 51
1562 0 61
1563 0 60
1564 0 51
1565 0 51
1567 0 62
1569 0 61
1570 0 62
1571 0 62
1572 0 60
1574 0 62
1575 0 61
1583 0 60
1584 0 60
1585 0 50
1586 0 49
1587 0 51
1588 0 50
1589 0 60
1591 0 60
1592 0 51
1596 0 51
1597 0 51
1599 0 62
1601 0 50
1602 0 51
1603 0 51
1604 0 51
1606 0 52
1607 0 55
1608 0 51
1609 0 52
1611 0 61
1612 0 61
1613 0 51
1614 0 50
1615 0 52
1616 0 51
1631 0 49
1633 0 50
1635 0 49
1637 0 49
1638 0 50
1640 0 51
1642 0 50
1646 0 61
1648 0 49
1650 0 50
1652 0 50
1658 0 49
1660 0 50
1661 0 49
1663 0 50
1665 0 50
1667 0 50
1671 0 50
1673 0 52
1675 0 50
1679 0 51
1681 0 53
1683 0 54
1685 0 50
1687 0 51
1688 0 50
1690 0 51
1693 0 60
1695 0 49
1697 0 50
1699 0 50
1700 0 60
1702 0 51
1705 0 50
1707 0 50
1709 0 50
1711 0 50
1712 0 49
1714 0 51
1716 0 50
1718 0 50
1724 0 49
1725 0 50
1726 0 51
1727 0 50
1728 0 50
1729 0 50
1731 0 51
1732 0 60
1733 0 51
1737 0 50
1738 0 49
1739 0 51
1740 0 49
1741 0 50
1742 0 50
1744 0 50
1745 0 51
1747 0 52
1748 0 50
1749 0 53
1750 0 54
1751 0 53
1752 0 51
1753 0 50
1754 0 52
1755 0 50
1757 0 51
1758 0 60
1759 0 51
1760 0 61
1761 0 50
1762 0 51
1763 0 51
1764 0 50
1765 0 50
1766 0 52
1767 0 51
1768 0 50
1769 0 51
1773 0 49
1774 0 49
1775 0 51
1776 0 50
1777 0 49
1778 0 50
1780 0 49
1781 0 50
1783 0 52
1784 0 50
1785 0 53
1786 0 50
1787 0 49
1788 0 50
1789 0 51
1790 0 50
1791 0 50
1792 0 50
1794 0 49
1795 0 51
1797 0 51
1798 0 50
1799 0 52
1800 0 53
1801 0 52
1802 0 51
1803 0 50
1804 0 52
1805 0 50
1807 0 51
1808 0 49
1809 0 52
1810 0 49
1811 0 51
1812 0 52
1813 0 52
1814 0 51
1815 0 51
1816 0 52
1818 0 52
1819 0 51
1820 0 52
1824 0 51
1825 0 50
1826 0 52
1827 0 50
1828 0 51
1829 0 51
1831 0 49
1832 0 51
1834 0 52
1835 0 50
1836 0 53
1837 0 50
1852 0 51
1853 0 60
1854 0 51
1856 0 50
1857 0 51
1858 0 51
1859 0 50
1860 0 50
1861 0 52
1862 0 51
1863 0 50
1864 0 51
1866 0 60
1867 0 62
1869 0 51
1870 0 60
1871 0 51
1872 0 52
1873 0 52
1879 0 49
1880 0 50
1881 0 51
1882 0 50
1883 0 50
1884 0 50
1886 0 51
1887 0 60
1888 0 51
1892 0 50
1893 0 50
1894 0 52
1895 0 51
1896 0 50
1897 0 51
1899 0 50
1900 0 51
1902 0 53
1903 0 51
1904 0 54
1905 0 51
1906 0 50
1907 0 51
1908 0 52
1909 0 51
1910 0 51
1911 0 51
1966 0 60
1967 0 50
1968 0 51
1969 0 50
1970 0 60
1971 0 51
1973 0 50
1974 0 60
1976 0 51
1977 0 51
1978 0 51
1979 0 51
1981 0 51
1984 0 51
1987 0 50
1988 0 61
1990 0 50
1991 0 50
1992 0 51
1993 0 54
1994 0 51
1995 0 60
1996 0 50
1997 0 51
1998 0 50
2000 0 50
2001 0 51
2002 0 51
2003 0 51
2004 0 50
2005 0 53
2006 0 50
2007 0 51
2008 0 52
2009 0 52
2010 0 52
2011 0 51
2012 0 53
2014 0 51
2015 0 62
2017 0 50
2018 0 51
2019 0 51
2020 0 54
2021 0 51
2027 0 60
2028 0 51
2030 0 61
2031 0 51
2032 0 62
2034 0 62
2035 0 62
2036 0 62
2040 0 60
2041 0 50
2042 0 51
2043 0 50
2044 0 60
2045 0 51
2047 0 51
2048 0 62
2050 0 51
2051 0 51
2052 0 52
2053 0 55
2054 0 52
2055 0 61
2056 0 51
2057 0 52
2058 0 51
2083 0 50
2084 0 60
2086 0 49
2087 0 50
2088 0 50
2089 0 54
2090 0 50
2091 0 60
2092 0 51
2093 0 51
2094 0 51
2096 0 50
2097 0 50
2098 0 50
2099 0 50
2100 0 50
2101 0 53
2102 0 50
2103 0 49
2104 0 52
2105 0 51
2107 0 50
2108 0 51
2109 0 50
2113 0 60
2114 0 51
2115 0 51
2116 0 51
2117 0 60
2118 0 52
2120 0 50
2121 0 60
2123 0 51
2124 0 51
2125 0 51
2126 0 51
2141 0 50
2142 0 51
2143 0 51
2144 0 51
2145 0 50
2146 0 54
2147 0 50
2148 0 51
2149 0 53
2150 0 52
2151 0 53
2152 0 51
2153 0 54
2155 0 51
2156 0 62
2158 0 50
2159 0 51
2160 0 51
2161 0 55
2162 0 51
2168 0 50
2169 0 54
2170 0 51
2171 0 50
2172 0 53
2173 0 51
2175 0 51
2176 0 52
2177 0 51
2181 0 51
2182 0 54
2183 0 53
2184 0 54
2185 0 51
2186 0 55
2188 0 54
2189 0 52
2191 0 54
2192 0 55
2193 0 55
2194 0 55
2195 0 51
2196 0 55
2197 0 52
2198 0 51
2199 0 54
2200 0 52
2202 0 51
2203 0 61
2205 0 50
2206 0 51
2207 0 51
2208 0 55
2209 0 51
2210 0 61
2211 0 52
2212 0 52
2213 0 52
2215 0 51
2216 0 51
2217 0 51
2218 0 51
2219 0 51
2220 0 54
2221 0 51
2222 0 50
2223 0 53
2224 0 52
2226 0 51
2227 0 52
2228 0 51
2232 0 51
2233 0 51
2235 0 61
2237 0 50
2238 0 50
2239 0 51
2240 0 51
2242 0 51
2243 0 55
2244 0 51
2245 0 51
2247 0 61
2248 0 62
2249 0 52
2250 0 51
2251 0 52
2252 0 52
2254 0 50
2255 0 51
2256 0 51
2257 0 50
2259 0 51
2260 0 51
2261 0 51
2262 0 51
2263 0 50
2265 0 51
2266 0 54
2267 0 51
2268 0 51
2270 0 50
2271 0 50
2272 0 53
2273 0 52
2275 0 52
2277 0 51
2278 0 51
2279 0 52
2280 0 50
2282 0 51
2283 0 51
2292 0 60
2294 0 51
2295 0 60
2297 0 60
2298 0 51
2299 0 51
2302 0 60
2303 0 61
2304 0 60
2306 0 61
2312 0 61
2313 0 50
2314 0 49
2315 0 50
2318 0 51
2321 0 51
2322 0 51
2325 0 50
2326 0 51
2327 0 51
2329 0 55
2330 0 51
2332 0 62
2333 0 51
2334 0 50
2335 0 51
2337 0 60
2338 0 61
2339 0 61
2341 0 62
2342 0 62
2343 0 62
2344 0 60
2346 0 52
2347 0 60
2349 0 62
2350 0 51
2351 0 51
2352 0 52
2355 0 52
2361 0 60
2362 0 50
2363 0 50
2364 0 51
2367 0 51
2370 0 50
2371 0 50
2374 0 50
2375 0 51
2376 0 51
2378 0 52
2379 0 51
2380 0 51
2381 0 60
2383 0 51
2384 0 60
2386 0 60
2387 0 51
2388 0 51
2392 0 50
2393 0 50
2396 0 50
2397 0 51
2398 0 51
2400 0 54
2401 0 51
2403 0 62
2404 0 51
2405 0 50
2406 0 51
2408 0 49
2409 0 50
2410 0 50
2412 0 51
2413 0 50
2414 0 50
2415 0 51
2417 0 53
2418 0 51
2420 0 51
2421 0 52
2422 0 52
2425 0 51
2426 0 52
2427 0 51
2429 0 52
2436 0 51
2437 0 50
2438 0 51
2441 0 52
2444 0 50
2445 0 50
2448 0 50
2449 0 51
2450 0 51
2452 0 52
2453 0 51
2454 0 51
2474 0 49
2476 0 50
2478 0 60
2479 0 49
2481 0 50
2482 0 49
2483 0 50
2485 0 50
2486 0 51
2488 0 50
2490 0 51
2494 0 61
2497 0 49
2499 0 50
2501 0 51
2502 0 50
2510 0 49
2512 0 50
2513 0 50
2514 0 49
2516 0 50
2517 0 50
2520 0 50
2522 0 50
2527 0 50
2529 0 50
2530 0 52
2532 0 50
2534 0 51
2537 0 51
2538 0 51
2541 0 53
2543 0 54
2545 0 52
2546 0 50
2548 0 51
2549 0 51
2550 0 50
2552 0 51
2553 0 51
2556 0 60
2557 0 60
2560 0 49
2562 0 50
2564 0 51
2565 0 50
2566 0 60
2568 0 60
2569 0 51
2573 0 50
2575 0 50
2577 0 60
2578 0 50
2580 0 51
2581 0 50
2582 0 49
2584 0 51
2585 0 51
2588 0 50
2590 0 50
2598 0 49
2599 0 50
2600 0 50
2601 0 51
2602 0 50
2603 0 50
2604 0 50
2605 0 50
2608 0 51
2609 0 60
2610 0 51
2615 0 50
2616 0 49
2617 0 50
2618 0 51
2619 0 49
2620 0 50
2621 0 50
2622 0 51
2624 0 50
2625 0 51
2626 0 51
2629 0 52
2630 0 50
2631 0 53
2632 0 54
2633 0 54
2634 0 53
2635 0 51
2636 0 50
2637 0 51
2638 0 52
2639 0 50
2642 0 51
2643 0 60
2644 0 51
2645 0 61
2646 0 62
2647 0 50
2648 0 51
2649 0 51
2650 0 51
2651 0 50
2652 0 50
2653 0 50
2654 0 52
2655 0 51
2656 0 50
2657 0 51
2658 0 51
2663 0 49
2664 0 49
2665 0 49
2666 0 51
2667 0 50
2668 0 49
2669 0 50
2670 0 50
2672 0 49
2673 0 50
2674 0 50
2677 0 52
2678 0 50
2679 0 53
2680 0 50
2681 0 51
2682 0 49
2683 0 50
2684 0 50
2685 0 51
2686 0 50
2687 0 50
2688 0 50
2689 0 50
2691 0 49
2692 0 51
2693 0 51
2696 0 51
2697 0 50
2698 0 52
2699 0 53
2700 0 53
2701 0 52
2702 0 51
2703 0 50
2704 0 51
2705 0 52
2706 0 50
2709 0 51
2710 0 49
2711 0 52
2712 0 49
2713 0 51
2714 0 51
2715 0 52
2716 0 52
2717 0 52
2718 0 51
2719 0 51
2720 0 52
2721 0 52
2724 0 52
2725 0 51
2726 0 52
2731 0 51
2732 0 50
2733 0 51
2734 0 52
2735 0 50
2736 0 51
2737 0 51
2738 0 52
2740 0 49
2741 0 51
2742 0 51
2745 0 52
2746 0 50
2747 0 53
2748 0 50
2749 0 52
2769 0 51
2770 0 60
2771 0 51
2774 0 50
2775 0 51
2776 0 51
2777 0 51
2778 0 50
2779 0 50
2780 0 50
2781 0 52
2782 0 51
2783 0 50
2784 0 51
2785 0 51
2787 0 60
2789 0 62
2792 0 51
2793 0 60
2794 0 51
2795 0 52
2796 0 52
2797 0 52
2805 0 49
2806 0 50
2807 0 50
2808 0 51
2809 0 50
2810 0 50
2811 0 50
2812 0 50
2815 0 51
2816 0 60
2817 0 51
2822 0 50
2823 0 50
2824 0 50
2825 0 52
2826 0 51
2827 0 50
2828 0 51
2829 0 51
2831 0 50
2832 0 51
2833 0 51
2836 0 53
2837 0 51
2838 0 54
2839 0 51
2840 0 52
2841 0 50
2842 0 51
2843 0 51
2844 0 52
2845 0 51
2846 0 51
2847 0 51
2848 0 51
