106 0 63
107 0 63
108 0 52
109 0 52
110 0 53
111 0 53
112 0 63
114 0 63
115 0 53
119 0 52
120 0 52
122 0 63
124 0 52
125 0 53
126 0 53
127 0 52
129 0 53
130 0 53
131 0 53
132 0 53
133 0 63
136 0 53
137 0 63
141 0 63
142 0 53
143 0 53
149 0 52
150 0 52
152 0 64
154 0 52
155 0 53
156 0 53
157 0 52
159 0 54
160 0 55
161 0 53
162 0 54
164 0 63
165 0 63
166 0 52
167 0 52
168 0 53
169 0 53
171 0 52
172 0 53
173 0 53
174 0 52
176 0 53
177 0 53
178 0 53
179 0 53
180 0 52
182 0 53
183 0 55
184 0 52
185 0 53
187 0 53
188 0 53
189 0 55
190 0 55
191 0 56
192 0 56
193 0 53
195 0 53
196 0 56
200 0 53
201 0 53
203 0 65
205 0 52
206 0 53
207 0 53
208 0 53
210 0 54
211 0 56
212 0 53
213 0 54
224 0 63
226 0 63
227 0 53
231 0 64
232 0 63
233 0 53
234 0 53
236 0 65
238 0 64
239 0 65
240 0 65
241 0 63
243 0 65
244 0 64
252 0 63
253 0 63
254 0 52
255 0 52
256 0 53
257 0 53
258 0 63
260 0 63
261 0 53
265 0 53
266 0 53
268 0 65
270 0 53
271 0 54
272 0 54
273 0 53
275 0 55
276 0 56
277 0 54
278 0 55
280 0 64
281 0 64
282 0 53
283 0 53
284 0 54
285 0 54
336 0 52
337 0 52
339 0 63
341 0 52
342 0 52
343 0 53
344 0 52
346 0 52
347 0 55
348 0 53
349 0 53
351 0 63
352 0 64
353 0 54
354 0 53
355 0 53
356 0 54
358 0 52
359 0 52
360 0 53
361 0 52
363 0 52
364 0 53
365 0 52
366 0 52
367 0 52
369 0 52
370 0 55
371 0 53
372 0 53
374 0 52
375 0 52
376 0 55
377 0 55
379 0 53
381 0 53
382 0 53
383 0 54
384 0 52
386 0 53
387 0 53
395 0 63
397 0 54
398 0 53
399 0 53
400 0 54
401 0 63
403 0 63
404 0 55
408 0 52
409 0 52
411 0 63
413 0 53
414 0 53
415 0 54
416 0 53
418 0 53
419 0 54
420 0 53
421 0 53
447 0 52
448 0 53
449 0 53
450 0 52
452 0 53
453 0 53
454 0 53
455 0 53
456 0 52
458 0 53
459 0 55
460 0 52
461 0 53
463 0 53
464 0 53
465 0 55
466 0 55
467 0 56
468 0 56
469 0 53
471 0 53
472 0 56
476 0 53
477 0 53
479 0 65
481 0 52
482 0 53
483 0 53
484 0 53
486 0 54
487 0 56
488 0 53
489 0 54
500 0 52
502 0 53
503 0 55
504 0 54
505 0 54
507 0 53
508 0 52
509 0 55
510 0 55
512 0 54
514 0 54
515 0 54
516 0 55
517 0 52
519 0 54
520 0 53
528 0 53
529 0 53
530 0 55
531 0 55
532 0 56
533 0 56
534 0 53
536 0 53
537 0 56
541 0 55
542 0 55
544 0 55
546 0 55
547 0 56
548 0 56
549 0 55
551 0 56
552 0 56
553 0 56
554 0 56
555 0 53
557 0 54
558 0 56
559 0 55
560 0 55
562 0 54
563 0 53
564 0 56
565 0 56
567 0 55
571 0 53
572 0 53
574 0 64
576 0 53
577 0 53
578 0 54
579 0 53
581 0 53
582 0 56
583 0 54
584 0 54
586 0 64
587 0 65
588 0 55
589 0 54
590 0 54
591 0 55
593 0 53
594 0 53
595 0 54
596 0 53
598 0 53
599 0 54
600 0 53
601 0 53
602 0 53
604 0 53
605 0 56
606 0 54
607 0 54
609 0 53
610 0 53
611 0 56
612 0 56
614 0 54
616 0 54
617 0 54
618 0 55
619 0 53
621 0 54
622 0 54
631 0 63
633 0 53
634 0 63
636 0 63
637 0 53
638 0 53
641 0 63
642 0 64
643 0 63
645 0 64
651 0 64
652 0 53
653 0 52
654 0 53
657 0 54
660 0 53
661 0 53
664 0 52
665 0 53
666 0 53
668 0 56
669 0 53
671 0 65
672 0 54
673 0 53
674 0 54
676 0 63
677 0 64
678 0 64
680 0 65
681 0 65
682 0 65
683 0 63
685 0 55
686 0 63
688 0 65
689 0 54
690 0 53
691 0 54
694 0 55
700 0 63
701 0 53
702 0 52
703 0 53
706 0 54
709 0 53
710 0 53
713 0 52
714 0 53
715 0 54
717 0 55
718 0 54
719 0 54
720 0 63
722 0 53
723 0 63
725 0 63
726 0 53
727 0 53
731 0 53
732 0 53
735 0 52
736 0 53
737 0 53
739 0 56
740 0 53
742 0 65
743 0 54
744 0 53
745 0 54
747 0 52
748 0 53
749 0 53
751 0 54
752 0 53
753 0 53
754 0 53
756 0 56
757 0 53
759 0 53
760 0 56
761 0 56
764 0 53
765 0 54
766 0 53
768 0 54
775 0 54
776 0 53
777 0 54
780 0 55
783 0 53
784 0 53
787 0 53
788 0 54
789 0 54
791 0 55
792 0 54
793 0 54
846 0 63
847 0 52
848 0 63
852 0 52
854 0 52
855 0 52
857 0 53
858 0 53
859 0 63
861 0 63
863 0 63
864 0 53
868 0 52
870 0 52
871 0 52
873 0 53
875 0 63
876 0 52
877 0 52
878 0 52
880 0 53
881 0 53
882 0 52
884 0 52
886 0 53
887 0 55
888 0 53
892 0 53
894 0 52
895 0 53
897 0 53
903 0 63
907 0 63
908 0 53
910 0 64
911 0 63
913 0 64
918 0 63
919 0 52
920 0 63
924 0 53
926 0 53
927 0 53
929 0 54
931 0 64
932 0 53
959 0 52
961 0 52
962 0 52
964 0 53
966 0 64
967 0 53
968 0 52
969 0 52
971 0 53
972 0 52
973 0 52
975 0 53
977 0 52
978 0 55
980 0 53
981 0 52
983 0 53
989 0 53
990 0 63
994 0 52
996 0 53
997 0 53
999 0 54
1000 0 53
1012 0 52
1013 0 52
1015 0 53
1016 0 53
1017 0 52
1019 0 52
1021 0 53
1022 0 55
1023 0 53
1027 0 53
1029 0 52
1030 0 53
1032 0 53
1038 0 52
1040 0 54
1042 0 52
1043 0 55
1045 0 54
1046 0 52
1048 0 53
1053 0 53
1054 0 55
1055 0 53
1059 0 55
1061 0 55
1062 0 55
1064 0 56
1065 0 56
1066 0 53
1068 0 55
1070 0 53
1071 0 56
1075 0 53
1077 0 53
1078 0 53
1080 0 54
1082 0 65
1083 0 54
1084 0 53
1085 0 53
1087 0 54
1088 0 53
1089 0 53
1091 0 54
1093 0 53
1094 0 56
1096 0 54
1097 0 53
1099 0 54
1105 0 63
1107 0 63
1109 0 63
1110 0 53
1112 0 63
1113 0 63
1115 0 64
1120 0 64
1121 0 52
1126 0 53
1128 0 52
1129 0 53
1131 0 53
1133 0 65
1134 0 53
1135 0 63
1136 0 64
1138 0 65
1139 0 65
1140 0 63
1142 0 63
1144 0 65
1145 0 53
1152 0 63
1153 0 52
1158 0 53
1160 0 52
1161 0 54
1163 0 55
1164 0 54
1165 0 63
1167 0 63
1169 0 63
1170 0 53
1174 0 53
1176 0 52
1177 0 53
1179 0 53
1181 0 65
1182 0 53
1183 0 52
1184 0 53
1186 0 54
1187 0 53
1188 0 53
1190 0 53
1192 0 53
1193 0 56
1195 0 53
1196 0 53
1198 0 54
1204 0 53
1209 0 53
1211 0 53
1212 0 54
1214 0 55
1215 0 54
1241 0 63
1243 0 52
1245 0 52
1247 0 53
1248 0 63
1250 0 53
1253 0 52
1255 0 52
1257 0 52
1259 0 53
1260 0 52
1262 0 53
1264 0 53
1266 0 53
1270 0 63
1272 0 53
1274 0 63
1278 0 63
1280 0 53
1282 0 53
1298 0 52
1300 0 52
1302 0 52
1304 0 52
1305 0 52
1307 0 55
1309 0 52
1313 0 63
1315 0 52
1317 0 53
1319 0 53
1325 0 52
1327 0 53
1328 0 52
1330 0 53
1332 0 53
1334 0 53
1338 0 52
1340 0 55
1342 0 52
1346 0 53
1348 0 55
1350 0 55
1352 0 56
1353 0 53
1355 0 56
1358 0 53
1360 0 53
1362 0 53
1364 0 53
1365 0 53
1367 0 56
1369 0 53
1374 0 63
1376 0 53
1378 0 63
1384 0 53
1386 0 53
1388 0 64
1390 0 65
1391 0 63
1398 0 53
1400 0 54
1402 0 54
1403 0 63
1405 0 53
1408 0 53
1410 0 53
1412 0 53
1414 0 53
1415 0 53
1417 0 56
1419 0 53
1425 0 53
1427 0 54
1429 0 54
1437 0 63
1438 0 63
1439 0 52
1440 0 52
1441 0 53
1442 0 53
1443 0 63
1445 0 63
1446 0 53
1450 0 52
1451 0 52
1453 0 63
1455 0 52
1456 0 53
1457 0 53
1458 0 52
1460 0 53
1461 0 53
1462 0 53
1463 0 53
1464 0 63
1467 0 53
1468 0 63
1472 0 63
1473 0 53
1474 0 53
1480 0 52
1481 0 52
1483 0 64
1485 0 52
1486 0 53
1487 0 53
1488 0 52
1490 0 54
1491 0 55
1492 0 53
1493 0 54
1495 0 63
1496 0 63
1497 0 52
1498 0 52
1499 0 53
1500 0 53
1502 0 52
1503 0 53
1504 0 53
1505 0 52
1507 0 53
1508 0 53
1509 0 53
1510 0 53
1511 0 52
1513 0 53
1514 0 55
1515 0 52
1516 0 53
1518 0 53
1519 0 53
1520 0 55
1521 0 55
1522 0 56
1523 0 56
1524 0 53
1526 0 53
1527 0 56
1531 0 53
1532 0 53
1534 0 65
1536 0 52
1537 0 53
1538 0 53
1539 0 53
1541 0 54
1542 0 56
1543 0 53
1544 0 54
1555 0 63
1557 0 63
1558 0 53
1562 0 64
1563 0 63
1564 0 53
1565 0 53
1567 0 65
1569 0 64
1570 0 65
1571 0 65
1572 0 63
1574 0 65
1575 0 64
1583 0 63
1584 0 63
1585 0 52
1586 0 52
1587 0 53
1588 0 53
1589 0 63
1591 0 63
1592 0 53
1596 0 53
1597 0 53
1599 0 65
1601 0 53
1602 0 54
1603 0 54
1604 0 53
1606 0 55
1607 0 56
1608 0 54
1609 0 55
1611 0 64
1612 0 64
1613 0 53
1614 0 53
1615 0 54
1616 0 54
1631 0 52
1633 0 52
1635 0 52
1637 0 52
1638 0 52
1640 0 55
1642 0 52
1646 0 64
1648 0 52
1650 0 53
1652 0 53
1658 0 52
1660 0 53
1661 0 52
1663 0 53
1665 0 53
1667 0 53
1671 0 52
1673 0 55
1675 0 52
1679 0 54
1681 0 55
1683 0 55
1685 0 53
1687 0 54
1688 0 53
1690 0 54
1693 0 63
1695 0 52
1697 0 52
1699 0 53
1700 0 63
1702 0 53
1705 0 52
1707 0 52
1709 0 52
1711 0 53
1712 0 52
1714 0 53
1716 0 53
1718 0 53
1724 0 52
1725 0 52
1726 0 53
1727 0 52
1728 0 52
1729 0 53
1731 0 53
1732 0 63
1733 0 53
1737 0 52
1738 0 52
1739 0 55
1740 0 52
1741 0 52
1742 0 53
1744 0 52
1745 0 53
1747 0 55
1748 0 52
1749 0 55
1750 0 55
1751 0 56
1752 0 53
1753 0 53
1754 0 56
1755 0 53
1757 0 53
1758 0 63
1759 0 53
1760 0 64
1761 0 53
1762 0 54
1763 0 53
1764 0 53
1765 0 53
1766 0 56
1767 0 53
1768 0 53
1769 0 54
1773 0 52
1774 0 52
1775 0 55
1776 0 52
1777 0 52
1778 0 53
1780 0 52
1781 0 53
1783 0 55
1784 0 52
1785 0 55
1786 0 53
1787 0 52
1788 0 52
1789 0 53
1790 0 52
1791 0 52
1792 0 53
1794 0 52
1795 0 53
1797 0 55
1798 0 52
1799 0 55
1800 0 55
1801 0 56
1802 0 53
1803 0 53
1804 0 56
1805 0 53
1807 0 55
1808 0 52
1809 0 55
1810 0 52
1811 0 55
1812 0 55
1813 0 56
1814 0 55
1815 0 55
1816 0 56
1818 0 56
1819 0 53
1820 0 56
1824 0 53
1825 0 53
1826 0 56
1827 0 53
1828 0 53
1829 0 54
1831 0 52
1832 0 53
1834 0 56
1835 0 53
1836 0 56
1837 0 53
1852 0 53
1853 0 63
1854 0 53
1856 0 53
1857 0 54
1858 0 53
1859 0 53
1860 0 53
1861 0 56
1862 0 53
1863 0 53
1864 0 54
1866 0 63
1867 0 65
1869 0 53
1870 0 63
1871 0 54
1872 0 55
1873 0 54
1879 0 52
1880 0 52
1881 0 53
1882 0 52
1883 0 52
1884 0 53
1886 0 53
1887 0 63
1888 0 53
1892 0 53
1893 0 53
1894 0 56
1895 0 53
1896 0 53
1897 0 54
1899 0 53
1900 0 54
1902 0 56
1903 0 53
1904 0 56
1905 0 54
1906 0 53
1907 0 53
1908 0 54
1909 0 53
1910 0 53
1911 0 54
1966 0 63
1967 0 52
1968 0 53
1969 0 53
1970 0 63
1971 0 53
1973 0 52
1974 0 63
1976 0 53
1977 0 53
1978 0 53
1979 0 53
1981 0 53
1984 0 53
1987 0 52
1988 0 64
1990 0 53
1991 0 53
1992 0 54
1993 0 55
1994 0 54
1995 0 63
1996 0 52
1997 0 53
1998 0 53
2000 0 53
2001 0 53
2002 0 53
2003 0 53
2004 0 53
2005 0 55
2006 0 53
2007 0 53
2008 0 55
2009 0 56
2010 0 56
2011 0 53
2012 0 56
2014 0 53
2015 0 65
2017 0 53
2018 0 53
2019 0 54
2020 0 56
2021 0 54
2027 0 63
2028 0 53
2030 0 64
2031 0 53
2032 0 65
2034 0 65
2035 0 65
2036 0 65
2040 0 63
2041 0 52
2042 0 53
2043 0 53
2044 0 63
2045 0 53
2047 0 53
2048 0 65
2050 0 54
2051 0 54
2052 0 55
2053 0 56
2054 0 55
2055 0 64
2056 0 53
2057 0 54
2058 0 54
2083 0 52
2084 0 63
2086 0 52
2087 0 53
2088 0 52
2089 0 55
2090 0 53
2091 0 63
2092 0 54
2093 0 53
2094 0 54
2096 0 52
2097 0 53
2098 0 52
2099 0 52
2100 0 52
2101 0 55
2102 0 53
2103 0 52
2104 0 55
2105 0 53
2107 0 53
2108 0 54
2109 0 53
2113 0 63
2114 0 54
2115 0 53
2116 0 54
2117 0 63
2118 0 55
2120 0 52
2121 0 63
2123 0 53
2124 0 54
2125 0 53
2126 0 53
2141 0 53
2142 0 53
2143 0 53
2144 0 53
2145 0 53
2146 0 55
2147 0 53
2148 0 53
2149 0 55
2150 0 56
2151 0 56
2152 0 53
2153 0 56
2155 0 53
2156 0 65
2158 0 53
2159 0 53
2160 0 54
2161 0 56
2162 0 54
2168 0 53
2169 0 55
2170 0 54
2171 0 53
2172 0 55
2173 0 54
2175 0 54
2176 0 55
2177 0 54
2181 0 53
2182 0 55
2183 0 56
2184 0 56
2185 0 53
2186 0 56
2188 0 55
2189 0 55
2191 0 56
2192 0 56
2193 0 56
2194 0 56
2195 0 54
2196 0 56
2197 0 55
2198 0 54
2199 0 56
2200 0 55
2202 0 53
2203 0 64
2205 0 53
2206 0 54
2207 0 53
2208 0 56
2209 0 54
2210 0 64
2211 0 55
2212 0 54
2213 0 55
2215 0 53
2216 0 54
2217 0 53
2218 0 53
2219 0 53
2220 0 56
2221 0 54
2222 0 53
2223 0 56
2224 0 54
2226 0 54
2227 0 55
2228 0 54
2232 0 53
2233 0 53
2235 0 64
2237 0 53
2238 0 53
2239 0 54
2240 0 53
2242 0 53
2243 0 56
2244 0 54
2245 0 54
2247 0 64
2248 0 65
2249 0 55
2250 0 54
2251 0 54
2252 0 55
2254 0 53
2255 0 53
2256 0 54
2257 0 53
2259 0 53
2260 0 54
2261 0 53
2262 0 53
2263 0 53
2265 0 53
2266 0 56
2267 0 54
2268 0 54
2270 0 53
2271 0 53
2272 0 56
2273 0 56
2275 0 54
2277 0 54
2278 0 54
2279 0 55
2280 0 53
2282 0 54
2283 0 54
2292 0 63
2294 0 53
2295 0 63
2297 0 63
2298 0 53
2299 0 53
2302 0 63
2303 0 64
2304 0 63
2306 0 64
2312 0 64
2313 0 53
2314 0 52
2315 0 53
2318 0 54
2321 0 53
2322 0 53
2325 0 52
2326 0 53
2327 0 53
2329 0 56
2330 0 53
2332 0 65
2333 0 54
2334 0 53
2335 0 54
2337 0 63
2338 0 64
2339 0 64
2341 0 65
2342 0 65
2343 0 65
2344 0 63
2346 0 55
2347 0 63
2349 0 65
2350 0 54
2351 0 53
2352 0 54
2355 0 55
2361 0 63
2362 0 53
2363 0 52
2364 0 53
2367 0 54
2370 0 53
2371 0 53
2374 0 52
2375 0 53
2376 0 54
2378 0 55
2379 0 54
2380 0 54
2381 0 63
2383 0 53
2384 0 63
2386 0 63
2387 0 53
2388 0 53
2392 0 53
2393 0 53
2396 0 52
2397 0 53
2398 0 53
2400 0 56
2401 0 53
2403 0 65
2404 0 54
2405 0 53
2406 0 54
2408 0 52
2409 0 53
2410 0 53
2412 0 54
2413 0 53
2414 0 53
2415 0 53
2417 0 56
2418 0 53
2420 0 53
2421 0 56
2422 0 56
2425 0 53
2426 0 54
2427 0 53
2429 0 54
2436 0 54
2437 0 53
2438 0 54
2441 0 55
2444 0 53
2445 0 53
2448 0 53
2449 0 54
2450 0 54
2452 0 55
2453 0 54
2454 0 54
2474 0 52
2476 0 52
2478 0 63
2479 0 52
2481 0 53
2482 0 52
2483 0 52
2485 0 52
2486 0 55
2488 0 52
2490 0 53
2494 0 64
2497 0 52
2499 0 53
2501 0 54
2502 0 53
2510 0 52
2512 0 53
2513 0 53
2514 0 52
2516 0 53
2517 0 53
2520 0 53
2522 0 53
2527 0 52
2529 0 52
2530 0 55
2532 0 52
2534 0 53
2537 0 54
2538 0 54
2541 0 55
2543 0 55
2545 0 55
2546 0 53
2548 0 54
2549 0 54
2550 0 53
2552 0 54
2553 0 54
2556 0 63
2557 0 63
2560 0 52
2562 0 52
2564 0 53
2565 0 53
2566 0 63
2568 0 63
2569 0 53
2573 0 52
2575 0 52
2577 0 63
2578 0 52
2580 0 53
2581 0 53
2582 0 52
2584 0 53
2585 0 53
2588 0 53
2590 0 53
2598 0 52
2599 0 52
2600 0 53
2601 0 53
2602 0 52
2603 0 52
2604 0 53
2605 0 53
2608 0 53
2609 0 63
2610 0 53
2615 0 52
2616 0 52
2617 0 52
2618 0 55
2619 0 52
2620 0 52
2621 0 53
2622 0 53
2624 0 52
2625 0 53
2626 0 53
2629 0 55
2630 0 52
2631 0 55
2632 0 55
2633 0 56
2634 0 56
2635 0 53
2636 0 53
2637 0 53
2638 0 56
2639 0 53
2642 0 53
2643 0 63
2644 0 53
2645 0 64
2646 0 65
2647 0 53
2648 0 54
2649 0 54
2650 0 53
2651 0 53
2652 0 53
2653 0 53
2654 0 56
2655 0 53
2656 0 53
2657 0 54
2658 0 54
2663 0 52
2664 0 52
2665 0 52
2666 0 55
2667 0 52
2668 0 52
2669 0 53
2670 0 53
2672 0 52
2673 0 53
2674 0 53
2677 0 55
2678 0 52
2679 0 55
2680 0 53
2681 0 54
2682 0 52
2683 0 52
2684 0 53
2685 0 53
2686 0 52
2687 0 52
2688 0 53
2689 0 53
2691 0 52
2692 0 53
2693 0 53
2696 0 55
2697 0 52
2698 0 55
2699 0 55
2700 0 56
2701 0 56
2702 0 53
2703 0 53
2704 0 53
2705 0 56
2706 0 53
2709 0 55
2710 0 52
2711 0 55
2712 0 52
2713 0 53
2714 0 55
2715 0 55
2716 0 56
2717 0 56
2718 0 55
2719 0 55
2720 0 56
2721 0 56
2724 0 56
2725 0 53
2726 0 56
2731 0 53
2732 0 53
2733 0 53
2734 0 56
2735 0 53
2736 0 53
2737 0 54
2738 0 54
2740 0 52
2741 0 53
2742 0 53
2745 0 56
2746 0 53
2747 0 56
2748 0 53
2749 0 54
2769 0 53
2770 0 63
2771 0 53
2774 0 53
2775 0 54
2776 0 54
2777 0 53
2778 0 53
2779 0 53
2780 0 53
2781 0 56
2782 0 53
2783 0 53
2784 0 54
2785 0 54
2787 0 63
2789 0 65
2792 0 53
2793 0 63
2794 0 54
2795 0 55
2796 0 55
2797 0 54
2805 0 52
2806 0 52
2807 0 53
2808 0 53
2809 0 52
2810 0 52
2811 0 53
2812 0 53
2815 0 53
2816 0 63
2817 0 53
2822 0 53
2823 0 53
2824 0 53
2825 0 56
2826 0 53
2827 0 53
2828 0 54
2829 0 54
2831 0 53
2832 0 54
2833 0 54
2836 0 56
2837 0 53
2838 0 56
2839 0 54
2840 0 55
2841 0 53
2842 0 53
2843 0 54
2844 0 54
2845 0 53
2846 0 53
2847 0 54
2848 0 54
