106 0 9
107 0 9
108 0 9
112 0 9
114 0 9
115 0 10
127 0 9
130 0 10
133 0 9
141 0 9
152 0 10
154 0 8
156 0 9
157 0 9
159 0 9
160 0 10
161 0 9
164 0 9
165 0 9
166 0 9
224 0 9
231 0 10
232 0 9
238 0 10
240 0 11
241 0 9
243 0 11
244 0 10
252 0 9
253 0 9
254 0 9
258 0 9
260 0 9
261 0 10
268 0 11
270 0 9
272 0 10
273 0 10
275 0 10
276 0 11
277 0 10
280 0 10
281 0 10
282 0 10
336 0 9
339 0 9
341 0 8
343 0 9
346 0 9
347 0 10
348 0 9
351 0 9
352 0 10
353 0 9
358 0 8
360 0 9
361 0 8
363 0 9
364 0 9
365 0 9
395 0 9
397 0 9
403 0 9
404 0 10
408 0 9
411 0 9
413 0 9
415 0 10
416 0 9
418 0 10
419 0 10
420 0 10
447 0 9
449 0 10
458 0 9
459 0 10
460 0 9
479 0 11
481 0 9
483 0 10
486 0 10
487 0 11
488 0 10
500 0 9
502 0 9
503 0 10
504 0 9
507 0 9
508 0 9
514 0 9
516 0 10
517 0 9
519 0 10
520 0 10
528 0 10
530 0 10
536 0 10
537 0 11
541 0 10
544 0 10
546 0 10
548 0 11
549 0 10
551 0 11
552 0 11
553 0 11
555 0 10
557 0 10
558 0 11
559 0 10
562 0 10
563 0 10
571 0 10
574 0 10
576 0 9
578 0 10
581 0 10
582 0 11
583 0 10
586 0 10
587 0 11
588 0 10
593 0 9
595 0 10
596 0 9
598 0 10
599 0 10
600 0 10
631 0 9
633 0 10
634 0 9
636 0 9
641 0 9
642 0 10
643 0 9
645 0 10
651 0 10
652 0 9
657 0 10
664 0 9
665 0 10
668 0 11
669 0 10
671 0 11
672 0 10
676 0 9
677 0 10
678 0 10
680 0 11
681 0 11
685 0 10
686 0 9
701 0 9
706 0 10
709 0 9
713 0 9
714 0 10
715 0 9
717 0 10
718 0 10
720 0 9
722 0 10
723 0 9
725 0 9
846 0 9
848 0 9
855 0 9
857 0 10
859 0 9
863 0 9
870 0 8
871 0 9
873 0 9
875 0 9
903 0 9
907 0 9
910 0 10
911 0 9
913 0 10
918 0 9
920 0 9
926 0 9
927 0 10
929 0 10
931 0 10
961 0 8
964 0 9
966 0 10
968 0 8
969 0 8
971 0 9
996 0 9
997 0 9
999 0 10
1012 0 9
1019 0 9
1029 0 9
1032 0 10
1038 0 9
1040 0 9
1042 0 9
1045 0 9
1046 0 9
1048 0 10
1061 0 10
1062 0 10
1064 0 11
1066 0 10
1068 0 10
1070 0 10
1077 0 9
1080 0 10
1082 0 11
1084 0 9
1085 0 9
1087 0 10
1105 0 9
1107 0 9
1109 0 9
1112 0 9
1113 0 9
1115 0 10
1120 0 10
1128 0 9
1131 0 10
1133 0 11
1135 0 9
1136 0 10
1138 0 11
1142 0 9
1160 0 9
1161 0 9
1163 0 10
1165 0 9
1167 0 9
1169 0 9
1241 0 9
1245 0 9
1248 0 9
1255 0 9
1270 0 9
1274 0 9
1278 0 9
1282 0 10
1302 0 8
1317 0 9
1338 0 9
1342 0 9
1350 0 10
1353 0 10
1362 0 9
1374 0 9
1378 0 9
1388 0 10
1400 0 9
1403 0 9
1437 0 9
1438 0 9
1439 0 9
1443 0 9
1445 0 9
1446 0 10
1458 0 9
1461 0 10
1464 0 9
1472 0 9
1483 0 10
1485 0 8
1487 0 9
1488 0 9
1490 0 9
1491 0 10
1492 0 9
1495 0 9
1496 0 9
1497 0 9
1555 0 9
1562 0 10
1563 0 9
1569 0 10
1571 0 11
1572 0 9
1574 0 11
1575 0 10
1583 0 9
1584 0 9
1585 0 9
1589 0 9
1591 0 9
1592 0 10
1599 0 11
1601 0 9
1603 0 10
1604 0 10
1606 0 10
1607 0 11
1608 0 10
1611 0 10
1612 0 10
1613 0 10
1635 0 8
1646 0 10
1650 0 9
1658 0 8
1661 0 8
1667 0 9
1671 0 9
1675 0 9
1679 0 9
1683 0 10
1685 0 9
1688 0 9
1693 0 9
1697 0 9
1700 0 9
1707 0 9
1725 0 9
1732 0 9
1738 0 8
1742 0 9
1748 0 9
1750 0 10
1753 0 9
1758 0 9
1760 0 10
1762 0 9
1774 0 8
1778 0 9
1780 0 8
1784 0 9
1786 0 9
1788 0 9
1853 0 9
1857 0 9
1870 0 9
1872 0 10
1880 0 9
1887 0 9
1893 0 9
1897 0 10
1899 0 9
1903 0 10
1905 0 10
1907 0 10
1966 0 9
1967 0 9
1970 0 9
1971 0 10
1988 0 10
1991 0 9
1992 0 9
1993 0 10
1995 0 9
1996 0 9
2030 0 10
2035 0 11
2036 0 11
2040 0 9
2041 0 9
2044 0 9
2045 0 10
2048 0 11
2051 0 10
2052 0 10
2053 0 11
2055 0 10
2056 0 10
2083 0 9
2084 0 9
2087 0 9
2088 0 9
2089 0 10
2091 0 9
2092 0 9
2097 0 9
2098 0 9
2099 0 9
2113 0 9
2114 0 9
2117 0 9
2118 0 10
2120 0 9
2121 0 9
2124 0 10
2125 0 10
2126 0 10
2142 0 10
2145 0 9
2146 0 10
2156 0 11
2159 0 10
2160 0 10
2161 0 11
2168 0 9
2169 0 10
2171 0 9
2176 0 10
2177 0 10
2181 0 10
2182 0 10
2185 0 10
2186 0 11
2188 0 10
2189 0 10
2192 0 11
2193 0 11
2194 0 11
2195 0 10
2196 0 11
2198 0 10
2202 0 10
2203 0 10
2206 0 10
2207 0 10
2208 0 11
2210 0 10
2211 0 10
2216 0 10
2217 0 10
2218 0 10
2232 0 10
2235 0 10
2237 0 9
2239 0 10
2242 0 10
2243 0 11
2244 0 10
2247 0 10
2248 0 11
2249 0 10
2254 0 9
2256 0 10
2257 0 9
2259 0 10
2260 0 10
2261 0 10
2292 0 9
2294 0 10
2295 0 9
2297 0 9
2302 0 9
2303 0 10
2304 0 9
2306 0 10
2312 0 10
2313 0 9
2318 0 10
2325 0 9
2326 0 10
2329 0 11
2330 0 10
2332 0 11
2333 0 10
2337 0 9
2338 0 10
2339 0 10
2341 0 11
2342 0 11
2346 0 10
2347 0 9
2362 0 9
2367 0 10
2370 0 9
2374 0 9
2375 0 10
2376 0 9
2378 0 10
2379 0 10
2381 0 9
2383 0 10
2384 0 9
2386 0 9
2479 0 8
2481 0 9
2494 0 10
2499 0 9
2501 0 10
2510 0 8
2512 0 9
2514 0 8
2522 0 9
2527 0 9
2529 0 9
2532 0 9
2534 0 10
2537 0 9
2538 0 9
2543 0 10
2545 0 10
2546 0 9
2548 0 10
2550 0 9
2556 0 9
2557 0 9
2562 0 9
2564 0 10
2566 0 9
2568 0 9
2575 0 9
2577 0 9
2599 0 9
2609 0 9
2616 0 8
2621 0 9
2630 0 9
2632 0 10
2636 0 9
2643 0 9
2645 0 10
2648 0 9
2664 0 8
2669 0 9
2672 0 8
2678 0 9
2680 0 9
2683 0 9
2770 0 9
2775 0 9
2793 0 9
2795 0 10
2806 0 9
2816 0 9
2823 0 9
2828 0 10
2831 0 9
2837 0 10
2839 0 10
2842 0 10
