106 0 12
107 0 12
109 0 11
110 0 12
111 0 12
112 0 12
114 0 12
119 0 11
120 0 11
122 0 12
124 0 11
125 0 12
126 0 12
131 0 12
132 0 12
133 0 12
137 0 12
141 0 12
142 0 12
143 0 12
149 0 11
150 0 11
152 0 13
164 0 12
165 0 12
171 0 11
172 0 12
173 0 12
174 0 11
176 0 12
177 0 12
178 0 12
179 0 12
180 0 11
184 0 11
187 0 12
188 0 12
190 0 11
191 0 12
192 0 12
193 0 12
195 0 12
200 0 12
201 0 12
203 0 14
205 0 11
207 0 12
208 0 12
212 0 12
224 0 12
226 0 12
231 0 13
232 0 12
233 0 12
234 0 12
236 0 14
238 0 13
239 0 14
240 0 14
241 0 12
243 0 14
244 0 13
252 0 12
253 0 12
258 0 12
260 0 12
265 0 12
266 0 12
268 0 14
280 0 13
281 0 13
337 0 11
339 0 12
344 0 11
351 0 12
352 0 13
359 0 11
366 0 11
367 0 11
369 0 11
377 0 11
395 0 12
399 0 12
401 0 12
403 0 12
409 0 11
411 0 12
414 0 12
421 0 12
448 0 12
450 0 11
452 0 12
453 0 12
455 0 12
456 0 11
463 0 12
464 0 12
467 0 12
469 0 12
471 0 12
477 0 12
479 0 14
484 0 12
572 0 12
574 0 13
579 0 12
586 0 13
587 0 14
594 0 12
601 0 12
602 0 12
604 0 12
612 0 12
631 0 12
634 0 12
636 0 12
637 0 12
638 0 12
641 0 12
642 0 13
643 0 12
645 0 13
651 0 13
660 0 12
661 0 12
671 0 14
676 0 12
677 0 13
678 0 13
680 0 14
681 0 14
682 0 14
683 0 12
686 0 12
688 0 14
700 0 12
702 0 11
703 0 12
720 0 12
723 0 12
725 0 12
726 0 12
727 0 12
731 0 12
732 0 12
735 0 11
736 0 12
737 0 12
740 0 12
742 0 14
754 0 12
757 0 12
760 0 12
761 0 12
846 0 12
847 0 11
848 0 12
852 0 11
854 0 11
858 0 12
859 0 12
861 0 12
863 0 12
864 0 12
868 0 11
875 0 12
877 0 11
878 0 11
880 0 12
881 0 12
882 0 11
884 0 11
886 0 12
887 0 11
888 0 12
892 0 12
894 0 11
895 0 12
897 0 12
903 0 12
907 0 12
908 0 12
910 0 13
911 0 12
913 0 13
918 0 12
920 0 12
924 0 12
931 0 13
959 0 11
962 0 11
966 0 13
972 0 11
973 0 11
978 0 11
990 0 12
994 0 11
1000 0 12
1013 0 11
1015 0 12
1016 0 12
1017 0 11
1021 0 12
1023 0 12
1027 0 12
1030 0 12
1075 0 12
1078 0 12
1082 0 14
1088 0 12
1089 0 12
1094 0 12
1105 0 12
1107 0 12
1109 0 12
1110 0 12
1112 0 12
1113 0 12
1115 0 13
1120 0 13
1126 0 12
1133 0 14
1135 0 12
1136 0 13
1138 0 14
1139 0 14
1140 0 12
1142 0 12
1144 0 14
1152 0 12
1153 0 11
1165 0 12
1167 0 12
1169 0 12
1170 0 12
1174 0 12
1176 0 11
1177 0 12
1179 0 12
1181 0 14
1188 0 12
1190 0 12
1193 0 12
1241 0 12
1243 0 11
1247 0 12
1248 0 12
1250 0 12
1253 0 11
1257 0 11
1259 0 12
1260 0 11
1262 0 12
1264 0 12
1266 0 12
1270 0 12
1272 0 12
1274 0 12
1278 0 12
1280 0 12
1298 0 11
1300 0 11
1304 0 11
1305 0 11
1307 0 11
1313 0 12
1315 0 11
1319 0 12
1325 0 11
1327 0 12
1328 0 11
1330 0 12
1332 0 12
1334 0 12
1358 0 12
1360 0 12
1364 0 12
1365 0 12
1367 0 12
1374 0 12
1376 0 12
1378 0 12
1384 0 12
1388 0 13
1390 0 14
1391 0 12
1403 0 12
1405 0 12
1408 0 12
1410 0 12
1415 0 12
1417 0 12
1437 0 12
1438 0 12
1440 0 11
1441 0 12
1442 0 12
1443 0 12
1445 0 12
1450 0 11
1451 0 11
1453 0 12
1455 0 11
1456 0 12
1457 0 12
1462 0 12
1463 0 12
1464 0 12
1468 0 12
1472 0 12
1473 0 12
1474 0 12
1480 0 11
1481 0 11
1483 0 13
1495 0 12
1496 0 12
1502 0 11
1503 0 12
1504 0 12
1505 0 11
1507 0 12
1508 0 12
1509 0 12
1510 0 12
1511 0 11
1515 0 11
1518 0 12
1519 0 12
1521 0 11
1522 0 12
1523 0 12
1524 0 12
1526 0 12
1531 0 12
1532 0 12
1534 0 14
1536 0 11
1538 0 12
1539 0 12
1543 0 12
1555 0 12
1557 0 12
1562 0 13
1563 0 12
1564 0 12
1565 0 12
1567 0 14
1569 0 13
1570 0 14
1571 0 14
1572 0 12
1574 0 14
1575 0 13
1583 0 12
1584 0 12
1589 0 12
1591 0 12
1596 0 12
1597 0 12
1599 0 14
1611 0 13
1612 0 13
1631 0 11
1633 0 11
1638 0 11
1640 0 11
1642 0 11
1646 0 13
1693 0 12
1700 0 12
1705 0 11
1709 0 11
1724 0 11
1726 0 12
1727 0 11
1728 0 11
1729 0 12
1731 0 12
1732 0 12
1733 0 12
1737 0 11
1739 0 11
1741 0 11
1744 0 11
1745 0 12
1752 0 12
1754 0 12
1757 0 12
1758 0 12
1759 0 12
1760 0 13
1763 0 12
1764 0 12
1766 0 12
1773 0 11
1775 0 11
1776 0 11
1790 0 11
1791 0 11
1794 0 11
1795 0 12
1797 0 11
1798 0 11
1801 0 12
1802 0 12
1804 0 12
1807 0 11
1811 0 11
1813 0 12
1814 0 11
1815 0 11
1816 0 12
1818 0 12
1820 0 12
1824 0 12
1826 0 12
1832 0 12
1834 0 12
1852 0 12
1853 0 12
1854 0 12
1859 0 12
1861 0 12
1862 0 12
1866 0 12
1867 0 14
1870 0 12
1882 0 11
1883 0 11
1886 0 12
1887 0 12
1888 0 12
1892 0 12
1894 0 12
1895 0 12
1909 0 12
1910 0 12
1966 0 12
1968 0 12
1969 0 12
1970 0 12
1973 0 11
1974 0 12
1976 0 12
1977 0 12
1979 0 12
1984 0 12
1987 0 11
1988 0 13
1995 0 12
2000 0 12
2001 0 12
2002 0 12
2003 0 12
2007 0 12
2009 0 12
2010 0 12
2011 0 12
2014 0 12
2015 0 14
2018 0 12
2027 0 12
2030 0 13
2031 0 12
2032 0 14
2034 0 14
2035 0 14
2036 0 14
2040 0 12
2044 0 12
2047 0 12
2048 0 14
2055 0 13
2084 0 12
2091 0 12
2096 0 11
2100 0 11
2113 0 12
2115 0 12
2117 0 12
2121 0 12
2123 0 12
2141 0 12
2143 0 12
2148 0 12
2150 0 12
2152 0 12
2156 0 14
2203 0 13
2210 0 13
2215 0 12
2219 0 12
2233 0 12
2235 0 13
2240 0 12
2247 0 13
2248 0 14
2255 0 12
2262 0 12
2263 0 12
2265 0 12
2273 0 12
2292 0 12
2295 0 12
2297 0 12
2298 0 12
2299 0 12
2302 0 12
2303 0 13
2304 0 12
2306 0 13
2312 0 13
2321 0 12
2322 0 12
2332 0 14
2337 0 12
2338 0 13
2339 0 13
2341 0 14
2342 0 14
2343 0 14
2344 0 12
2347 0 12
2349 0 14
2361 0 12
2363 0 11
2364 0 12
2381 0 12
2384 0 12
2386 0 12
2387 0 12
2388 0 12
2392 0 12
2393 0 12
2396 0 11
2397 0 12
2398 0 12
2401 0 12
2403 0 14
2415 0 12
2418 0 12
2421 0 12
2422 0 12
2474 0 11
2476 0 11
2478 0 12
2483 0 11
2485 0 11
2486 0 11
2488 0 11
2490 0 12
2494 0 13
2556 0 12
2557 0 12
2566 0 12
2568 0 12
2573 0 11
2577 0 12
2578 0 11
2580 0 12
2584 0 12
2598 0 11
2600 0 12
2601 0 12
2602 0 11
2603 0 11
2604 0 12
2605 0 12
2608 0 12
2609 0 12
2610 0 12
2615 0 11
2617 0 11
2618 0 11
2620 0 11
2622 0 12
2624 0 11
2625 0 12
2626 0 12
2635 0 12
2637 0 12
2638 0 12
2642 0 12
2643 0 12
2644 0 12
2645 0 13
2646 0 14
2650 0 12
2651 0 12
2654 0 12
2663 0 11
2666 0 11
2667 0 11
2686 0 11
2687 0 11
2691 0 11
2692 0 12
2693 0 12
2696 0 11
2697 0 11
2701 0 12
2702 0 12
2704 0 12
2705 0 12
2709 0 11
2714 0 11
2716 0 12
2717 0 12
2718 0 11
2719 0 11
2720 0 12
2721 0 12
2724 0 12
2726 0 12
2731 0 12
2734 0 12
2742 0 12
2745 0 12
2769 0 12
2770 0 12
2771 0 12
2778 0 12
2781 0 12
2782 0 12
2787 0 12
2789 0 14
2793 0 12
2809 0 11
2810 0 11
2815 0 12
2816 0 12
2817 0 12
2822 0 12
2825 0 12
2826 0 12
2845 0 12
2846 0 12
