106 0 15
107 0 15
108 0 14
109 0 13
111 0 14
112 0 15
114 0 15
115 0 15
119 0 14
120 0 13
122 0 15
124 0 14
126 0 15
127 0 14
130 0 15
131 0 15
132 0 14
133 0 15
137 0 15
141 0 15
149 0 14
150 0 14
152 0 16
154 0 13
155 0 14
156 0 14
157 0 14
159 0 15
160 0 15
161 0 14
162 0 15
164 0 15
165 0 15
166 0 14
167 0 13
169 0 14
171 0 14
172 0 14
173 0 15
174 0 14
177 0 15
179 0 14
180 0 13
182 0 14
183 0 15
184 0 14
185 0 14
201 0 14
203 0 17
205 0 14
206 0 14
207 0 15
208 0 14
210 0 15
211 0 16
212 0 15
213 0 15
224 0 15
226 0 15
231 0 16
232 0 15
236 0 17
238 0 16
239 0 17
240 0 17
241 0 15
243 0 17
244 0 16
252 0 15
253 0 15
254 0 14
255 0 13
257 0 14
258 0 15
260 0 15
261 0 15
265 0 15
266 0 15
268 0 17
270 0 14
271 0 15
272 0 15
273 0 15
275 0 16
276 0 16
277 0 15
278 0 16
280 0 16
281 0 16
282 0 15
283 0 14
285 0 15
336 0 14
337 0 14
339 0 15
341 0 13
342 0 13
343 0 14
344 0 14
346 0 14
347 0 15
348 0 14
349 0 14
351 0 15
352 0 16
353 0 15
354 0 14
356 0 15
358 0 13
359 0 14
360 0 14
361 0 13
363 0 14
364 0 14
365 0 14
366 0 14
367 0 13
369 0 14
370 0 15
371 0 14
372 0 14
374 0 13
375 0 13
381 0 14
382 0 14
383 0 15
384 0 13
386 0 14
387 0 14
395 0 15
397 0 15
398 0 14
400 0 15
401 0 15
403 0 15
404 0 16
408 0 14
409 0 14
411 0 15
413 0 14
414 0 15
415 0 15
416 0 14
418 0 15
419 0 15
420 0 15
421 0 15
447 0 14
448 0 14
449 0 15
450 0 14
452 0 15
453 0 15
456 0 14
458 0 14
459 0 15
460 0 14
461 0 14
463 0 15
465 0 15
471 0 15
472 0 16
479 0 17
481 0 14
482 0 14
483 0 15
484 0 15
486 0 15
487 0 16
488 0 15
489 0 15
500 0 14
502 0 14
503 0 15
504 0 15
505 0 15
507 0 14
508 0 14
509 0 15
512 0 15
514 0 15
515 0 15
516 0 16
517 0 14
519 0 15
520 0 15
528 0 15
530 0 15
531 0 15
533 0 16
536 0 15
537 0 16
541 0 15
542 0 15
544 0 16
546 0 15
547 0 16
548 0 16
549 0 15
551 0 16
552 0 16
553 0 16
554 0 16
555 0 15
557 0 15
558 0 16
559 0 16
560 0 16
562 0 15
563 0 15
564 0 16
567 0 16
571 0 15
572 0 15
574 0 16
576 0 14
577 0 14
578 0 15
579 0 15
581 0 15
582 0 16
583 0 15
584 0 15
586 0 16
587 0 17
588 0 16
589 0 15
591 0 16
593 0 14
594 0 15
595 0 15
596 0 14
598 0 15
599 0 15
600 0 15
601 0 15
602 0 14
604 0 15
605 0 16
606 0 15
607 0 15
609 0 14
610 0 14
616 0 15
617 0 15
618 0 16
619 0 14
621 0 15
622 0 15
631 0 15
633 0 15
634 0 15
636 0 15
637 0 15
641 0 15
642 0 16
643 0 15
645 0 16
651 0 16
652 0 14
653 0 13
654 0 14
657 0 15
660 0 15
664 0 14
665 0 15
668 0 16
669 0 15
671 0 17
672 0 15
673 0 14
674 0 15
676 0 15
677 0 16
678 0 16
680 0 17
681 0 17
682 0 17
683 0 15
685 0 16
686 0 15
688 0 17
689 0 15
694 0 16
700 0 15
701 0 14
702 0 14
703 0 15
706 0 15
709 0 14
710 0 14
713 0 14
714 0 15
715 0 15
717 0 16
718 0 15
719 0 15
720 0 15
722 0 15
723 0 15
725 0 15
726 0 15
731 0 14
732 0 14
735 0 14
736 0 15
739 0 16
740 0 15
742 0 17
743 0 15
744 0 14
745 0 15
747 0 13
748 0 14
749 0 14
751 0 15
752 0 14
753 0 14
775 0 15
776 0 14
777 0 15
780 0 16
783 0 14
784 0 14
787 0 14
788 0 15
789 0 15
791 0 16
792 0 15
793 0 15
846 0 15
847 0 13
848 0 15
852 0 13
854 0 14
855 0 14
857 0 15
858 0 14
859 0 15
861 0 15
863 0 15
868 0 14
870 0 13
871 0 14
873 0 14
875 0 15
876 0 13
877 0 14
878 0 14
880 0 15
881 0 14
882 0 13
884 0 14
892 0 14
894 0 14
895 0 14
897 0 15
903 0 15
907 0 15
910 0 16
911 0 15
913 0 16
918 0 15
919 0 13
920 0 15
924 0 15
926 0 14
927 0 15
929 0 15
931 0 16
932 0 14
959 0 14
961 0 13
962 0 14
964 0 14
966 0 16
967 0 14
968 0 13
969 0 13
971 0 14
972 0 14
973 0 13
975 0 14
977 0 13
980 0 14
981 0 13
983 0 14
989 0 14
990 0 15
994 0 14
996 0 14
997 0 14
999 0 15
1000 0 15
1012 0 14
1013 0 14
1015 0 15
1017 0 14
1019 0 14
1029 0 14
1030 0 15
1032 0 15
1038 0 14
1040 0 15
1042 0 14
1045 0 15
1046 0 14
1048 0 15
1054 0 15
1059 0 15
1061 0 15
1062 0 15
1064 0 16
1065 0 16
1066 0 15
1068 0 16
1070 0 15
1075 0 15
1077 0 14
1078 0 15
1080 0 15
1082 0 17
1083 0 15
1084 0 14
1085 0 14
1087 0 15
1088 0 15
1089 0 14
1091 0 15
1093 0 14
1096 0 15
1097 0 14
1099 0 15
1105 0 15
1107 0 15
1109 0 15
1112 0 15
1113 0 15
1115 0 16
1120 0 16
1121 0 13
1128 0 14
1131 0 15
1133 0 17
1134 0 14
1135 0 15
1136 0 16
1138 0 17
1139 0 17
1140 0 15
1142 0 15
1144 0 17
1152 0 15
1153 0 14
1158 0 14
1160 0 14
1161 0 15
1163 0 16
1164 0 15
1165 0 15
1167 0 15
1169 0 15
1174 0 14
1176 0 14
1179 0 15
1181 0 17
1182 0 14
1183 0 13
1184 0 14
1186 0 15
1187 0 14
1204 0 14
1209 0 14
1211 0 14
1212 0 15
1214 0 16
1215 0 15
1241 0 15
1243 0 13
1245 0 14
1247 0 14
1248 0 15
1253 0 14
1255 0 14
1257 0 14
1259 0 14
1260 0 13
1264 0 14
1266 0 14
1270 0 15
1274 0 15
1278 0 15
1280 0 15
1282 0 15
1298 0 14
1300 0 14
1302 0 13
1304 0 14
1305 0 13
1309 0 13
1313 0 15
1315 0 14
1317 0 14
1319 0 15
1325 0 14
1328 0 14
1334 0 15
1338 0 14
1342 0 14
1348 0 15
1350 0 15
1352 0 16
1353 0 15
1358 0 15
1360 0 15
1362 0 14
1364 0 15
1365 0 14
1369 0 14
1374 0 15
1378 0 15
1388 0 16
1390 0 17
1391 0 15
1398 0 14
1400 0 15
1402 0 15
1403 0 15
1408 0 14
1412 0 14
1414 0 14
1425 0 14
1427 0 15
1429 0 15
1437 0 15
1438 0 15
1439 0 14
1440 0 13
1442 0 14
1443 0 15
1445 0 15
1446 0 15
1450 0 14
1451 0 13
1453 0 15
1455 0 14
1457 0 15
1458 0 14
1461 0 15
1462 0 15
1463 0 14
1464 0 15
1468 0 15
1472 0 15
1480 0 14
1481 0 14
1483 0 16
1485 0 13
1486 0 14
1487 0 14
1488 0 14
1490 0 15
1491 0 15
1492 0 14
1493 0 15
1495 0 15
1496 0 15
1497 0 14
1498 0 13
1500 0 14
1502 0 14
1503 0 14
1504 0 15
1505 0 14
1508 0 15
1510 0 14
1511 0 13
1513 0 14
1514 0 15
1515 0 14
1516 0 14
1532 0 14
1534 0 17
1536 0 14
1537 0 14
1538 0 15
1539 0 14
1541 0 15
1542 0 16
1543 0 15
1544 0 15
1555 0 15
1557 0 15
1562 0 16
1563 0 15
1567 0 17
1569 0 16
1570 0 17
1571 0 17
1572 0 15
1574 0 17
1575 0 16
1583 0 15
1584 0 15
1585 0 14
1586 0 13
1588 0 14
1589 0 15
1591 0 15
1592 0 15
1596 0 15
1597 0 15
1599 0 17
1601 0 14
1602 0 15
1603 0 15
1604 0 15
1606 0 16
1607 0 16
1608 0 15
1609 0 16
1611 0 16
1612 0 16
1613 0 15
1614 0 14
1616 0 15
1631 0 13
1633 0 14
1635 0 13
1637 0 13
1638 0 14
1642 0 14
1646 0 16
1648 0 13
1650 0 14
1652 0 14
1658 0 13
1660 0 14
1661 0 13
1663 0 14
1665 0 14
1667 0 14
1671 0 14
1675 0 14
1679 0 15
1681 0 15
1683 0 15
1685 0 14
1687 0 15
1688 0 14
1690 0 15
1693 0 15
1695 0 13
1697 0 14
1699 0 14
1700 0 15
1705 0 14
1707 0 14
1709 0 14
1711 0 14
1712 0 13
1716 0 14
1718 0 14
1724 0 13
1725 0 14
1727 0 14
1728 0 14
1729 0 14
1732 0 15
1733 0 15
1737 0 14
1738 0 13
1740 0 13
1741 0 14
1742 0 14
1744 0 14
1748 0 14
1749 0 15
1750 0 15
1752 0 15
1753 0 14
1755 0 14
1758 0 15
1760 0 16
1761 0 14
1762 0 15
1764 0 14
1765 0 14
1768 0 14
1769 0 15
1773 0 13
1774 0 13
1776 0 14
1777 0 13
1778 0 14
1780 0 13
1781 0 14
1784 0 14
1785 0 15
1786 0 14
1787 0 13
1788 0 14
1790 0 14
1791 0 14
1792 0 14
1794 0 13
1798 0 14
1800 0 15
1803 0 14
1805 0 14
1808 0 13
1810 0 13
1825 0 14
1827 0 14
1829 0 15
1831 0 13
1835 0 14
1837 0 14
1853 0 15
1856 0 14
1857 0 15
1859 0 14
1860 0 14
1863 0 14
1864 0 15
1866 0 15
1867 0 17
1870 0 15
1871 0 15
1872 0 16
1879 0 13
1880 0 14
1882 0 14
1883 0 14
1884 0 14
1887 0 15
1888 0 15
1892 0 14
1893 0 14
1895 0 15
1896 0 14
1897 0 15
1899 0 14
1900 0 15
1903 0 15
1904 0 16
1905 0 15
1906 0 14
1907 0 15
1909 0 15
1910 0 15
1911 0 15
1966 0 15
1967 0 14
1969 0 14
1970 0 15
1971 0 15
1973 0 14
1974 0 15
1977 0 15
1979 0 15
1987 0 14
1988 0 16
1990 0 14
1991 0 14
1992 0 15
1993 0 15
1994 0 15
1995 0 15
1996 0 14
1998 0 14
2000 0 14
2001 0 15
2004 0 14
2005 0 15
2006 0 14
2015 0 17
2017 0 14
2018 0 15
2019 0 15
2020 0 16
2021 0 15
2027 0 15
2030 0 16
2032 0 17
2034 0 17
2035 0 17
2036 0 17
2040 0 15
2041 0 14
2043 0 14
2044 0 15
2045 0 15
2047 0 15
2048 0 17
2050 0 15
2051 0 15
2052 0 16
2053 0 16
2054 0 16
2055 0 16
2056 0 15
2058 0 15
2083 0 14
2084 0 15
2086 0 13
2087 0 14
2088 0 14
2089 0 15
2090 0 14
2091 0 15
2092 0 15
2094 0 15
2096 0 14
2097 0 14
2098 0 14
2099 0 14
2100 0 14
2101 0 15
2102 0 14
2103 0 13
2107 0 14
2108 0 15
2109 0 14
2113 0 15
2114 0 15
2116 0 15
2117 0 15
2118 0 16
2120 0 14
2121 0 15
2123 0 15
2124 0 15
2125 0 15
2126 0 15
2141 0 14
2142 0 15
2143 0 15
2145 0 14
2146 0 15
2147 0 14
2148 0 15
2149 0 15
2152 0 15
2153 0 16
2156 0 17
2158 0 14
2159 0 15
2160 0 15
2161 0 16
2162 0 15
2168 0 14
2169 0 15
2170 0 15
2171 0 14
2172 0 15
2173 0 15
2175 0 15
2176 0 16
2177 0 15
2181 0 15
2182 0 15
2184 0 16
2185 0 15
2186 0 16
2188 0 15
2189 0 16
2191 0 16
2192 0 16
2193 0 16
2194 0 16
2195 0 15
2196 0 16
2197 0 16
2198 0 15
2199 0 16
2200 0 16
2202 0 15
2203 0 16
2205 0 14
2206 0 15
2207 0 15
2208 0 16
2209 0 15
2210 0 16
2211 0 16
2213 0 16
2215 0 15
2216 0 15
2217 0 15
2218 0 15
2219 0 15
2220 0 16
2221 0 15
2222 0 14
2226 0 15
2227 0 16
2228 0 15
2232 0 15
2233 0 15
2235 0 16
2237 0 14
2238 0 14
2239 0 15
2240 0 15
2242 0 15
2243 0 16
2244 0 15
2245 0 15
2247 0 16
2248 0 17
2249 0 16
2250 0 15
2252 0 16
2254 0 14
2255 0 15
2256 0 15
2257 0 14
2259 0 15
2260 0 15
2261 0 15
2262 0 15
2263 0 14
2265 0 15
2266 0 16
2267 0 15
2268 0 15
2270 0 14
2271 0 14
2277 0 15
2278 0 15
2279 0 16
2280 0 14
2282 0 15
2283 0 15
2292 0 15
2294 0 15
2295 0 15
2297 0 15
2298 0 15
2302 0 15
2303 0 16
2304 0 15
2306 0 16
2312 0 16
2313 0 14
2314 0 13
2315 0 14
2318 0 15
2321 0 15
2325 0 14
2326 0 15
2329 0 16
2330 0 15
2332 0 17
2333 0 15
2334 0 14
2335 0 15
2337 0 15
2338 0 16
2339 0 16
2341 0 17
2342 0 17
2343 0 17
2344 0 15
2346 0 16
2347 0 15
2349 0 17
2350 0 15
2355 0 16
2361 0 15
2362 0 14
2363 0 14
2364 0 15
2367 0 15
2370 0 14
2371 0 14
2374 0 14
2375 0 15
2376 0 15
2378 0 16
2379 0 15
2380 0 15
2381 0 15
2383 0 15
2384 0 15
2386 0 15
2387 0 15
2392 0 14
2393 0 14
2396 0 14
2397 0 15
2400 0 16
2401 0 15
2403 0 17
2404 0 15
2405 0 14
2406 0 15
2408 0 13
2409 0 14
2410 0 14
2412 0 15
2413 0 14
2414 0 14
2436 0 15
2437 0 14
2438 0 15
2441 0 16
2444 0 14
2445 0 14
2448 0 14
2449 0 15
2450 0 15
2452 0 16
2453 0 15
2454 0 15
2474 0 13
2476 0 14
2478 0 15
2479 0 13
2481 0 14
2482 0 13
2483 0 14
2485 0 14
2488 0 14
2490 0 15
2494 0 16
2497 0 13
2499 0 14
2501 0 15
2502 0 14
2510 0 13
2512 0 14
2513 0 14
2514 0 13
2516 0 14
2517 0 14
2520 0 14
2522 0 14
2527 0 14
2529 0 14
2532 0 14
2534 0 15
2537 0 15
2538 0 15
2541 0 15
2543 0 15
2545 0 16
2546 0 14
2548 0 15
2549 0 15
2550 0 14
2552 0 15
2553 0 15
2556 0 15
2557 0 15
2560 0 13
2562 0 14
2564 0 15
2565 0 14
2566 0 15
2568 0 15
2573 0 14
2575 0 14
2577 0 15
2578 0 14
2580 0 15
2581 0 14
2582 0 13
2588 0 14
2590 0 14
2598 0 13
2599 0 14
2600 0 14
2602 0 14
2603 0 14
2604 0 14
2605 0 14
2609 0 15
2610 0 15
2615 0 14
2616 0 13
2617 0 14
2619 0 13
2620 0 14
2621 0 14
2622 0 15
2624 0 14
2630 0 14
2631 0 15
2632 0 15
2633 0 16
2635 0 15
2636 0 14
2637 0 15
2639 0 14
2643 0 15
2645 0 16
2646 0 17
2647 0 14
2648 0 15
2649 0 15
2651 0 14
2652 0 14
2653 0 14
2656 0 14
2657 0 15
2658 0 15
2663 0 13
2664 0 13
2665 0 13
2667 0 14
2668 0 13
2669 0 14
2670 0 14
2672 0 13
2673 0 14
2674 0 14
2678 0 14
2679 0 15
2680 0 14
2681 0 15
2682 0 13
2683 0 14
2684 0 14
2686 0 14
2687 0 14
2688 0 14
2689 0 14
2691 0 13
2697 0 14
2699 0 15
2703 0 14
2706 0 14
2710 0 13
2712 0 13
2732 0 14
2735 0 14
2737 0 15
2740 0 13
2746 0 14
2748 0 14
2770 0 15
2774 0 14
2775 0 15
2776 0 15
2778 0 14
2779 0 14
2780 0 14
2783 0 14
2784 0 15
2785 0 15
2787 0 15
2789 0 17
2793 0 15
2794 0 15
2795 0 16
2796 0 16
2805 0 13
2806 0 14
2807 0 14
2809 0 14
2810 0 14
2811 0 14
2812 0 14
2816 0 15
2817 0 15
2822 0 14
2823 0 14
2824 0 14
2826 0 15
2827 0 14
2828 0 15
2829 0 15
2831 0 14
2832 0 15
2833 0 15
2837 0 15
2838 0 16
2839 0 15
2840 0 16
2841 0 14
2842 0 15
2843 0 15
2845 0 15
2846 0 15
2847 0 15
2848 0 15
