106 0 18
107 0 18
108 0 16
109 0 16
110 0 17
111 0 17
112 0 18
114 0 18
115 0 17
119 0 16
120 0 16
122 0 18
124 0 16
125 0 17
126 0 17
127 0 16
129 0 17
130 0 17
131 0 17
132 0 17
133 0 18
136 0 17
137 0 18
141 0 18
142 0 17
143 0 17
149 0 16
150 0 16
152 0 19
154 0 16
156 0 17
157 0 16
161 0 17
164 0 18
165 0 18
166 0 16
167 0 16
169 0 17
171 0 16
172 0 17
173 0 17
174 0 16
176 0 17
177 0 17
178 0 17
179 0 17
180 0 16
182 0 17
184 0 16
185 0 17
187 0 17
188 0 17
189 0 17
190 0 16
191 0 17
192 0 17
193 0 17
195 0 17
196 0 18
200 0 17
201 0 17
203 0 20
205 0 16
206 0 17
207 0 17
208 0 17
210 0 18
212 0 17
213 0 18
224 0 18
226 0 18
227 0 17
231 0 19
232 0 18
233 0 17
234 0 17
236 0 20
238 0 19
239 0 20
240 0 20
241 0 18
243 0 20
244 0 19
252 0 18
253 0 18
254 0 16
255 0 16
257 0 17
258 0 18
260 0 18
261 0 17
265 0 17
266 0 17
268 0 20
270 0 17
272 0 18
273 0 17
277 0 18
280 0 19
281 0 19
282 0 17
283 0 17
285 0 18
336 0 16
337 0 16
339 0 18
341 0 16
342 0 16
343 0 17
344 0 16
346 0 16
348 0 17
349 0 17
351 0 18
352 0 19
358 0 16
359 0 16
360 0 17
361 0 16
363 0 16
364 0 17
365 0 16
366 0 16
367 0 16
369 0 16
371 0 17
372 0 17
374 0 16
375 0 16
376 0 17
377 0 16
382 0 17
384 0 16
386 0 17
387 0 17
395 0 18
398 0 17
399 0 17
400 0 18
401 0 18
403 0 18
408 0 16
409 0 16
411 0 18
413 0 17
414 0 17
415 0 18
416 0 17
418 0 17
419 0 18
420 0 17
421 0 17
447 0 16
448 0 17
449 0 17
450 0 16
452 0 17
453 0 17
454 0 17
455 0 17
456 0 16
458 0 17
460 0 16
461 0 17
463 0 17
464 0 17
466 0 17
467 0 17
468 0 18
469 0 17
471 0 17
476 0 17
477 0 17
479 0 20
481 0 16
482 0 17
483 0 17
484 0 17
486 0 18
488 0 17
489 0 18
500 0 16
502 0 17
507 0 17
508 0 16
510 0 17
515 0 18
517 0 16
519 0 18
520 0 17
528 0 17
529 0 17
532 0 18
534 0 17
536 0 17
555 0 17
557 0 18
562 0 18
563 0 17
565 0 18
571 0 17
572 0 17
574 0 19
576 0 17
577 0 17
578 0 18
579 0 17
581 0 17
583 0 18
584 0 18
586 0 19
587 0 20
593 0 17
594 0 17
595 0 18
596 0 17
598 0 17
599 0 18
600 0 17
601 0 17
602 0 17
604 0 17
606 0 18
607 0 18
609 0 17
610 0 17
611 0 18
612 0 17
617 0 18
619 0 17
621 0 18
622 0 18
631 0 18
633 0 17
634 0 18
636 0 18
637 0 17
638 0 17
641 0 18
642 0 19
643 0 18
645 0 19
651 0 19
652 0 17
653 0 16
654 0 17
657 0 18
660 0 17
661 0 17
664 0 16
665 0 17
666 0 17
669 0 17
671 0 20
672 0 18
673 0 17
674 0 18
676 0 18
677 0 19
678 0 19
680 0 20
681 0 20
682 0 20
683 0 18
686 0 18
688 0 20
700 0 18
701 0 17
702 0 16
703 0 17
706 0 18
709 0 17
710 0 17
713 0 16
714 0 17
718 0 18
719 0 18
720 0 18
722 0 17
723 0 18
725 0 18
726 0 17
727 0 17
731 0 17
732 0 17
735 0 16
736 0 17
737 0 17
740 0 17
742 0 20
743 0 18
744 0 17
745 0 18
747 0 16
748 0 17
752 0 17
753 0 17
754 0 17
756 0 18
757 0 17
760 0 17
761 0 17
776 0 17
777 0 18
783 0 17
784 0 17
787 0 17
788 0 18
792 0 18
793 0 18
846 0 18
847 0 16
848 0 18
852 0 16
854 0 16
855 0 16
857 0 17
858 0 17
859 0 18
861 0 18
863 0 18
864 0 17
868 0 16
870 0 16
871 0 16
873 0 17
875 0 18
876 0 16
877 0 16
878 0 16
880 0 17
881 0 17
882 0 16
884 0 16
886 0 17
887 0 16
888 0 17
892 0 17
894 0 16
895 0 17
897 0 17
903 0 18
907 0 18
908 0 17
910 0 19
911 0 18
913 0 19
918 0 18
919 0 16
920 0 18
924 0 17
926 0 17
927 0 17
929 0 18
931 0 19
932 0 17
959 0 16
961 0 16
962 0 16
964 0 17
966 0 19
968 0 16
969 0 16
971 0 17
972 0 16
973 0 16
975 0 17
977 0 16
978 0 16
981 0 16
983 0 17
989 0 17
990 0 18
994 0 16
996 0 17
997 0 17
999 0 18
1000 0 17
1012 0 16
1013 0 16
1015 0 17
1016 0 17
1017 0 16
1019 0 16
1021 0 17
1022 0 17
1023 0 17
1027 0 17
1029 0 16
1030 0 17
1032 0 17
1038 0 16
1042 0 16
1043 0 17
1046 0 16
1048 0 17
1053 0 17
1055 0 17
1066 0 17
1070 0 17
1071 0 18
1075 0 17
1077 0 17
1078 0 17
1080 0 18
1082 0 20
1084 0 17
1085 0 17
1087 0 18
1088 0 17
1089 0 17
1091 0 18
1093 0 17
1094 0 17
1097 0 17
1099 0 18
1105 0 18
1107 0 18
1109 0 18
1110 0 17
1112 0 18
1113 0 18
1115 0 19
1120 0 19
1121 0 16
1126 0 17
1128 0 16
1129 0 17
1131 0 17
1133 0 20
1134 0 17
1135 0 18
1136 0 19
1138 0 20
1139 0 20
1140 0 18
1142 0 18
1144 0 20
1152 0 18
1153 0 16
1158 0 17
1160 0 16
1164 0 18
1165 0 18
1167 0 18
1169 0 18
1170 0 17
1174 0 17
1176 0 16
1177 0 17
1179 0 17
1181 0 20
1182 0 17
1183 0 16
1187 0 17
1188 0 17
1190 0 17
1193 0 17
1204 0 17
1209 0 17
1211 0 17
1215 0 18
1241 0 18
1243 0 16
1245 0 16
1247 0 17
1248 0 18
1250 0 17
1253 0 16
1255 0 16
1257 0 16
1259 0 17
1260 0 16
1262 0 17
1264 0 17
1266 0 17
1270 0 18
1272 0 17
1274 0 18
1278 0 18
1280 0 17
1282 0 17
1298 0 16
1300 0 16
1302 0 16
1304 0 16
1305 0 16
1307 0 16
1309 0 16
1313 0 18
1315 0 16
1317 0 17
1319 0 17
1325 0 16
1327 0 17
1328 0 16
1330 0 17
1332 0 17
1334 0 17
1338 0 16
1340 0 17
1342 0 16
1346 0 17
1353 0 17
1355 0 18
1358 0 17
1360 0 17
1362 0 17
1364 0 17
1365 0 17
1367 0 17
1369 0 17
1374 0 18
1376 0 17
1378 0 18
1384 0 17
1386 0 17
1388 0 19
1390 0 20
1391 0 18
1398 0 17
1402 0 18
1403 0 18
1405 0 17
1408 0 17
1410 0 17
1414 0 17
1415 0 17
1417 0 17
1425 0 17
1429 0 18
1437 0 18
1438 0 18
1439 0 16
1440 0 16
1441 0 17
1442 0 17
1443 0 18
1445 0 18
1446 0 17
1450 0 16
1451 0 16
1453 0 18
1455 0 16
1456 0 17
1457 0 17
1458 0 16
1460 0 17
1461 0 17
1462 0 17
1463 0 17
1464 0 18
1467 0 17
1468 0 18
1472 0 18
1473 0 17
1474 0 17
1480 0 16
1481 0 16
1483 0 19
1485 0 16
1487 0 17
1488 0 16
1492 0 17
1495 0 18
1496 0 18
1497 0 16
1498 0 16
1500 0 17
1502 0 16
1503 0 17
1504 0 17
1505 0 16
1507 0 17
1508 0 17
1509 0 17
1510 0 17
1511 0 16
1513 0 17
1515 0 16
1516 0 17
1518 0 17
1519 0 17
1520 0 17
1521 0 16
1522 0 17
1523 0 17
1524 0 17
1526 0 17
1527 0 18
1531 0 17
1532 0 17
1534 0 20
1536 0 16
1537 0 17
1538 0 17
1539 0 17
1541 0 18
1543 0 17
1544 0 18
1555 0 18
1557 0 18
1558 0 17
1562 0 19
1563 0 18
1564 0 17
1565 0 17
1567 0 20
1569 0 19
1570 0 20
1571 0 20
1572 0 18
1574 0 20
1575 0 19
1583 0 18
1584 0 18
1585 0 16
1586 0 16
1588 0 17
1589 0 18
1591 0 18
1592 0 17
1596 0 17
1597 0 17
1599 0 20
1601 0 17
1603 0 18
1604 0 17
1608 0 18
1611 0 19
1612 0 19
1613 0 17
1614 0 17
1616 0 18
1631 0 16
1633 0 16
1635 0 16
1637 0 16
1638 0 16
1640 0 16
1642 0 16
1646 0 19
1648 0 16
1650 0 17
1652 0 17
1658 0 16
1661 0 16
1665 0 17
1667 0 17
1671 0 16
1673 0 17
1675 0 16
1685 0 17
1688 0 17
1693 0 18
1695 0 16
1697 0 16
1699 0 17
1700 0 18
1705 0 16
1707 0 16
1709 0 16
1711 0 17
1712 0 16
1716 0 17
1718 0 17
1724 0 16
1725 0 16
1726 0 17
1727 0 16
1728 0 16
1729 0 17
1731 0 17
1732 0 18
1733 0 17
1737 0 16
1738 0 16
1739 0 16
1740 0 16
1741 0 16
1742 0 17
1744 0 16
1745 0 17
1747 0 17
1748 0 16
1751 0 18
1752 0 17
1753 0 17
1754 0 17
1755 0 17
1757 0 17
1758 0 18
1759 0 17
1760 0 19
1761 0 17
1763 0 17
1764 0 17
1766 0 17
1768 0 17
1773 0 16
1774 0 16
1775 0 16
1776 0 16
1777 0 16
1778 0 17
1780 0 16
1781 0 17
1783 0 17
1784 0 16
1786 0 17
1787 0 16
1788 0 16
1790 0 16
1791 0 16
1792 0 17
1794 0 16
1795 0 17
1797 0 16
1798 0 16
1799 0 17
1801 0 17
1802 0 17
1803 0 17
1804 0 17
1805 0 17
1807 0 16
1808 0 16
1809 0 17
1810 0 16
1811 0 16
1812 0 17
1813 0 17
1814 0 16
1815 0 16
1816 0 17
1818 0 17
1820 0 17
1824 0 17
1826 0 17
1827 0 17
1831 0 16
1832 0 17
1834 0 17
1835 0 17
1836 0 18
1837 0 17
1852 0 17
1853 0 18
1854 0 17
1859 0 17
1860 0 17
1861 0 17
1862 0 17
1863 0 17
1864 0 18
1866 0 18
1867 0 20
1870 0 18
1879 0 16
1880 0 16
1882 0 16
1883 0 16
1884 0 17
1886 0 17
1887 0 18
1888 0 17
1892 0 17
1893 0 17
1894 0 17
1895 0 17
1896 0 17
1897 0 18
1899 0 17
1900 0 18
1902 0 18
1903 0 17
1905 0 18
1906 0 17
1907 0 17
1909 0 17
1910 0 17
1911 0 18
1966 0 18
1967 0 16
1968 0 17
1969 0 17
1970 0 18
1971 0 17
1973 0 16
1974 0 18
1976 0 17
1977 0 17
1978 0 17
1979 0 17
1981 0 17
1984 0 17
1987 0 16
1988 0 19
1991 0 17
1995 0 18
1996 0 16
1998 0 17
2000 0 17
2001 0 17
2002 0 17
2003 0 17
2004 0 17
2006 0 17
2007 0 17
2008 0 17
2009 0 17
2010 0 17
2011 0 17
2012 0 18
2014 0 17
2015 0 20
2017 0 17
2018 0 17
2019 0 18
2021 0 18
2027 0 18
2028 0 17
2030 0 19
2031 0 17
2032 0 20
2034 0 20
2035 0 20
2036 0 20
2040 0 18
2041 0 16
2043 0 17
2044 0 18
2045 0 17
2047 0 17
2048 0 20
2051 0 18
2055 0 19
2056 0 17
2058 0 18
2083 0 16
2084 0 18
2086 0 16
2087 0 17
2088 0 16
2090 0 17
2091 0 18
2096 0 16
2097 0 17
2098 0 16
2099 0 16
2100 0 16
2102 0 17
2103 0 16
2104 0 17
2107 0 17
2109 0 17
2113 0 18
2115 0 17
2116 0 18
2117 0 18
2120 0 16
2121 0 18
2123 0 17
2124 0 18
2125 0 17
2126 0 17
2141 0 17
2142 0 17
2143 0 17
2144 0 17
2145 0 17
2147 0 17
2148 0 17
2150 0 17
2151 0 18
2152 0 17
2155 0 17
2156 0 20
2158 0 17
2159 0 17
2160 0 18
2162 0 18
2168 0 17
2171 0 17
2175 0 18
2177 0 18
2181 0 17
2183 0 18
2185 0 17
2195 0 18
2198 0 18
2202 0 17
2203 0 19
2205 0 17
2206 0 18
2207 0 17
2209 0 18
2210 0 19
2215 0 17
2216 0 18
2217 0 17
2218 0 17
2219 0 17
2221 0 18
2222 0 17
2223 0 18
2226 0 18
2228 0 18
2232 0 17
2233 0 17
2235 0 19
2237 0 17
2238 0 17
2239 0 18
2240 0 17
2242 0 17
2244 0 18
2245 0 18
2247 0 19
2248 0 20
2254 0 17
2255 0 17
2256 0 18
2257 0 17
2259 0 17
2260 0 18
2261 0 17
2262 0 17
2263 0 17
2265 0 17
2267 0 18
2268 0 18
2270 0 17
2271 0 17
2272 0 18
2273 0 17
2278 0 18
2280 0 17
2282 0 18
2283 0 18
2292 0 18
2294 0 17
2295 0 18
2297 0 18
2298 0 17
2299 0 17
2302 0 18
2303 0 19
2304 0 18
2306 0 19
2312 0 19
2313 0 17
2314 0 16
2315 0 17
2318 0 18
2321 0 17
2322 0 17
2325 0 16
2326 0 17
2327 0 17
2330 0 17
2332 0 20
2333 0 18
2334 0 17
2335 0 18
2337 0 18
2338 0 19
2339 0 19
2341 0 20
2342 0 20
2343 0 20
2344 0 18
2347 0 18
2349 0 20
2361 0 18
2362 0 17
2363 0 16
2364 0 17
2367 0 18
2370 0 17
2371 0 17
2374 0 16
2375 0 17
2379 0 18
2380 0 18
2381 0 18
2383 0 17
2384 0 18
2386 0 18
2387 0 17
2388 0 17
2392 0 17
2393 0 17
2396 0 16
2397 0 17
2398 0 17
2401 0 17
2403 0 20
2404 0 18
2405 0 17
2406 0 18
2408 0 16
2409 0 17
2413 0 17
2414 0 17
2415 0 17
2417 0 18
2418 0 17
2421 0 17
2422 0 17
2437 0 17
2438 0 18
2444 0 17
2445 0 17
2448 0 17
2449 0 18
2453 0 18
2454 0 18
2474 0 16
2476 0 16
2478 0 18
2479 0 16
2481 0 17
2482 0 16
2483 0 16
2485 0 16
2486 0 16
2488 0 16
2490 0 17
2494 0 19
2497 0 16
2499 0 17
2501 0 18
2502 0 17
2510 0 16
2512 0 17
2514 0 16
2516 0 17
2520 0 17
2522 0 17
2527 0 16
2529 0 16
2530 0 17
2532 0 16
2534 0 17
2546 0 17
2548 0 18
2550 0 17
2552 0 18
2556 0 18
2557 0 18
2560 0 16
2562 0 16
2564 0 17
2565 0 17
2566 0 18
2568 0 18
2573 0 16
2575 0 16
2577 0 18
2578 0 16
2580 0 17
2581 0 17
2582 0 16
2584 0 17
2588 0 17
2590 0 17
2598 0 16
2599 0 16
2600 0 17
2601 0 17
2602 0 16
2603 0 16
2604 0 17
2605 0 17
2608 0 17
2609 0 18
2610 0 17
2615 0 16
2616 0 16
2617 0 16
2618 0 16
2619 0 16
2620 0 16
2621 0 17
2622 0 17
2624 0 16
2625 0 17
2626 0 17
2629 0 17
2630 0 16
2634 0 18
2635 0 17
2636 0 17
2637 0 17
2638 0 17
2639 0 17
2642 0 17
2643 0 18
2644 0 17
2645 0 19
2646 0 20
2647 0 17
2649 0 18
2650 0 17
2651 0 17
2653 0 17
2654 0 17
2656 0 17
2658 0 18
2663 0 16
2664 0 16
2665 0 16
2666 0 16
2667 0 16
2668 0 16
2669 0 17
2670 0 17
2672 0 16
2674 0 17
2677 0 17
2678 0 16
2680 0 17
2682 0 16
2683 0 16
2684 0 17
2686 0 16
2687 0 16
2688 0 17
2689 0 17
2691 0 16
2692 0 17
2693 0 17
2696 0 16
2697 0 16
2698 0 17
2700 0 18
2701 0 17
2702 0 17
2703 0 17
2704 0 17
2705 0 17
2706 0 17
2709 0 16
2710 0 16
2711 0 17
2712 0 16
2714 0 16
2715 0 17
2716 0 17
2717 0 17
2718 0 16
2719 0 16
2720 0 17
2721 0 17
2724 0 17
2726 0 17
2731 0 17
2734 0 17
2735 0 17
2740 0 16
2742 0 17
2745 0 17
2746 0 17
2747 0 18
2748 0 17
2769 0 17
2770 0 18
2771 0 17
2778 0 17
2779 0 17
2780 0 17
2781 0 17
2782 0 17
2783 0 17
2784 0 18
2785 0 18
2787 0 18
2789 0 20
2793 0 18
2805 0 16
2806 0 16
2807 0 17
2809 0 16
2810 0 16
2811 0 17
2812 0 17
2815 0 17
2816 0 18
2817 0 17
2822 0 17
2823 0 17
2824 0 17
2825 0 17
2826 0 17
2827 0 17
2828 0 18
2829 0 18
2831 0 17
2833 0 18
2836 0 18
2837 0 17
2839 0 18
2841 0 17
2842 0 17
2843 0 18
2845 0 17
2846 0 17
2847 0 18
2848 0 18
