106 0 21
107 0 21
108 0 19
109 0 18
110 0 19
111 0 19
112 0 21
114 0 21
115 0 20
119 0 19
120 0 18
122 0 21
124 0 19
125 0 19
126 0 20
127 0 19
129 0 20
130 0 20
131 0 20
132 0 19
133 0 21
136 0 20
137 0 21
141 0 21
142 0 19
143 0 19
149 0 19
150 0 18
152 0 22
154 0 18
155 0 19
156 0 19
157 0 19
159 0 20
160 0 20
161 0 19
162 0 20
164 0 21
165 0 21
166 0 19
167 0 18
168 0 19
169 0 19
171 0 18
172 0 19
173 0 19
174 0 18
176 0 20
177 0 19
178 0 20
179 0 19
180 0 18
182 0 19
183 0 20
184 0 18
185 0 19
187 0 19
188 0 19
189 0 20
193 0 19
195 0 19
196 0 21
200 0 19
201 0 19
203 0 23
205 0 18
206 0 19
207 0 19
208 0 19
210 0 20
211 0 21
212 0 19
213 0 20
224 0 21
226 0 21
227 0 20
231 0 22
232 0 21
233 0 20
234 0 19
236 0 23
238 0 22
239 0 23
240 0 23
241 0 21
243 0 23
244 0 22
252 0 21
253 0 21
254 0 19
255 0 18
256 0 19
257 0 19
258 0 21
260 0 21
261 0 20
265 0 20
266 0 19
268 0 23
270 0 19
271 0 20
272 0 20
273 0 20
275 0 21
276 0 21
277 0 20
278 0 21
280 0 22
281 0 22
282 0 20
283 0 19
284 0 20
285 0 20
336 0 19
337 0 18
339 0 21
341 0 18
342 0 18
343 0 19
344 0 19
346 0 19
347 0 20
348 0 19
349 0 19
351 0 21
352 0 22
353 0 20
354 0 19
355 0 19
356 0 20
358 0 18
359 0 18
360 0 19
361 0 18
363 0 19
364 0 19
365 0 19
366 0 18
367 0 18
369 0 18
370 0 20
371 0 19
372 0 19
374 0 18
375 0 18
376 0 20
379 0 19
381 0 19
382 0 19
383 0 20
384 0 18
386 0 19
387 0 19
395 0 21
397 0 20
398 0 19
399 0 19
400 0 20
401 0 21
403 0 21
404 0 21
408 0 19
409 0 18
411 0 21
413 0 19
414 0 19
415 0 20
416 0 19
418 0 20
419 0 20
420 0 20
421 0 19
447 0 19
448 0 19
449 0 20
450 0 19
452 0 20
453 0 20
454 0 20
455 0 19
456 0 19
458 0 19
459 0 20
460 0 19
461 0 19
463 0 19
464 0 20
465 0 20
466 0 20
468 0 21
469 0 19
471 0 19
472 0 21
476 0 20
477 0 20
479 0 23
481 0 19
482 0 19
483 0 20
484 0 20
486 0 20
487 0 21
488 0 20
489 0 20
500 0 19
502 0 19
503 0 20
504 0 20
505 0 20
507 0 19
508 0 19
509 0 20
510 0 20
512 0 20
514 0 20
515 0 20
516 0 21
517 0 19
519 0 20
520 0 20
528 0 20
529 0 20
530 0 20
531 0 20
532 0 21
533 0 21
534 0 20
536 0 20
537 0 21
541 0 20
542 0 20
544 0 21
546 0 20
547 0 21
548 0 21
549 0 20
551 0 21
552 0 21
553 0 21
554 0 21
555 0 20
557 0 20
558 0 21
559 0 21
560 0 21
562 0 20
563 0 20
564 0 21
565 0 21
567 0 21
571 0 20
572 0 19
574 0 22
576 0 19
577 0 19
578 0 20
579 0 20
581 0 20
582 0 21
583 0 20
584 0 20
586 0 22
587 0 23
588 0 21
589 0 20
590 0 20
591 0 21
593 0 19
594 0 19
595 0 20
596 0 19
598 0 20
599 0 20
600 0 20
601 0 19
602 0 19
604 0 19
605 0 21
606 0 20
607 0 20
609 0 19
610 0 19
611 0 21
614 0 20
616 0 20
617 0 20
618 0 21
619 0 19
621 0 20
622 0 20
631 0 21
633 0 20
634 0 21
636 0 21
637 0 19
638 0 19
641 0 21
642 0 22
643 0 21
645 0 22
651 0 22
652 0 19
653 0 18
654 0 19
657 0 20
660 0 20
661 0 20
664 0 19
665 0 20
666 0 20
668 0 21
669 0 20
671 0 23
672 0 20
673 0 19
674 0 20
676 0 21
677 0 22
678 0 22
680 0 23
681 0 23
682 0 23
683 0 21
685 0 21
686 0 21
688 0 23
689 0 20
690 0 19
691 0 20
694 0 21
700 0 21
701 0 19
702 0 18
703 0 19
706 0 20
709 0 19
710 0 19
713 0 19
714 0 20
715 0 20
717 0 21
718 0 20
719 0 20
720 0 21
722 0 20
723 0 21
725 0 21
726 0 19
727 0 19
731 0 19
732 0 19
735 0 18
736 0 19
737 0 19
739 0 21
740 0 19
742 0 23
743 0 20
744 0 19
745 0 20
747 0 18
748 0 19
749 0 19
751 0 20
752 0 19
753 0 19
754 0 19
756 0 21
757 0 19
759 0 19
764 0 19
765 0 20
766 0 19
768 0 20
775 0 20
776 0 19
777 0 20
780 0 21
783 0 19
784 0 19
787 0 19
788 0 20
789 0 20
791 0 21
792 0 20
793 0 20
846 0 21
847 0 18
848 0 21
852 0 18
854 0 19
855 0 19
857 0 20
858 0 19
859 0 21
861 0 21
863 0 21
864 0 19
868 0 18
870 0 18
871 0 19
873 0 19
875 0 21
876 0 18
877 0 18
878 0 18
880 0 19
881 0 19
882 0 18
884 0 18
886 0 19
888 0 19
892 0 19
894 0 18
895 0 19
897 0 19
903 0 21
907 0 21
908 0 19
910 0 22
911 0 21
913 0 22
918 0 21
919 0 18
920 0 21
924 0 19
926 0 19
927 0 20
929 0 20
931 0 22
932 0 19
959 0 18
961 0 18
962 0 19
964 0 19
966 0 22
967 0 19
968 0 18
969 0 18
971 0 19
972 0 18
973 0 18
975 0 19
977 0 18
980 0 19
981 0 18
983 0 19
989 0 19
990 0 21
994 0 18
996 0 19
997 0 19
999 0 20
1000 0 19
1012 0 19
1013 0 19
1015 0 20
1016 0 19
1017 0 19
1019 0 19
1021 0 20
1022 0 20
1023 0 19
1027 0 20
1029 0 19
1030 0 20
1032 0 20
1038 0 19
1040 0 20
1042 0 19
1043 0 20
1045 0 20
1046 0 19
1048 0 20
1053 0 20
1054 0 20
1055 0 20
1059 0 20
1061 0 20
1062 0 20
1064 0 21
1065 0 21
1066 0 20
1068 0 21
1070 0 20
1071 0 21
1075 0 19
1077 0 19
1078 0 20
1080 0 20
1082 0 23
1083 0 20
1084 0 19
1085 0 19
1087 0 20
1088 0 19
1089 0 19
1091 0 20
1093 0 19
1096 0 20
1097 0 19
1099 0 20
1105 0 21
1107 0 21
1109 0 21
1110 0 19
1112 0 21
1113 0 21
1115 0 22
1120 0 22
1121 0 18
1126 0 20
1128 0 19
1129 0 20
1131 0 20
1133 0 23
1134 0 19
1135 0 21
1136 0 22
1138 0 23
1139 0 23
1140 0 21
1142 0 21
1144 0 23
1145 0 19
1152 0 21
1153 0 18
1158 0 19
1160 0 19
1161 0 20
1163 0 21
1164 0 20
1165 0 21
1167 0 21
1169 0 21
1170 0 19
1174 0 19
1176 0 18
1177 0 19
1179 0 19
1181 0 23
1182 0 19
1183 0 18
1184 0 19
1186 0 20
1187 0 19
1188 0 19
1190 0 19
1192 0 19
1195 0 19
1196 0 19
1198 0 20
1204 0 19
1209 0 19
1211 0 19
1212 0 20
1214 0 21
1215 0 20
1241 0 21
1243 0 18
1245 0 19
1247 0 19
1248 0 21
1250 0 19
1253 0 18
1255 0 19
1257 0 18
1259 0 19
1260 0 18
1262 0 19
1264 0 19
1266 0 19
1270 0 21
1272 0 19
1274 0 21
1278 0 21
1280 0 19
1282 0 20
1298 0 18
1300 0 19
1302 0 18
1304 0 18
1305 0 18
1309 0 18
1313 0 21
1315 0 18
1317 0 19
1319 0 19
1325 0 19
1327 0 19
1328 0 19
1330 0 19
1332 0 20
1334 0 20
1338 0 19
1340 0 20
1342 0 19
1346 0 20
1348 0 20
1350 0 20
1352 0 21
1353 0 20
1355 0 21
1358 0 19
1360 0 20
1362 0 19
1364 0 19
1365 0 19
1369 0 19
1374 0 21
1376 0 19
1378 0 21
1384 0 20
1386 0 20
1388 0 22
1390 0 23
1391 0 21
1398 0 19
1400 0 20
1402 0 20
1403 0 21
1405 0 19
1408 0 19
1410 0 19
1412 0 19
1414 0 19
1415 0 19
1419 0 19
1425 0 19
1427 0 20
1429 0 20
1437 0 21
1438 0 21
1439 0 19
1440 0 18
1441 0 19
1442 0 19
1443 0 21
1445 0 21
1446 0 20
1450 0 19
1451 0 18
1453 0 21
1455 0 19
1456 0 19
1457 0 20
1458 0 19
1460 0 20
1461 0 20
1462 0 20
1463 0 19
1464 0 21
1467 0 20
1468 0 21
1472 0 21
1473 0 19
1474 0 19
1480 0 19
1481 0 18
1483 0 22
1485 0 18
1486 0 19
1487 0 19
1488 0 19
1490 0 20
1491 0 20
1492 0 19
1493 0 20
1495 0 21
1496 0 21
1497 0 19
1498 0 18
1499 0 19
1500 0 19
1502 0 18
1503 0 19
1504 0 19
1505 0 18
1507 0 20
1508 0 19
1509 0 20
1510 0 19
1511 0 18
1513 0 19
1514 0 20
1515 0 18
1516 0 19
1518 0 19
1519 0 19
1520 0 20
1524 0 19
1526 0 19
1527 0 21
1531 0 19
1532 0 19
1534 0 23
1536 0 18
1537 0 19
1538 0 19
1539 0 19
1541 0 20
1542 0 21
1543 0 19
1544 0 20
1555 0 21
1557 0 21
1558 0 20
1562 0 22
1563 0 21
1564 0 20
1565 0 19
1567 0 23
1569 0 22
1570 0 23
1571 0 23
1572 0 21
1574 0 23
1575 0 22
1583 0 21
1584 0 21
1585 0 19
1586 0 18
1587 0 19
1588 0 19
1589 0 21
1591 0 21
1592 0 20
1596 0 20
1597 0 19
1599 0 23
1601 0 19
1602 0 20
1603 0 20
1604 0 20
1606 0 21
1607 0 21
1608 0 20
1609 0 21
1611 0 22
1612 0 22
1613 0 20
1614 0 19
1615 0 20
1616 0 20
1631 0 18
1633 0 19
1635 0 18
1637 0 18
1638 0 18
1642 0 18
1646 0 22
1648 0 18
1650 0 19
1652 0 19
1658 0 18
1660 0 19
1661 0 18
1663 0 19
1665 0 19
1667 0 19
1671 0 19
1673 0 20
1675 0 19
1679 0 20
1681 0 20
1683 0 20
1685 0 19
1687 0 20
1688 0 19
1690 0 20
1693 0 21
1695 0 18
1697 0 19
1699 0 19
1700 0 21
1702 0 19
1705 0 18
1707 0 19
1709 0 18
1711 0 19
1712 0 18
1714 0 19
1716 0 19
1718 0 19
1724 0 18
1725 0 19
1726 0 19
1727 0 18
1728 0 18
1729 0 19
1731 0 19
1732 0 21
1733 0 19
1737 0 18
1738 0 18
1740 0 18
1741 0 18
1742 0 19
1744 0 19
1745 0 20
1747 0 20
1748 0 19
1749 0 20
1750 0 20
1751 0 21
1752 0 19
1753 0 19
1755 0 19
1757 0 19
1758 0 21
1759 0 20
1760 0 22
1761 0 19
1762 0 20
1763 0 19
1764 0 19
1765 0 19
1767 0 19
1768 0 19
1769 0 20
1773 0 18
1774 0 18
1776 0 18
1777 0 18
1778 0 19
1780 0 18
1781 0 19
1783 0 20
1784 0 19
1785 0 20
1786 0 19
1787 0 18
1788 0 19
1789 0 19
1790 0 18
1791 0 18
1792 0 19
1794 0 18
1795 0 19
1798 0 18
1799 0 20
1800 0 20
1802 0 19
1803 0 19
1805 0 19
1808 0 18
1809 0 20
1810 0 18
1812 0 20
1819 0 19
1824 0 19
1825 0 19
1827 0 19
1828 0 19
1829 0 20
1831 0 18
1832 0 19
1835 0 19
1836 0 21
1837 0 19
1852 0 19
1853 0 21
1854 0 19
1856 0 19
1857 0 20
1858 0 19
1859 0 19
1860 0 19
1862 0 19
1863 0 19
1864 0 20
1866 0 21
1867 0 23
1869 0 19
1870 0 21
1871 0 20
1872 0 21
1873 0 20
1879 0 18
1880 0 19
1881 0 19
1882 0 18
1883 0 18
1884 0 19
1886 0 19
1887 0 21
1888 0 19
1892 0 19
1893 0 19
1895 0 19
1896 0 19
1897 0 20
1899 0 19
1900 0 20
1902 0 21
1903 0 20
1904 0 21
1905 0 20
1906 0 19
1907 0 20
1908 0 20
1909 0 19
1910 0 19
1911 0 20
1966 0 21
1967 0 19
1968 0 19
1969 0 19
1970 0 21
1971 0 20
1973 0 19
1974 0 21
1976 0 19
1977 0 20
1978 0 20
1979 0 20
1981 0 20
1984 0 19
1987 0 19
1988 0 22
1990 0 19
1991 0 19
1992 0 20
1993 0 20
1994 0 20
1995 0 21
1996 0 19
1997 0 19
1998 0 19
2000 0 19
2001 0 19
2002 0 20
2003 0 20
2004 0 19
2005 0 20
2006 0 19
2007 0 19
2008 0 20
2011 0 19
2012 0 21
2014 0 19
2015 0 23
2017 0 19
2018 0 19
2019 0 20
2020 0 21
2021 0 20
2027 0 21
2028 0 20
2030 0 22
2031 0 20
2032 0 23
2034 0 23
2035 0 23
2036 0 23
2040 0 21
2041 0 19
2042 0 19
2043 0 19
2044 0 21
2045 0 20
2047 0 20
2048 0 23
2050 0 20
2051 0 20
2052 0 21
2053 0 21
2054 0 21
2055 0 22
2056 0 20
2057 0 20
2058 0 20
2083 0 19
2084 0 21
2086 0 18
2087 0 19
2088 0 19
2089 0 20
2090 0 19
2091 0 21
2092 0 20
2093 0 19
2094 0 20
2096 0 18
2097 0 19
2098 0 19
2099 0 19
2100 0 18
2101 0 20
2102 0 19
2103 0 18
2104 0 20
2105 0 19
2107 0 19
2108 0 20
2109 0 19
2113 0 21
2114 0 20
2115 0 19
2116 0 20
2117 0 21
2118 0 21
2120 0 19
2121 0 21
2123 0 19
2124 0 20
2125 0 20
2126 0 20
2141 0 19
2142 0 20
2143 0 20
2144 0 20
2145 0 19
2146 0 20
2147 0 19
2148 0 19
2149 0 20
2151 0 21
2152 0 19
2153 0 21
2155 0 20
2156 0 23
2158 0 19
2159 0 20
2160 0 20
2161 0 21
2162 0 20
2168 0 19
2169 0 20
2170 0 20
2171 0 19
2172 0 20
2173 0 20
2175 0 20
2176 0 21
2177 0 20
2181 0 20
2182 0 20
2183 0 21
2184 0 21
2185 0 20
2186 0 21
2188 0 20
2189 0 21
2191 0 21
2192 0 21
2193 0 21
2194 0 21
2195 0 20
2196 0 21
2197 0 21
2198 0 20
2199 0 21
2200 0 21
2202 0 20
2203 0 22
2205 0 19
2206 0 20
2207 0 20
2208 0 21
2209 0 20
2210 0 22
2211 0 21
2212 0 20
2213 0 21
2215 0 19
2216 0 20
2217 0 20
2218 0 20
2219 0 19
2220 0 21
2221 0 20
2222 0 19
2223 0 21
2224 0 20
2226 0 20
2227 0 21
2228 0 20
2232 0 20
2233 0 19
2235 0 22
2237 0 19
2238 0 19
2239 0 20
2240 0 20
2242 0 20
2243 0 21
2244 0 20
2245 0 20
2247 0 22
2248 0 23
2249 0 21
2250 0 20
2251 0 20
2252 0 21
2254 0 19
2255 0 19
2256 0 20
2257 0 19
2259 0 20
2260 0 20
2261 0 20
2262 0 19
2263 0 19
2265 0 19
2266 0 21
2267 0 20
2268 0 20
2270 0 19
2271 0 19
2272 0 21
2275 0 20
2277 0 20
2278 0 20
2279 0 21
2280 0 19
2282 0 20
2283 0 20
2292 0 21
2294 0 20
2295 0 21
2297 0 21
2298 0 19
2299 0 19
2302 0 21
2303 0 22
2304 0 21
2306 0 22
2312 0 22
2313 0 19
2314 0 18
2315 0 19
2318 0 20
2321 0 20
2322 0 20
2325 0 19
2326 0 20
2327 0 20
2329 0 21
2330 0 20
2332 0 23
2333 0 20
2334 0 19
2335 0 20
2337 0 21
2338 0 22
2339 0 22
2341 0 23
2342 0 23
2343 0 23
2344 0 21
2346 0 21
2347 0 21
2349 0 23
2350 0 20
2351 0 19
2352 0 20
2355 0 21
2361 0 21
2362 0 19
2363 0 18
2364 0 19
2367 0 20
2370 0 19
2371 0 19
2374 0 19
2375 0 20
2376 0 20
2378 0 21
2379 0 20
2380 0 20
2381 0 21
2383 0 20
2384 0 21
2386 0 21
2387 0 19
2388 0 19
2392 0 19
2393 0 19
2396 0 18
2397 0 19
2398 0 19
2400 0 21
2401 0 19
2403 0 23
2404 0 20
2405 0 19
2406 0 20
2408 0 18
2409 0 19
2410 0 19
2412 0 20
2413 0 19
2414 0 19
2415 0 19
2417 0 21
2418 0 19
2420 0 19
2425 0 19
2426 0 20
2427 0 19
2429 0 20
2436 0 20
2437 0 19
2438 0 20
2441 0 21
2444 0 19
2445 0 19
2448 0 19
2449 0 20
2450 0 20
2452 0 21
2453 0 20
2454 0 20
2474 0 18
2476 0 19
2478 0 21
2479 0 18
2481 0 19
2482 0 18
2483 0 18
2485 0 18
2488 0 18
2490 0 19
2494 0 22
2497 0 18
2499 0 19
2501 0 20
2502 0 19
2510 0 18
2512 0 19
2513 0 19
2514 0 18
2516 0 19
2517 0 19
2520 0 19
2522 0 19
2527 0 19
2529 0 19
2530 0 20
2532 0 19
2534 0 20
2537 0 20
2538 0 20
2541 0 20
2543 0 20
2545 0 21
2546 0 19
2548 0 20
2549 0 20
2550 0 19
2552 0 20
2553 0 20
2556 0 21
2557 0 21
2560 0 18
2562 0 19
2564 0 20
2565 0 19
2566 0 21
2568 0 21
2569 0 19
2573 0 18
2575 0 19
2577 0 21
2578 0 18
2580 0 19
2581 0 19
2582 0 18
2584 0 19
2585 0 19
2588 0 19
2590 0 19
2598 0 18
2599 0 19
2600 0 19
2601 0 19
2602 0 18
2603 0 18
2604 0 19
2605 0 19
2608 0 19
2609 0 21
2610 0 19
2615 0 18
2616 0 18
2617 0 18
2619 0 18
2620 0 18
2621 0 19
2622 0 19
2624 0 19
2625 0 19
2626 0 20
2629 0 20
2630 0 19
2631 0 20
2632 0 20
2633 0 21
2634 0 21
2635 0 19
2636 0 19
2637 0 19
2639 0 19
2642 0 19
2643 0 21
2644 0 20
2645 0 22
2646 0 23
2647 0 19
2648 0 20
2649 0 20
2650 0 19
2651 0 19
2652 0 19
2653 0 19
2655 0 19
2656 0 19
2657 0 20
2658 0 20
2663 0 18
2664 0 18
2665 0 18
2667 0 18
2668 0 18
2669 0 19
2670 0 19
2672 0 18
2673 0 19
2674 0 19
2677 0 20
2678 0 19
2679 0 20
2680 0 19
2681 0 20
2682 0 18
2683 0 19
2684 0 19
2685 0 19
2686 0 18
2687 0 18
2688 0 19
2689 0 19
2691 0 18
2692 0 19
2693 0 19
2697 0 18
2698 0 20
2699 0 20
2700 0 21
2702 0 19
2703 0 19
2704 0 19
2706 0 19
2710 0 18
2711 0 20
2712 0 18
2713 0 19
2715 0 20
2725 0 19
2731 0 19
2732 0 19
2733 0 19
2735 0 19
2736 0 19
2737 0 20
2738 0 20
2740 0 18
2741 0 19
2742 0 19
2746 0 19
2747 0 21
2748 0 19
2749 0 20
2769 0 19
2770 0 21
2771 0 19
2774 0 19
2775 0 20
2776 0 20
2777 0 19
2778 0 19
2779 0 19
2780 0 19
2782 0 19
2783 0 19
2784 0 20
2785 0 20
2787 0 21
2789 0 23
2792 0 19
2793 0 21
2794 0 20
2795 0 21
2796 0 21
2797 0 20
2805 0 18
2806 0 19
2807 0 19
2808 0 19
2809 0 18
2810 0 18
2811 0 19
2812 0 19
2815 0 19
2816 0 21
2817 0 19
2822 0 19
2823 0 19
2824 0 19
2826 0 19
2827 0 19
2828 0 20
2829 0 20
2831 0 19
2832 0 20
2833 0 20
2836 0 21
2837 0 20
2838 0 21
2839 0 20
2840 0 21
2841 0 19
2842 0 20
2843 0 20
2844 0 20
2845 0 19
2846 0 19
2847 0 20
2848 0 20
