106 0 24
107 0 24
108 0 21
109 0 21
110 0 22
111 0 22
112 0 24
114 0 24
115 0 22
119 0 21
120 0 21
122 0 24
124 0 21
125 0 22
126 0 22
127 0 21
129 0 22
130 0 22
131 0 22
132 0 22
133 0 24
136 0 22
137 0 24
141 0 24
142 0 22
143 0 22
149 0 21
150 0 21
152 0 25
154 0 20
155 0 22
156 0 21
157 0 21
159 0 22
161 0 21
162 0 23
164 0 24
165 0 24
166 0 21
167 0 21
168 0 22
169 0 22
171 0 21
172 0 22
173 0 22
174 0 21
176 0 22
177 0 22
178 0 22
179 0 22
180 0 21
182 0 21
183 0 23
184 0 21
185 0 22
187 0 22
188 0 22
189 0 22
190 0 21
191 0 22
192 0 22
193 0 22
195 0 22
196 0 23
200 0 22
201 0 22
203 0 26
205 0 21
206 0 22
207 0 22
208 0 22
210 0 22
211 0 24
212 0 22
213 0 23
224 0 24
226 0 24
227 0 22
231 0 25
232 0 24
233 0 22
234 0 22
236 0 26
238 0 25
239 0 26
240 0 26
241 0 24
243 0 26
244 0 25
252 0 24
253 0 24
254 0 21
255 0 21
256 0 22
257 0 22
258 0 24
260 0 24
261 0 22
265 0 22
266 0 22
268 0 26
270 0 21
271 0 23
272 0 22
273 0 22
275 0 23
277 0 22
278 0 24
280 0 25
281 0 25
282 0 22
283 0 22
284 0 23
285 0 23
336 0 21
337 0 21
339 0 24
341 0 20
342 0 21
343 0 21
344 0 21
346 0 21
348 0 21
349 0 22
351 0 24
352 0 25
353 0 22
354 0 22
355 0 22
356 0 23
358 0 20
359 0 21
360 0 21
361 0 20
363 0 21
364 0 21
365 0 21
366 0 21
367 0 21
369 0 21
370 0 23
371 0 21
372 0 22
374 0 21
375 0 21
376 0 22
377 0 21
379 0 22
381 0 22
382 0 22
383 0 23
384 0 21
386 0 22
387 0 22
395 0 24
397 0 22
398 0 21
399 0 22
400 0 22
401 0 24
403 0 24
404 0 23
408 0 21
409 0 21
411 0 24
413 0 21
414 0 22
415 0 22
416 0 21
418 0 22
419 0 22
420 0 22
421 0 22
447 0 21
448 0 22
449 0 22
450 0 21
452 0 22
453 0 22
454 0 22
455 0 22
456 0 21
458 0 21
460 0 21
461 0 22
463 0 22
464 0 22
465 0 23
466 0 22
467 0 22
468 0 23
469 0 22
471 0 22
472 0 24
476 0 22
477 0 22
479 0 26
481 0 21
482 0 22
483 0 22
484 0 22
486 0 22
488 0 22
489 0 23
500 0 21
502 0 21
504 0 22
505 0 23
507 0 21
508 0 21
509 0 23
510 0 22
512 0 23
514 0 22
515 0 22
516 0 23
517 0 21
519 0 22
520 0 22
528 0 22
529 0 22
531 0 23
532 0 23
533 0 24
534 0 22
536 0 22
542 0 23
544 0 23
547 0 24
554 0 24
555 0 22
557 0 22
559 0 23
560 0 24
562 0 22
563 0 22
564 0 24
565 0 23
567 0 24
571 0 22
572 0 22
574 0 25
576 0 21
577 0 22
578 0 22
579 0 22
581 0 22
583 0 22
584 0 23
586 0 25
587 0 26
588 0 23
589 0 23
590 0 23
591 0 24
593 0 21
594 0 22
595 0 22
596 0 21
598 0 22
599 0 22
600 0 22
601 0 22
602 0 22
604 0 22
605 0 24
606 0 22
607 0 23
609 0 22
610 0 22
611 0 23
612 0 22
614 0 23
616 0 23
617 0 23
618 0 24
619 0 22
621 0 23
622 0 23
631 0 24
633 0 22
634 0 24
636 0 24
637 0 22
638 0 22
641 0 24
642 0 25
643 0 24
645 0 25
651 0 25
652 0 21
653 0 21
654 0 22
657 0 22
660 0 22
661 0 22
664 0 21
665 0 22
666 0 22
669 0 22
671 0 26
672 0 22
673 0 22
674 0 23
676 0 24
677 0 25
678 0 25
680 0 26
681 0 26
682 0 26
683 0 24
685 0 23
686 0 24
688 0 26
689 0 23
690 0 22
691 0 23
694 0 24
700 0 24
701 0 21
702 0 21
703 0 22
706 0 22
709 0 21
710 0 21
713 0 21
714 0 22
715 0 22
717 0 23
718 0 22
719 0 22
720 0 24
722 0 22
723 0 24
725 0 24
726 0 22
727 0 22
731 0 22
732 0 22
735 0 21
736 0 22
737 0 22
739 0 24
740 0 22
742 0 26
743 0 22
744 0 22
745 0 23
747 0 21
748 0 22
749 0 22
751 0 23
752 0 22
753 0 22
754 0 22
756 0 23
757 0 22
759 0 22
760 0 22
761 0 22
764 0 22
765 0 23
766 0 22
768 0 23
775 0 23
776 0 22
777 0 23
780 0 24
783 0 22
784 0 22
787 0 22
788 0 23
789 0 23
791 0 24
792 0 23
793 0 23
846 0 24
847 0 21
848 0 24
852 0 21
854 0 21
855 0 21
857 0 22
858 0 22
859 0 24
861 0 24
863 0 24
864 0 22
868 0 21
870 0 20
871 0 21
873 0 21
875 0 24
876 0 21
877 0 21
878 0 21
880 0 22
881 0 22
882 0 21
884 0 21
886 0 22
887 0 21
888 0 22
892 0 22
894 0 21
895 0 22
897 0 22
903 0 24
907 0 24
908 0 22
910 0 25
911 0 24
913 0 25
918 0 24
919 0 21
920 0 24
924 0 22
926 0 21
927 0 22
929 0 22
931 0 25
932 0 22
959 0 21
961 0 20
962 0 21
964 0 21
966 0 25
967 0 22
968 0 20
969 0 20
971 0 21
972 0 21
973 0 21
975 0 21
977 0 21
978 0 21
980 0 22
981 0 21
983 0 22
989 0 21
990 0 24
994 0 21
996 0 21
997 0 21
999 0 22
1000 0 22
1012 0 21
1013 0 21
1015 0 22
1016 0 22
1017 0 21
1019 0 21
1021 0 22
1022 0 22
1023 0 22
1027 0 22
1029 0 21
1030 0 22
1032 0 22
1038 0 21
1040 0 22
1042 0 21
1043 0 22
1045 0 22
1046 0 21
1048 0 22
1053 0 22
1054 0 23
1055 0 22
1059 0 23
1065 0 24
1066 0 22
1068 0 23
1070 0 22
1071 0 23
1075 0 22
1077 0 21
1078 0 22
1080 0 22
1082 0 26
1083 0 23
1084 0 21
1085 0 21
1087 0 22
1088 0 22
1089 0 22
1091 0 22
1093 0 22
1094 0 22
1096 0 23
1097 0 22
1099 0 23
1105 0 24
1107 0 24
1109 0 24
1110 0 22
1112 0 24
1113 0 24
1115 0 25
1120 0 25
1121 0 21
1126 0 22
1128 0 21
1129 0 22
1131 0 22
1133 0 26
1134 0 22
1135 0 24
1136 0 25
1138 0 26
1139 0 26
1140 0 24
1142 0 24
1144 0 26
1145 0 22
1152 0 24
1153 0 21
1158 0 21
1160 0 21
1161 0 22
1163 0 23
1164 0 22
1165 0 24
1167 0 24
1169 0 24
1170 0 22
1174 0 22
1176 0 21
1177 0 22
1179 0 22
1181 0 26
1182 0 22
1183 0 21
1184 0 22
1186 0 23
1187 0 22
1188 0 22
1190 0 22
1192 0 22
1193 0 22
1195 0 22
1196 0 22
1198 0 23
1204 0 22
1209 0 22
1211 0 22
1212 0 23
1214 0 24
1215 0 23
1241 0 24
1243 0 21
1245 0 21
1247 0 22
1248 0 24
1250 0 22
1253 0 21
1255 0 21
1257 0 21
1259 0 22
1260 0 21
1262 0 22
1264 0 22
1266 0 22
1270 0 24
1272 0 22
1274 0 24
1278 0 24
1280 0 22
1282 0 22
1298 0 21
1300 0 21
1302 0 20
1304 0 21
1305 0 21
1307 0 21
1309 0 21
1313 0 24
1315 0 21
1317 0 21
1319 0 22
1325 0 21
1327 0 22
1328 0 21
1330 0 22
1332 0 22
1334 0 22
1338 0 21
1340 0 22
1342 0 21
1346 0 22
1348 0 23
1352 0 24
1353 0 22
1355 0 23
1358 0 22
1360 0 22
1362 0 21
1364 0 22
1365 0 22
1367 0 22
1369 0 22
1374 0 24
1376 0 22
1378 0 24
1384 0 22
1386 0 22
1388 0 25
1390 0 26
1391 0 24
1398 0 21
1400 0 22
1402 0 22
1403 0 24
1405 0 22
1408 0 22
1410 0 22
1412 0 22
1414 0 22
1415 0 22
1417 0 22
1419 0 22
1425 0 22
1427 0 23
1429 0 23
1437 0 24
1438 0 24
1439 0 21
1440 0 21
1441 0 22
1442 0 22
1443 0 24
1445 0 24
1446 0 22
1450 0 21
1451 0 21
1453 0 24
1455 0 21
1456 0 22
1457 0 22
1458 0 21
1460 0 22
1461 0 22
1462 0 22
1463 0 22
1464 0 24
1467 0 22
1468 0 24
1472 0 24
1473 0 22
1474 0 22
1480 0 21
1481 0 21
1483 0 25
1485 0 20
1486 0 22
1487 0 21
1488 0 21
1490 0 22
1492 0 21
1493 0 23
1495 0 24
1496 0 24
1497 0 21
1498 0 21
1499 0 22
1500 0 22
1502 0 21
1503 0 22
1504 0 22
1505 0 21
1507 0 22
1508 0 22
1509 0 22
1510 0 22
1511 0 21
1513 0 21
1514 0 23
1515 0 21
1516 0 22
1518 0 22
1519 0 22
1520 0 22
1521 0 21
1522 0 22
1523 0 22
1524 0 22
1526 0 22
1527 0 23
1531 0 22
1532 0 22
1534 0 26
1536 0 21
1537 0 22
1538 0 22
1539 0 22
1541 0 22
1542 0 24
1543 0 22
1544 0 23
1555 0 24
1557 0 24
1558 0 22
1562 0 25
1563 0 24
1564 0 22
1565 0 22
1567 0 26
1569 0 25
1570 0 26
1571 0 26
1572 0 24
1574 0 26
1575 0 25
1583 0 24
1584 0 24
1585 0 21
1586 0 21
1587 0 22
1588 0 22
1589 0 24
1591 0 24
1592 0 22
1596 0 22
1597 0 22
1599 0 26
1601 0 21
1602 0 23
1603 0 22
1604 0 22
1606 0 23
1608 0 22
1609 0 24
1611 0 25
1612 0 25
1613 0 22
1614 0 22
1615 0 23
1616 0 23
1631 0 21
1633 0 21
1635 0 20
1637 0 21
1638 0 21
1640 0 21
1642 0 21
1646 0 25
1648 0 21
1650 0 21
1652 0 22
1658 0 20
1660 0 22
1661 0 20
1663 0 22
1665 0 21
1667 0 21
1671 0 21
1673 0 22
1675 0 21
1679 0 22
1681 0 23
1685 0 21
1687 0 23
1688 0 21
1690 0 23
1693 0 24
1695 0 21
1697 0 21
1699 0 22
1700 0 24
1702 0 22
1705 0 21
1707 0 21
1709 0 21
1711 0 22
1712 0 21
1714 0 22
1716 0 22
1718 0 22
1724 0 21
1725 0 21
1726 0 22
1727 0 21
1728 0 21
1729 0 22
1731 0 22
1732 0 24
1733 0 22
1737 0 21
1738 0 20
1739 0 21
1740 0 21
1741 0 21
1742 0 21
1744 0 21
1745 0 22
1747 0 22
1748 0 21
1749 0 23
1751 0 23
1752 0 22
1753 0 21
1754 0 22
1755 0 22
1757 0 22
1758 0 24
1759 0 22
1760 0 25
1761 0 21
1762 0 22
1763 0 22
1764 0 22
1765 0 22
1766 0 22
1767 0 22
1768 0 22
1769 0 23
1773 0 21
1774 0 20
1775 0 21
1776 0 21
1777 0 21
1778 0 21
1780 0 20
1781 0 21
1783 0 22
1784 0 21
1785 0 23
1786 0 21
1787 0 21
1788 0 21
1789 0 22
1790 0 21
1791 0 21
1792 0 22
1794 0 21
1795 0 22
1797 0 21
1798 0 21
1799 0 22
1800 0 23
1801 0 22
1802 0 22
1803 0 21
1804 0 22
1805 0 22
1807 0 21
1808 0 21
1809 0 22
1810 0 21
1811 0 21
1812 0 22
1813 0 22
1814 0 21
1815 0 21
1816 0 22
1818 0 22
1819 0 22
1820 0 22
1824 0 22
1825 0 22
1826 0 22
1827 0 22
1828 0 22
1829 0 23
1831 0 21
1832 0 22
1834 0 22
1835 0 22
1836 0 23
1837 0 22
1852 0 22
1853 0 24
1854 0 22
1856 0 22
1857 0 22
1858 0 22
1859 0 22
1860 0 21
1861 0 22
1862 0 22
1863 0 22
1864 0 22
1866 0 24
1867 0 26
1869 0 22
1870 0 24
1871 0 23
1872 0 23
1873 0 23
1879 0 21
1880 0 21
1881 0 22
1882 0 21
1883 0 21
1884 0 22
1886 0 22
1887 0 24
1888 0 22
1892 0 22
1893 0 21
1894 0 22
1895 0 22
1896 0 22
1897 0 22
1899 0 21
1900 0 22
1902 0 23
1903 0 22
1904 0 24
1905 0 22
1906 0 22
1907 0 22
1908 0 23
1909 0 22
1910 0 22
1911 0 23
1966 0 24
1967 0 21
1968 0 22
1969 0 22
1970 0 24
1971 0 22
1973 0 21
1974 0 24
1976 0 22
1977 0 22
1978 0 22
1979 0 22
1981 0 22
1984 0 22
1987 0 21
1988 0 25
1990 0 22
1991 0 21
1992 0 22
1994 0 23
1995 0 24
1996 0 21
1997 0 22
1998 0 22
2000 0 22
2001 0 22
2002 0 22
2003 0 22
2004 0 21
2005 0 23
2006 0 22
2007 0 22
2008 0 22
2009 0 22
2010 0 22
2011 0 22
2012 0 23
2014 0 22
2015 0 26
2017 0 22
2018 0 22
2019 0 22
2020 0 24
2021 0 23
2027 0 24
2028 0 22
2030 0 25
2031 0 22
2032 0 26
2034 0 26
2035 0 26
2036 0 26
2040 0 24
2041 0 21
2042 0 22
2043 0 22
2044 0 24
2045 0 22
2047 0 22
2048 0 26
2050 0 23
2051 0 22
2052 0 23
2054 0 24
2055 0 25
2056 0 22
2057 0 23
2058 0 23
2083 0 21
2084 0 24
2086 0 21
2087 0 21
2088 0 21
2090 0 22
2091 0 24
2092 0 22
2093 0 22
2094 0 23
2096 0 21
2097 0 21
2098 0 21
2099 0 21
2100 0 21
2101 0 23
2102 0 22
2103 0 21
2104 0 22
2105 0 22
2107 0 22
2108 0 23
2109 0 22
2113 0 24
2114 0 22
2115 0 22
2116 0 22
2117 0 24
2118 0 23
2120 0 21
2121 0 24
2123 0 22
2124 0 22
2125 0 22
2126 0 22
2141 0 22
2142 0 22
2143 0 22
2144 0 22
2145 0 21
2147 0 22
2148 0 22
2149 0 23
2150 0 22
2151 0 23
2152 0 22
2153 0 24
2155 0 22
2156 0 26
2158 0 22
2159 0 22
2160 0 22
2162 0 23
2168 0 21
2170 0 23
2171 0 21
2172 0 23
2173 0 23
2175 0 22
2176 0 23
2177 0 22
2181 0 22
2183 0 23
2184 0 24
2185 0 22
2189 0 23
2191 0 24
2195 0 22
2197 0 24
2198 0 22
2199 0 24
2200 0 24
2202 0 22
2203 0 25
2205 0 22
2206 0 22
2207 0 22
2209 0 23
2210 0 25
2211 0 23
2212 0 23
2213 0 24
2215 0 22
2216 0 22
2217 0 22
2218 0 22
2219 0 22
2220 0 24
2221 0 23
2222 0 22
2223 0 23
2224 0 23
2226 0 23
2227 0 24
2228 0 23
2232 0 22
2233 0 22
2235 0 25
2237 0 21
2238 0 22
2239 0 22
2240 0 22
2242 0 22
2244 0 22
2245 0 23
2247 0 25
2248 0 26
2249 0 23
2250 0 23
2251 0 23
2252 0 24
2254 0 21
2255 0 22
2256 0 22
2257 0 21
2259 0 22
2260 0 22
2261 0 22
2262 0 22
2263 0 22
2265 0 22
2266 0 24
2267 0 22
2268 0 23
2270 0 22
2271 0 22
2272 0 23
2273 0 22
2275 0 23
2277 0 23
2278 0 23
2279 0 24
2280 0 22
2282 0 23
2283 0 23
2292 0 24
2294 0 22
2295 0 24
2297 0 24
2298 0 22
2299 0 22
2302 0 24
2303 0 25
2304 0 24
2306 0 25
2312 0 25
2313 0 21
2314 0 21
2315 0 22
2318 0 22
2321 0 22
2322 0 22
2325 0 21
2326 0 22
2327 0 22
2330 0 22
2332 0 26
2333 0 22
2334 0 22
2335 0 23
2337 0 24
2338 0 25
2339 0 25
2341 0 26
2342 0 26
2343 0 26
2344 0 24
2346 0 23
2347 0 24
2349 0 26
2350 0 23
2351 0 22
2352 0 23
2355 0 24
2361 0 24
2362 0 21
2363 0 21
2364 0 22
2367 0 22
2370 0 21
2371 0 21
2374 0 21
2375 0 22
2376 0 22
2378 0 23
2379 0 22
2380 0 22
2381 0 24
2383 0 22
2384 0 24
2386 0 24
2387 0 22
2388 0 22
2392 0 22
2393 0 22
2396 0 21
2397 0 22
2398 0 22
2400 0 24
2401 0 22
2403 0 26
2404 0 22
2405 0 22
2406 0 23
2408 0 21
2409 0 22
2410 0 22
2412 0 23
2413 0 22
2414 0 22
2415 0 22
2417 0 23
2418 0 22
2420 0 22
2421 0 22
2422 0 22
2425 0 22
2426 0 23
2427 0 22
2429 0 23
2436 0 23
2437 0 22
2438 0 23
2441 0 24
2444 0 22
2445 0 22
2448 0 22
2449 0 23
2450 0 23
2452 0 24
2453 0 23
2454 0 23
2474 0 21
2476 0 21
2478 0 24
2479 0 20
2481 0 21
2482 0 21
2483 0 21
2485 0 21
2486 0 21
2488 0 21
2490 0 22
2494 0 25
2497 0 21
2499 0 21
2501 0 22
2502 0 22
2510 0 20
2512 0 21
2513 0 22
2514 0 20
2516 0 21
2517 0 22
2520 0 21
2522 0 21
2527 0 21
2529 0 21
2530 0 22
2532 0 21
2534 0 22
2537 0 22
2538 0 22
2541 0 23
2545 0 23
2546 0 21
2548 0 22
2549 0 23
2550 0 21
2552 0 22
2553 0 23
2556 0 24
2557 0 24
2560 0 21
2562 0 21
2564 0 22
2565 0 22
2566 0 24
2568 0 24
2569 0 22
2573 0 21
2575 0 21
2577 0 24
2578 0 21
2580 0 22
2581 0 22
2582 0 21
2584 0 22
2585 0 22
2588 0 22
2590 0 22
2598 0 21
2599 0 21
2600 0 22
2601 0 22
2602 0 21
2603 0 21
2604 0 22
2605 0 22
2608 0 22
2609 0 24
2610 0 22
2615 0 21
2616 0 20
2617 0 21
2618 0 21
2619 0 21
2620 0 21
2621 0 21
2622 0 22
2624 0 21
2625 0 22
2626 0 22
2629 0 22
2630 0 21
2631 0 23
2633 0 24
2634 0 23
2635 0 22
2636 0 21
2637 0 22
2638 0 22
2639 0 22
2642 0 22
2643 0 24
2644 0 22
2645 0 25
2646 0 26
2647 0 21
2648 0 22
2649 0 22
2650 0 22
2651 0 22
2652 0 22
2653 0 22
2654 0 22
2655 0 22
2656 0 22
2657 0 23
2658 0 23
2663 0 21
2664 0 20
2665 0 21
2666 0 21
2667 0 21
2668 0 21
2669 0 21
2670 0 22
2672 0 20
2673 0 22
2674 0 21
2677 0 22
2678 0 21
2679 0 23
2680 0 21
2681 0 23
2682 0 21
2683 0 21
2684 0 22
2685 0 22
2686 0 21
2687 0 21
2688 0 22
2689 0 22
2691 0 21
2692 0 22
2693 0 22
2696 0 21
2697 0 21
2698 0 22
2699 0 23
2700 0 23
2701 0 22
2702 0 22
2703 0 21
2704 0 22
2705 0 22
2706 0 22
2709 0 21
2710 0 21
2711 0 22
2712 0 21
2713 0 22
2714 0 21
2715 0 22
2716 0 22
2717 0 22
2718 0 21
2719 0 21
2720 0 22
2721 0 22
2724 0 22
2725 0 22
2726 0 22
2731 0 22
2732 0 22
2733 0 22
2734 0 22
2735 0 22
2736 0 22
2737 0 23
2738 0 23
2740 0 21
2741 0 22
2742 0 22
2745 0 22
2746 0 22
2747 0 23
2748 0 22
2749 0 23
2769 0 22
2770 0 24
2771 0 22
2774 0 22
2775 0 22
2776 0 23
2777 0 22
2778 0 22
2779 0 21
2780 0 22
2781 0 22
2782 0 22
2783 0 22
2784 0 22
2785 0 23
2787 0 24
2789 0 26
2792 0 22
2793 0 24
2794 0 23
2795 0 23
2796 0 24
2797 0 23
2805 0 21
2806 0 21
2807 0 22
2808 0 22
2809 0 21
2810 0 21
2811 0 22
2812 0 22
2815 0 22
2816 0 24
2817 0 22
2822 0 22
2823 0 21
2824 0 22
2825 0 22
2826 0 22
2827 0 22
2828 0 22
2829 0 23
2831 0 21
2832 0 23
2833 0 22
2836 0 23
2837 0 22
2838 0 24
2839 0 22
2840 0 24
2841 0 22
2842 0 22
2843 0 23
2844 0 23
2845 0 22
2846 0 22
2847 0 23
2848 0 23
