106 0 27
107 0 27
108 0 24
109 0 23
110 0 24
111 0 24
112 0 27
114 0 27
115 0 25
119 0 23
120 0 23
122 0 27
124 0 23
125 0 24
126 0 24
127 0 24
129 0 25
130 0 25
131 0 24
132 0 24
133 0 27
136 0 25
137 0 27
141 0 27
142 0 24
143 0 24
149 0 23
150 0 23
152 0 28
154 0 23
155 0 24
156 0 24
157 0 24
159 0 25
160 0 25
161 0 24
162 0 25
164 0 27
165 0 27
166 0 24
167 0 23
168 0 24
169 0 24
171 0 23
172 0 24
173 0 24
174 0 23
176 0 24
177 0 24
178 0 24
179 0 24
180 0 23
182 0 24
183 0 25
184 0 23
185 0 24
187 0 24
188 0 24
189 0 25
190 0 25
192 0 26
193 0 24
195 0 24
196 0 26
200 0 24
201 0 24
203 0 29
205 0 23
206 0 24
207 0 24
208 0 24
210 0 25
211 0 26
212 0 24
213 0 25
224 0 27
226 0 27
227 0 25
231 0 28
232 0 27
233 0 24
234 0 24
236 0 29
238 0 28
239 0 29
240 0 29
241 0 27
243 0 29
244 0 28
252 0 27
253 0 27
254 0 24
255 0 23
256 0 24
257 0 24
258 0 27
260 0 27
261 0 25
265 0 24
266 0 24
268 0 29
270 0 24
271 0 25
272 0 25
273 0 25
275 0 26
276 0 26
277 0 25
278 0 26
280 0 28
281 0 28
282 0 25
283 0 24
284 0 25
285 0 25
336 0 24
337 0 23
339 0 27
341 0 23
342 0 23
343 0 24
344 0 23
346 0 24
347 0 25
348 0 24
349 0 24
351 0 27
352 0 28
353 0 25
354 0 24
355 0 24
356 0 25
358 0 23
359 0 23
360 0 24
361 0 23
363 0 24
364 0 24
365 0 24
366 0 23
367 0 23
369 0 23
370 0 25
371 0 24
372 0 24
374 0 23
375 0 23
376 0 25
377 0 25
379 0 24
381 0 24
382 0 24
383 0 25
384 0 23
386 0 24
387 0 24
395 0 27
397 0 25
398 0 24
399 0 24
400 0 25
401 0 27
403 0 27
404 0 26
408 0 24
409 0 23
411 0 27
413 0 24
414 0 24
415 0 25
416 0 24
418 0 25
419 0 25
420 0 25
421 0 24
447 0 24
448 0 24
449 0 25
450 0 23
452 0 24
453 0 24
454 0 25
455 0 24
456 0 23
458 0 24
459 0 25
460 0 24
461 0 24
463 0 24
464 0 24
465 0 25
466 0 25
467 0 26
468 0 26
469 0 24
471 0 24
472 0 26
476 0 25
477 0 24
479 0 29
481 0 24
482 0 24
483 0 25
484 0 24
486 0 25
487 0 26
488 0 25
489 0 25
500 0 24
502 0 24
503 0 25
504 0 25
505 0 25
507 0 24
508 0 24
509 0 25
510 0 25
512 0 25
514 0 25
515 0 25
516 0 26
517 0 24
519 0 25
520 0 25
528 0 25
529 0 25
530 0 25
531 0 25
532 0 26
533 0 26
534 0 25
536 0 25
537 0 26
541 0 25
542 0 25
544 0 26
546 0 25
547 0 26
548 0 26
549 0 25
551 0 26
552 0 26
553 0 26
554 0 26
555 0 25
557 0 25
558 0 26
559 0 26
560 0 26
562 0 25
563 0 25
564 0 26
565 0 26
567 0 26
571 0 25
572 0 24
574 0 28
576 0 24
577 0 24
578 0 25
579 0 24
581 0 25
582 0 26
583 0 25
584 0 25
586 0 28
587 0 29
588 0 26
589 0 25
590 0 25
591 0 26
593 0 24
594 0 24
595 0 25
596 0 24
598 0 25
599 0 25
600 0 25
601 0 24
602 0 24
604 0 24
605 0 26
606 0 25
607 0 25
609 0 24
610 0 24
611 0 26
612 0 26
614 0 25
616 0 25
617 0 25
618 0 26
619 0 24
621 0 25
622 0 25
631 0 27
633 0 25
634 0 27
636 0 27
637 0 24
638 0 24
641 0 27
642 0 28
643 0 27
645 0 28
651 0 28
652 0 24
653 0 23
654 0 24
657 0 25
660 0 24
661 0 24
664 0 24
665 0 25
666 0 25
668 0 26
669 0 25
671 0 29
672 0 25
673 0 24
674 0 25
676 0 27
677 0 28
678 0 28
680 0 29
681 0 29
682 0 29
683 0 27
685 0 26
686 0 27
688 0 29
689 0 25
690 0 24
691 0 25
694 0 26
700 0 27
701 0 24
702 0 23
703 0 24
706 0 25
709 0 24
710 0 24
713 0 24
714 0 25
715 0 25
717 0 26
718 0 25
719 0 25
720 0 27
722 0 25
723 0 27
725 0 27
726 0 24
727 0 24
731 0 24
732 0 24
735 0 23
736 0 24
737 0 24
739 0 26
740 0 24
742 0 29
743 0 25
744 0 24
745 0 25
747 0 23
748 0 24
749 0 24
751 0 25
752 0 24
753 0 24
754 0 24
756 0 26
757 0 24
759 0 24
760 0 26
764 0 24
765 0 25
766 0 24
768 0 25
775 0 25
776 0 24
777 0 25
780 0 26
783 0 24
784 0 24
787 0 24
788 0 25
789 0 25
791 0 26
792 0 25
793 0 25
846 0 27
847 0 23
848 0 27
852 0 23
854 0 23
855 0 24
857 0 25
858 0 24
859 0 27
861 0 27
863 0 27
864 0 24
868 0 23
870 0 23
871 0 24
873 0 24
875 0 27
876 0 23
877 0 23
878 0 23
880 0 24
881 0 24
882 0 23
884 0 23
886 0 24
887 0 25
888 0 24
892 0 24
894 0 23
895 0 24
897 0 24
903 0 27
907 0 27
908 0 24
910 0 28
911 0 27
913 0 28
918 0 27
919 0 23
920 0 27
924 0 24
926 0 24
927 0 25
929 0 25
931 0 28
932 0 24
959 0 23
961 0 23
962 0 23
964 0 24
966 0 28
967 0 24
968 0 23
969 0 23
971 0 24
972 0 23
973 0 23
975 0 24
977 0 23
978 0 25
980 0 24
981 0 23
983 0 24
989 0 24
990 0 27
994 0 23
996 0 24
997 0 24
999 0 25
1000 0 24
1012 0 24
1013 0 23
1015 0 24
1016 0 24
1017 0 23
1019 0 24
1021 0 24
1022 0 25
1023 0 24
1027 0 24
1029 0 24
1030 0 24
1032 0 25
1038 0 24
1040 0 25
1042 0 24
1043 0 25
1045 0 25
1046 0 24
1048 0 25
1053 0 25
1054 0 25
1055 0 25
1059 0 25
1061 0 25
1062 0 25
1064 0 26
1065 0 26
1066 0 25
1068 0 26
1070 0 25
1071 0 26
1075 0 24
1077 0 24
1078 0 24
1080 0 25
1082 0 29
1083 0 25
1084 0 24
1085 0 24
1087 0 25
1088 0 24
1089 0 24
1091 0 25
1093 0 24
1094 0 26
1096 0 25
1097 0 24
1099 0 25
1105 0 27
1107 0 27
1109 0 27
1110 0 24
1112 0 27
1113 0 27
1115 0 28
1120 0 28
1121 0 23
1126 0 24
1128 0 24
1129 0 25
1131 0 25
1133 0 29
1134 0 24
1135 0 27
1136 0 28
1138 0 29
1139 0 29
1140 0 27
1142 0 27
1144 0 29
1145 0 24
1152 0 27
1153 0 23
1158 0 24
1160 0 24
1161 0 25
1163 0 26
1164 0 25
1165 0 27
1167 0 27
1169 0 27
1170 0 24
1174 0 24
1176 0 23
1177 0 24
1179 0 24
1181 0 29
1182 0 24
1183 0 23
1184 0 24
1186 0 25
1187 0 24
1188 0 24
1190 0 24
1192 0 24
1195 0 24
1196 0 24
1198 0 25
1204 0 24
1209 0 24
1211 0 24
1212 0 25
1214 0 26
1215 0 25
1241 0 27
1243 0 23
1245 0 24
1247 0 24
1248 0 27
1250 0 24
1253 0 23
1255 0 24
1257 0 23
1259 0 24
1260 0 23
1262 0 24
1264 0 24
1266 0 24
1270 0 27
1272 0 24
1274 0 27
1278 0 27
1280 0 24
1282 0 25
1298 0 23
1300 0 23
1302 0 23
1304 0 23
1305 0 23
1307 0 25
1309 0 23
1313 0 27
1315 0 23
1317 0 24
1319 0 24
1325 0 23
1327 0 24
1328 0 23
1330 0 24
1332 0 24
1334 0 24
1338 0 24
1340 0 25
1342 0 24
1346 0 25
1348 0 25
1350 0 25
1352 0 26
1353 0 25
1355 0 26
1358 0 24
1360 0 24
1362 0 24
1364 0 24
1365 0 24
1367 0 26
1369 0 24
1374 0 27
1376 0 24
1378 0 27
1384 0 24
1386 0 25
1388 0 28
1390 0 29
1391 0 27
1398 0 24
1400 0 25
1402 0 25
1403 0 27
1405 0 24
1408 0 24
1410 0 24
1412 0 24
1414 0 24
1415 0 24
1419 0 24
1425 0 24
1427 0 25
1429 0 25
1437 0 27
1438 0 27
1439 0 24
1440 0 23
1441 0 24
1442 0 24
1443 0 27
1445 0 27
1446 0 25
1450 0 23
1451 0 23
1453 0 27
1455 0 23
1456 0 24
1457 0 24
1458 0 24
1460 0 25
1461 0 25
1462 0 24
1463 0 24
1464 0 27
1467 0 25
1468 0 27
1472 0 27
1473 0 24
1474 0 24
1480 0 23
1481 0 23
1483 0 28
1485 0 23
1486 0 24
1487 0 24
1488 0 24
1490 0 25
1491 0 25
1492 0 24
1493 0 25
1495 0 27
1496 0 27
1497 0 24
1498 0 23
1499 0 24
1500 0 24
1502 0 23
1503 0 24
1504 0 24
1505 0 23
1507 0 24
1508 0 24
1509 0 24
1510 0 24
1511 0 23
1513 0 24
1514 0 25
1515 0 23
1516 0 24
1518 0 24
1519 0 24
1520 0 25
1521 0 25
1523 0 26
1524 0 24
1526 0 24
1527 0 26
1531 0 24
1532 0 24
1534 0 29
1536 0 23
1537 0 24
1538 0 24
1539 0 24
1541 0 25
1542 0 26
1543 0 24
1544 0 25
1555 0 27
1557 0 27
1558 0 25
1562 0 28
1563 0 27
1564 0 24
1565 0 24
1567 0 29
1569 0 28
1570 0 29
1571 0 29
1572 0 27
1574 0 29
1575 0 28
1583 0 27
1584 0 27
1585 0 24
1586 0 23
1587 0 24
1588 0 24
1589 0 27
1591 0 27
1592 0 25
1596 0 24
1597 0 24
1599 0 29
1601 0 24
1602 0 25
1603 0 25
1604 0 25
1606 0 26
1607 0 26
1608 0 25
1609 0 26
1611 0 28
1612 0 28
1613 0 25
1614 0 24
1615 0 25
1616 0 25
1631 0 23
1633 0 23
1635 0 23
1637 0 23
1638 0 23
1640 0 25
1642 0 23
1646 0 28
1648 0 23
1650 0 24
1652 0 24
1658 0 23
1660 0 24
1661 0 23
1663 0 24
1665 0 24
1667 0 24
1671 0 24
1673 0 25
1675 0 24
1679 0 25
1681 0 25
1683 0 25
1685 0 24
1687 0 25
1688 0 24
1690 0 25
1693 0 27
1695 0 23
1697 0 24
1699 0 24
1700 0 27
1702 0 24
1705 0 23
1707 0 24
1709 0 23
1711 0 24
1712 0 23
1714 0 24
1716 0 24
1718 0 24
1724 0 23
1725 0 24
1726 0 24
1727 0 23
1728 0 23
1729 0 24
1731 0 24
1732 0 27
1733 0 24
1737 0 23
1738 0 23
1739 0 25
1740 0 23
1741 0 23
1742 0 24
1744 0 23
1745 0 24
1747 0 25
1748 0 24
1749 0 25
1750 0 25
1751 0 26
1752 0 24
1753 0 24
1754 0 26
1755 0 24
1757 0 24
1758 0 27
1759 0 24
1760 0 28
1761 0 24
1762 0 25
1763 0 24
1764 0 24
1765 0 24
1767 0 24
1768 0 24
1769 0 25
1773 0 23
1774 0 23
1775 0 25
1776 0 23
1777 0 23
1778 0 24
1780 0 23
1781 0 24
1783 0 25
1784 0 24
1785 0 25
1786 0 24
1787 0 23
1788 0 24
1789 0 24
1790 0 23
1791 0 23
1792 0 24
1794 0 23
1795 0 24
1797 0 25
1798 0 23
1799 0 25
1800 0 25
1801 0 26
1802 0 24
1803 0 24
1805 0 24
1807 0 25
1808 0 23
1809 0 25
1810 0 23
1811 0 25
1812 0 25
1814 0 25
1815 0 25
1819 0 24
1820 0 26
1824 0 24
1825 0 24
1827 0 24
1828 0 24
1829 0 25
1831 0 23
1832 0 24
1834 0 26
1835 0 24
1836 0 26
1837 0 24
1852 0 24
1853 0 27
1854 0 24
1856 0 24
1857 0 25
1858 0 24
1859 0 24
1860 0 24
1862 0 24
1863 0 24
1864 0 25
1866 0 27
1867 0 29
1869 0 24
1870 0 27
1871 0 25
1872 0 26
1873 0 25
1879 0 23
1880 0 24
1881 0 24
1882 0 23
1883 0 23
1884 0 24
1886 0 24
1887 0 27
1888 0 24
1892 0 24
1893 0 24
1894 0 26
1895 0 24
1896 0 24
1897 0 25
1899 0 24
1900 0 25
1902 0 26
1903 0 25
1904 0 26
1905 0 25
1906 0 24
1907 0 25
1908 0 25
1909 0 24
1910 0 24
1911 0 25
1966 0 27
1967 0 24
1968 0 24
1969 0 24
1970 0 27
1971 0 25
1973 0 23
1974 0 27
1976 0 24
1977 0 24
1978 0 25
1979 0 24
1981 0 25
1984 0 24
1987 0 23
1988 0 28
1990 0 24
1991 0 24
1992 0 25
1993 0 25
1994 0 25
1995 0 27
1996 0 24
1997 0 24
1998 0 24
2000 0 24
2001 0 24
2002 0 24
2003 0 24
2004 0 24
2005 0 25
2006 0 24
2007 0 24
2008 0 25
2010 0 26
2011 0 24
2012 0 26
2014 0 24
2015 0 29
2017 0 24
2018 0 24
2019 0 25
2020 0 26
2021 0 25
2027 0 27
2028 0 25
2030 0 28
2031 0 24
2032 0 29
2034 0 29
2035 0 29
2036 0 29
2040 0 27
2041 0 24
2042 0 24
2043 0 24
2044 0 27
2045 0 25
2047 0 24
2048 0 29
2050 0 25
2051 0 25
2052 0 26
2053 0 26
2054 0 26
2055 0 28
2056 0 25
2057 0 25
2058 0 25
2083 0 24
2084 0 27
2086 0 23
2087 0 24
2088 0 24
2089 0 25
2090 0 24
2091 0 27
2092 0 25
2093 0 24
2094 0 25
2096 0 23
2097 0 24
2098 0 24
2099 0 24
2100 0 23
2101 0 25
2102 0 24
2103 0 23
2104 0 25
2105 0 24
2107 0 24
2108 0 25
2109 0 24
2113 0 27
2114 0 25
2115 0 24
2116 0 25
2117 0 27
2118 0 26
2120 0 24
2121 0 27
2123 0 24
2124 0 25
2125 0 25
2126 0 25
2141 0 24
2142 0 25
2143 0 24
2144 0 25
2145 0 24
2146 0 25
2147 0 24
2148 0 24
2149 0 25
2150 0 26
2151 0 26
2152 0 24
2153 0 26
2155 0 25
2156 0 29
2158 0 24
2159 0 25
2160 0 25
2161 0 26
2162 0 25
2168 0 24
2169 0 25
2170 0 25
2171 0 24
2172 0 25
2173 0 25
2175 0 25
2176 0 26
2177 0 25
2181 0 25
2182 0 25
2183 0 26
2184 0 26
2185 0 25
2186 0 26
2188 0 25
2189 0 26
2191 0 26
2192 0 26
2193 0 26
2194 0 26
2195 0 25
2196 0 26
2197 0 26
2198 0 25
2199 0 26
2200 0 26
2202 0 25
2203 0 28
2205 0 24
2206 0 25
2207 0 25
2208 0 26
2209 0 25
2210 0 28
2211 0 26
2212 0 25
2213 0 26
2215 0 24
2216 0 25
2217 0 25
2218 0 25
2219 0 24
2220 0 26
2221 0 25
2222 0 24
2223 0 26
2224 0 25
2226 0 25
2227 0 26
2228 0 25
2232 0 25
2233 0 24
2235 0 28
2237 0 24
2238 0 24
2239 0 25
2240 0 24
2242 0 25
2243 0 26
2244 0 25
2245 0 25
2247 0 28
2248 0 29
2249 0 26
2250 0 25
2251 0 25
2252 0 26
2254 0 24
2255 0 24
2256 0 25
2257 0 24
2259 0 25
2260 0 25
2261 0 25
2262 0 24
2263 0 24
2265 0 24
2266 0 26
2267 0 25
2268 0 25
2270 0 24
2271 0 24
2272 0 26
2273 0 26
2275 0 25
2277 0 25
2278 0 25
2279 0 26
2280 0 24
2282 0 25
2283 0 25
2292 0 27
2294 0 25
2295 0 27
2297 0 27
2298 0 24
2299 0 24
2302 0 27
2303 0 28
2304 0 27
2306 0 28
2312 0 28
2313 0 24
2314 0 23
2315 0 24
2318 0 25
2321 0 24
2322 0 24
2325 0 24
2326 0 25
2327 0 25
2329 0 26
2330 0 25
2332 0 29
2333 0 25
2334 0 24
2335 0 25
2337 0 27
2338 0 28
2339 0 28
2341 0 29
2342 0 29
2343 0 29
2344 0 27
2346 0 26
2347 0 27
2349 0 29
2350 0 25
2351 0 24
2352 0 25
2355 0 26
2361 0 27
2362 0 24
2363 0 23
2364 0 24
2367 0 25
2370 0 24
2371 0 24
2374 0 24
2375 0 25
2376 0 25
2378 0 26
2379 0 25
2380 0 25
2381 0 27
2383 0 25
2384 0 27
2386 0 27
2387 0 24
2388 0 24
2392 0 24
2393 0 24
2396 0 23
2397 0 24
2398 0 24
2400 0 26
2401 0 24
2403 0 29
2404 0 25
2405 0 24
2406 0 25
2408 0 23
2409 0 24
2410 0 24
2412 0 25
2413 0 24
2414 0 24
2415 0 24
2417 0 26
2418 0 24
2420 0 24
2421 0 26
2425 0 24
2426 0 25
2427 0 24
2429 0 25
2436 0 25
2437 0 24
2438 0 25
2441 0 26
2444 0 24
2445 0 24
2448 0 24
2449 0 25
2450 0 25
2452 0 26
2453 0 25
2454 0 25
2474 0 23
2476 0 23
2478 0 27
2479 0 23
2481 0 24
2482 0 23
2483 0 23
2485 0 23
2486 0 25
2488 0 23
2490 0 24
2494 0 28
2497 0 23
2499 0 24
2501 0 25
2502 0 24
2510 0 23
2512 0 24
2513 0 24
2514 0 23
2516 0 24
2517 0 24
2520 0 24
2522 0 24
2527 0 24
2529 0 24
2530 0 25
2532 0 24
2534 0 25
2537 0 25
2538 0 25
2541 0 25
2543 0 25
2545 0 26
2546 0 24
2548 0 25
2549 0 25
2550 0 24
2552 0 25
2553 0 25
2556 0 27
2557 0 27
2560 0 23
2562 0 24
2564 0 25
2565 0 24
2566 0 27
2568 0 27
2569 0 24
2573 0 23
2575 0 24
2577 0 27
2578 0 23
2580 0 24
2581 0 24
2582 0 23
2584 0 24
2585 0 24
2588 0 24
2590 0 24
2598 0 23
2599 0 24
2600 0 24
2601 0 24
2602 0 23
2603 0 23
2604 0 24
2605 0 24
2608 0 24
2609 0 27
2610 0 24
2615 0 23
2616 0 23
2617 0 23
2618 0 25
2619 0 23
2620 0 23
2621 0 24
2622 0 24
2624 0 23
2625 0 24
2626 0 24
2629 0 25
2630 0 24
2631 0 25
2632 0 25
2633 0 26
2634 0 26
2635 0 24
2636 0 24
2637 0 24
2638 0 26
2639 0 24
2642 0 24
2643 0 27
2644 0 24
2645 0 28
2646 0 29
2647 0 24
2648 0 25
2649 0 25
2650 0 24
2651 0 24
2652 0 24
2653 0 24
2655 0 24
2656 0 24
2657 0 25
2658 0 25
2663 0 23
2664 0 23
2665 0 23
2666 0 25
2667 0 23
2668 0 23
2669 0 24
2670 0 24
2672 0 23
2673 0 24
2674 0 24
2677 0 25
2678 0 24
2679 0 25
2680 0 24
2681 0 25
2682 0 23
2683 0 24
2684 0 24
2685 0 24
2686 0 23
2687 0 23
2688 0 24
2689 0 24
2691 0 23
2692 0 24
2693 0 24
2696 0 25
2697 0 23
2698 0 25
2699 0 25
2700 0 26
2701 0 26
2702 0 24
2703 0 24
2704 0 24
2706 0 24
2709 0 25
2710 0 23
2711 0 25
2712 0 23
2713 0 24
2714 0 25
2715 0 25
2716 0 26
2718 0 25
2719 0 25
2725 0 24
2726 0 26
2731 0 24
2732 0 24
2733 0 24
2735 0 24
2736 0 24
2737 0 25
2738 0 25
2740 0 23
2741 0 24
2742 0 24
2745 0 26
2746 0 24
2747 0 26
2748 0 24
2749 0 25
2769 0 24
2770 0 27
2771 0 24
2774 0 24
2775 0 25
2776 0 25
2777 0 24
2778 0 24
2779 0 24
2780 0 24
2782 0 24
2783 0 24
2784 0 25
2785 0 25
2787 0 27
2789 0 29
2792 0 24
2793 0 27
2794 0 25
2795 0 26
2796 0 26
2797 0 25
2805 0 23
2806 0 24
2807 0 24
2808 0 24
2809 0 23
2810 0 23
2811 0 24
2812 0 24
2815 0 24
2816 0 27
2817 0 24
2822 0 24
2823 0 24
2824 0 24
2825 0 26
2826 0 24
2827 0 24
2828 0 25
2829 0 25
2831 0 24
2832 0 25
2833 0 25
2836 0 26
2837 0 25
2838 0 26
2839 0 25
2840 0 26
2841 0 24
2842 0 25
2843 0 25
2844 0 25
2845 0 24
2846 0 24
2847 0 25
2848 0 25
