106 0 9
107 0 9
108 0 7
109 0 7
110 0 7
111 0 7
112 0 9
114 0 9
115 0 7
119 0 7
120 0 7
122 0 9
124 0 7
125 0 7
126 0 7
127 0 7
129 0 7
130 0 7
131 0 7
132 0 7
133 0 9
136 0 7
137 0 9
141 0 9
142 0 7
143 0 7
149 0 7
150 0 7
152 0 9
154 0 8
155 0 7
156 0 8
157 0 7
159 0 8
160 0 6
161 0 8
162 0 7
164 0 9
165 0 9
166 0 7
167 0 7
168 0 7
169 0 7
171 0 7
172 0 7
173 0 7
174 0 7
176 0 7
177 0 7
178 0 7
179 0 7
180 0 7
182 0 8
183 0 7
184 0 7
185 0 7
187 0 7
188 0 7
189 0 8
190 0 9
191 0 9
192 0 9
193 0 7
195 0 7
196 0 8
200 0 7
201 0 7
203 0 9
205 0 7
206 0 7
207 0 7
208 0 7
210 0 8
211 0 7
212 0 7
213 0 7
224 0 9
226 0 9
227 0 7
231 0 9
232 0 9
233 0 7
234 0 7
236 0 9
238 0 9
239 0 9
240 0 9
241 0 9
243 0 9
244 0 9
252 0 9
253 0 9
254 0 7
255 0 7
256 0 7
257 0 7
258 0 9
260 0 9
261 0 7
265 0 7
266 0 7
268 0 9
270 0 8
271 0 7
272 0 8
273 0 7
275 0 8
276 0 6
277 0 8
278 0 7
280 0 9
281 0 9
282 0 7
283 0 7
284 0 7
285 0 7
336 0 7
337 0 7
339 0 9
341 0 8
342 0 7
343 0 8
344 0 7
346 0 7
347 0 6
348 0 8
349 0 7
351 0 9
352 0 9
353 0 8
354 0 7
355 0 7
356 0 7
358 0 8
359 0 7
360 0 8
361 0 8
363 0 7
364 0 8
365 0 7
366 0 7
367 0 7
369 0 7
370 0 7
371 0 8
372 0 7
374 0 7
375 0 7
376 0 8
377 0 9
379 0 7
381 0 7
382 0 7
383 0 7
384 0 7
386 0 7
387 0 7
395 0 9
397 0 8
398 0 8
399 0 7
400 0 8
401 0 9
403 0 9
404 0 8
408 0 7
409 0 7
411 0 9
413 0 8
414 0 7
415 0 8
416 0 8
418 0 7
419 0 8
420 0 7
421 0 7
447 0 7
448 0 7
449 0 7
450 0 7
452 0 7
453 0 7
454 0 7
455 0 7
456 0 7
458 0 8
459 0 6
460 0 7
461 0 7
463 0 7
464 0 7
465 0 7
466 0 8
467 0 9
468 0 8
469 0 7
471 0 7
472 0 7
476 0 7
477 0 7
479 0 9
481 0 7
482 0 7
483 0 7
484 0 7
486 0 8
487 0 6
488 0 7
489 0 7
500 0 7
502 0 8
503 0 6
504 0 8
505 0 7
507 0 8
508 0 7
509 0 7
510 0 8
512 0 7
514 0 8
515 0 8
516 0 8
517 0 7
519 0 8
520 0 7
528 0 7
529 0 7
530 0 6
531 0 7
532 0 8
533 0 7
534 0 7
536 0 7
537 0 6
541 0 6
542 0 7
544 0 8
546 0 6
547 0 7
548 0 6
549 0 6
551 0 6
552 0 6
553 0 6
554 0 7
555 0 7
557 0 8
558 0 6
559 0 8
560 0 7
562 0 8
563 0 7
564 0 7
565 0 8
567 0 7
571 0 7
572 0 7
574 0 9
576 0 8
577 0 7
578 0 8
579 0 7
581 0 7
582 0 6
583 0 8
584 0 7
586 0 9
587 0 9
588 0 8
589 0 7
590 0 7
591 0 7
593 0 8
594 0 7
595 0 8
596 0 8
598 0 7
599 0 8
600 0 7
601 0 7
602 0 7
604 0 7
605 0 7
606 0 8
607 0 7
609 0 7
610 0 7
611 0 8
612 0 9
614 0 7
616 0 7
617 0 7
618 0 7
619 0 7
621 0 7
622 0 7
631 0 9
633 0 7
634 0 9
636 0 9
637 0 7
638 0 7
641 0 9
642 0 9
643 0 9
645 0 9
651 0 9
652 0 8
653 0 7
654 0 7
657 0 8
660 0 7
661 0 7
664 0 7
665 0 7
666 0 7
668 0 6
669 0 7
671 0 9
672 0 8
673 0 7
674 0 7
676 0 9
677 0 9
678 0 9
680 0 9
681 0 9
682 0 9
683 0 9
685 0 8
686 0 9
688 0 9
689 0 7
690 0 7
691 0 7
694 0 7
700 0 9
701 0 8
702 0 7
703 0 7
706 0 8
709 0 8
710 0 8
713 0 7
714 0 7
715 0 8
717 0 8
718 0 8
719 0 8
720 0 9
722 0 7
723 0 9
725 0 9
726 0 7
727 0 7
731 0 7
732 0 7
735 0 7
736 0 7
737 0 7
739 0 7
740 0 7
742 0 9
743 0 8
744 0 7
745 0 7
747 0 7
748 0 7
749 0 7
751 0 7
752 0 7
753 0 7
754 0 7
756 0 8
757 0 7
759 0 7
760 0 9
761 0 9
764 0 7
765 0 7
766 0 7
768 0 7
775 0 7
776 0 7
777 0 7
780 0 7
783 0 7
784 0 7
787 0 7
788 0 7
789 0 7
791 0 7
792 0 7
793 0 7
846 0 9
847 0 7
848 0 9
852 0 7
854 0 7
855 0 7
857 0 7
858 0 7
859 0 9
861 0 9
863 0 9
864 0 7
868 0 7
870 0 8
871 0 7
873 0 8
875 0 9
876 0 7
877 0 7
878 0 7
880 0 7
881 0 7
882 0 7
884 0 7
886 0 7
887 0 9
888 0 7
892 0 7
894 0 7
895 0 7
897 0 7
903 0 9
907 0 9
908 0 7
910 0 9
911 0 9
913 0 9
918 0 9
919 0 7
920 0 9
924 0 7
926 0 8
927 0 7
929 0 8
931 0 9
932 0 7
959 0 7
961 0 8
962 0 7
964 0 8
966 0 9
967 0 7
968 0 8
969 0 8
971 0 8
972 0 7
973 0 7
975 0 8
977 0 7
978 0 9
980 0 7
981 0 7
983 0 7
989 0 8
990 0 9
994 0 7
996 0 8
997 0 8
999 0 8
1000 0 7
1012 0 7
1013 0 7
1015 0 7
1016 0 7
1017 0 7
1019 0 7
1021 0 7
1022 0 8
1023 0 7
1027 0 7
1029 0 7
1030 0 7
1032 0 7
1038 0 7
1040 0 8
1042 0 7
1043 0 8
1045 0 8
1046 0 7
1048 0 7
1053 0 7
1054 0 7
1055 0 7
1059 0 7
1061 0 6
1062 0 6
1064 0 6
1065 0 7
1066 0 7
1068 0 8
1070 0 7
1071 0 8
1075 0 7
1077 0 8
1078 0 7
1080 0 8
1082 0 9
1083 0 7
1084 0 8
1085 0 8
1087 0 8
1088 0 7
1089 0 7
1091 0 8
1093 0 7
1094 0 9
1096 0 7
1097 0 7
1099 0 7
1105 0 9
1107 0 9
1109 0 9
1110 0 7
1112 0 9
1113 0 9
1115 0 9
1120 0 9
1121 0 7
1126 0 7
1128 0 7
1129 0 7
1131 0 7
1133 0 9
1134 0 7
1135 0 9
1136 0 9
1138 0 9
1139 0 9
1140 0 9
1142 0 9
1144 0 9
1145 0 7
1152 0 9
1153 0 7
1158 0 8
1160 0 7
1161 0 8
1163 0 8
1164 0 8
1165 0 9
1167 0 9
1169 0 9
1170 0 7
1174 0 7
1176 0 7
1177 0 7
1179 0 7
1181 0 9
1182 0 7
1183 0 7
1184 0 7
1186 0 7
1187 0 7
1188 0 7
1190 0 7
1192 0 7
1193 0 9
1195 0 7
1196 0 7
1198 0 7
1204 0 7
1209 0 7
1211 0 7
1212 0 7
1214 0 7
1215 0 7
1241 0 9
1243 0 7
1245 0 7
1247 0 7
1248 0 9
1250 0 7
1253 0 7
1255 0 7
1257 0 7
1259 0 7
1260 0 7
1262 0 7
1264 0 7
1266 0 7
1270 0 9
1272 0 7
1274 0 9
1278 0 9
1280 0 7
1282 0 7
1298 0 7
1300 0 7
1302 0 8
1304 0 7
1305 0 7
1307 0 9
1309 0 7
1313 0 9
1315 0 7
1317 0 8
1319 0 7
1325 0 7
1327 0 7
1328 0 7
1330 0 7
1332 0 7
1334 0 7
1338 0 7
1340 0 8
1342 0 7
1346 0 7
1348 0 7
1350 0 6
1352 0 7
1353 0 7
1355 0 8
1358 0 7
1360 0 7
1362 0 8
1364 0 7
1365 0 7
1367 0 9
1369 0 7
1374 0 9
1376 0 7
1378 0 9
1384 0 7
1386 0 7
1388 0 9
1390 0 9
1391 0 9
1398 0 8
1400 0 8
1402 0 8
1403 0 9
1405 0 7
1408 0 7
1410 0 7
1412 0 7
1414 0 7
1415 0 7
1417 0 9
1419 0 7
1425 0 7
1427 0 7
1429 0 7
1437 0 9
1438 0 9
1439 0 7
1440 0 7
1441 0 7
1442 0 7
1443 0 9
1445 0 9
1446 0 7
1450 0 7
1451 0 7
1453 0 9
1455 0 7
1456 0 7
1457 0 7
1458 0 7
1460 0 7
1461 0 7
1462 0 7
1463 0 7
1464 0 9
1467 0 7
1468 0 9
1472 0 9
1473 0 7
1474 0 7
1480 0 7
1481 0 7
1483 0 9
1485 0 8
1486 0 7
1487 0 8
1488 0 7
1490 0 8
1491 0 6
1492 0 8
1493 0 7
1495 0 9
1496 0 9
1497 0 7
1498 0 7
1499 0 7
1500 0 7
1502 0 7
1503 0 7
1504 0 7
1505 0 7
1507 0 7
1508 0 7
1509 0 7
1510 0 7
1511 0 7
1513 0 8
1514 0 7
1515 0 7
1516 0 7
1518 0 7
1519 0 7
1520 0 8
1521 0 9
1522 0 9
1523 0 9
1524 0 7
1526 0 7
1527 0 8
1531 0 7
1532 0 7
1534 0 9
1536 0 7
1537 0 7
1538 0 7
1539 0 7
1541 0 8
1542 0 7
1543 0 7
1544 0 7
1555 0 9
1557 0 9
1558 0 7
1562 0 9
1563 0 9
1564 0 7
1565 0 7
1567 0 9
1569 0 9
1570 0 9
1571 0 9
1572 0 9
1574 0 9
1575 0 9
1583 0 9
1584 0 9
1585 0 7
1586 0 7
1587 0 7
1588 0 7
1589 0 9
1591 0 9
1592 0 7
1596 0 7
1597 0 7
1599 0 9
1601 0 8
1602 0 7
1603 0 8
1604 0 7
1606 0 8
1607 0 6
1608 0 8
1609 0 7
1611 0 9
1612 0 9
1613 0 7
1614 0 7
1615 0 7
1616 0 7
1631 0 7
1633 0 7
1635 0 8
1637 0 7
1638 0 7
1640 0 9
1642 0 7
1646 0 9
1648 0 7
1650 0 8
1652 0 7
1658 0 8
1660 0 7
1661 0 8
1663 0 7
1665 0 8
1667 0 8
1671 0 7
1673 0 8
1675 0 7
1679 0 8
1681 0 7
1683 0 6
1685 0 8
1687 0 7
1688 0 8
1690 0 7
1693 0 9
1695 0 7
1697 0 7
1699 0 7
1700 0 9
1702 0 7
1705 0 7
1707 0 7
1709 0 7
1711 0 7
1712 0 7
1714 0 7
1716 0 7
1718 0 7
1724 0 7
1725 0 7
1726 0 7
1727 0 7
1728 0 7
1729 0 7
1731 0 7
1732 0 9
1733 0 7
1737 0 7
1738 0 8
1739 0 9
1740 0 7
1741 0 7
1742 0 8
1744 0 7
1745 0 7
1747 0 8
1748 0 7
1749 0 7
1750 0 6
1751 0 8
1752 0 7
1753 0 8
1754 0 9
1755 0 7
1757 0 7
1758 0 9
1759 0 7
1760 0 9
1761 0 8
1762 0 8
1763 0 7
1764 0 7
1765 0 7
1766 0 9
1767 0 7
1768 0 7
1769 0 7
1773 0 7
1774 0 8
1775 0 9
1776 0 7
1777 0 7
1778 0 8
1780 0 8
1781 0 8
1783 0 8
1784 0 7
1785 0 7
1786 0 8
1787 0 7
1788 0 7
1789 0 7
1790 0 7
1791 0 7
1792 0 7
1794 0 7
1795 0 7
1797 0 9
1798 0 7
1799 0 8
1800 0 7
1801 0 9
1802 0 7
1803 0 8
1804 0 9
1805 0 7
1807 0 9
1808 0 7
1809 0 8
1810 0 7
1811 0 9
1812 0 8
1813 0 9
1814 0 9
1815 0 9
1816 0 9
1818 0 9
1819 0 7
1820 0 9
1824 0 7
1825 0 7
1826 0 9
1827 0 7
1828 0 7
1829 0 7
1831 0 7
1832 0 7
1834 0 9
1835 0 7
1836 0 8
1837 0 7
1852 0 7
1853 0 9
1854 0 7
1856 0 7
1857 0 8
1858 0 7
1859 0 7
1860 0 8
1861 0 9
1862 0 7
1863 0 7
1864 0 8
1866 0 9
1867 0 9
1869 0 7
1870 0 9
1871 0 7
1872 0 8
1873 0 7
1879 0 7
1880 0 7
1881 0 7
1882 0 7
1883 0 7
1884 0 7
1886 0 7
1887 0 9
1888 0 7
1892 0 7
1893 0 8
1894 0 9
1895 0 7
1896 0 7
1897 0 8
1899 0 8
1900 0 8
1902 0 8
1903 0 7
1904 0 7
1905 0 8
1906 0 7
1907 0 7
1908 0 7
1909 0 7
1910 0 7
1911 0 7
1966 0 9
1967 0 7
1968 0 7
1969 0 7
1970 0 9
1971 0 7
1973 0 7
1974 0 9
1976 0 7
1977 0 7
1978 0 7
1979 0 7
1981 0 7
1984 0 7
1987 0 7
1988 0 9
1990 0 7
1991 0 8
1992 0 8
1993 0 6
1994 0 7
1995 0 9
1996 0 7
1997 0 7
1998 0 7
2000 0 7
2001 0 7
2002 0 7
2003 0 7
2004 0 8
2005 0 7
2006 0 7
2007 0 7
2008 0 8
2009 0 9
2010 0 9
2011 0 7
2012 0 8
2014 0 7
2015 0 9
2017 0 7
2018 0 7
2019 0 8
2020 0 7
2021 0 7
2027 0 9
2028 0 7
2030 0 9
2031 0 7
2032 0 9
2034 0 9
2035 0 9
2036 0 9
2040 0 9
2041 0 7
2042 0 7
2043 0 7
2044 0 9
2045 0 7
2047 0 7
2048 0 9
2050 0 7
2051 0 8
2052 0 8
2053 0 6
2054 0 7
2055 0 9
2056 0 7
2057 0 7
2058 0 7
2083 0 7
2084 0 9
2086 0 7
2087 0 8
2088 0 7
2089 0 6
2090 0 7
2091 0 9
2092 0 8
2093 0 7
2094 0 7
2096 0 7
2097 0 8
2098 0 7
2099 0 7
2100 0 7
2101 0 7
2102 0 7
2103 0 7
2104 0 8
2105 0 7
2107 0 7
2108 0 7
2109 0 7
2113 0 9
2114 0 8
2115 0 7
2116 0 8
2117 0 9
2118 0 8
2120 0 7
2121 0 9
2123 0 7
2124 0 8
2125 0 7
2126 0 7
2141 0 7
2142 0 7
2143 0 7
2144 0 7
2145 0 8
2146 0 6
2147 0 7
2148 0 7
2149 0 7
2150 0 9
2151 0 8
2152 0 7
2153 0 7
2155 0 7
2156 0 9
2158 0 7
2159 0 7
2160 0 8
2161 0 6
2162 0 7
2168 0 8
2169 0 6
2170 0 7
2171 0 8
2172 0 7
2173 0 7
2175 0 8
2176 0 8
2177 0 8
2181 0 7
2182 0 6
2183 0 8
2184 0 7
2185 0 7
2186 0 6
2188 0 6
2189 0 8
2191 0 7
2192 0 6
2193 0 6
2194 0 6
2195 0 8
2196 0 6
2197 0 7
2198 0 8
2199 0 7
2200 0 7
2202 0 7
2203 0 9
2205 0 7
2206 0 8
2207 0 7
2208 0 6
2209 0 7
2210 0 9
2211 0 8
2212 0 7
2213 0 7
2215 0 7
2216 0 8
2217 0 7
2218 0 7
2219 0 7
2220 0 7
2221 0 7
2222 0 7
2223 0 8
2224 0 7
2226 0 7
2227 0 7
2228 0 7
2232 0 7
2233 0 7
2235 0 9
2237 0 8
2238 0 7
2239 0 8
2240 0 7
2242 0 7
2243 0 6
2244 0 8
2245 0 7
2247 0 9
2248 0 9
2249 0 8
2250 0 7
2251 0 7
2252 0 7
2254 0 8
2255 0 7
2256 0 8
2257 0 8
2259 0 7
2260 0 8
2261 0 7
2262 0 7
2263 0 7
2265 0 7
2266 0 7
2267 0 8
2268 0 7
2270 0 7
2271 0 7
2272 0 8
2273 0 9
2275 0 7
2277 0 7
2278 0 7
2279 0 7
2280 0 7
2282 0 7
2283 0 7
2292 0 9
2294 0 7
2295 0 9
2297 0 9
2298 0 7
2299 0 7
2302 0 9
2303 0 9
2304 0 9
2306 0 9
2312 0 9
2313 0 8
2314 0 7
2315 0 7
2318 0 8
2321 0 7
2322 0 7
2325 0 7
2326 0 7
2327 0 7
2329 0 6
2330 0 7
2332 0 9
2333 0 8
2334 0 7
2335 0 7
2337 0 9
2338 0 9
2339 0 9
2341 0 9
2342 0 9
2343 0 9
2344 0 9
2346 0 8
2347 0 9
2349 0 9
2350 0 7
2351 0 7
2352 0 7
2355 0 7
2361 0 9
2362 0 8
2363 0 7
2364 0 7
2367 0 8
2370 0 8
2371 0 8
2374 0 7
2375 0 7
2376 0 8
2378 0 8
2379 0 8
2380 0 8
2381 0 9
2383 0 7
2384 0 9
2386 0 9
2387 0 7
2388 0 7
2392 0 7
2393 0 7
2396 0 7
2397 0 7
2398 0 7
2400 0 7
2401 0 7
2403 0 9
2404 0 8
2405 0 7
2406 0 7
2408 0 7
2409 0 7
2410 0 7
2412 0 7
2413 0 7
2414 0 7
2415 0 7
2417 0 8
2418 0 7
2420 0 7
2421 0 9
2422 0 9
2425 0 7
2426 0 7
2427 0 7
2429 0 7
2436 0 7
2437 0 7
2438 0 7
2441 0 7
2444 0 7
2445 0 7
2448 0 7
2449 0 7
2450 0 7
2452 0 7
2453 0 7
2454 0 7
2474 0 7
2476 0 7
2478 0 9
2479 0 8
2481 0 8
2482 0 7
2483 0 7
2485 0 7
2486 0 9
2488 0 7
2490 0 7
2494 0 9
2497 0 7
2499 0 8
2501 0 8
2502 0 7
2510 0 8
2512 0 8
2513 0 7
2514 0 8
2516 0 8
2517 0 7
2520 0 8
2522 0 8
2527 0 7
2529 0 7
2530 0 8
2532 0 7
2534 0 7
2537 0 8
2538 0 8
2541 0 7
2543 0 6
2545 0 8
2546 0 8
2548 0 8
2549 0 7
2550 0 8
2552 0 8
2553 0 7
2556 0 9
2557 0 9
2560 0 7
2562 0 7
2564 0 7
2565 0 7
2566 0 9
2568 0 9
2569 0 7
2573 0 7
2575 0 7
2577 0 9
2578 0 7
2580 0 7
2581 0 7
2582 0 7
2584 0 7
2585 0 7
2588 0 7
2590 0 7
2598 0 7
2599 0 7
2600 0 7
2601 0 7
2602 0 7
2603 0 7
2604 0 7
2605 0 7
2608 0 7
2609 0 9
2610 0 7
2615 0 7
2616 0 8
2617 0 7
2618 0 9
2619 0 7
2620 0 7
2621 0 8
2622 0 7
2624 0 7
2625 0 7
2626 0 7
2629 0 8
2630 0 7
2631 0 7
2632 0 6
2633 0 7
2634 0 8
2635 0 7
2636 0 8
2637 0 7
2638 0 9
2639 0 7
2642 0 7
2643 0 9
2644 0 7
2645 0 9
2646 0 9
2647 0 8
2648 0 8
2649 0 8
2650 0 7
2651 0 7
2652 0 7
2653 0 7
2654 0 9
2655 0 7
2656 0 7
2657 0 7
2658 0 7
2663 0 7
2664 0 8
2665 0 7
2666 0 9
2667 0 7
2668 0 7
2669 0 8
2670 0 7
2672 0 8
2673 0 7
2674 0 8
2677 0 8
2678 0 7
2679 0 7
2680 0 8
2681 0 7
2682 0 7
2683 0 7
2684 0 7
2685 0 7
2686 0 7
2687 0 7
2688 0 7
2689 0 7
2691 0 7
2692 0 7
2693 0 7
2696 0 9
2697 0 7
2698 0 8
2699 0 7
2700 0 8
2701 0 9
2702 0 7
2703 0 8
2704 0 7
2705 0 9
2706 0 7
2709 0 9
2710 0 7
2711 0 8
2712 0 7
2713 0 7
2714 0 9
2715 0 8
2716 0 9
2717 0 9
2718 0 9
2719 0 9
2720 0 9
2721 0 9
2724 0 9
2725 0 7
2726 0 9
2731 0 7
2732 0 7
2733 0 7
2734 0 9
2735 0 7
2736 0 7
2737 0 7
2738 0 7
2740 0 7
2741 0 7
2742 0 7
2745 0 9
2746 0 7
2747 0 8
2748 0 7
2749 0 7
2769 0 7
2770 0 9
2771 0 7
2774 0 7
2775 0 8
2776 0 7
2777 0 7
2778 0 7
2779 0 8
2780 0 7
2781 0 9
2782 0 7
2783 0 7
2784 0 8
2785 0 7
2787 0 9
2789 0 9
2792 0 7
2793 0 9
2794 0 7
2795 0 8
2796 0 7
2797 0 7
2805 0 7
2806 0 7
2807 0 7
2808 0 7
2809 0 7
2810 0 7
2811 0 7
2812 0 7
2815 0 7
2816 0 9
2817 0 7
2822 0 7
2823 0 8
2824 0 7
2825 0 9
2826 0 7
2827 0 7
2828 0 8
2829 0 7
2831 0 8
2832 0 7
2833 0 8
2836 0 8
2837 0 7
2838 0 7
2839 0 8
2840 0 7
2841 0 7
2842 0 7
2843 0 7
2844 0 7
2845 0 7
2846 0 7
2847 0 7
2848 0 7
