108 0 7
109 0 7
110 0 7
111 0 7
115 0 7
119 0 7
120 0 7
124 0 7
125 0 7
126 0 7
127 0 7
129 0 7
130 0 7
131 0 7
132 0 7
136 0 7
142 0 7
143 0 7
149 0 7
150 0 7
155 0 7
157 0 7
162 0 7
166 0 7
167 0 7
168 0 7
169 0 7
171 0 7
172 0 7
173 0 7
174 0 7
176 0 7
177 0 7
178 0 7
179 0 7
180 0 7
183 0 7
184 0 7
185 0 7
187 0 7
188 0 7
193 0 7
195 0 7
200 0 7
201 0 7
205 0 7
206 0 7
207 0 7
208 0 7
211 0 7
212 0 7
213 0 7
227 0 7
233 0 7
234 0 7
254 0 7
255 0 7
256 0 7
257 0 7
261 0 7
265 0 7
266 0 7
271 0 7
273 0 7
278 0 7
282 0 7
283 0 7
284 0 7
285 0 7
336 0 7
337 0 7
342 0 7
344 0 7
346 0 7
349 0 7
354 0 7
355 0 7
356 0 7
359 0 7
363 0 7
365 0 7
366 0 7
367 0 7
369 0 7
370 0 7
372 0 7
374 0 7
375 0 7
379 0 7
381 0 7
382 0 7
383 0 7
384 0 7
386 0 7
387 0 7
399 0 7
408 0 7
409 0 7
414 0 7
418 0 7
420 0 7
421 0 7
447 0 7
448 0 7
449 0 7
450 0 7
452 0 7
453 0 7
454 0 7
455 0 7
456 0 7
460 0 7
461 0 7
463 0 7
464 0 7
465 0 7
469 0 7
471 0 7
472 0 7
476 0 7
477 0 7
481 0 7
482 0 7
483 0 7
484 0 7
488 0 7
489 0 7
500 0 7
505 0 7
508 0 7
509 0 7
512 0 7
517 0 7
520 0 7
528 0 7
529 0 7
531 0 7
533 0 7
534 0 7
536 0 7
542 0 7
547 0 7
554 0 7
555 0 7
560 0 7
563 0 7
564 0 7
567 0 7
571 0 7
572 0 7
577 0 7
579 0 7
581 0 7
584 0 7
589 0 7
590 0 7
591 0 7
594 0 7
598 0 7
600 0 7
601 0 7
602 0 7
604 0 7
605 0 7
607 0 7
609 0 7
610 0 7
614 0 7
616 0 7
617 0 7
618 0 7
619 0 7
621 0 7
622 0 7
633 0 7
637 0 7
638 0 7
653 0 7
654 0 7
660 0 7
661 0 7
664 0 7
665 0 7
666 0 7
669 0 7
673 0 7
674 0 7
689 0 7
690 0 7
691 0 7
694 0 7
702 0 7
703 0 7
713 0 7
714 0 7
722 0 7
726 0 7
727 0 7
731 0 7
732 0 7
735 0 7
736 0 7
737 0 7
739 0 7
740 0 7
744 0 7
745 0 7
747 0 7
748 0 7
749 0 7
751 0 7
752 0 7
753 0 7
754 0 7
757 0 7
759 0 7
764 0 7
765 0 7
766 0 7
768 0 7
775 0 7
776 0 7
777 0 7
780 0 7
783 0 7
784 0 7
787 0 7
788 0 7
789 0 7
791 0 7
792 0 7
793 0 7
847 0 7
852 0 7
854 0 7
855 0 7
857 0 7
858 0 7
864 0 7
868 0 7
871 0 7
876 0 7
877 0 7
878 0 7
880 0 7
881 0 7
882 0 7
884 0 7
886 0 7
888 0 7
892 0 7
894 0 7
895 0 7
897 0 7
908 0 7
919 0 7
924 0 7
927 0 7
932 0 7
959 0 7
962 0 7
967 0 7
972 0 7
973 0 7
977 0 7
980 0 7
981 0 7
983 0 7
994 0 7
1000 0 7
1012 0 7
1013 0 7
1015 0 7
1016 0 7
1017 0 7
1019 0 7
1021 0 7
1023 0 7
1027 0 7
1029 0 7
1030 0 7
1032 0 7
1038 0 7
1042 0 7
1046 0 7
1048 0 7
1053 0 7
1054 0 7
1055 0 7
1059 0 7
1065 0 7
1066 0 7
1070 0 7
1075 0 7
1078 0 7
1083 0 7
1088 0 7
1089 0 7
1093 0 7
1096 0 7
1097 0 7
1099 0 7
1110 0 7
1121 0 7
1126 0 7
1128 0 7
1129 0 7
1131 0 7
1134 0 7
1145 0 7
1153 0 7
1160 0 7
1170 0 7
1174 0 7
1176 0 7
1177 0 7
1179 0 7
1182 0 7
1183 0 7
1184 0 7
1186 0 7
1187 0 7
1188 0 7
1190 0 7
1192 0 7
1195 0 7
1196 0 7
1198 0 7
1204 0 7
1209 0 7
1211 0 7
1212 0 7
1214 0 7
1215 0 7
1243 0 7
1245 0 7
1247 0 7
1250 0 7
1253 0 7
1255 0 7
1257 0 7
1259 0 7
1260 0 7
1262 0 7
1264 0 7
1266 0 7
1272 0 7
1280 0 7
1282 0 7
1298 0 7
1300 0 7
1304 0 7
1305 0 7
1309 0 7
1315 0 7
1319 0 7
1325 0 7
1327 0 7
1328 0 7
1330 0 7
1332 0 7
1334 0 7
1338 0 7
1342 0 7
1346 0 7
1348 0 7
1352 0 7
1353 0 7
1358 0 7
1360 0 7
1364 0 7
1365 0 7
1369 0 7
1376 0 7
1384 0 7
1386 0 7
1405 0 7
1408 0 7
1410 0 7
1412 0 7
1414 0 7
1415 0 7
1419 0 7
1425 0 7
1427 0 7
1429 0 7
1439 0 7
1440 0 7
1441 0 7
1442 0 7
1446 0 7
1450 0 7
1451 0 7
1455 0 7
1456 0 7
1457 0 7
1458 0 7
1460 0 7
1461 0 7
1462 0 7
1463 0 7
1467 0 7
1473 0 7
1474 0 7
1480 0 7
1481 0 7
1486 0 7
1488 0 7
1493 0 7
1497 0 7
1498 0 7
1499 0 7
1500 0 7
1502 0 7
1503 0 7
1504 0 7
1505 0 7
1507 0 7
1508 0 7
1509 0 7
1510 0 7
1511 0 7
1514 0 7
1515 0 7
1516 0 7
1518 0 7
1519 0 7
1524 0 7
1526 0 7
1531 0 7
1532 0 7
1536 0 7
1537 0 7
1538 0 7
1539 0 7
1542 0 7
1543 0 7
1544 0 7
1558 0 7
1564 0 7
1565 0 7
1585 0 7
1586 0 7
1587 0 7
1588 0 7
1592 0 7
1596 0 7
1597 0 7
1602 0 7
1604 0 7
1609 0 7
1613 0 7
1614 0 7
1615 0 7
1616 0 7
1631 0 7
1633 0 7
1637 0 7
1638 0 7
1642 0 7
1648 0 7
1652 0 7
1660 0 7
1663 0 7
1671 0 7
1675 0 7
1681 0 7
1687 0 7
1690 0 7
1695 0 7
1697 0 7
1699 0 7
1702 0 7
1705 0 7
1707 0 7
1709 0 7
1711 0 7
1712 0 7
1714 0 7
1716 0 7
1718 0 7
1724 0 7
1725 0 7
1726 0 7
1727 0 7
1728 0 7
1729 0 7
1731 0 7
1733 0 7
1737 0 7
1740 0 7
1741 0 7
1744 0 7
1745 0 7
1748 0 7
1749 0 7
1752 0 7
1755 0 7
1757 0 7
1759 0 7
1763 0 7
1764 0 7
1765 0 7
1767 0 7
1768 0 7
1769 0 7
1773 0 7
1776 0 7
1777 0 7
1784 0 7
1785 0 7
1787 0 7
1788 0 7
1789 0 7
1790 0 7
1791 0 7
1792 0 7
1794 0 7
1795 0 7
1798 0 7
1800 0 7
1802 0 7
1805 0 7
1808 0 7
1810 0 7
1819 0 7
1824 0 7
1825 0 7
1827 0 7
1828 0 7
1829 0 7
1831 0 7
1832 0 7
1835 0 7
1837 0 7
1852 0 7
1854 0 7
1856 0 7
1858 0 7
1859 0 7
1862 0 7
1863 0 7
1869 0 7
1871 0 7
1873 0 7
1879 0 7
1880 0 7
1881 0 7
1882 0 7
1883 0 7
1884 0 7
1886 0 7
1888 0 7
1892 0 7
1895 0 7
1896 0 7
1903 0 7
1904 0 7
1906 0 7
1907 0 7
1908 0 7
1909 0 7
1910 0 7
1911 0 7
1967 0 7
1968 0 7
1969 0 7
1971 0 7
1973 0 7
1976 0 7
1977 0 7
1978 0 7
1979 0 7
1981 0 7
1984 0 7
1987 0 7
1990 0 7
1994 0 7
1996 0 7
1997 0 7
1998 0 7
2000 0 7
2001 0 7
2002 0 7
2003 0 7
2005 0 7
2006 0 7
2007 0 7
2011 0 7
2014 0 7
2017 0 7
2018 0 7
2020 0 7
2021 0 7
2028 0 7
2031 0 7
2041 0 7
2042 0 7
2043 0 7
2045 0 7
2047 0 7
2050 0 7
2054 0 7
2056 0 7
2057 0 7
2058 0 7
2083 0 7
2086 0 7
2088 0 7
2090 0 7
2093 0 7
2094 0 7
2096 0 7
2098 0 7
2099 0 7
2100 0 7
2101 0 7
2102 0 7
2103 0 7
2105 0 7
2107 0 7
2108 0 7
2109 0 7
2115 0 7
2120 0 7
2123 0 7
2125 0 7
2126 0 7
2141 0 7
2142 0 7
2143 0 7
2144 0 7
2147 0 7
2148 0 7
2149 0 7
2152 0 7
2153 0 7
2155 0 7
2158 0 7
2159 0 7
2162 0 7
2170 0 7
2172 0 7
2173 0 7
2181 0 7
2184 0 7
2185 0 7
2191 0 7
2197 0 7
2199 0 7
2200 0 7
2202 0 7
2205 0 7
2207 0 7
2209 0 7
2212 0 7
2213 0 7
2215 0 7
2217 0 7
2218 0 7
2219 0 7
2220 0 7
2221 0 7
2222 0 7
2224 0 7
2226 0 7
2227 0 7
2228 0 7
2232 0 7
2233 0 7
2238 0 7
2240 0 7
2242 0 7
2245 0 7
2250 0 7
2251 0 7
2252 0 7
2255 0 7
2259 0 7
2261 0 7
2262 0 7
2263 0 7
2265 0 7
2266 0 7
2268 0 7
2270 0 7
2271 0 7
2275 0 7
2277 0 7
2278 0 7
2279 0 7
2280 0 7
2282 0 7
2283 0 7
2294 0 7
2298 0 7
2299 0 7
2314 0 7
2315 0 7
2321 0 7
2322 0 7
2325 0 7
2326 0 7
2327 0 7
2330 0 7
2334 0 7
2335 0 7
2350 0 7
2351 0 7
2352 0 7
2355 0 7
2363 0 7
2364 0 7
2374 0 7
2375 0 7
2383 0 7
2387 0 7
2388 0 7
2392 0 7
2393 0 7
2396 0 7
2397 0 7
2398 0 7
2400 0 7
2401 0 7
2405 0 7
2406 0 7
2408 0 7
2409 0 7
2410 0 7
2412 0 7
2413 0 7
2414 0 7
2415 0 7
2418 0 7
2420 0 7
2425 0 7
2426 0 7
2427 0 7
2429 0 7
2436 0 7
2437 0 7
2438 0 7
2441 0 7
2444 0 7
2445 0 7
2448 0 7
2449 0 7
2450 0 7
2452 0 7
2453 0 7
2454 0 7
2474 0 7
2476 0 7
2482 0 7
2483 0 7
2485 0 7
2488 0 7
2490 0 7
2497 0 7
2502 0 7
2513 0 7
2517 0 7
2527 0 7
2529 0 7
2532 0 7
2534 0 7
2541 0 7
2549 0 7
2553 0 7
2560 0 7
2562 0 7
2564 0 7
2565 0 7
2569 0 7
2573 0 7
2575 0 7
2578 0 7
2580 0 7
2581 0 7
2582 0 7
2584 0 7
2585 0 7
2588 0 7
2590 0 7
2598 0 7
2599 0 7
2600 0 7
2601 0 7
2602 0 7
2603 0 7
2604 0 7
2605 0 7
2608 0 7
2610 0 7
2615 0 7
2617 0 7
2619 0 7
2620 0 7
2622 0 7
2624 0 7
2625 0 7
2626 0 7
2630 0 7
2631 0 7
2633 0 7
2635 0 7
2637 0 7
2639 0 7
2642 0 7
2644 0 7
2650 0 7
2651 0 7
2652 0 7
2653 0 7
2655 0 7
2656 0 7
2657 0 7
2658 0 7
2663 0 7
2665 0 7
2667 0 7
2668 0 7
2670 0 7
2673 0 7
2678 0 7
2679 0 7
2681 0 7
2682 0 7
2683 0 7
2684 0 7
2685 0 7
2686 0 7
2687 0 7
2688 0 7
2689 0 7
2691 0 7
2692 0 7
2693 0 7
2697 0 7
2699 0 7
2702 0 7
2704 0 7
2706 0 7
2710 0 7
2712 0 7
2713 0 7
2725 0 7
2731 0 7
2732 0 7
2733 0 7
2735 0 7
2736 0 7
2737 0 7
2738 0 7
2740 0 7
2741 0 7
2742 0 7
2746 0 7
2748 0 7
2749 0 7
2769 0 7
2771 0 7
2774 0 7
2776 0 7
2777 0 7
2778 0 7
2780 0 7
2782 0 7
2783 0 7
2785 0 7
2792 0 7
2794 0 7
2796 0 7
2797 0 7
2805 0 7
2806 0 7
2807 0 7
2808 0 7
2809 0 7
2810 0 7
2811 0 7
2812 0 7
2815 0 7
2817 0 7
2822 0 7
2824 0 7
2826 0 7
2827 0 7
2829 0 7
2832 0 7
2837 0 7
2838 0 7
2840 0 7
2841 0 7
2842 0 7
2843 0 7
2844 0 7
2845 0 7
2846 0 7
2847 0 7
2848 0 7
