0 0 6
1 0 6
2 0 6
3 0 6
4 0 6
6 0 6
7 0 6
10 0 6
11 0 6
12 0 6
13 0 6
14 0 6
16 0 6
17 0 6
20 0 5
21 0 6
22 0 6
34 0 6
35 0 6
38 0 5
39 0 6
40 0 6
43 0 5
44 0 5
45 0 5
52 0 6
53 0 6
54 0 6
55 0 6
56 0 6
58 0 6
59 0 6
62 0 6
63 0 6
64 0 6
65 0 6
66 0 6
68 0 6
69 0 6
72 0 5
73 0 6
74 0 6
86 0 6
87 0 6
90 0 5
91 0 6
92 0 6
95 0 5
96 0 5
97 0 5
104 0 5
105 0 5
106 0 5
107 0 5
108 0 5
110 0 6
111 0 6
114 0 5
115 0 6
116 0 6
119 0 5
120 0 5
121 0 5
178 0 6
179 0 6
182 0 5
183 0 6
184 0 6
187 0 5
188 0 5
189 0 5
196 0 5
197 0 5
198 0 5
199 0 5
200 0 5
202 0 6
203 0 6
206 0 5
207 0 6
208 0 6
211 0 5
212 0 5
213 0 5
220 0 5
221 0 5
222 0 5
223 0 5
224 0 5
226 0 5
227 0 5
230 0 5
231 0 5
232 0 5
233 0 5
234 0 5
263 0 6
264 0 6
265 0 6
266 0 6
267 0 6
269 0 6
270 0 6
273 0 6
274 0 6
275 0 6
276 0 6
277 0 6
279 0 6
280 0 6
283 0 5
284 0 6
285 0 6
297 0 6
298 0 6
301 0 5
302 0 6
303 0 6
306 0 5
307 0 5
308 0 5
315 0 6
316 0 6
317 0 6
318 0 6
319 0 6
321 0 6
322 0 6
325 0 6
326 0 6
327 0 6
328 0 6
329 0 6
331 0 6
332 0 6
335 0 5
336 0 6
337 0 6
349 0 6
350 0 6
353 0 5
354 0 6
355 0 6
358 0 5
359 0 5
360 0 5
367 0 5
368 0 5
369 0 5
370 0 5
371 0 5
373 0 6
374 0 6
377 0 5
378 0 6
379 0 6
382 0 5
383 0 5
384 0 5
441 0 6
442 0 6
445 0 5
446 0 6
447 0 6
450 0 5
451 0 5
452 0 5
459 0 5
460 0 5
461 0 5
462 0 5
463 0 5
465 0 6
466 0 6
469 0 5
470 0 6
471 0 6
474 0 5
475 0 5
476 0 5
483 0 5
484 0 5
485 0 5
486 0 5
487 0 5
489 0 5
490 0 5
493 0 5
494 0 5
495 0 5
496 0 5
497 0 5
526 0 5
527 0 5
528 0 5
529 0 5
530 0 5
532 0 5
533 0 5
536 0 5
537 0 5
538 0 5
539 0 5
540 0 5
542 0 5
543 0 5
546 0 4
547 0 5
548 0 5
560 0 6
561 0 6
564 0 5
565 0 6
566 0 6
569 0 5
570 0 5
571 0 5
578 0 5
579 0 5
580 0 5
581 0 5
582 0 5
584 0 6
585 0 6
588 0 5
589 0 6
590 0 6
593 0 5
594 0 5
595 0 5
602 0 5
603 0 5
604 0 5
605 0 5
606 0 5
608 0 5
609 0 5
612 0 5
613 0 5
614 0 5
615 0 5
616 0 5
909 0 6
910 0 6
913 0 5
914 0 6
915 0 6
918 0 5
919 0 5
920 0 5
927 0 5
928 0 5
929 0 5
930 0 5
931 0 5
933 0 6
934 0 6
937 0 5
938 0 6
939 0 6
942 0 5
943 0 5
944 0 5
951 0 5
952 0 5
953 0 5
954 0 5
955 0 5
957 0 5
958 0 5
961 0 5
962 0 5
963 0 5
964 0 5
965 0 5
994 0 5
995 0 5
996 0 5
997 0 5
998 0 5
1000 0 5
1001 0 5
1004 0 5
1005 0 5
1006 0 5
1007 0 5
1008 0 5
1010 0 5
1011 0 5
1014 0 4
1015 0 5
1016 0 5
1028 0 6
1029 0 6
1032 0 5
1033 0 6
1034 0 6
1037 0 5
1038 0 5
1039 0 5
1046 0 5
1047 0 5
1048 0 5
1049 0 5
1050 0 5
1052 0 6
1053 0 6
1056 0 5
1057 0 6
1058 0 6
1061 0 5
1062 0 5
1063 0 5
1070 0 5
1071 0 5
1072 0 5
1073 0 5
1074 0 5
1076 0 5
1077 0 5
1080 0 5
1081 0 5
1082 0 5
1083 0 5
1084 0 5
1113 0 5
1114 0 5
1115 0 5
1116 0 5
1117 0 5
1119 0 5
1120 0 5
1123 0 5
1124 0 5
1125 0 5
1126 0 5
1127 0 5
1129 0 5
1130 0 5
1133 0 4
1134 0 5
1135 0 5
1147 0 5
1148 0 5
1151 0 4
1152 0 5
1153 0 5
1156 0 4
1157 0 4
1158 0 4
1165 0 5
1166 0 5
1167 0 5
1168 0 5
1169 0 5
1171 0 5
1172 0 5
1175 0 5
1176 0 5
1177 0 5
1178 0 5
1179 0 5
1181 0 5
1182 0 5
1185 0 4
1186 0 5
1187 0 5
1326 0 6
1327 0 6
1328 0 6
1329 0 6
1330 0 6
1332 0 6
1333 0 6
1336 0 6
1337 0 6
1338 0 6
1339 0 6
1340 0 6
1342 0 6
1343 0 6
1346 0 5
1347 0 6
1348 0 6
1360 0 6
1361 0 6
1364 0 5
1365 0 6
1366 0 6
1369 0 5
1370 0 5
1371 0 5
1378 0 6
1379 0 6
1380 0 6
1381 0 6
1382 0 6
1384 0 6
1385 0 6
1388 0 6
1389 0 6
1390 0 6
1391 0 6
1392 0 6
1394 0 6
1395 0 6
1398 0 5
1399 0 6
1400 0 6
1412 0 6
1413 0 6
1416 0 5
1417 0 6
1418 0 6
1421 0 5
1422 0 5
1423 0 5
1430 0 5
1431 0 5
1432 0 5
1433 0 5
1434 0 5
1436 0 6
1437 0 6
1440 0 5
1441 0 6
1442 0 6
1445 0 5
1446 0 5
1447 0 5
1504 0 6
1505 0 6
1508 0 5
1509 0 6
1510 0 6
1513 0 5
1514 0 5
1515 0 5
1522 0 5
1523 0 5
1524 0 5
1525 0 5
1526 0 5
1528 0 6
1529 0 6
1532 0 5
1533 0 6
1534 0 6
1537 0 5
1538 0 5
1539 0 5
1546 0 5
1547 0 5
1548 0 5
1549 0 5
1550 0 5
1552 0 5
1553 0 5
1556 0 5
1557 0 5
1558 0 5
1559 0 5
1560 0 5
1589 0 6
1590 0 6
1591 0 6
1592 0 6
1593 0 6
1595 0 6
1596 0 6
1599 0 6
1600 0 6
1601 0 6
1602 0 6
1603 0 6
1605 0 6
1606 0 6
1609 0 5
1610 0 6
1611 0 6
1623 0 6
1624 0 6
1627 0 5
1628 0 6
1629 0 6
1632 0 5
1633 0 5
1634 0 5
1641 0 6
1642 0 6
1643 0 6
1644 0 6
1645 0 6
1647 0 6
1648 0 6
1651 0 6
1652 0 6
1653 0 6
1654 0 6
1655 0 6
1657 0 6
1658 0 6
1661 0 5
1662 0 6
1663 0 6
1675 0 6
1676 0 6
1679 0 5
1680 0 6
1681 0 6
1684 0 5
1685 0 5
1686 0 5
1693 0 5
1694 0 5
1695 0 5
1696 0 5
1697 0 5
1699 0 6
1700 0 6
1703 0 5
1704 0 6
1705 0 6
1708 0 5
1709 0 5
1710 0 5
1767 0 6
1768 0 6
1771 0 5
1772 0 6
1773 0 6
1776 0 5
1777 0 5
1778 0 5
1785 0 5
1786 0 5
1787 0 5
1788 0 5
1789 0 5
1791 0 6
1792 0 6
1795 0 5
1796 0 6
1797 0 6
1800 0 5
1801 0 5
1802 0 5
1809 0 5
1810 0 5
1811 0 5
1812 0 5
1813 0 5
1815 0 5
1816 0 5
1819 0 5
1820 0 5
1821 0 5
1822 0 5
1823 0 5
1852 0 5
1853 0 5
1854 0 5
1855 0 5
1856 0 5
1858 0 5
1859 0 5
1862 0 5
1863 0 5
1864 0 5
1865 0 5
1866 0 5
1868 0 5
1869 0 5
1872 0 4
1873 0 5
1874 0 5
1886 0 6
1887 0 6
1890 0 5
1891 0 6
1892 0 6
1895 0 5
1896 0 5
1897 0 5
1904 0 5
1905 0 5
1906 0 5
1907 0 5
1908 0 5
1910 0 6
1911 0 6
1914 0 5
1915 0 6
1916 0 6
1919 0 5
1920 0 5
1921 0 5
1928 0 5
1929 0 5
1930 0 5
1931 0 5
1932 0 5
1934 0 5
1935 0 5
1938 0 5
1939 0 5
1940 0 5
1941 0 5
1942 0 5
2235 0 6
2236 0 6
2239 0 5
2240 0 6
2241 0 6
2244 0 5
2245 0 5
2246 0 5
2253 0 5
2254 0 5
2255 0 5
2256 0 5
2257 0 5
2259 0 6
2260 0 6
2263 0 5
2264 0 6
2265 0 6
2268 0 5
2269 0 5
2270 0 5
2277 0 5
2278 0 5
2279 0 5
2280 0 5
2281 0 5
2283 0 5
2284 0 5
2287 0 5
2288 0 5
2289 0 5
2290 0 5
2291 0 5
2320 0 5
2321 0 5
2322 0 5
2323 0 5
2324 0 5
2326 0 5
2327 0 5
2330 0 5
2331 0 5
2332 0 5
2333 0 5
2334 0 5
2336 0 5
2337 0 5
2340 0 4
2341 0 5
2342 0 5
2354 0 6
2355 0 6
2358 0 5
2359 0 6
2360 0 6
2363 0 5
2364 0 5
2365 0 5
2372 0 5
2373 0 5
2374 0 5
2375 0 5
2376 0 5
2378 0 6
2379 0 6
2382 0 5
2383 0 6
2384 0 6
2387 0 5
2388 0 5
2389 0 5
2396 0 5
2397 0 5
2398 0 5
2399 0 5
2400 0 5
2402 0 5
2403 0 5
2406 0 5
2407 0 5
2408 0 5
2409 0 5
2410 0 5
2439 0 5
2440 0 5
2441 0 5
2442 0 5
2443 0 5
2445 0 5
2446 0 5
2449 0 5
2450 0 5
2451 0 5
2452 0 5
2453 0 5
2455 0 5
2456 0 5
2459 0 4
2460 0 5
2461 0 5
2473 0 5
2474 0 5
2477 0 4
2478 0 5
2479 0 5
2482 0 4
2483 0 4
2484 0 4
2491 0 5
2492 0 5
2493 0 5
2494 0 5
2495 0 5
2497 0 5
2498 0 5
2501 0 5
2502 0 5
2503 0 5
2504 0 5
2505 0 5
2507 0 5
2508 0 5
2511 0 4
2512 0 5
2513 0 5
2652 0 5
2653 0 5
2654 0 5
2655 0 5
2656 0 5
2658 0 5
2659 0 5
2662 0 5
2663 0 5
2664 0 5
2665 0 5
2666 0 5
2668 0 5
2669 0 5
2672 0 4
2673 0 5
2674 0 5
2686 0 5
2687 0 5
2690 0 4
2691 0 5
2692 0 5
2695 0 4
2696 0 4
2697 0 4
2704 0 5
2705 0 5
2706 0 5
2707 0 5
2708 0 5
2710 0 5
2711 0 5
2714 0 5
2715 0 5
2716 0 5
2717 0 5
2718 0 5
2720 0 5
2721 0 5
2724 0 4
2725 0 5
2726 0 5
2738 0 5
2739 0 5
2742 0 4
2743 0 5
2744 0 5
2747 0 4
2748 0 4
2749 0 4
2756 0 4
2757 0 4
2758 0 4
2759 0 4
2760 0 4
2762 0 5
2763 0 5
2766 0 4
2767 0 5
2768 0 5
2771 0 4
2772 0 4
2773 0 4
2830 0 6
2831 0 6
2834 0 5
2835 0 6
2836 0 6
2839 0 5
2840 0 5
2841 0 5
2848 0 5
2849 0 5
2850 0 5
2851 0 5
2852 0 5
2854 0 6
2855 0 6
2858 0 5
2859 0 6
2860 0 6
2863 0 5
2864 0 5
2865 0 5
2872 0 5
2873 0 5
2874 0 5
2875 0 5
2876 0 5
2878 0 5
2879 0 5
2882 0 5
2883 0 5
2884 0 5
2885 0 5
2886 0 5
2915 0 5
2916 0 5
2917 0 5
2918 0 5
2919 0 5
2921 0 5
2922 0 5
2925 0 5
2926 0 5
2927 0 5
2928 0 5
2929 0 5
2931 0 5
2932 0 5
2935 0 4
2936 0 5
2937 0 5
2949 0 6
2950 0 6
2953 0 5
2954 0 6
2955 0 6
2958 0 5
2959 0 5
2960 0 5
2967 0 5
2968 0 5
2969 0 5
2970 0 5
2971 0 5
2973 0 6
2974 0 6
2977 0 5
2978 0 6
2979 0 6
2982 0 5
2983 0 5
2984 0 5
2991 0 5
2992 0 5
2993 0 5
2994 0 5
2995 0 5
2997 0 5
2998 0 5
3001 0 5
3002 0 5
3003 0 5
3004 0 5
3005 0 5
3034 0 5
3035 0 5
3036 0 5
3037 0 5
3038 0 5
3040 0 5
3041 0 5
3044 0 5
3045 0 5
3046 0 5
3047 0 5
3048 0 5
3050 0 5
3051 0 5
3054 0 4
3055 0 5
3056 0 5
3068 0 5
3069 0 5
3072 0 4
3073 0 5
3074 0 5
3077 0 4
3078 0 4
3079 0 4
3086 0 5
3087 0 5
3088 0 5
3089 0 5
3090 0 5
3092 0 5
3093 0 5
3096 0 5
3097 0 5
3098 0 5
3099 0 5
3100 0 5
3102 0 5
3103 0 5
3106 0 4
3107 0 5
3108 0 5
4597 0 6
4598 0 6
4601 0 5
4602 0 6
4603 0 6
4606 0 5
4607 0 5
4608 0 5
4615 0 5
4616 0 5
4617 0 5
4618 0 5
4619 0 5
4621 0 6
4622 0 6
4625 0 5
4626 0 6
4627 0 6
4630 0 5
4631 0 5
4632 0 5
4639 0 5
4640 0 5
4641 0 5
4642 0 5
4643 0 5
4645 0 5
4646 0 5
4649 0 5
4650 0 5
4651 0 5
4652 0 5
4653 0 5
4682 0 5
4683 0 5
4684 0 5
4685 0 5
4686 0 5
4688 0 5
4689 0 5
4692 0 5
4693 0 5
4694 0 5
4695 0 5
4696 0 5
4698 0 5
4699 0 5
4702 0 4
4703 0 5
4704 0 5
4716 0 6
4717 0 6
4720 0 5
4721 0 6
4722 0 6
4725 0 5
4726 0 5
4727 0 5
4734 0 5
4735 0 5
4736 0 5
4737 0 5
4738 0 5
4740 0 6
4741 0 6
4744 0 5
4745 0 6
4746 0 6
4749 0 5
4750 0 5
4751 0 5
4758 0 5
4759 0 5
4760 0 5
4761 0 5
4762 0 5
4764 0 5
4765 0 5
4768 0 5
4769 0 5
4770 0 5
4771 0 5
4772 0 5
4801 0 5
4802 0 5
4803 0 5
4804 0 5
4805 0 5
4807 0 5
4808 0 5
4811 0 5
4812 0 5
4813 0 5
4814 0 5
4815 0 5
4817 0 5
4818 0 5
4821 0 4
4822 0 5
4823 0 5
4835 0 5
4836 0 5
4839 0 4
4840 0 5
4841 0 5
4844 0 4
4845 0 4
4846 0 4
4853 0 5
4854 0 5
4855 0 5
4856 0 5
4857 0 5
4859 0 5
4860 0 5
4863 0 5
4864 0 5
4865 0 5
4866 0 5
4867 0 5
4869 0 5
4870 0 5
4873 0 4
4874 0 5
4875 0 5
5014 0 5
5015 0 5
5016 0 5
5017 0 5
5018 0 5
5020 0 5
5021 0 5
5024 0 5
5025 0 5
5026 0 5
5027 0 5
5028 0 5
5030 0 5
5031 0 5
5034 0 4
5035 0 5
5036 0 5
5048 0 5
5049 0 5
5052 0 4
5053 0 5
5054 0 5
5057 0 4
5058 0 4
5059 0 4
5066 0 5
5067 0 5
5068 0 5
5069 0 5
5070 0 5
5072 0 5
5073 0 5
5076 0 5
5077 0 5
5078 0 5
5079 0 5
5080 0 5
5082 0 5
5083 0 5
5086 0 4
5087 0 5
5088 0 5
5100 0 5
5101 0 5
5104 0 4
5105 0 5
5106 0 5
5109 0 4
5110 0 4
5111 0 4
5118 0 4
5119 0 4
5120 0 4
5121 0 4
5122 0 4
5124 0 5
5125 0 5
5128 0 4
5129 0 5
5130 0 5
5133 0 4
5134 0 4
5135 0 4
5192 0 6
5193 0 6
5196 0 5
5197 0 6
5198 0 6
5201 0 5
5202 0 5
5203 0 5
5210 0 5
5211 0 5
5212 0 5
5213 0 5
5214 0 5
5216 0 6
5217 0 6
5220 0 5
5221 0 6
5222 0 6
5225 0 5
5226 0 5
5227 0 5
5234 0 5
5235 0 5
5236 0 5
5237 0 5
5238 0 5
5240 0 5
5241 0 5
5244 0 5
5245 0 5
5246 0 5
5247 0 5
5248 0 5
5277 0 5
5278 0 5
5279 0 5
5280 0 5
5281 0 5
5283 0 5
5284 0 5
5287 0 5
5288 0 5
5289 0 5
5290 0 5
5291 0 5
5293 0 5
5294 0 5
5297 0 4
5298 0 5
5299 0 5
5311 0 6
5312 0 6
5315 0 5
5316 0 6
5317 0 6
5320 0 5
5321 0 5
5322 0 5
5329 0 5
5330 0 5
5331 0 5
5332 0 5
5333 0 5
5335 0 6
5336 0 6
5339 0 5
5340 0 6
5341 0 6
5344 0 5
5345 0 5
5346 0 5
5353 0 5
5354 0 5
5355 0 5
5356 0 5
5357 0 5
5359 0 5
5360 0 5
5363 0 5
5364 0 5
5365 0 5
5366 0 5
5367 0 5
5396 0 5
5397 0 5
5398 0 5
5399 0 5
5400 0 5
5402 0 5
5403 0 5
5406 0 5
5407 0 5
5408 0 5
5409 0 5
5410 0 5
5412 0 5
5413 0 5
5416 0 4
5417 0 5
5418 0 5
5430 0 5
5431 0 5
5434 0 4
5435 0 5
5436 0 5
5439 0 4
5440 0 4
5441 0 4
5448 0 5
5449 0 5
5450 0 5
5451 0 5
5452 0 5
5454 0 5
5455 0 5
5458 0 5
5459 0 5
5460 0 5
5461 0 5
5462 0 5
5464 0 5
5465 0 5
5468 0 4
5469 0 5
5470 0 5
5609 0 5
5610 0 5
5611 0 5
5612 0 5
5613 0 5
5615 0 5
5616 0 5
5619 0 5
5620 0 5
5621 0 5
5622 0 5
5623 0 5
5625 0 5
5626 0 5
5629 0 4
5630 0 5
5631 0 5
5643 0 5
5644 0 5
5647 0 4
5648 0 5
5649 0 5
5652 0 4
5653 0 4
5654 0 4
5661 0 5
5662 0 5
5663 0 5
5664 0 5
5665 0 5
5667 0 5
5668 0 5
5671 0 5
5672 0 5
5673 0 5
5674 0 5
5675 0 5
5677 0 5
5678 0 5
5681 0 4
5682 0 5
5683 0 5
5695 0 5
5696 0 5
5699 0 4
5700 0 5
5701 0 5
5704 0 4
5705 0 4
5706 0 4
5713 0 4
5714 0 4
5715 0 4
5716 0 4
5717 0 4
5719 0 5
5720 0 5
5723 0 4
5724 0 5
5725 0 5
5728 0 4
5729 0 4
5730 0 4
5787 0 5
5788 0 5
5791 0 4
5792 0 5
5793 0 5
5796 0 4
5797 0 4
5798 0 4
5805 0 4
5806 0 4
5807 0 4
5808 0 4
5809 0 4
5811 0 5
5812 0 5
5815 0 4
5816 0 5
5817 0 5
5820 0 4
5821 0 4
5822 0 4
5829 0 4
5830 0 4
5831 0 4
5832 0 4
5833 0 4
5835 0 4
5836 0 4
5839 0 4
5840 0 4
5841 0 4
5842 0 4
5843 0 4
5872 0 5
5873 0 5
5874 0 5
5875 0 5
5876 0 5
5878 0 5
5879 0 5
5882 0 5
5883 0 5
5884 0 5
5885 0 5
5886 0 5
5888 0 5
5889 0 5
5892 0 4
5893 0 5
5894 0 5
5906 0 5
5907 0 5
5910 0 4
5911 0 5
5912 0 5
5915 0 4
5916 0 4
5917 0 4
5924 0 5
5925 0 5
5926 0 5
5927 0 5
5928 0 5
5930 0 5
5931 0 5
5934 0 5
5935 0 5
5936 0 5
5937 0 5
5938 0 5
5940 0 5
5941 0 5
5944 0 4
5945 0 5
5946 0 5
5958 0 5
5959 0 5
5962 0 4
5963 0 5
5964 0 5
5967 0 4
5968 0 4
5969 0 4
5976 0 4
5977 0 4
5978 0 4
5979 0 4
5980 0 4
5982 0 5
5983 0 5
5986 0 4
5987 0 5
5988 0 5
5991 0 4
5992 0 4
5993 0 4
6671 0 6
6672 0 6
6673 0 6
6674 0 6
6675 0 6
6677 0 6
6678 0 6
6681 0 6
6682 0 6
6683 0 6
6684 0 6
6685 0 6
6687 0 6
6688 0 6
6691 0 5
6692 0 6
6693 0 6
6705 0 6
6706 0 6
6709 0 5
6710 0 6
6711 0 6
6714 0 5
6715 0 5
6716 0 5
6723 0 6
6724 0 6
6725 0 6
6726 0 6
6727 0 6
6729 0 6
6730 0 6
6733 0 6
6734 0 6
6735 0 6
6736 0 6
6737 0 6
6739 0 6
6740 0 6
6743 0 5
6744 0 6
6745 0 6
6757 0 6
6758 0 6
6761 0 5
6762 0 6
6763 0 6
6766 0 5
6767 0 5
6768 0 5
6775 0 5
6776 0 5
6777 0 5
6778 0 5
6779 0 5
6781 0 6
6782 0 6
6785 0 5
6786 0 6
6787 0 6
6790 0 5
6791 0 5
6792 0 5
6849 0 6
6850 0 6
6853 0 5
6854 0 6
6855 0 6
6858 0 5
6859 0 5
6860 0 5
6867 0 5
6868 0 5
6869 0 5
6870 0 5
6871 0 5
6873 0 6
6874 0 6
6877 0 5
6878 0 6
6879 0 6
6882 0 5
6883 0 5
6884 0 5
6891 0 5
6892 0 5
6893 0 5
6894 0 5
6895 0 5
6897 0 5
6898 0 5
6901 0 5
6902 0 5
6903 0 5
6904 0 5
6905 0 5
6934 0 6
6935 0 6
6936 0 6
6937 0 6
6938 0 6
6940 0 6
6941 0 6
6944 0 6
6945 0 6
6946 0 6
6947 0 6
6948 0 6
6950 0 6
6951 0 6
6954 0 5
6955 0 6
6956 0 6
6968 0 6
6969 0 6
6972 0 5
6973 0 6
6974 0 6
6977 0 5
6978 0 5
6979 0 5
6986 0 6
6987 0 6
6988 0 6
6989 0 6
6990 0 6
6992 0 6
6993 0 6
6996 0 6
6997 0 6
6998 0 6
6999 0 6
7000 0 6
7002 0 6
7003 0 6
7006 0 5
7007 0 6
7008 0 6
7020 0 6
7021 0 6
7024 0 5
7025 0 6
7026 0 6
7029 0 5
7030 0 5
7031 0 5
7038 0 5
7039 0 5
7040 0 5
7041 0 5
7042 0 5
7044 0 6
7045 0 6
7048 0 5
7049 0 6
7050 0 6
7053 0 5
7054 0 5
7055 0 5
7112 0 6
7113 0 6
7116 0 5
7117 0 6
7118 0 6
7121 0 5
7122 0 5
7123 0 5
7130 0 5
7131 0 5
7132 0 5
7133 0 5
7134 0 5
7136 0 6
7137 0 6
7140 0 5
7141 0 6
7142 0 6
7145 0 5
7146 0 5
7147 0 5
7154 0 5
7155 0 5
7156 0 5
7157 0 5
7158 0 5
7160 0 5
7161 0 5
7164 0 5
7165 0 5
7166 0 5
7167 0 5
7168 0 5
7197 0 5
7198 0 5
7199 0 5
7200 0 5
7201 0 5
7203 0 5
7204 0 5
7207 0 5
7208 0 5
7209 0 5
7210 0 5
7211 0 5
7213 0 5
7214 0 5
7217 0 4
7218 0 5
7219 0 5
7231 0 6
7232 0 6
7235 0 5
7236 0 6
7237 0 6
7240 0 5
7241 0 5
7242 0 5
7249 0 5
7250 0 5
7251 0 5
7252 0 5
7253 0 5
7255 0 6
7256 0 6
7259 0 5
7260 0 6
7261 0 6
7264 0 5
7265 0 5
7266 0 5
7273 0 5
7274 0 5
7275 0 5
7276 0 5
7277 0 5
7279 0 5
7280 0 5
7283 0 5
7284 0 5
7285 0 5
7286 0 5
7287 0 5
7580 0 6
7581 0 6
7584 0 5
7585 0 6
7586 0 6
7589 0 5
7590 0 5
7591 0 5
7598 0 5
7599 0 5
7600 0 5
7601 0 5
7602 0 5
7604 0 6
7605 0 6
7608 0 5
7609 0 6
7610 0 6
7613 0 5
7614 0 5
7615 0 5
7622 0 5
7623 0 5
7624 0 5
7625 0 5
7626 0 5
7628 0 5
7629 0 5
7632 0 5
7633 0 5
7634 0 5
7635 0 5
7636 0 5
7665 0 5
7666 0 5
7667 0 5
7668 0 5
7669 0 5
7671 0 5
7672 0 5
7675 0 5
7676 0 5
7677 0 5
7678 0 5
7679 0 5
7681 0 5
7682 0 5
7685 0 4
7686 0 5
7687 0 5
7699 0 6
7700 0 6
7703 0 5
7704 0 6
7705 0 6
7708 0 5
7709 0 5
7710 0 5
7717 0 5
7718 0 5
7719 0 5
7720 0 5
7721 0 5
7723 0 6
7724 0 6
7727 0 5
7728 0 6
7729 0 6
7732 0 5
7733 0 5
7734 0 5
7741 0 5
7742 0 5
7743 0 5
7744 0 5
7745 0 5
7747 0 5
7748 0 5
7751 0 5
7752 0 5
7753 0 5
7754 0 5
7755 0 5
7784 0 5
7785 0 5
7786 0 5
7787 0 5
7788 0 5
7790 0 5
7791 0 5
7794 0 5
7795 0 5
7796 0 5
7797 0 5
7798 0 5
7800 0 5
7801 0 5
7804 0 4
7805 0 5
7806 0 5
7818 0 5
7819 0 5
7822 0 4
7823 0 5
7824 0 5
7827 0 4
7828 0 4
7829 0 4
7836 0 5
7837 0 5
7838 0 5
7839 0 5
7840 0 5
7842 0 5
7843 0 5
7846 0 5
7847 0 5
7848 0 5
7849 0 5
7850 0 5
7852 0 5
7853 0 5
7856 0 4
7857 0 5
7858 0 5
7997 0 6
7998 0 6
7999 0 6
8000 0 6
8001 0 6
8003 0 6
8004 0 6
8007 0 6
8008 0 6
8009 0 6
8010 0 6
8011 0 6
8013 0 6
8014 0 6
8017 0 5
8018 0 6
8019 0 6
8031 0 6
8032 0 6
8035 0 5
8036 0 6
8037 0 6
8040 0 5
8041 0 5
8042 0 5
8049 0 6
8050 0 6
8051 0 6
8052 0 6
8053 0 6
8055 0 6
8056 0 6
8059 0 6
8060 0 6
8061 0 6
8062 0 6
8063 0 6
8065 0 6
8066 0 6
8069 0 5
8070 0 6
8071 0 6
8083 0 6
8084 0 6
8087 0 5
8088 0 6
8089 0 6
8092 0 5
8093 0 5
8094 0 5
8101 0 5
8102 0 5
8103 0 5
8104 0 5
8105 0 5
8107 0 6
8108 0 6
8111 0 5
8112 0 6
8113 0 6
8116 0 5
8117 0 5
8118 0 5
8175 0 6
8176 0 6
8179 0 5
8180 0 6
8181 0 6
8184 0 5
8185 0 5
8186 0 5
8193 0 5
8194 0 5
8195 0 5
8196 0 5
8197 0 5
8199 0 6
8200 0 6
8203 0 5
8204 0 6
8205 0 6
8208 0 5
8209 0 5
8210 0 5
8217 0 5
8218 0 5
8219 0 5
8220 0 5
8221 0 5
8223 0 5
8224 0 5
8227 0 5
8228 0 5
8229 0 5
8230 0 5
8231 0 5
8260 0 6
8261 0 6
8262 0 6
8263 0 6
8264 0 6
8266 0 6
8267 0 6
8270 0 6
8271 0 6
8272 0 6
8273 0 6
8274 0 6
8276 0 6
8277 0 6
8280 0 5
8281 0 6
8282 0 6
8294 0 6
8295 0 6
8298 0 5
8299 0 6
8300 0 6
8303 0 5
8304 0 5
8305 0 5
8312 0 6
8313 0 6
8314 0 6
8315 0 6
8316 0 6
8318 0 6
8319 0 6
8322 0 6
8323 0 6
8324 0 6
8325 0 6
8326 0 6
8328 0 6
8329 0 6
8332 0 5
8333 0 6
8334 0 6
8346 0 6
8347 0 6
8350 0 5
8351 0 6
8352 0 6
8355 0 5
8356 0 5
8357 0 5
8364 0 5
8365 0 5
8366 0 5
8367 0 5
8368 0 5
8370 0 6
8371 0 6
8374 0 5
8375 0 6
8376 0 6
8379 0 5
8380 0 5
8381 0 5
8438 0 6
8439 0 6
8442 0 5
8443 0 6
8444 0 6
8447 0 5
8448 0 5
8449 0 5
8456 0 5
8457 0 5
8458 0 5
8459 0 5
8460 0 5
8462 0 6
8463 0 6
8466 0 5
8467 0 6
8468 0 6
8471 0 5
8472 0 5
8473 0 5
8480 0 5
8481 0 5
8482 0 5
8483 0 5
8484 0 5
8486 0 5
8487 0 5
8490 0 5
8491 0 5
8492 0 5
8493 0 5
8494 0 5
8523 0 5
8524 0 5
8525 0 5
8526 0 5
8527 0 5
8529 0 5
8530 0 5
8533 0 5
8534 0 5
8535 0 5
8536 0 5
8537 0 5
8539 0 5
8540 0 5
8543 0 4
8544 0 5
8545 0 5
8557 0 6
8558 0 6
8561 0 5
8562 0 6
8563 0 6
8566 0 5
8567 0 5
8568 0 5
8575 0 5
8576 0 5
8577 0 5
8578 0 5
8579 0 5
8581 0 6
8582 0 6
8585 0 5
8586 0 6
8587 0 6
8590 0 5
8591 0 5
8592 0 5
8599 0 5
8600 0 5
8601 0 5
8602 0 5
8603 0 5
8605 0 5
8606 0 5
8609 0 5
8610 0 5
8611 0 5
8612 0 5
8613 0 5
8906 0 6
8907 0 6
8910 0 5
8911 0 6
8912 0 6
8915 0 5
8916 0 5
8917 0 5
8924 0 5
8925 0 5
8926 0 5
8927 0 5
8928 0 5
8930 0 6
8931 0 6
8934 0 5
8935 0 6
8936 0 6
8939 0 5
8940 0 5
8941 0 5
8948 0 5
8949 0 5
8950 0 5
8951 0 5
8952 0 5
8954 0 5
8955 0 5
8958 0 5
8959 0 5
8960 0 5
8961 0 5
8962 0 5
8991 0 5
8992 0 5
8993 0 5
8994 0 5
8995 0 5
8997 0 5
8998 0 5
9001 0 5
9002 0 5
9003 0 5
9004 0 5
9005 0 5
9007 0 5
9008 0 5
9011 0 4
9012 0 5
9013 0 5
9025 0 6
9026 0 6
9029 0 5
9030 0 6
9031 0 6
9034 0 5
9035 0 5
9036 0 5
9043 0 5
9044 0 5
9045 0 5
9046 0 5
9047 0 5
9049 0 6
9050 0 6
9053 0 5
9054 0 6
9055 0 6
9058 0 5
9059 0 5
9060 0 5
9067 0 5
9068 0 5
9069 0 5
9070 0 5
9071 0 5
9073 0 5
9074 0 5
9077 0 5
9078 0 5
9079 0 5
9080 0 5
9081 0 5
9110 0 5
9111 0 5
9112 0 5
9113 0 5
9114 0 5
9116 0 5
9117 0 5
9120 0 5
9121 0 5
9122 0 5
9123 0 5
9124 0 5
9126 0 5
9127 0 5
9130 0 4
9131 0 5
9132 0 5
9144 0 5
9145 0 5
9148 0 4
9149 0 5
9150 0 5
9153 0 4
9154 0 4
9155 0 4
9162 0 5
9163 0 5
9164 0 5
9165 0 5
9166 0 5
9168 0 5
9169 0 5
9172 0 5
9173 0 5
9174 0 5
9175 0 5
9176 0 5
9178 0 5
9179 0 5
9182 0 4
9183 0 5
9184 0 5
9323 0 5
9324 0 5
9325 0 5
9326 0 5
9327 0 5
9329 0 5
9330 0 5
9333 0 5
9334 0 5
9335 0 5
9336 0 5
9337 0 5
9339 0 5
9340 0 5
9343 0 4
9344 0 5
9345 0 5
9357 0 5
9358 0 5
9361 0 4
9362 0 5
9363 0 5
9366 0 4
9367 0 4
9368 0 4
9375 0 5
9376 0 5
9377 0 5
9378 0 5
9379 0 5
9381 0 5
9382 0 5
9385 0 5
9386 0 5
9387 0 5
9388 0 5
9389 0 5
9391 0 5
9392 0 5
9395 0 4
9396 0 5
9397 0 5
9409 0 5
9410 0 5
9413 0 4
9414 0 5
9415 0 5
9418 0 4
9419 0 4
9420 0 4
9427 0 4
9428 0 4
9429 0 4
9430 0 4
9431 0 4
9433 0 5
9434 0 5
9437 0 4
9438 0 5
9439 0 5
9442 0 4
9443 0 4
9444 0 4
9501 0 6
9502 0 6
9505 0 5
9506 0 6
9507 0 6
9510 0 5
9511 0 5
9512 0 5
9519 0 5
9520 0 5
9521 0 5
9522 0 5
9523 0 5
9525 0 6
9526 0 6
9529 0 5
9530 0 6
9531 0 6
9534 0 5
9535 0 5
9536 0 5
9543 0 5
9544 0 5
9545 0 5
9546 0 5
9547 0 5
9549 0 5
9550 0 5
9553 0 5
9554 0 5
9555 0 5
9556 0 5
9557 0 5
9586 0 5
9587 0 5
9588 0 5
9589 0 5
9590 0 5
9592 0 5
9593 0 5
9596 0 5
9597 0 5
9598 0 5
9599 0 5
9600 0 5
9602 0 5
9603 0 5
9606 0 4
9607 0 5
9608 0 5
9620 0 6
9621 0 6
9624 0 5
9625 0 6
9626 0 6
9629 0 5
9630 0 5
9631 0 5
9638 0 5
9639 0 5
9640 0 5
9641 0 5
9642 0 5
9644 0 6
9645 0 6
9648 0 5
9649 0 6
9650 0 6
9653 0 5
9654 0 5
9655 0 5
9662 0 5
9663 0 5
9664 0 5
9665 0 5
9666 0 5
9668 0 5
9669 0 5
9672 0 5
9673 0 5
9674 0 5
9675 0 5
9676 0 5
9705 0 5
9706 0 5
9707 0 5
9708 0 5
9709 0 5
9711 0 5
9712 0 5
9715 0 5
9716 0 5
9717 0 5
9718 0 5
9719 0 5
9721 0 5
9722 0 5
9725 0 4
9726 0 5
9727 0 5
9739 0 5
9740 0 5
9743 0 4
9744 0 5
9745 0 5
9748 0 4
9749 0 4
9750 0 4
9757 0 5
9758 0 5
9759 0 5
9760 0 5
9761 0 5
9763 0 5
9764 0 5
9767 0 5
9768 0 5
9769 0 5
9770 0 5
9771 0 5
9773 0 5
9774 0 5
9777 0 4
9778 0 5
9779 0 5
11268 0 6
11269 0 6
11270 0 6
11272 0 6
11274 0 6
11275 0 6
11276 0 6
11278 0 6
11280 0 5
11281 0 6
11289 0 6
11291 0 5
11292 0 6
11294 0 5
11295 0 5
11299 0 6
11300 0 6
11301 0 6
11303 0 6
11305 0 6
11306 0 6
11307 0 6
11309 0 6
11311 0 5
11312 0 6
11320 0 6
11322 0 5
11323 0 6
11325 0 5
11326 0 5
11330 0 5
11331 0 5
11332 0 5
11334 0 6
11336 0 5
11337 0 6
11339 0 5
11340 0 5
11375 0 6
11377 0 5
11378 0 6
11380 0 5
11381 0 5
11385 0 5
11386 0 5
11387 0 5
11389 0 6
11391 0 5
11392 0 6
11394 0 5
11395 0 5
11399 0 5
11400 0 5
11401 0 5
11403 0 5
11405 0 5
11406 0 5
11407 0 5
11424 0 6
11425 0 6
11426 0 6
11428 0 6
11430 0 6
11431 0 6
11432 0 6
11434 0 6
11436 0 5
11437 0 6
11445 0 6
11447 0 5
11448 0 6
11450 0 5
11451 0 5
11455 0 6
11456 0 6
11457 0 6
11459 0 6
11461 0 6
11462 0 6
11463 0 6
11465 0 6
11467 0 5
11468 0 6
11476 0 6
11478 0 5
11479 0 6
11481 0 5
11482 0 5
11486 0 5
11487 0 5
11488 0 5
11490 0 6
11492 0 5
11493 0 6
11495 0 5
11496 0 5
11531 0 6
11533 0 5
11534 0 6
11536 0 5
11537 0 5
11541 0 5
11542 0 5
11543 0 5
11545 0 6
11547 0 5
11548 0 6
11550 0 5
11551 0 5
11555 0 5
11556 0 5
11557 0 5
11559 0 5
11561 0 5
11562 0 5
11563 0 5
11580 0 5
11581 0 5
11582 0 5
11584 0 5
11586 0 5
11587 0 5
11588 0 5
11590 0 5
11592 0 4
11593 0 5
11601 0 6
11603 0 5
11604 0 6
11606 0 5
11607 0 5
11611 0 5
11612 0 5
11613 0 5
11615 0 6
11617 0 5
11618 0 6
11620 0 5
11621 0 5
11625 0 5
11626 0 5
11627 0 5
11629 0 5
11631 0 5
11632 0 5
11633 0 5
11809 0 6
11811 0 5
11812 0 6
11814 0 5
11815 0 5
11819 0 5
11820 0 5
11821 0 5
11823 0 6
11825 0 5
11826 0 6
11828 0 5
11829 0 5
11833 0 5
11834 0 5
11835 0 5
11837 0 5
11839 0 5
11840 0 5
11841 0 5
11858 0 5
11859 0 5
11860 0 5
11862 0 5
11864 0 5
11865 0 5
11866 0 5
11868 0 5
11870 0 4
11871 0 5
11879 0 6
11881 0 5
11882 0 6
11884 0 5
11885 0 5
11889 0 5
11890 0 5
11891 0 5
11893 0 6
11895 0 5
11896 0 6
11898 0 5
11899 0 5
11903 0 5
11904 0 5
11905 0 5
11907 0 5
11909 0 5
11910 0 5
11911 0 5
11928 0 5
11929 0 5
11930 0 5
11932 0 5
11934 0 5
11935 0 5
11936 0 5
11938 0 5
11940 0 4
11941 0 5
11949 0 5
11951 0 4
11952 0 5
11954 0 4
11955 0 4
11959 0 5
11960 0 5
11961 0 5
11963 0 5
11965 0 5
11966 0 5
11967 0 5
11969 0 5
11971 0 4
11972 0 5
12053 0 6
12054 0 6
12055 0 6
12057 0 6
12059 0 6
12060 0 6
12061 0 6
12063 0 6
12065 0 5
12066 0 6
12074 0 6
12076 0 5
12077 0 6
12079 0 5
12080 0 5
12084 0 6
12085 0 6
12086 0 6
12088 0 6
12090 0 6
12091 0 6
12092 0 6
12094 0 6
12096 0 5
12097 0 6
12105 0 6
12107 0 5
12108 0 6
12110 0 5
12111 0 5
12115 0 5
12116 0 5
12117 0 5
12119 0 6
12121 0 5
12122 0 6
12124 0 5
12125 0 5
12160 0 6
12162 0 5
12163 0 6
12165 0 5
12166 0 5
12170 0 5
12171 0 5
12172 0 5
12174 0 6
12176 0 5
12177 0 6
12179 0 5
12180 0 5
12184 0 5
12185 0 5
12186 0 5
12188 0 5
12190 0 5
12191 0 5
12192 0 5
12209 0 6
12210 0 6
12211 0 6
12213 0 6
12215 0 6
12216 0 6
12217 0 6
12219 0 6
12221 0 5
12222 0 6
12230 0 6
12232 0 5
12233 0 6
12235 0 5
12236 0 5
12240 0 6
12241 0 6
12242 0 6
12244 0 6
12246 0 6
12247 0 6
12248 0 6
12250 0 6
12252 0 5
12253 0 6
12261 0 6
12263 0 5
12264 0 6
12266 0 5
12267 0 5
12271 0 5
12272 0 5
12273 0 5
12275 0 6
12277 0 5
12278 0 6
12280 0 5
12281 0 5
12316 0 6
12318 0 5
12319 0 6
12321 0 5
12322 0 5
12326 0 5
12327 0 5
12328 0 5
12330 0 6
12332 0 5
12333 0 6
12335 0 5
12336 0 5
12340 0 5
12341 0 5
12342 0 5
12344 0 5
12346 0 5
12347 0 5
12348 0 5
12365 0 5
12366 0 5
12367 0 5
12369 0 5
12371 0 5
12372 0 5
12373 0 5
12375 0 5
12377 0 4
12378 0 5
12386 0 6
12388 0 5
12389 0 6
12391 0 5
12392 0 5
12396 0 5
12397 0 5
12398 0 5
12400 0 6
12402 0 5
12403 0 6
12405 0 5
12406 0 5
12410 0 5
12411 0 5
12412 0 5
12414 0 5
12416 0 5
12417 0 5
12418 0 5
12594 0 6
12596 0 5
12597 0 6
12599 0 5
12600 0 5
12604 0 5
12605 0 5
12606 0 5
12608 0 6
12610 0 5
12611 0 6
12613 0 5
12614 0 5
12618 0 5
12619 0 5
12620 0 5
12622 0 5
12624 0 5
12625 0 5
12626 0 5
12643 0 5
12644 0 5
12645 0 5
12647 0 5
12649 0 5
12650 0 5
12651 0 5
12653 0 5
12655 0 4
12656 0 5
12664 0 6
12666 0 5
12667 0 6
12669 0 5
12670 0 5
12674 0 5
12675 0 5
12676 0 5
12678 0 6
12680 0 5
12681 0 6
12683 0 5
12684 0 5
12688 0 5
12689 0 5
12690 0 5
12692 0 5
12694 0 5
12695 0 5
12696 0 5
12713 0 5
12714 0 5
12715 0 5
12717 0 5
12719 0 5
12720 0 5
12721 0 5
12723 0 5
12725 0 4
12726 0 5
12734 0 5
12736 0 4
12737 0 5
12739 0 4
12740 0 4
12744 0 5
12745 0 5
12746 0 5
12748 0 5
12750 0 5
12751 0 5
12752 0 5
12754 0 5
12756 0 4
12757 0 5
12838 0 5
12839 0 5
12840 0 5
12842 0 5
12844 0 5
12845 0 5
12846 0 5
12848 0 5
12850 0 4
12851 0 5
12859 0 5
12861 0 4
12862 0 5
12864 0 4
12865 0 4
12869 0 5
12870 0 5
12871 0 5
12873 0 5
12875 0 5
12876 0 5
12877 0 5
12879 0 5
12881 0 4
12882 0 5
12890 0 5
12892 0 4
12893 0 5
12895 0 4
12896 0 4
12900 0 4
12901 0 4
12902 0 4
12904 0 5
12906 0 4
12907 0 5
12909 0 4
12910 0 4
12945 0 6
12947 0 5
12948 0 6
12950 0 5
12951 0 5
12955 0 5
12956 0 5
12957 0 5
12959 0 6
12961 0 5
12962 0 6
12964 0 5
12965 0 5
12969 0 5
12970 0 5
12971 0 5
12973 0 5
12975 0 5
12976 0 5
12977 0 5
12994 0 5
12995 0 5
12996 0 5
12998 0 5
13000 0 5
13001 0 5
13002 0 5
13004 0 5
13006 0 4
13007 0 5
13015 0 6
13017 0 5
13018 0 6
13020 0 5
13021 0 5
13025 0 5
13026 0 5
13027 0 5
13029 0 6
13031 0 5
13032 0 6
13034 0 5
13035 0 5
13039 0 5
13040 0 5
13041 0 5
13043 0 5
13045 0 5
13046 0 5
13047 0 5
13064 0 5
13065 0 5
13066 0 5
13068 0 5
13070 0 5
13071 0 5
13072 0 5
13074 0 5
13076 0 4
13077 0 5
13085 0 5
13087 0 4
13088 0 5
13090 0 4
13091 0 4
13095 0 5
13096 0 5
13097 0 5
13099 0 5
13101 0 5
13102 0 5
13103 0 5
13105 0 5
13107 0 4
13108 0 5
13993 0 6
13995 0 5
13996 0 6
13998 0 5
13999 0 5
14003 0 5
14004 0 5
14005 0 5
14007 0 6
14009 0 5
14010 0 6
14012 0 5
14013 0 5
14017 0 5
14018 0 5
14019 0 5
14021 0 5
14023 0 5
14024 0 5
14025 0 5
14042 0 5
14043 0 5
14044 0 5
14046 0 5
14048 0 5
14049 0 5
14050 0 5
14052 0 5
14054 0 4
14055 0 5
14063 0 6
14065 0 5
14066 0 6
14068 0 5
14069 0 5
14073 0 5
14074 0 5
14075 0 5
14077 0 6
14079 0 5
14080 0 6
14082 0 5
14083 0 5
14087 0 5
14088 0 5
14089 0 5
14091 0 5
14093 0 5
14094 0 5
14095 0 5
14112 0 5
14113 0 5
14114 0 5
14116 0 5
14118 0 5
14119 0 5
14120 0 5
14122 0 5
14124 0 4
14125 0 5
14133 0 5
14135 0 4
14136 0 5
14138 0 4
14139 0 4
14143 0 5
14144 0 5
14145 0 5
14147 0 5
14149 0 5
14150 0 5
14151 0 5
14153 0 5
14155 0 4
14156 0 5
14237 0 5
14238 0 5
14239 0 5
14241 0 5
14243 0 5
14244 0 5
14245 0 5
14247 0 5
14249 0 4
14250 0 5
14258 0 5
14260 0 4
14261 0 5
14263 0 4
14264 0 4
14268 0 5
14269 0 5
14270 0 5
14272 0 5
14274 0 5
14275 0 5
14276 0 5
14278 0 5
14280 0 4
14281 0 5
14289 0 5
14291 0 4
14292 0 5
14294 0 4
14295 0 4
14299 0 4
14300 0 4
14301 0 4
14303 0 5
14305 0 4
14306 0 5
14308 0 4
14309 0 4
14344 0 6
14346 0 5
14347 0 6
14349 0 5
14350 0 5
14354 0 5
14355 0 5
14356 0 5
14358 0 6
14360 0 5
14361 0 6
14363 0 5
14364 0 5
14368 0 5
14369 0 5
14370 0 5
14372 0 5
14374 0 5
14375 0 5
14376 0 5
14393 0 5
14394 0 5
14395 0 5
14397 0 5
14399 0 5
14400 0 5
14401 0 5
14403 0 5
14405 0 4
14406 0 5
14414 0 6
14416 0 5
14417 0 6
14419 0 5
14420 0 5
14424 0 5
14425 0 5
14426 0 5
14428 0 6
14430 0 5
14431 0 6
14433 0 5
14434 0 5
14438 0 5
14439 0 5
14440 0 5
14442 0 5
14444 0 5
14445 0 5
14446 0 5
14463 0 5
14464 0 5
14465 0 5
14467 0 5
14469 0 5
14470 0 5
14471 0 5
14473 0 5
14475 0 4
14476 0 5
14484 0 5
14486 0 4
14487 0 5
14489 0 4
14490 0 4
14494 0 5
14495 0 5
14496 0 5
14498 0 5
14500 0 5
14501 0 5
14502 0 5
14504 0 5
14506 0 4
14507 0 5
14588 0 5
14589 0 5
14590 0 5
14592 0 5
14594 0 5
14595 0 5
14596 0 5
14598 0 5
14600 0 4
14601 0 5
14609 0 5
14611 0 4
14612 0 5
14614 0 4
14615 0 4
14619 0 5
14620 0 5
14621 0 5
14623 0 5
14625 0 5
14626 0 5
14627 0 5
14629 0 5
14631 0 4
14632 0 5
14640 0 5
14642 0 4
14643 0 5
14645 0 4
14646 0 4
14650 0 4
14651 0 4
14652 0 4
14654 0 5
14656 0 4
14657 0 5
14659 0 4
14660 0 4
14695 0 5
14697 0 4
14698 0 5
14700 0 4
14701 0 4
14705 0 4
14706 0 4
14707 0 4
14709 0 5
14711 0 4
14712 0 5
14714 0 4
14715 0 4
14719 0 4
14720 0 4
14721 0 4
14723 0 4
14725 0 4
14726 0 4
14727 0 4
14744 0 5
14745 0 5
14746 0 5
14748 0 5
14750 0 5
14751 0 5
14752 0 5
14754 0 5
14756 0 4
14757 0 5
14765 0 5
14767 0 4
14768 0 5
14770 0 4
14771 0 4
14775 0 5
14776 0 5
14777 0 5
14779 0 5
14781 0 5
14782 0 5
14783 0 5
14785 0 5
14787 0 4
14788 0 5
14796 0 5
14798 0 4
14799 0 5
14801 0 4
14802 0 4
14806 0 4
14807 0 4
14808 0 4
14810 0 5
14812 0 4
14813 0 5
14815 0 4
14816 0 4
15214 0 6
15215 0 6
15216 0 6
15218 0 6
15220 0 6
15221 0 6
15222 0 6
15224 0 6
15226 0 5
15227 0 6
15235 0 6
15237 0 5
15238 0 6
15240 0 5
15241 0 5
15245 0 6
15246 0 6
15247 0 6
15249 0 6
15251 0 6
15252 0 6
15253 0 6
15255 0 6
15257 0 5
15258 0 6
15266 0 6
15268 0 5
15269 0 6
15271 0 5
15272 0 5
15276 0 5
15277 0 5
15278 0 5
15280 0 6
15282 0 5
15283 0 6
15285 0 5
15286 0 5
15321 0 6
15323 0 5
15324 0 6
15326 0 5
15327 0 5
15331 0 5
15332 0 5
15333 0 5
15335 0 6
15337 0 5
15338 0 6
15340 0 5
15341 0 5
15345 0 5
15346 0 5
15347 0 5
15349 0 5
15351 0 5
15352 0 5
15353 0 5
15370 0 6
15371 0 6
15372 0 6
15374 0 6
15376 0 6
15377 0 6
15378 0 6
15380 0 6
15382 0 5
15383 0 6
15391 0 6
15393 0 5
15394 0 6
15396 0 5
15397 0 5
15401 0 6
15402 0 6
15403 0 6
15405 0 6
15407 0 6
15408 0 6
15409 0 6
15411 0 6
15413 0 5
15414 0 6
15422 0 6
15424 0 5
15425 0 6
15427 0 5
15428 0 5
15432 0 5
15433 0 5
15434 0 5
15436 0 6
15438 0 5
15439 0 6
15441 0 5
15442 0 5
15477 0 6
15479 0 5
15480 0 6
15482 0 5
15483 0 5
15487 0 5
15488 0 5
15489 0 5
15491 0 6
15493 0 5
15494 0 6
15496 0 5
15497 0 5
15501 0 5
15502 0 5
15503 0 5
15505 0 5
15507 0 5
15508 0 5
15509 0 5
15526 0 5
15527 0 5
15528 0 5
15530 0 5
15532 0 5
15533 0 5
15534 0 5
15536 0 5
15538 0 4
15539 0 5
15547 0 6
15549 0 5
15550 0 6
15552 0 5
15553 0 5
15557 0 5
15558 0 5
15559 0 5
15561 0 6
15563 0 5
15564 0 6
15566 0 5
15567 0 5
15571 0 5
15572 0 5
15573 0 5
15575 0 5
15577 0 5
15578 0 5
15579 0 5
15755 0 6
15757 0 5
15758 0 6
15760 0 5
15761 0 5
15765 0 5
15766 0 5
15767 0 5
15769 0 6
15771 0 5
15772 0 6
15774 0 5
15775 0 5
15779 0 5
15780 0 5
15781 0 5
15783 0 5
15785 0 5
15786 0 5
15787 0 5
15804 0 5
15805 0 5
15806 0 5
15808 0 5
15810 0 5
15811 0 5
15812 0 5
15814 0 5
15816 0 4
15817 0 5
15825 0 6
15827 0 5
15828 0 6
15830 0 5
15831 0 5
15835 0 5
15836 0 5
15837 0 5
15839 0 6
15841 0 5
15842 0 6
15844 0 5
15845 0 5
15849 0 5
15850 0 5
15851 0 5
15853 0 5
15855 0 5
15856 0 5
15857 0 5
15874 0 5
15875 0 5
15876 0 5
15878 0 5
15880 0 5
15881 0 5
15882 0 5
15884 0 5
15886 0 4
15887 0 5
15895 0 5
15897 0 4
15898 0 5
15900 0 4
15901 0 4
15905 0 5
15906 0 5
15907 0 5
15909 0 5
15911 0 5
15912 0 5
15913 0 5
15915 0 5
15917 0 4
15918 0 5
15999 0 6
16000 0 6
16001 0 6
16003 0 6
16005 0 6
16006 0 6
16007 0 6
16009 0 6
16011 0 5
16012 0 6
16020 0 6
16022 0 5
16023 0 6
16025 0 5
16026 0 5
16030 0 6
16031 0 6
16032 0 6
16034 0 6
16036 0 6
16037 0 6
16038 0 6
16040 0 6
16042 0 5
16043 0 6
16051 0 6
16053 0 5
16054 0 6
16056 0 5
16057 0 5
16061 0 5
16062 0 5
16063 0 5
16065 0 6
16067 0 5
16068 0 6
16070 0 5
16071 0 5
16106 0 6
16108 0 5
16109 0 6
16111 0 5
16112 0 5
16116 0 5
16117 0 5
16118 0 5
16120 0 6
16122 0 5
16123 0 6
16125 0 5
16126 0 5
16130 0 5
16131 0 5
16132 0 5
16134 0 5
16136 0 5
16137 0 5
16138 0 5
16155 0 6
16156 0 6
16157 0 6
16159 0 6
16161 0 6
16162 0 6
16163 0 6
16165 0 6
16167 0 5
16168 0 6
16176 0 6
16178 0 5
16179 0 6
16181 0 5
16182 0 5
16186 0 6
16187 0 6
16188 0 6
16190 0 6
16192 0 6
16193 0 6
16194 0 6
16196 0 6
16198 0 5
16199 0 6
16207 0 6
16209 0 5
16210 0 6
16212 0 5
16213 0 5
16217 0 5
16218 0 5
16219 0 5
16221 0 6
16223 0 5
16224 0 6
16226 0 5
16227 0 5
16262 0 6
16264 0 5
16265 0 6
16267 0 5
16268 0 5
16272 0 5
16273 0 5
16274 0 5
16276 0 6
16278 0 5
16279 0 6
16281 0 5
16282 0 5
16286 0 5
16287 0 5
16288 0 5
16290 0 5
16292 0 5
16293 0 5
16294 0 5
16311 0 5
16312 0 5
16313 0 5
16315 0 5
16317 0 5
16318 0 5
16319 0 5
16321 0 5
16323 0 4
16324 0 5
16332 0 6
16334 0 5
16335 0 6
16337 0 5
16338 0 5
16342 0 5
16343 0 5
16344 0 5
16346 0 6
16348 0 5
16349 0 6
16351 0 5
16352 0 5
16356 0 5
16357 0 5
16358 0 5
16360 0 5
16362 0 5
16363 0 5
16364 0 5
16540 0 6
16542 0 5
16543 0 6
16545 0 5
16546 0 5
16550 0 5
16551 0 5
16552 0 5
16554 0 6
16556 0 5
16557 0 6
16559 0 5
16560 0 5
16564 0 5
16565 0 5
16566 0 5
16568 0 5
16570 0 5
16571 0 5
16572 0 5
16589 0 5
16590 0 5
16591 0 5
16593 0 5
16595 0 5
16596 0 5
16597 0 5
16599 0 5
16601 0 4
16602 0 5
16610 0 6
16612 0 5
16613 0 6
16615 0 5
16616 0 5
16620 0 5
16621 0 5
16622 0 5
16624 0 6
16626 0 5
16627 0 6
16629 0 5
16630 0 5
16634 0 5
16635 0 5
16636 0 5
16638 0 5
16640 0 5
16641 0 5
16642 0 5
16659 0 5
16660 0 5
16661 0 5
16663 0 5
16665 0 5
16666 0 5
16667 0 5
16669 0 5
16671 0 4
16672 0 5
16680 0 5
16682 0 4
16683 0 5
16685 0 4
16686 0 4
16690 0 5
16691 0 5
16692 0 5
16694 0 5
16696 0 5
16697 0 5
16698 0 5
16700 0 5
16702 0 4
16703 0 5
16784 0 5
16785 0 5
16786 0 5
16788 0 5
16790 0 5
16791 0 5
16792 0 5
16794 0 5
16796 0 4
16797 0 5
16805 0 5
16807 0 4
16808 0 5
16810 0 4
16811 0 4
16815 0 5
16816 0 5
16817 0 5
16819 0 5
16821 0 5
16822 0 5
16823 0 5
16825 0 5
16827 0 4
16828 0 5
16836 0 5
16838 0 4
16839 0 5
16841 0 4
16842 0 4
16846 0 4
16847 0 4
16848 0 4
16850 0 5
16852 0 4
16853 0 5
16855 0 4
16856 0 4
16891 0 6
16893 0 5
16894 0 6
16896 0 5
16897 0 5
16901 0 5
16902 0 5
16903 0 5
16905 0 6
16907 0 5
16908 0 6
16910 0 5
16911 0 5
16915 0 5
16916 0 5
16917 0 5
16919 0 5
16921 0 5
16922 0 5
16923 0 5
16940 0 5
16941 0 5
16942 0 5
16944 0 5
16946 0 5
16947 0 5
16948 0 5
16950 0 5
16952 0 4
16953 0 5
16961 0 6
16963 0 5
16964 0 6
16966 0 5
16967 0 5
16971 0 5
16972 0 5
16973 0 5
16975 0 6
16977 0 5
16978 0 6
16980 0 5
16981 0 5
16985 0 5
16986 0 5
16987 0 5
16989 0 5
16991 0 5
16992 0 5
16993 0 5
17010 0 5
17011 0 5
17012 0 5
17014 0 5
17016 0 5
17017 0 5
17018 0 5
17020 0 5
17022 0 4
17023 0 5
17031 0 5
17033 0 4
17034 0 5
17036 0 4
17037 0 4
17041 0 5
17042 0 5
17043 0 5
17045 0 5
17047 0 5
17048 0 5
17049 0 5
17051 0 5
17053 0 4
17054 0 5
17939 0 6
17941 0 6
17948 0 5
17950 0 6
17952 0 6
17959 0 5
17961 0 5
17964 0 5
17978 0 5
17980 0 5
17983 0 5
17985 0 5
17987 0 5
17994 0 6
17996 0 6
18003 0 5
18005 0 6
18007 0 6
18014 0 5
18016 0 5
18019 0 5
18033 0 5
18035 0 5
18038 0 5
18040 0 5
18042 0 5
18049 0 5
18051 0 5
18058 0 5
18060 0 5
18063 0 5
18065 0 5
18067 0 5
18131 0 5
18133 0 5
18136 0 5
18138 0 5
18140 0 5
18147 0 5
18149 0 5
18156 0 5
18158 0 5
18161 0 5
18163 0 5
18165 0 5
18172 0 5
18174 0 5
18181 0 4
18183 0 5
18185 0 5
18217 0 6
18219 0 6
18226 0 5
18228 0 6
18230 0 6
18237 0 5
18239 0 5
18242 0 5
18256 0 5
18258 0 5
18261 0 5
18263 0 5
18265 0 5
18272 0 6
18274 0 6
18281 0 5
18283 0 6
18285 0 6
18292 0 5
18294 0 5
18297 0 5
18311 0 5
18313 0 5
18316 0 5
18318 0 5
18320 0 5
18327 0 5
18329 0 5
18336 0 5
18338 0 5
18341 0 5
18343 0 5
18345 0 5
18409 0 5
18411 0 5
18414 0 5
18416 0 5
18418 0 5
18425 0 5
18427 0 5
18434 0 5
18436 0 5
18439 0 5
18441 0 5
18443 0 5
18450 0 5
18452 0 5
18459 0 4
18461 0 5
18463 0 5
18495 0 5
18497 0 5
18504 0 4
18506 0 5
18508 0 5
18515 0 4
18517 0 4
18520 0 4
18534 0 5
18536 0 5
18539 0 5
18541 0 5
18543 0 5
18550 0 5
18552 0 5
18559 0 5
18561 0 5
18564 0 5
18566 0 5
18568 0 5
18575 0 5
18577 0 5
18584 0 4
18586 0 5
18588 0 5
18904 0 5
18906 0 5
18909 0 5
18911 0 5
18913 0 5
18920 0 5
18922 0 5
18929 0 5
18931 0 5
18934 0 5
18936 0 5
18938 0 5
18945 0 5
18947 0 5
18954 0 4
18956 0 5
18958 0 5
18990 0 5
18992 0 5
18999 0 4
19001 0 5
19003 0 5
19010 0 4
19012 0 4
19015 0 4
19029 0 5
19031 0 5
19034 0 5
19036 0 5
19038 0 5
19045 0 5
19047 0 5
19054 0 5
19056 0 5
19059 0 5
19061 0 5
19063 0 5
19070 0 5
19072 0 5
19079 0 4
19081 0 5
19083 0 5
19115 0 5
19117 0 5
19124 0 4
19126 0 5
19128 0 5
19135 0 4
19137 0 4
19140 0 4
19154 0 4
19156 0 4
19159 0 4
19161 0 4
19163 0 4
19170 0 5
19172 0 5
19179 0 4
19181 0 5
19183 0 5
19190 0 4
19192 0 4
19195 0 4
19338 0 6
19340 0 6
19347 0 5
19349 0 6
19351 0 6
19358 0 5
19360 0 5
19363 0 5
19377 0 5
19379 0 5
19382 0 5
19384 0 5
19386 0 5
19393 0 6
19395 0 6
19402 0 5
19404 0 6
19406 0 6
19413 0 5
19415 0 5
19418 0 5
19432 0 5
19434 0 5
19437 0 5
19439 0 5
19441 0 5
19448 0 5
19450 0 5
19457 0 5
19459 0 5
19462 0 5
19464 0 5
19466 0 5
19530 0 5
19532 0 5
19535 0 5
19537 0 5
19539 0 5
19546 0 5
19548 0 5
19555 0 5
19557 0 5
19560 0 5
19562 0 5
19564 0 5
19571 0 5
19573 0 5
19580 0 4
19582 0 5
19584 0 5
19616 0 6
19618 0 6
19625 0 5
19627 0 6
19629 0 6
19636 0 5
19638 0 5
19641 0 5
19655 0 5
19657 0 5
19660 0 5
19662 0 5
19664 0 5
19671 0 6
19673 0 6
19680 0 5
19682 0 6
19684 0 6
19691 0 5
19693 0 5
19696 0 5
19710 0 5
19712 0 5
19715 0 5
19717 0 5
19719 0 5
19726 0 5
19728 0 5
19735 0 5
19737 0 5
19740 0 5
19742 0 5
19744 0 5
19808 0 5
19810 0 5
19813 0 5
19815 0 5
19817 0 5
19824 0 5
19826 0 5
19833 0 5
19835 0 5
19838 0 5
19840 0 5
19842 0 5
19849 0 5
19851 0 5
19858 0 4
19860 0 5
19862 0 5
19894 0 5
19896 0 5
19903 0 4
19905 0 5
19907 0 5
19914 0 4
19916 0 4
19919 0 4
19933 0 5
19935 0 5
19938 0 5
19940 0 5
19942 0 5
19949 0 5
19951 0 5
19958 0 5
19960 0 5
19963 0 5
19965 0 5
19967 0 5
19974 0 5
19976 0 5
19983 0 4
19985 0 5
19987 0 5
21651 0 6
21653 0 6
21660 0 5
21662 0 6
21664 0 6
21671 0 5
21673 0 5
21676 0 5
21690 0 5
21692 0 5
21695 0 5
21697 0 5
21699 0 5
21706 0 6
21708 0 6
21715 0 5
21717 0 6
21719 0 6
21726 0 5
21728 0 5
21731 0 5
21745 0 5
21747 0 5
21750 0 5
21752 0 5
21754 0 5
21761 0 5
21763 0 5
21770 0 5
21772 0 5
21775 0 5
21777 0 5
21779 0 5
21843 0 5
21845 0 5
21848 0 5
21850 0 5
21852 0 5
21859 0 5
21861 0 5
21868 0 5
21870 0 5
21873 0 5
21875 0 5
21877 0 5
21884 0 5
21886 0 5
21893 0 4
21895 0 5
21897 0 5
21929 0 6
21931 0 6
21938 0 5
21940 0 6
21942 0 6
21949 0 5
21951 0 5
21954 0 5
21968 0 5
21970 0 5
21973 0 5
21975 0 5
21977 0 5
21984 0 6
21986 0 6
21993 0 5
21995 0 6
21997 0 6
22004 0 5
22006 0 5
22009 0 5
22023 0 5
22025 0 5
22028 0 5
22030 0 5
22032 0 5
22039 0 5
22041 0 5
22048 0 5
22050 0 5
22053 0 5
22055 0 5
22057 0 5
22121 0 5
22123 0 5
22126 0 5
22128 0 5
22130 0 5
22137 0 5
22139 0 5
22146 0 5
22148 0 5
22151 0 5
22153 0 5
22155 0 5
22162 0 5
22164 0 5
22171 0 4
22173 0 5
22175 0 5
22207 0 5
22209 0 5
22216 0 4
22218 0 5
22220 0 5
22227 0 4
22229 0 4
22232 0 4
22246 0 5
22248 0 5
22251 0 5
22253 0 5
22255 0 5
22262 0 5
22264 0 5
22271 0 5
22273 0 5
22276 0 5
22278 0 5
22280 0 5
22287 0 5
22289 0 5
22296 0 4
22298 0 5
22300 0 5
22616 0 5
22618 0 5
22621 0 5
22623 0 5
22625 0 5
22632 0 5
22634 0 5
22641 0 5
22643 0 5
22646 0 5
22648 0 5
22650 0 5
22657 0 5
22659 0 5
22666 0 4
22668 0 5
22670 0 5
22702 0 5
22704 0 5
22711 0 4
22713 0 5
22715 0 5
22722 0 4
22724 0 4
22727 0 4
22741 0 5
22743 0 5
22746 0 5
22748 0 5
22750 0 5
22757 0 5
22759 0 5
22766 0 5
22768 0 5
22771 0 5
22773 0 5
22775 0 5
22782 0 5
22784 0 5
22791 0 4
22793 0 5
22795 0 5
22827 0 5
22829 0 5
22836 0 4
22838 0 5
22840 0 5
22847 0 4
22849 0 4
22852 0 4
22866 0 4
22868 0 4
22871 0 4
22873 0 4
22875 0 4
22882 0 5
22884 0 5
22891 0 4
22893 0 5
22895 0 5
22902 0 4
22904 0 4
22907 0 4
23050 0 6
23052 0 6
23059 0 5
23061 0 6
23063 0 6
23070 0 5
23072 0 5
23075 0 5
23089 0 5
23091 0 5
23094 0 5
23096 0 5
23098 0 5
23105 0 6
23107 0 6
23114 0 5
23116 0 6
23118 0 6
23125 0 5
23127 0 5
23130 0 5
23144 0 5
23146 0 5
23149 0 5
23151 0 5
23153 0 5
23160 0 5
23162 0 5
23169 0 5
23171 0 5
23174 0 5
23176 0 5
23178 0 5
23242 0 5
23244 0 5
23247 0 5
23249 0 5
23251 0 5
23258 0 5
23260 0 5
23267 0 5
23269 0 5
23272 0 5
23274 0 5
23276 0 5
23283 0 5
23285 0 5
23292 0 4
23294 0 5
23296 0 5
23328 0 6
23330 0 6
23337 0 5
23339 0 6
23341 0 6
23348 0 5
23350 0 5
23353 0 5
23367 0 5
23369 0 5
23372 0 5
23374 0 5
23376 0 5
23383 0 6
23385 0 6
23392 0 5
23394 0 6
23396 0 6
23403 0 5
23405 0 5
23408 0 5
23422 0 5
23424 0 5
23427 0 5
23429 0 5
23431 0 5
23438 0 5
23440 0 5
23447 0 5
23449 0 5
23452 0 5
23454 0 5
23456 0 5
23520 0 5
23522 0 5
23525 0 5
23527 0 5
23529 0 5
23536 0 5
23538 0 5
23545 0 5
23547 0 5
23550 0 5
23552 0 5
23554 0 5
23561 0 5
23563 0 5
23570 0 4
23572 0 5
23574 0 5
23606 0 5
23608 0 5
23615 0 4
23617 0 5
23619 0 5
23626 0 4
23628 0 4
23631 0 4
23645 0 5
23647 0 5
23650 0 5
23652 0 5
23654 0 5
23661 0 5
23663 0 5
23670 0 5
23672 0 5
23675 0 5
23677 0 5
23679 0 5
23686 0 5
23688 0 5
23695 0 4
23697 0 5
23699 0 5
24015 0 5
24017 0 5
24020 0 5
24022 0 5
24024 0 5
24031 0 5
24033 0 5
24040 0 5
24042 0 5
24045 0 5
24047 0 5
24049 0 5
24056 0 5
24058 0 5
24065 0 4
24067 0 5
24069 0 5
24101 0 5
24103 0 5
24110 0 4
24112 0 5
24114 0 5
24121 0 4
24123 0 4
24126 0 4
24140 0 5
24142 0 5
24145 0 5
24147 0 5
24149 0 5
24156 0 5
24158 0 5
24165 0 5
24167 0 5
24170 0 5
24172 0 5
24174 0 5
24181 0 5
24183 0 5
24190 0 4
24192 0 5
24194 0 5
24226 0 5
24228 0 5
24235 0 4
24237 0 5
24239 0 5
24246 0 4
24248 0 4
24251 0 4
24265 0 4
24267 0 4
24270 0 4
24272 0 4
24274 0 4
24281 0 5
24283 0 5
24290 0 4
24292 0 5
24294 0 5
24301 0 4
24303 0 4
24306 0 4
24449 0 5
24451 0 5
24458 0 4
24460 0 5
24462 0 5
24469 0 4
24471 0 4
24474 0 4
24488 0 4
24490 0 4
24493 0 4
24495 0 4
24497 0 4
24504 0 5
24506 0 5
24513 0 4
24515 0 5
24517 0 5
24524 0 4
24526 0 4
24529 0 4
24543 0 4
24545 0 4
24548 0 4
24550 0 4
24552 0 4
24559 0 4
24561 0 4
24568 0 4
24570 0 4
24573 0 4
24575 0 4
24577 0 4
24641 0 5
24643 0 5
24646 0 5
24648 0 5
24650 0 5
24657 0 5
24659 0 5
24666 0 5
24668 0 5
24671 0 5
24673 0 5
24675 0 5
24682 0 5
24684 0 5
24691 0 4
24693 0 5
24695 0 5
24727 0 5
24729 0 5
24736 0 4
24738 0 5
24740 0 5
24747 0 4
24749 0 4
24752 0 4
24766 0 5
24768 0 5
24771 0 5
24773 0 5
24775 0 5
24782 0 5
24784 0 5
24791 0 5
24793 0 5
24796 0 5
24798 0 5
24800 0 5
24807 0 5
24809 0 5
24816 0 4
24818 0 5
24820 0 5
24852 0 5
24854 0 5
24861 0 4
24863 0 5
24865 0 5
24872 0 4
24874 0 4
24877 0 4
24891 0 4
24893 0 4
24896 0 4
24898 0 4
24900 0 4
24907 0 5
24909 0 5
24916 0 4
24918 0 5
24920 0 5
24927 0 4
24929 0 4
24932 0 4
26506 0 6
26507 0 6
26508 0 6
26510 0 6
26511 0 6
26512 0 6
26514 0 6
26519 0 6
26521 0 6
26523 0 5
26527 0 6
26528 0 6
26529 0 6
26531 0 6
26532 0 6
26533 0 6
26535 0 6
26540 0 6
26542 0 6
26544 0 5
26548 0 5
26549 0 5
26550 0 6
26552 0 6
26554 0 5
26577 0 6
26579 0 6
26581 0 5
26585 0 5
26586 0 5
26587 0 6
26589 0 6
26591 0 5
26595 0 5
26596 0 5
26597 0 5
26599 0 5
26600 0 5
26613 0 6
26614 0 6
26615 0 6
26617 0 6
26618 0 6
26619 0 6
26621 0 6
26626 0 6
26628 0 6
26630 0 5
26634 0 6
26635 0 6
26636 0 6
26638 0 6
26639 0 6
26640 0 6
26642 0 6
26647 0 6
26649 0 6
26651 0 5
26655 0 5
26656 0 5
26657 0 6
26659 0 6
26661 0 5
26684 0 6
26686 0 6
26688 0 5
26692 0 5
26693 0 5
26694 0 6
26696 0 6
26698 0 5
26702 0 5
26703 0 5
26704 0 5
26706 0 5
26707 0 5
26720 0 5
26721 0 5
26722 0 5
26724 0 5
26725 0 5
26726 0 5
26728 0 5
26733 0 6
26735 0 6
26737 0 5
26741 0 5
26742 0 5
26743 0 6
26745 0 6
26747 0 5
26751 0 5
26752 0 5
26753 0 5
26755 0 5
26756 0 5
26874 0 6
26876 0 6
26878 0 5
26882 0 5
26883 0 5
26884 0 6
26886 0 6
26888 0 5
26892 0 5
26893 0 5
26894 0 5
26896 0 5
26897 0 5
26910 0 5
26911 0 5
26912 0 5
26914 0 5
26915 0 5
26916 0 5
26918 0 5
26923 0 6
26925 0 6
26927 0 5
26931 0 5
26932 0 5
26933 0 6
26935 0 6
26937 0 5
26941 0 5
26942 0 5
26943 0 5
26945 0 5
26946 0 5
26959 0 5
26960 0 5
26961 0 5
26963 0 5
26964 0 5
26965 0 5
26967 0 5
26972 0 5
26974 0 5
26976 0 4
26980 0 5
26981 0 5
26982 0 5
26984 0 5
26985 0 5
26986 0 5
26988 0 5
27047 0 6
27048 0 6
27049 0 6
27051 0 6
27052 0 6
27053 0 6
27055 0 6
27060 0 6
27062 0 6
27064 0 5
27068 0 6
27069 0 6
27070 0 6
27072 0 6
27073 0 6
27074 0 6
27076 0 6
27081 0 6
27083 0 6
27085 0 5
27089 0 5
27090 0 5
27091 0 6
27093 0 6
27095 0 5
27118 0 6
27120 0 6
27122 0 5
27126 0 5
27127 0 5
27128 0 6
27130 0 6
27132 0 5
27136 0 5
27137 0 5
27138 0 5
27140 0 5
27141 0 5
27154 0 6
27155 0 6
27156 0 6
27158 0 6
27159 0 6
27160 0 6
27162 0 6
27167 0 6
27169 0 6
27171 0 5
27175 0 6
27176 0 6
27177 0 6
27179 0 6
27180 0 6
27181 0 6
27183 0 6
27188 0 6
27190 0 6
27192 0 5
27196 0 5
27197 0 5
27198 0 6
27200 0 6
27202 0 5
27225 0 6
27227 0 6
27229 0 5
27233 0 5
27234 0 5
27235 0 6
27237 0 6
27239 0 5
27243 0 5
27244 0 5
27245 0 5
27247 0 5
27248 0 5
27261 0 5
27262 0 5
27263 0 5
27265 0 5
27266 0 5
27267 0 5
27269 0 5
27274 0 6
27276 0 6
27278 0 5
27282 0 5
27283 0 5
27284 0 6
27286 0 6
27288 0 5
27292 0 5
27293 0 5
27294 0 5
27296 0 5
27297 0 5
27415 0 6
27417 0 6
27419 0 5
27423 0 5
27424 0 5
27425 0 6
27427 0 6
27429 0 5
27433 0 5
27434 0 5
27435 0 5
27437 0 5
27438 0 5
27451 0 5
27452 0 5
27453 0 5
27455 0 5
27456 0 5
27457 0 5
27459 0 5
27464 0 6
27466 0 6
27468 0 5
27472 0 5
27473 0 5
27474 0 6
27476 0 6
27478 0 5
27482 0 5
27483 0 5
27484 0 5
27486 0 5
27487 0 5
27500 0 5
27501 0 5
27502 0 5
27504 0 5
27505 0 5
27506 0 5
27508 0 5
27513 0 5
27515 0 5
27517 0 4
27521 0 5
27522 0 5
27523 0 5
27525 0 5
27526 0 5
27527 0 5
27529 0 5
27588 0 5
27589 0 5
27590 0 5
27592 0 5
27593 0 5
27594 0 5
27596 0 5
27601 0 5
27603 0 5
27605 0 4
27609 0 5
27610 0 5
27611 0 5
27613 0 5
27614 0 5
27615 0 5
27617 0 5
27622 0 5
27624 0 5
27626 0 4
27630 0 4
27631 0 4
27632 0 5
27634 0 5
27636 0 4
27659 0 6
27661 0 6
27663 0 5
27667 0 5
27668 0 5
27669 0 6
27671 0 6
27673 0 5
27677 0 5
27678 0 5
27679 0 5
27681 0 5
27682 0 5
27695 0 5
27696 0 5
27697 0 5
27699 0 5
27700 0 5
27701 0 5
27703 0 5
27708 0 6
27710 0 6
27712 0 5
27716 0 5
27717 0 5
27718 0 6
27720 0 6
27722 0 5
27726 0 5
27727 0 5
27728 0 5
27730 0 5
27731 0 5
27744 0 5
27745 0 5
27746 0 5
27748 0 5
27749 0 5
27750 0 5
27752 0 5
27757 0 5
27759 0 5
27761 0 4
27765 0 5
27766 0 5
27767 0 5
27769 0 5
27770 0 5
27771 0 5
27773 0 5
28378 0 6
28380 0 6
28382 0 5
28386 0 5
28387 0 5
28388 0 6
28390 0 6
28392 0 5
28396 0 5
28397 0 5
28398 0 5
28400 0 5
28401 0 5
28414 0 5
28415 0 5
28416 0 5
28418 0 5
28419 0 5
28420 0 5
28422 0 5
28427 0 6
28429 0 6
28431 0 5
28435 0 5
28436 0 5
28437 0 6
28439 0 6
28441 0 5
28445 0 5
28446 0 5
28447 0 5
28449 0 5
28450 0 5
28463 0 5
28464 0 5
28465 0 5
28467 0 5
28468 0 5
28469 0 5
28471 0 5
28476 0 5
28478 0 5
28480 0 4
28484 0 5
28485 0 5
28486 0 5
28488 0 5
28489 0 5
28490 0 5
28492 0 5
28551 0 5
28552 0 5
28553 0 5
28555 0 5
28556 0 5
28557 0 5
28559 0 5
28564 0 5
28566 0 5
28568 0 4
28572 0 5
28573 0 5
28574 0 5
28576 0 5
28577 0 5
28578 0 5
28580 0 5
28585 0 5
28587 0 5
28589 0 4
28593 0 4
28594 0 4
28595 0 5
28597 0 5
28599 0 4
28622 0 6
28624 0 6
28626 0 5
28630 0 5
28631 0 5
28632 0 6
28634 0 6
28636 0 5
28640 0 5
28641 0 5
28642 0 5
28644 0 5
28645 0 5
28658 0 5
28659 0 5
28660 0 5
28662 0 5
28663 0 5
28664 0 5
28666 0 5
28671 0 6
28673 0 6
28675 0 5
28679 0 5
28680 0 5
28681 0 6
28683 0 6
28685 0 5
28689 0 5
28690 0 5
28691 0 5
28693 0 5
28694 0 5
28707 0 5
28708 0 5
28709 0 5
28711 0 5
28712 0 5
28713 0 5
28715 0 5
28720 0 5
28722 0 5
28724 0 4
28728 0 5
28729 0 5
28730 0 5
28732 0 5
28733 0 5
28734 0 5
28736 0 5
28795 0 5
28796 0 5
28797 0 5
28799 0 5
28800 0 5
28801 0 5
28803 0 5
28808 0 5
28810 0 5
28812 0 4
28816 0 5
28817 0 5
28818 0 5
28820 0 5
28821 0 5
28822 0 5
28824 0 5
28829 0 5
28831 0 5
28833 0 4
28837 0 4
28838 0 4
28839 0 5
28841 0 5
28843 0 4
28866 0 5
28868 0 5
28870 0 4
28874 0 4
28875 0 4
28876 0 5
28878 0 5
28880 0 4
28884 0 4
28885 0 4
28886 0 4
28888 0 4
28889 0 4
28902 0 5
28903 0 5
28904 0 5
28906 0 5
28907 0 5
28908 0 5
28910 0 5
28915 0 5
28917 0 5
28919 0 4
28923 0 5
28924 0 5
28925 0 5
28927 0 5
28928 0 5
28929 0 5
28931 0 5
28936 0 5
28938 0 5
28940 0 4
28944 0 4
28945 0 4
28946 0 5
28948 0 5
28950 0 4
29231 0 6
29232 0 6
29233 0 6
29235 0 6
29236 0 6
29237 0 6
29239 0 6
29244 0 6
29246 0 6
29248 0 5
29252 0 6
29253 0 6
29254 0 6
29256 0 6
29257 0 6
29258 0 6
29260 0 6
29265 0 6
29267 0 6
29269 0 5
29273 0 5
29274 0 5
29275 0 6
29277 0 6
29279 0 5
29302 0 6
29304 0 6
29306 0 5
29310 0 5
29311 0 5
29312 0 6
29314 0 6
29316 0 5
29320 0 5
29321 0 5
29322 0 5
29324 0 5
29325 0 5
29338 0 6
29339 0 6
29340 0 6
29342 0 6
29343 0 6
29344 0 6
29346 0 6
29351 0 6
29353 0 6
29355 0 5
29359 0 6
29360 0 6
29361 0 6
29363 0 6
29364 0 6
29365 0 6
29367 0 6
29372 0 6
29374 0 6
29376 0 5
29380 0 5
29381 0 5
29382 0 6
29384 0 6
29386 0 5
29409 0 6
29411 0 6
29413 0 5
29417 0 5
29418 0 5
29419 0 6
29421 0 6
29423 0 5
29427 0 5
29428 0 5
29429 0 5
29431 0 5
29432 0 5
29445 0 5
29446 0 5
29447 0 5
29449 0 5
29450 0 5
29451 0 5
29453 0 5
29458 0 6
29460 0 6
29462 0 5
29466 0 5
29467 0 5
29468 0 6
29470 0 6
29472 0 5
29476 0 5
29477 0 5
29478 0 5
29480 0 5
29481 0 5
29599 0 6
29601 0 6
29603 0 5
29607 0 5
29608 0 5
29609 0 6
29611 0 6
29613 0 5
29617 0 5
29618 0 5
29619 0 5
29621 0 5
29622 0 5
29635 0 5
29636 0 5
29637 0 5
29639 0 5
29640 0 5
29641 0 5
29643 0 5
29648 0 6
29650 0 6
29652 0 5
29656 0 5
29657 0 5
29658 0 6
29660 0 6
29662 0 5
29666 0 5
29667 0 5
29668 0 5
29670 0 5
29671 0 5
29684 0 5
29685 0 5
29686 0 5
29688 0 5
29689 0 5
29690 0 5
29692 0 5
29697 0 5
29699 0 5
29701 0 4
29705 0 5
29706 0 5
29707 0 5
29709 0 5
29710 0 5
29711 0 5
29713 0 5
29772 0 6
29773 0 6
29774 0 6
29776 0 6
29777 0 6
29778 0 6
29780 0 6
29785 0 6
29787 0 6
29789 0 5
29793 0 6
29794 0 6
29795 0 6
29797 0 6
29798 0 6
29799 0 6
29801 0 6
29806 0 6
29808 0 6
29810 0 5
29814 0 5
29815 0 5
29816 0 6
29818 0 6
29820 0 5
29843 0 6
29845 0 6
29847 0 5
29851 0 5
29852 0 5
29853 0 6
29855 0 6
29857 0 5
29861 0 5
29862 0 5
29863 0 5
29865 0 5
29866 0 5
29879 0 6
29880 0 6
29881 0 6
29883 0 6
29884 0 6
29885 0 6
29887 0 6
29892 0 6
29894 0 6
29896 0 5
29900 0 6
29901 0 6
29902 0 6
29904 0 6
29905 0 6
29906 0 6
29908 0 6
29913 0 6
29915 0 6
29917 0 5
29921 0 5
29922 0 5
29923 0 6
29925 0 6
29927 0 5
29950 0 6
29952 0 6
29954 0 5
29958 0 5
29959 0 5
29960 0 6
29962 0 6
29964 0 5
29968 0 5
29969 0 5
29970 0 5
29972 0 5
29973 0 5
29986 0 5
29987 0 5
29988 0 5
29990 0 5
29991 0 5
29992 0 5
29994 0 5
29999 0 6
30001 0 6
30003 0 5
30007 0 5
30008 0 5
30009 0 6
30011 0 6
30013 0 5
30017 0 5
30018 0 5
30019 0 5
30021 0 5
30022 0 5
30140 0 6
30142 0 6
30144 0 5
30148 0 5
30149 0 5
30150 0 6
30152 0 6
30154 0 5
30158 0 5
30159 0 5
30160 0 5
30162 0 5
30163 0 5
30176 0 5
30177 0 5
30178 0 5
30180 0 5
30181 0 5
30182 0 5
30184 0 5
30189 0 6
30191 0 6
30193 0 5
30197 0 5
30198 0 5
30199 0 6
30201 0 6
30203 0 5
30207 0 5
30208 0 5
30209 0 5
30211 0 5
30212 0 5
30225 0 5
30226 0 5
30227 0 5
30229 0 5
30230 0 5
30231 0 5
30233 0 5
30238 0 5
30240 0 5
30242 0 4
30246 0 5
30247 0 5
30248 0 5
30250 0 5
30251 0 5
30252 0 5
30254 0 5
30313 0 5
30314 0 5
30315 0 5
30317 0 5
30318 0 5
30319 0 5
30321 0 5
30326 0 5
30328 0 5
30330 0 4
30334 0 5
30335 0 5
30336 0 5
30338 0 5
30339 0 5
30340 0 5
30342 0 5
30347 0 5
30349 0 5
30351 0 4
30355 0 4
30356 0 4
30357 0 5
30359 0 5
30361 0 4
30384 0 6
30386 0 6
30388 0 5
30392 0 5
30393 0 5
30394 0 6
30396 0 6
30398 0 5
30402 0 5
30403 0 5
30404 0 5
30406 0 5
30407 0 5
30420 0 5
30421 0 5
30422 0 5
30424 0 5
30425 0 5
30426 0 5
30428 0 5
30433 0 6
30435 0 6
30437 0 5
30441 0 5
30442 0 5
30443 0 6
30445 0 6
30447 0 5
30451 0 5
30452 0 5
30453 0 5
30455 0 5
30456 0 5
30469 0 5
30470 0 5
30471 0 5
30473 0 5
30474 0 5
30475 0 5
30477 0 5
30482 0 5
30484 0 5
30486 0 4
30490 0 5
30491 0 5
30492 0 5
30494 0 5
30495 0 5
30496 0 5
30498 0 5
31103 0 6
31105 0 6
31107 0 5
31111 0 5
31112 0 5
31113 0 6
31115 0 6
31117 0 5
31121 0 5
31122 0 5
31123 0 5
31125 0 5
31126 0 5
31139 0 5
31140 0 5
31141 0 5
31143 0 5
31144 0 5
31145 0 5
31147 0 5
31152 0 6
31154 0 6
31156 0 5
31160 0 5
31161 0 5
31162 0 6
31164 0 6
31166 0 5
31170 0 5
31171 0 5
31172 0 5
31174 0 5
31175 0 5
31188 0 5
31189 0 5
31190 0 5
31192 0 5
31193 0 5
31194 0 5
31196 0 5
31201 0 5
31203 0 5
31205 0 4
31209 0 5
31210 0 5
31211 0 5
31213 0 5
31214 0 5
31215 0 5
31217 0 5
31276 0 5
31277 0 5
31278 0 5
31280 0 5
31281 0 5
31282 0 5
31284 0 5
31289 0 5
31291 0 5
31293 0 4
31297 0 5
31298 0 5
31299 0 5
31301 0 5
31302 0 5
31303 0 5
31305 0 5
31310 0 5
31312 0 5
31314 0 4
31318 0 4
31319 0 4
31320 0 5
31322 0 5
31324 0 4
31347 0 6
31349 0 6
31351 0 5
31355 0 5
31356 0 5
31357 0 6
31359 0 6
31361 0 5
31365 0 5
31366 0 5
31367 0 5
31369 0 5
31370 0 5
31383 0 5
31384 0 5
31385 0 5
31387 0 5
31388 0 5
31389 0 5
31391 0 5
31396 0 6
31398 0 6
31400 0 5
31404 0 5
31405 0 5
31406 0 6
31408 0 6
31410 0 5
31414 0 5
31415 0 5
31416 0 5
31418 0 5
31419 0 5
31432 0 5
31433 0 5
31434 0 5
31436 0 5
31437 0 5
31438 0 5
31440 0 5
31445 0 5
31447 0 5
31449 0 4
31453 0 5
31454 0 5
31455 0 5
31457 0 5
31458 0 5
31459 0 5
31461 0 5
31520 0 5
31521 0 5
31522 0 5
31524 0 5
31525 0 5
31526 0 5
31528 0 5
31533 0 5
31535 0 5
31537 0 4
31541 0 5
31542 0 5
31543 0 5
31545 0 5
31546 0 5
31547 0 5
31549 0 5
31554 0 5
31556 0 5
31558 0 4
31562 0 4
31563 0 4
31564 0 5
31566 0 5
31568 0 4
31591 0 5
31593 0 5
31595 0 4
31599 0 4
31600 0 4
31601 0 5
31603 0 5
31605 0 4
31609 0 4
31610 0 4
31611 0 4
31613 0 4
31614 0 4
31627 0 5
31628 0 5
31629 0 5
31631 0 5
31632 0 5
31633 0 5
31635 0 5
31640 0 5
31642 0 5
31644 0 4
31648 0 5
31649 0 5
31650 0 5
31652 0 5
31653 0 5
31654 0 5
31656 0 5
31661 0 5
31663 0 5
31665 0 4
31669 0 4
31670 0 4
31671 0 5
31673 0 5
31675 0 4
31956 0 5
31957 0 5
31958 0 5
31960 0 5
31961 0 5
31962 0 5
31964 0 5
31969 0 5
31971 0 5
31973 0 4
31977 0 5
31978 0 5
31979 0 5
31981 0 5
31982 0 5
31983 0 5
31985 0 5
31990 0 5
31992 0 5
31994 0 4
31998 0 4
31999 0 4
32000 0 5
32002 0 5
32004 0 4
32027 0 5
32029 0 5
32031 0 4
32035 0 4
32036 0 4
32037 0 5
32039 0 5
32041 0 4
32045 0 4
32046 0 4
32047 0 4
32049 0 4
32050 0 4
32063 0 5
32064 0 5
32065 0 5
32067 0 5
32068 0 5
32069 0 5
32071 0 5
32076 0 5
32078 0 5
32080 0 4
32084 0 5
32085 0 5
32086 0 5
32088 0 5
32089 0 5
32090 0 5
32092 0 5
32097 0 5
32099 0 5
32101 0 4
32105 0 4
32106 0 4
32107 0 5
32109 0 5
32111 0 4
32134 0 5
32136 0 5
32138 0 4
32142 0 4
32143 0 4
32144 0 5
32146 0 5
32148 0 4
32152 0 4
32153 0 4
32154 0 4
32156 0 4
32157 0 4
32170 0 4
32171 0 4
32172 0 4
32174 0 4
32175 0 4
32176 0 4
32178 0 4
32183 0 5
32185 0 5
32187 0 4
32191 0 4
32192 0 4
32193 0 5
32195 0 5
32197 0 4
32201 0 4
32202 0 4
32203 0 4
32205 0 4
32206 0 4
32324 0 6
32326 0 6
32328 0 5
32332 0 5
32333 0 5
32334 0 6
32336 0 6
32338 0 5
32342 0 5
32343 0 5
32344 0 5
32346 0 5
32347 0 5
32360 0 5
32361 0 5
32362 0 5
32364 0 5
32365 0 5
32366 0 5
32368 0 5
32373 0 6
32375 0 6
32377 0 5
32381 0 5
32382 0 5
32383 0 6
32385 0 6
32387 0 5
32391 0 5
32392 0 5
32393 0 5
32395 0 5
32396 0 5
32409 0 5
32410 0 5
32411 0 5
32413 0 5
32414 0 5
32415 0 5
32417 0 5
32422 0 5
32424 0 5
32426 0 4
32430 0 5
32431 0 5
32432 0 5
32434 0 5
32435 0 5
32436 0 5
32438 0 5
32497 0 5
32498 0 5
32499 0 5
32501 0 5
32502 0 5
32503 0 5
32505 0 5
32510 0 5
32512 0 5
32514 0 4
32518 0 5
32519 0 5
32520 0 5
32522 0 5
32523 0 5
32524 0 5
32526 0 5
32531 0 5
32533 0 5
32535 0 4
32539 0 4
32540 0 4
32541 0 5
32543 0 5
32545 0 4
32568 0 6
32570 0 6
32572 0 5
32576 0 5
32577 0 5
32578 0 6
32580 0 6
32582 0 5
32586 0 5
32587 0 5
32588 0 5
32590 0 5
32591 0 5
32604 0 5
32605 0 5
32606 0 5
32608 0 5
32609 0 5
32610 0 5
32612 0 5
32617 0 6
32619 0 6
32621 0 5
32625 0 5
32626 0 5
32627 0 6
32629 0 6
32631 0 5
32635 0 5
32636 0 5
32637 0 5
32639 0 5
32640 0 5
32653 0 5
32654 0 5
32655 0 5
32657 0 5
32658 0 5
32659 0 5
32661 0 5
32666 0 5
32668 0 5
32670 0 4
32674 0 5
32675 0 5
32676 0 5
32678 0 5
32679 0 5
32680 0 5
32682 0 5
32741 0 5
32742 0 5
32743 0 5
32745 0 5
32746 0 5
32747 0 5
32749 0 5
32754 0 5
32756 0 5
32758 0 4
32762 0 5
32763 0 5
32764 0 5
32766 0 5
32767 0 5
32768 0 5
32770 0 5
32775 0 5
32777 0 5
32779 0 4
32783 0 4
32784 0 4
32785 0 5
32787 0 5
32789 0 4
32812 0 5
32814 0 5
32816 0 4
32820 0 4
32821 0 4
32822 0 5
32824 0 5
32826 0 4
32830 0 4
32831 0 4
32832 0 4
32834 0 4
32835 0 4
32848 0 5
32849 0 5
32850 0 5
32852 0 5
32853 0 5
32854 0 5
32856 0 5
32861 0 5
32863 0 5
32865 0 4
32869 0 5
32870 0 5
32871 0 5
32873 0 5
32874 0 5
32875 0 5
32877 0 5
32882 0 5
32884 0 5
32886 0 4
32890 0 4
32891 0 4
32892 0 5
32894 0 5
32896 0 4
