2235 0 10
2236 0 10
2237 0 10
2239 0 10
2261 0 9
2262 0 9
2263 0 9
2264 0 9
2366 0 9
2367 0 9
2368 0 9
2370 0 9
2386 0 8
2387 0 8
2388 0 8
2389 0 8
2895 0 9
2896 0 9
2897 0 9
2899 0 9
2921 0 8
2922 0 8
2923 0 8
2924 0 8
2995 0 8
2996 0 8
2997 0 8
2999 0 8
3015 0 7
3016 0 7
3017 0 7
3018 0 7
4761 0 9
4762 0 9
4763 0 9
4765 0 9
4782 0 8
4783 0 8
4784 0 8
4785 0 8
4867 0 8
4868 0 8
4869 0 8
4871 0 8
4882 0 7
4883 0 7
4884 0 7
4885 0 7
5158 0 8
5159 0 8
5160 0 8
5162 0 8
5179 0 7
5180 0 7
5181 0 7
5182 0 7
5237 0 7
5238 0 7
5239 0 7
5241 0 7
5252 0 6
5253 0 6
5254 0 6
5255 0 6
2238 0 9
2243 0 10
2244 0 9
2245 0 10
2247 0 9
2256 0 10
2258 0 9
2369 0 8
2374 0 9
2375 0 8
2376 0 9
2378 0 8
2381 0 9
2383 0 8
2898 0 8
2903 0 9
2904 0 8
2905 0 9
2907 0 8
2916 0 9
2918 0 8
2998 0 7
3003 0 8
3004 0 7
3005 0 8
3007 0 7
3010 0 8
3012 0 7
4764 0 8
4768 0 9
4769 0 8
4770 0 9
4771 0 8
4779 0 9
4780 0 8
4870 0 7
4874 0 8
4875 0 7
4876 0 8
4877 0 7
4879 0 8
4880 0 7
5161 0 7
5165 0 8
5166 0 7
5167 0 8
5168 0 7
5176 0 8
5177 0 7
5240 0 6
5244 0 7
5245 0 6
5246 0 7
5247 0 6
5249 0 7
5250 0 6
2254 0 9
2255 0 8
2276 0 10
2278 0 9
2285 0 9
2286 0 8
2287 0 10
2289 0 9
2299 0 9
2300 0 8
2342 0 10
2344 0 9
2354 0 9
2355 0 8
2914 0 8
2915 0 7
2936 0 9
2938 0 8
2945 0 8
2946 0 7
2947 0 9
2949 0 8
2959 0 8
2960 0 7
2971 0 9
2973 0 8
2983 0 8
2984 0 7
4777 0 8
4778 0 7
4795 0 9
4796 0 8
4802 0 8
4803 0 7
4804 0 9
4805 0 8
4813 0 8
4814 0 7
4849 0 9
4850 0 8
4858 0 8
4859 0 7
5174 0 7
5175 0 6
5192 0 8
5193 0 7
5199 0 7
5200 0 6
5201 0 8
5202 0 7
5210 0 7
5211 0 6
5219 0 8
5220 0 7
5228 0 7
5229 0 6
2250 0 8
2251 0 8
2252 0 8
2253 0 8
2281 0 8
2282 0 8
2283 0 8
2284 0 8
2292 0 8
2293 0 8
2297 0 8
2298 0 8
2347 0 8
2348 0 8
2352 0 8
2353 0 8
2910 0 7
2911 0 7
2912 0 7
2913 0 7
2941 0 7
2942 0 7
2943 0 7
2944 0 7
2952 0 7
2953 0 7
2957 0 7
2958 0 7
2976 0 7
2977 0 7
2981 0 7
2982 0 7
4773 0 7
4774 0 7
4775 0 7
4776 0 7
4798 0 7
4799 0 7
4800 0 7
4801 0 7
4807 0 7
4808 0 7
4811 0 7
4812 0 7
4852 0 7
4853 0 7
4856 0 7
4857 0 7
5170 0 6
5171 0 6
5172 0 6
5173 0 6
5195 0 6
5196 0 6
5197 0 6
5198 0 6
5204 0 6
5205 0 6
5208 0 6
5209 0 6
5222 0 6
5223 0 6
5226 0 6
5227 0 6
2294 0 8
2295 0 8
2306 0 8
2307 0 8
2308 0 8
2309 0 8
2349 0 8
2350 0 8
2361 0 8
2362 0 8
2363 0 8
2364 0 8
2954 0 7
2955 0 7
2966 0 7
2967 0 7
2968 0 7
2969 0 7
2978 0 7
2979 0 7
2990 0 7
2991 0 7
2992 0 7
2993 0 7
4809 0 7
4810 0 7
4818 0 7
4819 0 7
4820 0 7
4821 0 7
4854 0 7
4855 0 7
4863 0 7
4864 0 7
4865 0 7
4866 0 7
5206 0 6
5207 0 6
5215 0 6
5216 0 6
5217 0 6
5218 0 6
5224 0 6
5225 0 6
5233 0 6
5234 0 6
5235 0 6
5236 0 6
2331 0 9
2333 0 8
2340 0 8
2341 0 7
2443 0 10
2445 0 9
2455 0 9
2456 0 8
2487 0 9
2489 0 8
2496 0 8
2497 0 7
2498 0 10
2500 0 9
2510 0 9
2511 0 8
2557 0 9
2559 0 8
2566 0 8
2567 0 7
2776 0 10
2778 0 9
2788 0 9
2789 0 8
2835 0 9
2837 0 8
2844 0 8
2845 0 7
4840 0 8
4841 0 7
4847 0 7
4848 0 6
4929 0 9
4930 0 8
4938 0 8
4939 0 7
4965 0 8
4966 0 7
4972 0 7
4973 0 6
4974 0 9
4975 0 8
4983 0 8
4984 0 7
5020 0 8
5021 0 7
5027 0 7
5028 0 6
5066 0 9
5067 0 8
5075 0 8
5076 0 7
5112 0 8
5113 0 7
5119 0 7
5120 0 6
2336 0 7
2337 0 7
2338 0 7
2339 0 7
2448 0 8
2449 0 8
2453 0 8
2454 0 8
2492 0 7
2493 0 7
2494 0 7
2495 0 7
2503 0 8
2504 0 8
2508 0 8
2509 0 8
2562 0 7
2563 0 7
2564 0 7
2565 0 7
2781 0 8
2782 0 8
2786 0 8
2787 0 8
2840 0 7
2841 0 7
2842 0 7
2843 0 7
4843 0 6
4844 0 6
4845 0 6
4846 0 6
4932 0 7
4933 0 7
4936 0 7
4937 0 7
4968 0 6
4969 0 6
4970 0 6
4971 0 6
4977 0 7
4978 0 7
4981 0 7
4982 0 7
5023 0 6
5024 0 6
5025 0 6
5026 0 6
5069 0 7
5070 0 7
5073 0 7
5074 0 7
5115 0 6
5116 0 6
5117 0 6
5118 0 6
2311 0 8
2312 0 8
2313 0 8
2315 0 8
2321 0 8
2322 0 8
2323 0 8
2325 0 8
2450 0 8
2451 0 8
2462 0 8
2463 0 8
2464 0 8
2465 0 8
2467 0 8
2468 0 8
2469 0 8
2471 0 8
2477 0 8
2478 0 8
2479 0 8
2481 0 8
2505 0 8
2506 0 8
2517 0 8
2518 0 8
2519 0 8
2520 0 8
2522 0 8
2523 0 8
2524 0 8
2526 0 8
2547 0 8
2548 0 8
2549 0 8
2551 0 8
2783 0 8
2784 0 8
2795 0 8
2796 0 8
2797 0 8
2798 0 8
2800 0 8
2801 0 8
2802 0 8
2804 0 8
2825 0 8
2826 0 8
2827 0 8
2829 0 8
4822 0 7
4823 0 7
4824 0 7
4826 0 7
4831 0 7
4832 0 7
4833 0 7
4835 0 7
4934 0 7
4935 0 7
4943 0 7
4944 0 7
4945 0 7
4946 0 7
4947 0 7
4948 0 7
4949 0 7
4951 0 7
4956 0 7
4957 0 7
4958 0 7
4960 0 7
4979 0 7
4980 0 7
4988 0 7
4989 0 7
4990 0 7
4991 0 7
4992 0 7
4993 0 7
4994 0 7
4996 0 7
5011 0 7
5012 0 7
5013 0 7
5015 0 7
5071 0 7
5072 0 7
5080 0 7
5081 0 7
5082 0 7
5083 0 7
5084 0 7
5085 0 7
5086 0 7
5088 0 7
5103 0 7
5104 0 7
5105 0 7
5107 0 7
2314 0 7
2319 0 8
2320 0 7
2324 0 7
2329 0 8
2330 0 7
2470 0 7
2475 0 8
2476 0 7
2480 0 7
2485 0 8
2486 0 7
2525 0 7
2530 0 8
2531 0 7
2550 0 7
2555 0 8
2556 0 7
2803 0 7
2808 0 8
2809 0 7
2828 0 7
2833 0 8
2834 0 7
4825 0 6
4829 0 7
4830 0 6
4834 0 6
4838 0 7
4839 0 6
4950 0 6
4954 0 7
4955 0 6
4959 0 6
4963 0 7
4964 0 6
4995 0 6
4999 0 7
5000 0 6
5014 0 6
5018 0 7
5019 0 6
5087 0 6
5091 0 7
5092 0 6
5106 0 6
5110 0 7
5111 0 6
2542 0 7
2543 0 7
2544 0 7
2545 0 7
2592 0 8
2593 0 8
2594 0 8
2596 0 8
2612 0 7
2613 0 7
2614 0 7
2615 0 7
2820 0 7
2821 0 7
2822 0 7
2823 0 7
2870 0 8
2871 0 8
2872 0 8
2874 0 8
2890 0 7
2891 0 7
2892 0 7
2893 0 7
5007 0 6
5008 0 6
5009 0 6
5010 0 6
5047 0 7
5048 0 7
5049 0 7
5051 0 7
5062 0 6
5063 0 6
5064 0 6
5065 0 6
5099 0 6
5100 0 6
5101 0 6
5102 0 6
5139 0 7
5140 0 7
5141 0 7
5143 0 7
5154 0 6
5155 0 6
5156 0 6
5157 0 6
2532 0 8
2534 0 7
2537 0 8
2539 0 7
2595 0 7
2600 0 8
2601 0 7
2602 0 8
2604 0 7
2607 0 8
2609 0 7
2810 0 8
2812 0 7
2815 0 8
2817 0 7
2873 0 7
2878 0 8
2879 0 7
2880 0 8
2882 0 7
2885 0 8
2887 0 7
5001 0 7
5002 0 6
5004 0 7
5005 0 6
5050 0 6
5054 0 7
5055 0 6
5056 0 7
5057 0 6
5059 0 7
5060 0 6
5093 0 7
5094 0 6
5096 0 7
5097 0 6
5142 0 6
5146 0 7
5147 0 6
5148 0 7
5149 0 6
5151 0 7
5152 0 6
2721 0 9
2723 0 8
2733 0 8
2734 0 7
2765 0 8
2767 0 7
2774 0 7
2775 0 6
3283 0 10
3285 0 9
3295 0 9
3296 0 8
3342 0 9
3344 0 8
3351 0 8
3352 0 7
3506 0 9
3508 0 8
3518 0 8
3519 0 7
3550 0 8
3552 0 7
3559 0 7
3560 0 6
3561 0 10
3562 0 9
3570 0 9
3571 0 8
3607 0 9
3608 0 8
3614 0 8
3615 0 7
3794 0 9
3795 0 8
3803 0 8
3804 0 7
3830 0 8
3831 0 7
3837 0 7
3838 0 6
4293 0 10
4294 0 9
4302 0 9
4303 0 8
4339 0 9
4340 0 8
4346 0 8
4347 0 7
4526 0 9
4527 0 8
4535 0 8
4536 0 7
4562 0 8
4563 0 7
4569 0 7
4570 0 6
2726 0 7
2727 0 7
2731 0 7
2732 0 7
2770 0 6
2771 0 6
2772 0 6
2773 0 6
3288 0 8
3289 0 8
3293 0 8
3294 0 8
3347 0 7
3348 0 7
3349 0 7
3350 0 7
3511 0 7
3512 0 7
3516 0 7
3517 0 7
3555 0 6
3556 0 6
3557 0 6
3558 0 6
3564 0 8
3565 0 8
3568 0 8
3569 0 8
3610 0 7
3611 0 7
3612 0 7
3613 0 7
3797 0 7
3798 0 7
3801 0 7
3802 0 7
3833 0 6
3834 0 6
3835 0 6
3836 0 6
4296 0 8
4297 0 8
4300 0 8
4301 0 8
4342 0 7
4343 0 7
4344 0 7
4345 0 7
4529 0 7
4530 0 7
4533 0 7
4534 0 7
4565 0 6
4566 0 6
4567 0 6
4568 0 6
2728 0 7
2729 0 7
2740 0 7
2741 0 7
2742 0 7
2743 0 7
2745 0 7
2746 0 7
2747 0 7
2749 0 7
2755 0 7
2756 0 7
2757 0 7
2759 0 7
3290 0 8
3291 0 8
3302 0 8
3303 0 8
3304 0 8
3305 0 8
3307 0 8
3308 0 8
3309 0 8
3311 0 8
3332 0 8
3333 0 8
3334 0 8
3336 0 8
3513 0 7
3514 0 7
3525 0 7
3526 0 7
3527 0 7
3528 0 7
3530 0 7
3531 0 7
3532 0 7
3534 0 7
3540 0 7
3541 0 7
3542 0 7
3544 0 7
3566 0 8
3567 0 8
3575 0 8
3576 0 8
3577 0 8
3578 0 8
3579 0 8
3580 0 8
3581 0 8
3583 0 8
3598 0 8
3599 0 8
3600 0 8
3602 0 8
3799 0 7
3800 0 7
3808 0 7
3809 0 7
3810 0 7
3811 0 7
3812 0 7
3813 0 7
3814 0 7
3816 0 7
3821 0 7
3822 0 7
3823 0 7
3825 0 7
4298 0 8
4299 0 8
4307 0 8
4308 0 8
4309 0 8
4310 0 8
4311 0 8
4312 0 8
4313 0 8
4315 0 8
4330 0 8
4331 0 8
4332 0 8
4334 0 8
4531 0 7
4532 0 7
4540 0 7
4541 0 7
4542 0 7
4543 0 7
4544 0 7
4545 0 7
4546 0 7
4548 0 7
4553 0 7
4554 0 7
4555 0 7
4557 0 7
2748 0 6
2753 0 7
2754 0 6
2758 0 6
2763 0 7
2764 0 6
3310 0 7
3315 0 8
3316 0 7
3335 0 7
3340 0 8
3341 0 7
3533 0 6
3538 0 7
3539 0 6
3543 0 6
3548 0 7
3549 0 6
3582 0 7
3586 0 8
3587 0 7
3601 0 7
3605 0 8
3606 0 7
3815 0 6
3819 0 7
3820 0 6
3824 0 6
3828 0 7
3829 0 6
4314 0 7
4318 0 8
4319 0 7
4333 0 7
4337 0 8
4338 0 7
4547 0 6
4551 0 7
4552 0 6
4556 0 6
4560 0 7
4561 0 6
2617 0 8
2618 0 8
2619 0 8
2621 0 8
2643 0 7
2644 0 7
2645 0 7
2646 0 7
2669 0 8
2670 0 8
2671 0 8
2673 0 8
2695 0 7
2696 0 7
2697 0 7
2698 0 7
3327 0 7
3328 0 7
3329 0 7
3330 0 7
3377 0 8
3378 0 8
3379 0 8
3381 0 8
3397 0 7
3398 0 7
3399 0 7
3400 0 7
3402 0 8
3403 0 8
3404 0 8
3406 0 8
3428 0 7
3429 0 7
3430 0 7
3431 0 7
3454 0 8
3455 0 8
3456 0 8
3458 0 8
3480 0 7
3481 0 7
3482 0 7
3483 0 7
3594 0 7
3595 0 7
3596 0 7
3597 0 7
3634 0 8
3635 0 8
3636 0 8
3638 0 8
3649 0 7
3650 0 7
3651 0 7
3652 0 7
3653 0 8
3654 0 8
3655 0 8
3657 0 8
3674 0 7
3675 0 7
3676 0 7
3677 0 7
3751 0 8
3752 0 8
3753 0 8
3755 0 8
3772 0 7
3773 0 7
3774 0 7
3775 0 7
4326 0 7
4327 0 7
4328 0 7
4329 0 7
4366 0 8
4367 0 8
4368 0 8
4370 0 8
4381 0 7
4382 0 7
4383 0 7
4384 0 7
4385 0 8
4386 0 8
4387 0 8
4389 0 8
4406 0 7
4407 0 7
4408 0 7
4409 0 7
4483 0 8
4484 0 8
4485 0 8
4487 0 8
4504 0 7
4505 0 7
4506 0 7
4507 0 7
2620 0 7
2625 0 8
2626 0 7
2627 0 8
2629 0 7
2638 0 8
2640 0 7
2672 0 7
2677 0 8
2678 0 7
2679 0 8
2681 0 7
2690 0 8
2692 0 7
3317 0 8
3319 0 7
3322 0 8
3324 0 7
3380 0 7
3385 0 8
3386 0 7
3387 0 8
3389 0 7
3392 0 8
3394 0 7
3405 0 7
3410 0 8
3411 0 7
3412 0 8
3414 0 7
3423 0 8
3425 0 7
3457 0 7
3462 0 8
3463 0 7
3464 0 8
3466 0 7
3475 0 8
3477 0 7
3588 0 8
3589 0 7
3591 0 8
3592 0 7
3637 0 7
3641 0 8
3642 0 7
3643 0 8
3644 0 7
3646 0 8
3647 0 7
3656 0 7
3660 0 8
3661 0 7
3662 0 8
3663 0 7
3671 0 8
3672 0 7
3754 0 7
3758 0 8
3759 0 7
3760 0 8
3761 0 7
3769 0 8
3770 0 7
4320 0 8
4321 0 7
4323 0 8
4324 0 7
4369 0 7
4373 0 8
4374 0 7
4375 0 8
4376 0 7
4378 0 8
4379 0 7
4388 0 7
4392 0 8
4393 0 7
4394 0 8
4395 0 7
4403 0 8
4404 0 7
4486 0 7
4490 0 8
4491 0 7
4492 0 8
4493 0 7
4501 0 8
4502 0 7
2636 0 7
2637 0 6
2658 0 8
2660 0 7
2667 0 7
2668 0 6
2688 0 7
2689 0 6
2710 0 8
2712 0 7
2719 0 7
2720 0 6
3421 0 7
3422 0 6
3443 0 8
3445 0 7
3452 0 7
3453 0 6
3473 0 7
3474 0 6
3495 0 8
3497 0 7
3504 0 7
3505 0 6
3669 0 7
3670 0 6
3687 0 8
3688 0 7
3694 0 7
3695 0 6
3767 0 7
3768 0 6
3785 0 8
3786 0 7
3792 0 7
3793 0 6
4401 0 7
4402 0 6
4419 0 8
4420 0 7
4426 0 7
4427 0 6
4499 0 7
4500 0 6
4517 0 8
4518 0 7
4524 0 7
4525 0 6
2632 0 6
2633 0 6
2634 0 6
2635 0 6
2663 0 6
2664 0 6
2665 0 6
2666 0 6
2684 0 6
2685 0 6
2686 0 6
2687 0 6
2715 0 6
2716 0 6
2717 0 6
2718 0 6
3417 0 6
3418 0 6
3419 0 6
3420 0 6
3448 0 6
3449 0 6
3450 0 6
3451 0 6
3469 0 6
3470 0 6
3471 0 6
3472 0 6
3500 0 6
3501 0 6
3502 0 6
3503 0 6
3665 0 6
3666 0 6
3667 0 6
3668 0 6
3690 0 6
3691 0 6
3692 0 6
3693 0 6
3763 0 6
3764 0 6
3765 0 6
3766 0 6
3788 0 6
3789 0 6
3790 0 6
3791 0 6
4397 0 6
4398 0 6
4399 0 6
4400 0 6
4422 0 6
4423 0 6
4424 0 6
4425 0 6
4495 0 6
4496 0 6
4497 0 6
4498 0 6
4520 0 6
4521 0 6
4522 0 6
4523 0 6
3732 0 7
3733 0 7
3734 0 7
3736 0 7
3747 0 6
3748 0 6
3749 0 6
3750 0 6
3931 0 8
3932 0 8
3933 0 8
3935 0 8
3952 0 7
3953 0 7
3954 0 7
3955 0 7
4010 0 7
4011 0 7
4012 0 7
4014 0 7
4025 0 6
4026 0 6
4027 0 6
4028 0 6
4464 0 7
4465 0 7
4466 0 7
4468 0 7
4479 0 6
4480 0 6
4481 0 6
4482 0 6
4663 0 8
4664 0 8
4665 0 8
4667 0 8
4684 0 7
4685 0 7
4686 0 7
4687 0 7
4742 0 7
4743 0 7
4744 0 7
4746 0 7
4757 0 6
4758 0 6
4759 0 6
4760 0 6
3735 0 6
3739 0 7
3740 0 6
3741 0 7
3742 0 6
3744 0 7
3745 0 6
3934 0 7
3938 0 8
3939 0 7
3940 0 8
3941 0 7
3949 0 8
3950 0 7
4013 0 6
4017 0 7
4018 0 6
4019 0 7
4020 0 6
4022 0 7
4023 0 6
4467 0 6
4471 0 7
4472 0 6
4473 0 7
4474 0 6
4476 0 7
4477 0 6
4666 0 7
4670 0 8
4671 0 7
4672 0 8
4673 0 7
4681 0 8
4682 0 7
4745 0 6
4749 0 7
4750 0 6
4751 0 7
4752 0 6
4754 0 7
4755 0 6
3696 0 8
3697 0 7
3705 0 7
3706 0 6
3714 0 8
3715 0 7
3723 0 7
3724 0 6
3947 0 7
3948 0 6
3965 0 8
3966 0 7
3972 0 7
3973 0 6
3974 0 8
3975 0 7
3983 0 7
3984 0 6
3992 0 8
3993 0 7
4001 0 7
4002 0 6
4428 0 8
4429 0 7
4437 0 7
4438 0 6
4446 0 8
4447 0 7
4455 0 7
4456 0 6
4679 0 7
4680 0 6
4697 0 8
4698 0 7
4704 0 7
4705 0 6
4706 0 8
4707 0 7
4715 0 7
4716 0 6
4724 0 8
4725 0 7
4733 0 7
4734 0 6
3699 0 6
3700 0 6
3703 0 6
3704 0 6
3717 0 6
3718 0 6
3721 0 6
3722 0 6
3943 0 6
3944 0 6
3945 0 6
3946 0 6
3968 0 6
3969 0 6
3970 0 6
3971 0 6
3977 0 6
3978 0 6
3981 0 6
3982 0 6
3995 0 6
3996 0 6
3999 0 6
4000 0 6
4431 0 6
4432 0 6
4435 0 6
4436 0 6
4449 0 6
4450 0 6
4453 0 6
4454 0 6
4675 0 6
4676 0 6
4677 0 6
4678 0 6
4700 0 6
4701 0 6
4702 0 6
4703 0 6
4709 0 6
4710 0 6
4713 0 6
4714 0 6
4727 0 6
4728 0 6
4731 0 6
4732 0 6
3701 0 6
3702 0 6
3710 0 6
3711 0 6
3712 0 6
3713 0 6
3719 0 6
3720 0 6
3728 0 6
3729 0 6
3730 0 6
3731 0 6
3979 0 6
3980 0 6
3988 0 6
3989 0 6
3990 0 6
3991 0 6
3997 0 6
3998 0 6
4006 0 6
4007 0 6
4008 0 6
4009 0 6
4433 0 6
4434 0 6
4442 0 6
4443 0 6
4444 0 6
4445 0 6
4451 0 6
4452 0 6
4460 0 6
4461 0 6
4462 0 6
4463 0 6
4711 0 6
4712 0 6
4720 0 6
4721 0 6
4722 0 6
4723 0 6
4729 0 6
4730 0 6
4738 0 6
4739 0 6
4740 0 6
4741 0 6
0 0 10
1 0 10
8 0 9
9 0 9
43 0 9
44 0 9
50 0 8
51 0 8
220 0 9
221 0 9
228 0 8
229 0 8
254 0 8
255 0 8
261 0 7
262 0 7
1113 0 9
1114 0 9
1121 0 8
1122 0 8
1156 0 8
1157 0 8
1163 0 7
1164 0 7
1283 0 8
1284 0 8
1291 0 7
1292 0 7
1317 0 7
1318 0 7
1324 0 6
1325 0 6
4201 0 9
4205 0 8
4222 0 8
4224 0 7
4275 0 8
4279 0 7
4290 0 7
4292 0 6
6165 0 10
6174 0 9
6207 0 9
6213 0 8
6372 0 9
6381 0 8
6402 0 8
6408 0 7
6938 0 9
6947 0 8
6980 0 8
6986 0 7
7091 0 8
7100 0 7
7121 0 7
7127 0 6
2 0 10
3 0 10
6 0 10
45 0 9
46 0 9
48 0 9
222 0 9
223 0 9
226 0 9
256 0 8
257 0 8
259 0 8
1115 0 9
1116 0 9
1119 0 9
1158 0 8
1159 0 8
1161 0 8
1285 0 8
1286 0 8
1289 0 8
1319 0 7
1320 0 7
1322 0 7
6166 0 9
6168 0 9
6169 0 9
6173 0 9
6208 0 8
6210 0 8
6211 0 8
6212 0 8
6373 0 8
6375 0 8
6376 0 8
6380 0 8
6403 0 7
6405 0 7
6406 0 7
6407 0 7
6939 0 8
6941 0 8
6942 0 8
6946 0 8
6981 0 7
6983 0 7
6984 0 7
6985 0 7
7092 0 7
7094 0 7
7095 0 7
7099 0 7
7122 0 6
7124 0 6
7125 0 6
7126 0 6
5 0 9
13 0 10
15 0 9
16 0 10
20 0 9
34 0 10
38 0 9
225 0 8
233 0 9
235 0 8
236 0 9
240 0 8
245 0 9
249 0 8
1118 0 8
1126 0 9
1128 0 8
1129 0 9
1133 0 8
1147 0 9
1151 0 8
1288 0 7
1296 0 8
1298 0 7
1299 0 8
1303 0 7
1308 0 8
1312 0 7
6172 0 8
6179 0 9
6182 0 8
6183 0 9
6186 0 8
6201 0 9
6204 0 8
6379 0 7
6386 0 8
6389 0 7
6390 0 8
6393 0 7
6396 0 8
6399 0 7
6945 0 7
6952 0 8
6955 0 7
6956 0 8
6959 0 7
6974 0 8
6977 0 7
7098 0 6
7105 0 7
7108 0 6
7109 0 7
7112 0 6
7115 0 7
7118 0 6
4203 0 7
4204 0 7
4208 0 7
4209 0 7
4210 0 7
4211 0 7
4219 0 7
4220 0 7
4277 0 6
4278 0 6
4282 0 6
4283 0 6
4284 0 6
4285 0 6
4287 0 6
4288 0 6
6170 0 8
6171 0 8
6180 0 8
6181 0 8
6184 0 8
6185 0 8
6202 0 8
6203 0 8
6377 0 7
6378 0 7
6387 0 7
6388 0 7
6391 0 7
6392 0 7
6397 0 7
6398 0 7
6943 0 7
6944 0 7
6953 0 7
6954 0 7
6957 0 7
6958 0 7
6975 0 7
6976 0 7
7096 0 6
7097 0 6
7106 0 6
7107 0 6
7110 0 6
7111 0 6
7116 0 6
7117 0 6
18 0 8
19 0 8
23 0 8
24 0 8
36 0 8
37 0 8
41 0 8
42 0 8
238 0 7
239 0 7
243 0 7
244 0 7
247 0 7
248 0 7
252 0 7
253 0 7
1131 0 7
1132 0 7
1136 0 7
1137 0 7
1149 0 7
1150 0 7
1154 0 7
1155 0 7
1301 0 6
1302 0 6
1306 0 6
1307 0 6
1310 0 6
1311 0 6
1315 0 6
1316 0 6
4212 0 7
4221 0 7
4286 0 6
4289 0 6
6188 0 8
6206 0 8
6395 0 7
6401 0 7
6961 0 7
6979 0 7
7114 0 6
7120 0 6
31 0 9
33 0 8
68 0 10
72 0 9
83 0 9
85 0 8
86 0 10
90 0 9
107 0 9
109 0 8
178 0 10
182 0 9
199 0 9
201 0 8
1144 0 8
1146 0 7
1181 0 9
1185 0 8
1196 0 8
1198 0 7
1199 0 9
1203 0 8
1220 0 8
1222 0 7
1241 0 9
1245 0 8
1262 0 8
1264 0 7
6197 0 8
6200 0 7
6232 0 9
6235 0 8
6246 0 8
6249 0 7
6250 0 9
6253 0 8
6267 0 8
6270 0 7
6338 0 9
6341 0 8
6355 0 8
6358 0 7
6970 0 7
6973 0 6
7005 0 8
7008 0 7
7019 0 7
7022 0 6
7023 0 8
7026 0 7
7040 0 7
7043 0 6
7057 0 8
7060 0 7
7074 0 7
7077 0 6
4217 0 6
4218 0 6
4234 0 7
4235 0 7
4241 0 6
4242 0 6
4243 0 7
4244 0 7
4251 0 6
4252 0 6
4259 0 7
4260 0 7
4267 0 6
4268 0 6
6198 0 7
6199 0 7
6233 0 8
6234 0 8
6247 0 7
6248 0 7
6251 0 8
6252 0 8
6268 0 7
6269 0 7
6339 0 8
6340 0 8
6356 0 7
6357 0 7
6971 0 6
6972 0 6
7006 0 7
7007 0 7
7020 0 6
7021 0 6
7024 0 7
7025 0 7
7041 0 6
7042 0 6
7058 0 7
7059 0 7
7075 0 6
7076 0 6
25 0 8
26 0 8
28 0 8
29 0 8
70 0 8
71 0 8
75 0 8
76 0 8
77 0 8
78 0 8
80 0 8
81 0 8
88 0 8
89 0 8
93 0 8
94 0 8
95 0 8
96 0 8
104 0 8
105 0 8
180 0 8
181 0 8
185 0 8
186 0 8
187 0 8
188 0 8
196 0 8
197 0 8
1138 0 7
1139 0 7
1141 0 7
1142 0 7
1183 0 7
1184 0 7
1188 0 7
1189 0 7
1190 0 7
1191 0 7
1193 0 7
1194 0 7
1201 0 7
1202 0 7
1206 0 7
1207 0 7
1208 0 7
1209 0 7
1217 0 7
1218 0 7
1243 0 7
1244 0 7
1248 0 7
1249 0 7
1250 0 7
1251 0 7
1259 0 7
1260 0 7
4213 0 7
4215 0 7
4236 0 7
4237 0 7
4239 0 7
4245 0 7
4246 0 7
4249 0 7
4261 0 7
4262 0 7
4265 0 7
6189 0 8
6193 0 8
6237 0 8
6238 0 8
6242 0 8
6255 0 8
6256 0 8
6263 0 8
6343 0 8
6344 0 8
6351 0 8
6962 0 7
6966 0 7
7010 0 7
7011 0 7
7015 0 7
7028 0 7
7029 0 7
7036 0 7
7062 0 7
7063 0 7
7070 0 7
27 0 8
30 0 8
79 0 8
82 0 8
97 0 8
106 0 8
189 0 8
198 0 8
1140 0 7
1143 0 7
1192 0 7
1195 0 7
1210 0 7
1219 0 7
1252 0 7
1261 0 7
6190 0 7
6192 0 7
6194 0 7
6196 0 7
6239 0 7
6241 0 7
6243 0 7
6245 0 7
6257 0 7
6259 0 7
6264 0 7
6266 0 7
6345 0 7
6347 0 7
6352 0 7
6354 0 7
6963 0 6
6965 0 6
6967 0 6
6969 0 6
7012 0 6
7014 0 6
7016 0 6
7018 0 6
7030 0 6
7032 0 6
7037 0 6
7039 0 6
7064 0 6
7066 0 6
7071 0 6
7073 0 6
102 0 7
103 0 7
119 0 8
120 0 8
126 0 7
127 0 7
194 0 7
195 0 7
211 0 8
212 0 8
218 0 7
219 0 7
1215 0 6
1216 0 6
1232 0 7
1233 0 7
1239 0 6
1240 0 6
1257 0 6
1258 0 6
1274 0 7
1275 0 7
1281 0 6
1282 0 6
4248 0 6
4256 0 7
4258 0 6
4264 0 6
4272 0 7
4274 0 6
6262 0 7
6277 0 8
6283 0 7
6350 0 7
6365 0 8
6371 0 7
7035 0 6
7050 0 7
7056 0 6
7069 0 6
7084 0 7
7090 0 6
98 0 8
100 0 8
121 0 8
122 0 8
124 0 8
190 0 8
192 0 8
213 0 8
214 0 8
216 0 8
1211 0 7
1213 0 7
1234 0 7
1235 0 7
1237 0 7
1253 0 7
1255 0 7
1276 0 7
1277 0 7
1279 0 7
6260 0 7
6261 0 7
6278 0 7
6280 0 7
6281 0 7
6282 0 7
6348 0 7
6349 0 7
6366 0 7
6368 0 7
6369 0 7
6370 0 7
7033 0 6
7034 0 6
7051 0 6
7053 0 6
7054 0 6
7055 0 6
7067 0 6
7068 0 6
7085 0 6
7087 0 6
7088 0 6
7089 0 6
160 0 9
164 0 8
175 0 8
177 0 7
349 0 10
353 0 9
370 0 9
372 0 8
423 0 9
427 0 8
438 0 8
440 0 7
441 0 10
445 0 9
462 0 9
464 0 8
542 0 9
546 0 8
557 0 8
559 0 7
909 0 10
913 0 9
930 0 9
932 0 8
1010 0 9
1014 0 8
1025 0 8
1027 0 7
6320 0 8
6323 0 7
6334 0 7
6337 0 6
6494 0 9
6497 0 8
6511 0 8
6514 0 7
6564 0 8
6567 0 7
6578 0 7
6581 0 6
6582 0 9
6585 0 8
6599 0 8
6602 0 7
6671 0 8
6674 0 7
6685 0 7
6688 0 6
6760 0 9
6763 0 8
6777 0 8
6780 0 7
6849 0 8
6852 0 7
6863 0 7
6866 0 6
4029 0 8
4030 0 8
4037 0 7
4038 0 7
4072 0 7
4073 0 7
4079 0 6
4080 0 6
4115 0 8
4116 0 8
4123 0 7
4124 0 7
4158 0 7
4159 0 7
4165 0 6
4166 0 6
6321 0 7
6322 0 7
6335 0 6
6336 0 6
6495 0 8
6496 0 8
6512 0 7
6513 0 7
6565 0 7
6566 0 7
6579 0 6
6580 0 6
6583 0 8
6584 0 8
6600 0 7
6601 0 7
6672 0 7
6673 0 7
6686 0 6
6687 0 6
6761 0 8
6762 0 8
6778 0 7
6779 0 7
6850 0 7
6851 0 7
6864 0 6
6865 0 6
162 0 7
163 0 7
167 0 7
168 0 7
169 0 7
170 0 7
172 0 7
173 0 7
351 0 8
352 0 8
356 0 8
357 0 8
358 0 8
359 0 8
367 0 8
368 0 8
425 0 7
426 0 7
430 0 7
431 0 7
432 0 7
433 0 7
435 0 7
436 0 7
443 0 8
444 0 8
448 0 8
449 0 8
450 0 8
451 0 8
459 0 8
460 0 8
544 0 7
545 0 7
549 0 7
550 0 7
551 0 7
552 0 7
554 0 7
555 0 7
911 0 8
912 0 8
916 0 8
917 0 8
918 0 8
919 0 8
927 0 8
928 0 8
1012 0 7
1013 0 7
1017 0 7
1018 0 7
1019 0 7
1020 0 7
1022 0 7
1023 0 7
4031 0 8
4032 0 8
4035 0 8
4074 0 7
4075 0 7
4077 0 7
4117 0 8
4118 0 8
4121 0 8
4160 0 7
4161 0 7
4163 0 7
6325 0 7
6326 0 7
6330 0 7
6499 0 8
6500 0 8
6507 0 8
6569 0 7
6570 0 7
6574 0 7
6587 0 8
6588 0 8
6595 0 8
6676 0 7
6677 0 7
6681 0 7
6765 0 8
6766 0 8
6773 0 8
6854 0 7
6855 0 7
6859 0 7
171 0 7
174 0 7
360 0 8
369 0 8
434 0 7
437 0 7
452 0 8
461 0 8
553 0 7
556 0 7
920 0 8
929 0 8
1021 0 7
1024 0 7
6327 0 6
6329 0 6
6331 0 6
6333 0 6
6501 0 7
6503 0 7
6508 0 7
6510 0 7
6571 0 6
6573 0 6
6575 0 6
6577 0 6
6589 0 7
6591 0 7
6596 0 7
6598 0 7
6678 0 6
6680 0 6
6682 0 6
6684 0 6
6767 0 7
6769 0 7
6774 0 7
6776 0 7
6856 0 6
6858 0 6
6860 0 6
6862 0 6
128 0 8
129 0 8
136 0 7
137 0 7
144 0 8
145 0 8
152 0 7
153 0 7
365 0 7
366 0 7
382 0 8
383 0 8
389 0 7
390 0 7
391 0 8
392 0 8
399 0 7
400 0 7
407 0 8
408 0 8
415 0 7
416 0 7
457 0 7
458 0 7
474 0 8
475 0 8
481 0 7
482 0 7
483 0 8
484 0 8
491 0 7
492 0 7
526 0 8
527 0 8
534 0 7
535 0 7
925 0 7
926 0 7
942 0 8
943 0 8
949 0 7
950 0 7
951 0 8
952 0 8
959 0 7
960 0 7
994 0 8
995 0 8
1002 0 7
1003 0 7
4034 0 7
4042 0 8
4044 0 7
4045 0 8
4049 0 7
4063 0 8
4067 0 7
4120 0 7
4128 0 8
4130 0 7
4131 0 8
4135 0 7
4149 0 8
4153 0 7
6284 0 8
6293 0 7
6302 0 8
6311 0 7
6506 0 7
6521 0 8
6527 0 7
6528 0 8
6537 0 7
6546 0 8
6555 0 7
6594 0 7
6609 0 8
6615 0 7
6616 0 8
6625 0 7
6653 0 8
6662 0 7
6772 0 7
6787 0 8
6793 0 7
6794 0 8
6803 0 7
6831 0 8
6840 0 7
130 0 8
131 0 8
134 0 8
146 0 8
147 0 8
150 0 8
361 0 8
363 0 8
384 0 8
385 0 8
387 0 8
393 0 8
394 0 8
397 0 8
409 0 8
410 0 8
413 0 8
453 0 8
455 0 8
476 0 8
477 0 8
479 0 8
485 0 8
486 0 8
489 0 8
528 0 8
529 0 8
532 0 8
921 0 8
923 0 8
944 0 8
945 0 8
947 0 8
953 0 8
954 0 8
957 0 8
996 0 8
997 0 8
1000 0 8
6285 0 7
6287 0 7
6288 0 7
6292 0 7
6303 0 7
6305 0 7
6306 0 7
6310 0 7
6504 0 7
6505 0 7
6522 0 7
6524 0 7
6525 0 7
6526 0 7
6529 0 7
6531 0 7
6532 0 7
6536 0 7
6547 0 7
6549 0 7
6550 0 7
6554 0 7
6592 0 7
6593 0 7
6610 0 7
6612 0 7
6613 0 7
6614 0 7
6617 0 7
6619 0 7
6620 0 7
6624 0 7
6654 0 7
6656 0 7
6657 0 7
6661 0 7
6770 0 7
6771 0 7
6788 0 7
6790 0 7
6791 0 7
6792 0 7
6795 0 7
6797 0 7
6798 0 7
6802 0 7
6832 0 7
6834 0 7
6835 0 7
6839 0 7
133 0 7
141 0 8
143 0 7
149 0 7
157 0 8
159 0 7
396 0 7
404 0 8
406 0 7
412 0 7
420 0 8
422 0 7
488 0 7
496 0 8
498 0 7
531 0 7
539 0 8
541 0 7
956 0 7
964 0 8
966 0 7
999 0 7
1007 0 8
1009 0 7
6291 0 6
6298 0 7
6301 0 6
6309 0 6
6316 0 7
6319 0 6
6535 0 6
6542 0 7
6545 0 6
6553 0 6
6560 0 7
6563 0 6
6623 0 6
6630 0 7
6633 0 6
6660 0 6
6667 0 7
6670 0 6
6801 0 6
6808 0 7
6811 0 6
6838 0 6
6845 0 7
6848 0 6
4047 0 6
4048 0 6
4052 0 6
4053 0 6
4065 0 6
4066 0 6
4070 0 6
4071 0 6
4133 0 6
4134 0 6
4138 0 6
4139 0 6
4151 0 6
4152 0 6
4156 0 6
4157 0 6
6289 0 6
6290 0 6
6299 0 6
6300 0 6
6307 0 6
6308 0 6
6317 0 6
6318 0 6
6533 0 6
6534 0 6
6543 0 6
6544 0 6
6551 0 6
6552 0 6
6561 0 6
6562 0 6
6621 0 6
6622 0 6
6631 0 6
6632 0 6
6658 0 6
6659 0 6
6668 0 6
6669 0 6
6799 0 6
6800 0 6
6809 0 6
6810 0 6
6836 0 6
6837 0 6
6846 0 6
6847 0 6
517 0 7
518 0 7
524 0 6
525 0 6
602 0 8
603 0 8
610 0 7
611 0 7
636 0 7
637 0 7
643 0 6
644 0 6
985 0 7
986 0 7
992 0 6
993 0 6
1070 0 8
1071 0 8
1078 0 7
1079 0 7
1104 0 7
1105 0 7
1111 0 6
1112 0 6
4060 0 7
4062 0 6
4097 0 8
4101 0 7
4112 0 7
4114 0 6
4146 0 7
4148 0 6
4183 0 8
4187 0 7
4198 0 7
4200 0 6
6646 0 7
6652 0 6
6723 0 8
6732 0 7
6753 0 7
6759 0 6
6824 0 7
6830 0 6
6901 0 8
6910 0 7
6931 0 7
6937 0 6
519 0 7
520 0 7
522 0 7
604 0 8
605 0 8
608 0 8
638 0 7
639 0 7
641 0 7
987 0 7
988 0 7
990 0 7
1072 0 8
1073 0 8
1076 0 8
1106 0 7
1107 0 7
1109 0 7
6647 0 6
6649 0 6
6650 0 6
6651 0 6
6724 0 7
6726 0 7
6727 0 7
6731 0 7
6754 0 6
6756 0 6
6757 0 6
6758 0 6
6825 0 6
6827 0 6
6828 0 6
6829 0 6
6902 0 7
6904 0 7
6905 0 7
6909 0 7
6932 0 6
6934 0 6
6935 0 6
6936 0 6
499 0 8
503 0 7
508 0 8
512 0 7
607 0 7
615 0 8
617 0 7
618 0 8
622 0 7
627 0 8
631 0 7
967 0 8
971 0 7
976 0 8
980 0 7
1075 0 7
1083 0 8
1085 0 7
1086 0 8
1090 0 7
1095 0 8
1099 0 7
6634 0 7
6637 0 6
6640 0 7
6643 0 6
6730 0 6
6737 0 7
6740 0 6
6741 0 7
6744 0 6
6747 0 7
6750 0 6
6812 0 7
6815 0 6
6818 0 7
6821 0 6
6908 0 6
6915 0 7
6918 0 6
6919 0 7
6922 0 6
6925 0 7
6928 0 6
4054 0 6
4055 0 6
4057 0 6
4058 0 6
4099 0 6
4100 0 6
4104 0 6
4105 0 6
4106 0 6
4107 0 6
4109 0 6
4110 0 6
4140 0 6
4141 0 6
4143 0 6
4144 0 6
4185 0 6
4186 0 6
4190 0 6
4191 0 6
4192 0 6
4193 0 6
4195 0 6
4196 0 6
6635 0 6
6636 0 6
6641 0 6
6642 0 6
6728 0 6
6729 0 6
6738 0 6
6739 0 6
6742 0 6
6743 0 6
6748 0 6
6749 0 6
6813 0 6
6814 0 6
6819 0 6
6820 0 6
6906 0 6
6907 0 6
6916 0 6
6917 0 6
6920 0 6
6921 0 6
6926 0 6
6927 0 6
501 0 6
502 0 6
506 0 6
507 0 6
510 0 6
511 0 6
515 0 6
516 0 6
620 0 6
621 0 6
625 0 6
626 0 6
629 0 6
630 0 6
634 0 6
635 0 6
969 0 6
970 0 6
974 0 6
975 0 6
978 0 6
979 0 6
983 0 6
984 0 6
1088 0 6
1089 0 6
1093 0 6
1094 0 6
1097 0 6
1098 0 6
1102 0 6
1103 0 6
4056 0 6
4059 0 6
4108 0 6
4111 0 6
4142 0 6
4145 0 6
4194 0 6
4197 0 6
6639 0 6
6645 0 6
6746 0 6
6752 0 6
6817 0 6
6823 0 6
6924 0 6
6930 0 6
817 0 9
821 0 8
838 0 8
840 0 7
891 0 8
895 0 7
906 0 7
908 0 6
1767 0 10
1771 0 9
1788 0 9
1790 0 8
1868 0 9
1872 0 8
1883 0 8
1885 0 7
2143 0 9
2147 0 8
2164 0 8
2166 0 7
2217 0 8
2221 0 7
2232 0 7
2234 0 6
2240 0 9
2265 0 8
2371 0 8
2390 0 7
2900 0 8
2925 0 7
3000 0 7
3019 0 6
5256 0 10
5259 0 9
5273 0 9
5276 0 8
5345 0 9
5348 0 8
5359 0 8
5362 0 7
5709 0 9
5712 0 8
5726 0 8
5729 0 7
5779 0 8
5782 0 7
5793 0 7
5796 0 6
826 0 7
828 0 7
835 0 7
837 0 7
900 0 6
902 0 6
903 0 6
905 0 6
1776 0 8
1778 0 8
1785 0 8
1787 0 8
1877 0 7
1879 0 7
1880 0 7
1882 0 7
2152 0 7
2154 0 7
2161 0 7
2163 0 7
2226 0 6
2228 0 6
2229 0 6
2231 0 6
2246 0 8
2249 0 8
2257 0 8
2260 0 8
2377 0 7
2380 0 7
2382 0 7
2385 0 7
2906 0 7
2909 0 7
2917 0 7
2920 0 7
3006 0 6
3009 0 6
3011 0 6
3014 0 6
5263 0 8
5265 0 8
5270 0 8
5272 0 8
5352 0 7
5354 0 7
5356 0 7
5358 0 7
5716 0 7
5718 0 7
5723 0 7
5725 0 7
5786 0 6
5788 0 6
5790 0 6
5792 0 6
829 0 7
831 0 7
850 0 7
852 0 7
853 0 7
855 0 7
859 0 7
861 0 7
862 0 7
865 0 7
875 0 7
877 0 7
878 0 7
881 0 7
1779 0 8
1781 0 8
1800 0 8
1802 0 8
1803 0 8
1805 0 8
1809 0 8
1811 0 8
1812 0 8
1815 0 8
1852 0 8
1854 0 8
1855 0 8
1858 0 8
2155 0 7
2157 0 7
2176 0 7
2178 0 7
2179 0 7
2181 0 7
2185 0 7
2187 0 7
2188 0 7
2191 0 7
2201 0 7
2203 0 7
2204 0 7
2207 0 7
2277 0 8
2280 0 8
2288 0 8
2291 0 8
2343 0 8
2346 0 8
2937 0 7
2940 0 7
2948 0 7
2951 0 7
2972 0 7
2975 0 7
5266 0 8
5267 0 8
5284 0 8
5286 0 8
5287 0 8
5288 0 8
5291 0 8
5293 0 8
5294 0 8
5298 0 8
5328 0 8
5330 0 8
5331 0 8
5335 0 8
5719 0 7
5720 0 7
5737 0 7
5739 0 7
5740 0 7
5741 0 7
5744 0 7
5746 0 7
5747 0 7
5751 0 7
5762 0 7
5764 0 7
5765 0 7
5769 0 7
864 0 6
872 0 7
874 0 6
880 0 6
888 0 7
890 0 6
1814 0 7
1822 0 8
1824 0 7
1857 0 7
1865 0 8
1867 0 7
2190 0 6
2198 0 7
2200 0 6
2206 0 6
2214 0 7
2216 0 6
2296 0 7
2310 0 7
2351 0 7
2365 0 7
2956 0 6
2970 0 6
2980 0 6
2994 0 6
5297 0 7
5304 0 8
5307 0 7
5334 0 7
5341 0 8
5344 0 7
5750 0 6
5757 0 7
5760 0 6
5768 0 6
5775 0 7
5778 0 6
645 0 8
647 0 8
648 0 8
651 0 8
688 0 7
690 0 7
691 0 7
693 0 7
731 0 8
733 0 8
734 0 8
737 0 8
774 0 7
776 0 7
777 0 7
779 0 7
1843 0 7
1845 0 7
1846 0 7
1848 0 7
1928 0 8
1930 0 8
1931 0 8
1934 0 8
1962 0 7
1964 0 7
1965 0 7
1967 0 7
1971 0 8
1973 0 8
1974 0 8
1977 0 8
2014 0 7
2016 0 7
2017 0 7
2019 0 7
2057 0 8
2059 0 8
2060 0 8
2063 0 8
2100 0 7
2102 0 7
2103 0 7
2105 0 7
2332 0 7
2335 0 7
2444 0 8
2447 0 8
2488 0 7
2491 0 7
2499 0 8
2502 0 8
2558 0 7
2561 0 7
2777 0 8
2780 0 8
2836 0 7
2839 0 7
5321 0 7
5323 0 7
5324 0 7
5325 0 7
5398 0 8
5400 0 8
5401 0 8
5405 0 8
5428 0 7
5430 0 7
5431 0 7
5432 0 7
5435 0 8
5437 0 8
5438 0 8
5442 0 8
5477 0 7
5479 0 7
5480 0 7
5481 0 7
5625 0 8
5627 0 8
5628 0 8
5632 0 8
5667 0 7
5669 0 7
5670 0 7
5671 0 7
650 0 7
658 0 8
660 0 7
661 0 8
665 0 7
679 0 8
683 0 7
736 0 7
744 0 8
746 0 7
747 0 8
751 0 7
765 0 8
769 0 7
1825 0 8
1829 0 7
1834 0 8
1838 0 7
1933 0 7
1941 0 8
1943 0 7
1944 0 8
1948 0 7
1953 0 8
1957 0 7
1976 0 7
1984 0 8
1986 0 7
1987 0 8
1991 0 7
2005 0 8
2009 0 7
2062 0 7
2070 0 8
2072 0 7
2073 0 8
2077 0 7
2091 0 8
2095 0 7
2316 0 7
2326 0 7
2452 0 7
2466 0 7
2472 0 7
2482 0 7
2507 0 7
2521 0 7
2527 0 7
2552 0 7
2785 0 7
2799 0 7
2805 0 7
2830 0 7
5308 0 8
5311 0 7
5314 0 8
5317 0 7
5404 0 7
5411 0 8
5414 0 7
5415 0 8
5418 0 7
5421 0 8
5424 0 7
5441 0 7
5448 0 8
5451 0 7
5452 0 8
5455 0 7
5470 0 8
5473 0 7
5631 0 7
5638 0 8
5641 0 7
5642 0 8
5645 0 7
5660 0 8
5663 0 7
676 0 7
678 0 6
713 0 8
717 0 7
728 0 7
730 0 6
762 0 7
764 0 6
799 0 8
803 0 7
814 0 7
816 0 6
2002 0 7
2004 0 6
2039 0 8
2043 0 7
2054 0 7
2056 0 6
2088 0 7
2090 0 6
2125 0 8
2129 0 7
2140 0 7
2142 0 6
2546 0 6
2597 0 7
2616 0 6
2824 0 6
2875 0 7
2894 0 6
5466 0 7
5469 0 6
5501 0 8
5504 0 7
5515 0 7
5518 0 6
5656 0 7
5659 0 6
5691 0 8
5694 0 7
5705 0 7
5708 0 6
670 0 6
672 0 6
673 0 6
675 0 6
722 0 6
724 0 6
725 0 6
727 0 6
756 0 6
758 0 6
759 0 6
761 0 6
808 0 6
810 0 6
811 0 6
813 0 6
1996 0 6
1998 0 6
1999 0 6
2001 0 6
2048 0 6
2050 0 6
2051 0 6
2053 0 6
2082 0 6
2084 0 6
2085 0 6
2087 0 6
2134 0 6
2136 0 6
2137 0 6
2139 0 6
2533 0 6
2536 0 6
2538 0 6
2541 0 6
2603 0 6
2606 0 6
2608 0 6
2611 0 6
2811 0 6
2814 0 6
2816 0 6
2819 0 6
2881 0 6
2884 0 6
2886 0 6
2889 0 6
5459 0 6
5461 0 6
5463 0 6
5465 0 6
5508 0 6
5510 0 6
5512 0 6
5514 0 6
5649 0 6
5651 0 6
5653 0 6
5655 0 6
5698 0 6
5700 0 6
5702 0 6
5704 0 6
2722 0 7
2725 0 7
2766 0 6
2769 0 6
3284 0 8
3287 0 8
3343 0 7
3346 0 7
3507 0 7
3510 0 7
3551 0 6
3554 0 6
5588 0 7
5590 0 7
5591 0 7
5595 0 7
5618 0 6
5620 0 6
5621 0 6
5622 0 6
5976 0 8
5978 0 8
5979 0 8
5983 0 8
6018 0 7
6020 0 7
6021 0 7
6022 0 7
6129 0 7
6131 0 7
6132 0 7
6136 0 7
6159 0 6
6161 0 6
6162 0 6
6163 0 6
2730 0 6
2744 0 6
2750 0 6
2760 0 6
3292 0 7
3306 0 7
3312 0 7
3337 0 7
3515 0 6
3529 0 6
3535 0 6
3545 0 6
5594 0 6
5601 0 7
5604 0 6
5605 0 7
5608 0 6
5611 0 7
5614 0 6
5982 0 7
5989 0 8
5992 0 7
5993 0 8
5996 0 7
6011 0 8
6014 0 7
6135 0 6
6142 0 7
6145 0 6
6146 0 7
6149 0 6
6152 0 7
6155 0 6
2622 0 7
2647 0 6
2674 0 7
2699 0 6
3331 0 6
3382 0 7
3401 0 6
3407 0 7
3432 0 6
3459 0 7
3484 0 6
5519 0 8
5522 0 7
5536 0 7
5539 0 6
5553 0 8
5556 0 7
5570 0 7
5573 0 6
6007 0 7
6010 0 6
6042 0 8
6045 0 7
6056 0 7
6059 0 6
6060 0 8
6063 0 7
6077 0 7
6080 0 6
6094 0 8
6097 0 7
6111 0 7
6114 0 6
2628 0 6
2631 0 6
2639 0 6
2642 0 6
2680 0 6
2683 0 6
2691 0 6
2694 0 6
3318 0 6
3321 0 6
3323 0 6
3326 0 6
3388 0 6
3391 0 6
3393 0 6
3396 0 6
3413 0 6
3416 0 6
3424 0 6
3427 0 6
3465 0 6
3468 0 6
3476 0 6
3479 0 6
5526 0 6
5528 0 6
5533 0 6
5535 0 6
5560 0 6
5562 0 6
5567 0 6
5569 0 6
6000 0 6
6002 0 6
6004 0 6
6006 0 6
6049 0 6
6051 0 6
6053 0 6
6055 0 6
6067 0 6
6069 0 6
6074 0 6
6076 0 6
6101 0 6
6103 0 6
6108 0 6
6110 0 6
2659 0 6
2662 0 6
2711 0 6
2714 0 6
3444 0 6
3447 0 6
3496 0 6
3499 0 6
5529 0 6
5530 0 6
5547 0 6
5549 0 6
5550 0 6
5551 0 6
5563 0 6
5564 0 6
5581 0 6
5583 0 6
5584 0 6
5585 0 6
6070 0 6
6071 0 6
6088 0 6
6090 0 6
6091 0 6
6092 0 6
6104 0 6
6105 0 6
6122 0 6
6124 0 6
6125 0 6
6126 0 6
819 0 7
820 0 7
824 0 7
825 0 7
827 0 7
836 0 7
893 0 6
894 0 6
898 0 6
899 0 6
901 0 6
904 0 6
1769 0 8
1770 0 8
1774 0 8
1775 0 8
1777 0 8
1786 0 8
1870 0 7
1871 0 7
1875 0 7
1876 0 7
1878 0 7
1881 0 7
2145 0 7
2146 0 7
2150 0 7
2151 0 7
2153 0 7
2162 0 7
2219 0 6
2220 0 6
2224 0 6
2225 0 6
2227 0 6
2230 0 6
833 0 6
834 0 6
851 0 7
857 0 6
858 0 6
860 0 7
867 0 6
868 0 6
876 0 7
883 0 6
884 0 6
1783 0 7
1784 0 7
1801 0 8
1807 0 7
1808 0 7
1810 0 8
1817 0 7
1818 0 7
1853 0 8
1860 0 7
1861 0 7
2159 0 6
2160 0 6
2177 0 7
2183 0 6
2184 0 6
2186 0 7
2193 0 6
2194 0 6
2202 0 7
2209 0 6
2210 0 6
646 0 8
653 0 7
654 0 7
689 0 7
695 0 6
696 0 6
732 0 8
739 0 7
740 0 7
775 0 7
781 0 6
782 0 6
1844 0 7
1850 0 6
1851 0 6
1929 0 8
1936 0 7
1937 0 7
1963 0 7
1969 0 6
1970 0 6
1972 0 8
1979 0 7
1980 0 7
2015 0 7
2021 0 6
2022 0 6
2058 0 8
2065 0 7
2066 0 7
2101 0 7
2107 0 6
2108 0 6
663 0 6
664 0 6
668 0 6
669 0 6
681 0 6
682 0 6
686 0 6
687 0 6
749 0 6
750 0 6
754 0 6
755 0 6
767 0 6
768 0 6
772 0 6
773 0 6
1827 0 6
1828 0 6
1832 0 6
1833 0 6
1836 0 6
1837 0 6
1841 0 6
1842 0 6
1946 0 6
1947 0 6
1951 0 6
1952 0 6
1955 0 6
1956 0 6
1960 0 6
1961 0 6
1989 0 6
1990 0 6
1994 0 6
1995 0 6
2007 0 6
2008 0 6
2012 0 6
2013 0 6
2075 0 6
2076 0 6
2080 0 6
2081 0 6
2093 0 6
2094 0 6
2098 0 6
2099 0 6
671 0 6
674 0 6
715 0 6
716 0 6
720 0 6
721 0 6
723 0 6
726 0 6
757 0 6
760 0 6
801 0 6
802 0 6
806 0 6
807 0 6
809 0 6
812 0 6
1997 0 6
2000 0 6
2041 0 6
2042 0 6
2046 0 6
2047 0 6
2049 0 6
2052 0 6
2083 0 6
2086 0 6
2127 0 6
2128 0 6
2132 0 6
2133 0 6
2135 0 6
2138 0 6
