0 0 35
1 0 35
2 0 35
3 0 35
4 0 35
5 0 34
6 0 35
7 0 35
8 0 34
9 0 34
10 0 35
11 0 35
12 0 35
13 0 35
14 0 35
15 0 34
16 0 35
17 0 35
18 0 34
19 0 34
20 0 34
21 0 35
22 0 35
23 0 34
24 0 34
25 0 34
26 0 34
27 0 34
28 0 34
29 0 34
30 0 34
31 0 34
32 0 34
33 0 34
34 0 35
35 0 35
36 0 34
37 0 34
38 0 34
39 0 35
40 0 35
41 0 34
42 0 34
43 0 34
44 0 34
45 0 34
46 0 34
47 0 34
48 0 34
49 0 34
50 0 34
51 0 34
52 0 35
53 0 35
54 0 35
55 0 35
56 0 35
57 0 34
58 0 35
59 0 35
60 0 34
61 0 34
62 0 35
63 0 35
64 0 35
65 0 35
66 0 35
67 0 34
68 0 35
69 0 35
70 0 34
71 0 34
72 0 34
73 0 35
74 0 35
75 0 34
76 0 34
77 0 34
78 0 34
79 0 34
80 0 34
81 0 34
82 0 34
83 0 34
84 0 34
85 0 34
86 0 35
87 0 35
88 0 34
89 0 34
90 0 34
91 0 35
92 0 35
93 0 34
94 0 34
95 0 35
96 0 35
97 0 35
98 0 34
99 0 34
100 0 34
101 0 34
102 0 34
103 0 34
104 0 35
105 0 35
106 0 35
107 0 34
108 0 34
109 0 33
110 0 35
111 0 35
112 0 34
113 0 34
114 0 34
115 0 35
116 0 35
117 0 34
118 0 34
119 0 35
120 0 35
121 0 35
122 0 34
123 0 34
124 0 34
125 0 34
126 0 34
127 0 34
128 0 34
129 0 34
130 0 34
131 0 34
132 0 34
133 0 33
134 0 34
135 0 34
136 0 33
137 0 33
138 0 34
139 0 34
140 0 34
141 0 34
142 0 34
143 0 33
144 0 34
145 0 34
146 0 34
147 0 34
148 0 34
149 0 33
150 0 34
151 0 34
152 0 33
153 0 33
154 0 34
155 0 34
156 0 34
157 0 34
158 0 34
159 0 33
160 0 34
161 0 34
162 0 33
163 0 33
164 0 33
165 0 34
166 0 34
167 0 33
168 0 33
169 0 34
170 0 34
171 0 34
172 0 34
173 0 34
174 0 34
175 0 34
176 0 34
177 0 33
178 0 35
179 0 35
180 0 34
181 0 34
182 0 34
183 0 35
184 0 35
185 0 34
186 0 34
187 0 35
188 0 35
189 0 35
190 0 34
191 0 34
192 0 34
193 0 34
194 0 34
195 0 34
196 0 35
197 0 35
198 0 35
199 0 34
200 0 34
201 0 33
202 0 35
203 0 35
204 0 34
205 0 34
206 0 34
207 0 35
208 0 35
209 0 34
210 0 34
211 0 35
212 0 35
213 0 35
214 0 34
215 0 34
216 0 34
217 0 34
218 0 34
219 0 34
220 0 34
221 0 34
222 0 34
223 0 34
224 0 34
225 0 33
226 0 34
227 0 34
228 0 33
229 0 33
230 0 34
231 0 34
232 0 34
233 0 34
234 0 34
235 0 33
236 0 34
237 0 34
238 0 33
239 0 33
240 0 33
241 0 34
242 0 34
243 0 33
244 0 33
245 0 34
246 0 34
247 0 33
248 0 33
249 0 33
250 0 34
251 0 34
252 0 33
253 0 33
254 0 33
255 0 33
256 0 33
257 0 34
258 0 34
259 0 34
260 0 34
261 0 33
262 0 33
263 0 35
264 0 35
265 0 35
266 0 35
267 0 35
268 0 34
269 0 35
270 0 35
271 0 34
272 0 34
273 0 35
274 0 35
275 0 35
276 0 35
277 0 35
278 0 34
279 0 35
280 0 35
281 0 34
282 0 34
283 0 34
284 0 35
285 0 35
286 0 34
287 0 34
288 0 34
289 0 34
290 0 34
291 0 34
292 0 34
293 0 34
294 0 34
295 0 34
296 0 34
297 0 35
298 0 35
299 0 34
300 0 34
301 0 34
302 0 35
303 0 35
304 0 34
305 0 34
306 0 34
307 0 34
308 0 34
309 0 34
310 0 34
311 0 34
312 0 34
313 0 34
314 0 34
315 0 35
316 0 35
317 0 35
318 0 35
319 0 35
320 0 34
321 0 35
322 0 35
323 0 34
324 0 34
325 0 35
326 0 35
327 0 35
328 0 35
329 0 35
330 0 34
331 0 35
332 0 35
333 0 34
334 0 34
335 0 34
336 0 35
337 0 35
338 0 34
339 0 34
340 0 34
341 0 34
342 0 34
343 0 34
344 0 34
345 0 34
346 0 34
347 0 34
348 0 34
349 0 35
350 0 35
351 0 34
352 0 34
353 0 34
354 0 35
355 0 35
356 0 34
357 0 34
358 0 35
359 0 35
360 0 35
361 0 34
362 0 34
363 0 34
364 0 34
365 0 34
366 0 34
367 0 35
368 0 35
369 0 35
370 0 34
371 0 34
372 0 33
373 0 35
374 0 35
375 0 34
376 0 34
377 0 34
378 0 35
379 0 35
380 0 34
381 0 34
382 0 35
383 0 35
384 0 35
385 0 34
386 0 34
387 0 34
388 0 34
389 0 34
390 0 34
391 0 34
392 0 34
393 0 34
394 0 34
395 0 34
396 0 33
397 0 34
398 0 34
399 0 33
400 0 33
401 0 34
402 0 34
403 0 34
404 0 34
405 0 34
406 0 33
407 0 34
408 0 34
409 0 34
410 0 34
411 0 34
412 0 33
413 0 34
414 0 34
415 0 33
416 0 33
417 0 34
418 0 34
419 0 34
420 0 34
421 0 34
422 0 33
423 0 34
424 0 34
425 0 33
426 0 33
427 0 33
428 0 34
429 0 34
430 0 33
431 0 33
432 0 34
433 0 34
434 0 34
435 0 34
436 0 34
437 0 34
438 0 34
439 0 34
440 0 33
441 0 35
442 0 35
443 0 34
444 0 34
445 0 34
446 0 35
447 0 35
448 0 34
449 0 34
450 0 35
451 0 35
452 0 35
453 0 34
454 0 34
455 0 34
456 0 34
457 0 34
458 0 34
459 0 35
460 0 35
461 0 35
462 0 34
463 0 34
464 0 33
465 0 35
466 0 35
467 0 34
468 0 34
469 0 34
470 0 35
471 0 35
472 0 34
473 0 34
474 0 35
475 0 35
476 0 35
477 0 34
478 0 34
479 0 34
480 0 34
481 0 34
482 0 34
483 0 35
484 0 35
485 0 35
486 0 35
487 0 35
488 0 34
489 0 35
490 0 35
491 0 34
492 0 34
493 0 35
494 0 35
495 0 35
496 0 35
497 0 35
498 0 34
499 0 34
500 0 34
501 0 34
502 0 34
503 0 34
504 0 34
505 0 34
506 0 34
507 0 34
508 0 34
509 0 34
510 0 34
511 0 34
512 0 34
513 0 34
514 0 34
515 0 34
516 0 34
517 0 34
518 0 34
519 0 34
520 0 34
521 0 34
522 0 34
523 0 34
524 0 34
525 0 34
526 0 35
527 0 35
528 0 35
529 0 35
530 0 35
531 0 34
532 0 35
533 0 35
534 0 34
535 0 34
536 0 35
537 0 35
538 0 35
539 0 35
540 0 35
541 0 34
542 0 34
543 0 34
544 0 34
545 0 34
546 0 34
547 0 34
548 0 34
549 0 34
550 0 34
551 0 34
552 0 34
553 0 34
554 0 34
555 0 34
556 0 34
557 0 33
558 0 33
559 0 33
560 0 35
561 0 35
562 0 34
563 0 34
564 0 34
565 0 35
566 0 35
567 0 34
568 0 34
569 0 35
570 0 35
571 0 35
572 0 34
573 0 34
574 0 34
575 0 34
576 0 34
577 0 34
578 0 35
579 0 35
580 0 35
581 0 34
582 0 34
583 0 33
584 0 35
585 0 35
586 0 34
587 0 34
588 0 34
589 0 35
590 0 35
591 0 34
592 0 34
593 0 35
594 0 35
595 0 35
596 0 34
597 0 34
598 0 34
599 0 34
600 0 34
601 0 34
602 0 35
603 0 35
604 0 35
605 0 35
606 0 35
607 0 34
608 0 35
609 0 35
610 0 34
611 0 34
612 0 35
613 0 35
614 0 35
615 0 35
616 0 35
617 0 34
618 0 34
619 0 34
620 0 34
621 0 34
622 0 34
623 0 34
624 0 34
625 0 34
626 0 34
627 0 34
628 0 34
629 0 34
630 0 34
631 0 34
632 0 34
633 0 34
634 0 34
635 0 34
636 0 34
637 0 34
638 0 34
639 0 34
640 0 34
641 0 34
642 0 34
643 0 34
644 0 34
645 0 34
646 0 34
647 0 34
648 0 34
649 0 34
650 0 33
651 0 34
652 0 34
653 0 33
654 0 33
655 0 34
656 0 34
657 0 34
658 0 34
659 0 34
660 0 33
661 0 34
662 0 34
663 0 34
664 0 34
665 0 34
666 0 34
667 0 34
668 0 34
669 0 34
670 0 34
671 0 34
672 0 34
673 0 34
674 0 34
675 0 34
676 0 33
677 0 33
678 0 33
679 0 34
680 0 34
681 0 34
682 0 34
683 0 34
684 0 34
685 0 34
686 0 34
687 0 34
688 0 34
689 0 34
690 0 34
691 0 33
692 0 33
693 0 33
694 0 33
695 0 33
696 0 33
697 0 34
698 0 34
699 0 34
700 0 34
701 0 34
702 0 33
703 0 34
704 0 34
705 0 33
706 0 33
707 0 34
708 0 34
709 0 34
710 0 34
711 0 34
712 0 33
713 0 34
714 0 34
715 0 34
716 0 34
717 0 34
718 0 34
719 0 34
720 0 34
721 0 34
722 0 34
723 0 34
724 0 34
725 0 34
726 0 34
727 0 34
728 0 33
729 0 33
730 0 33
731 0 34
732 0 34
733 0 34
734 0 34
735 0 34
736 0 33
737 0 34
738 0 34
739 0 33
740 0 33
741 0 34
742 0 34
743 0 34
744 0 34
745 0 34
746 0 33
747 0 34
748 0 34
749 0 34
750 0 34
751 0 34
752 0 34
753 0 34
754 0 34
755 0 34
756 0 34
757 0 34
758 0 34
759 0 34
760 0 34
761 0 34
762 0 33
763 0 33
764 0 33
765 0 34
766 0 34
767 0 34
768 0 34
769 0 34
770 0 34
771 0 34
772 0 34
773 0 34
774 0 34
775 0 34
776 0 34
777 0 33
778 0 33
779 0 33
780 0 33
781 0 33
782 0 33
783 0 34
784 0 34
785 0 34
786 0 34
787 0 34
788 0 33
789 0 34
790 0 34
791 0 33
792 0 33
793 0 34
794 0 34
795 0 34
796 0 34
797 0 34
798 0 33
799 0 34
800 0 34
801 0 34
802 0 34
803 0 34
804 0 34
805 0 34
806 0 34
807 0 34
808 0 34
809 0 34
810 0 34
811 0 34
812 0 34
813 0 34
814 0 33
815 0 33
816 0 33
817 0 34
818 0 34
819 0 33
820 0 33
821 0 33
822 0 34
823 0 34
824 0 33
825 0 33
826 0 34
827 0 34
828 0 34
829 0 33
830 0 33
831 0 33
832 0 33
833 0 33
834 0 33
835 0 34
836 0 34
837 0 34
838 0 33
839 0 33
840 0 32
841 0 34
842 0 34
843 0 33
844 0 33
845 0 33
846 0 34
847 0 34
848 0 33
849 0 33
850 0 34
851 0 34
852 0 34
853 0 33
854 0 33
855 0 33
856 0 33
857 0 33
858 0 33
859 0 34
860 0 34
861 0 34
862 0 34
863 0 34
864 0 33
865 0 34
866 0 34
867 0 33
868 0 33
869 0 34
870 0 34
871 0 34
872 0 34
873 0 34
874 0 33
875 0 34
876 0 34
877 0 34
878 0 34
879 0 34
880 0 33
881 0 34
882 0 34
883 0 33
884 0 33
885 0 34
886 0 34
887 0 34
888 0 34
889 0 34
890 0 33
891 0 34
892 0 34
893 0 33
894 0 33
895 0 33
896 0 34
897 0 34
898 0 33
899 0 33
900 0 34
901 0 34
902 0 34
903 0 34
904 0 34
905 0 34
906 0 33
907 0 33
908 0 33
909 0 35
910 0 35
911 0 34
912 0 34
913 0 34
914 0 35
915 0 35
916 0 34
917 0 34
918 0 35
919 0 35
920 0 35
921 0 34
922 0 34
923 0 34
924 0 34
925 0 34
926 0 34
927 0 35
928 0 35
929 0 35
930 0 34
931 0 34
932 0 33
933 0 35
934 0 35
935 0 34
936 0 34
937 0 34
938 0 35
939 0 35
940 0 34
941 0 34
942 0 35
943 0 35
944 0 35
945 0 34
946 0 34
947 0 34
948 0 34
949 0 34
950 0 34
951 0 35
952 0 35
953 0 35
954 0 35
955 0 35
956 0 34
957 0 35
958 0 35
959 0 34
960 0 34
961 0 35
962 0 35
963 0 35
964 0 35
965 0 35
966 0 34
967 0 34
968 0 34
969 0 34
970 0 34
971 0 34
972 0 34
973 0 34
974 0 34
975 0 34
976 0 34
977 0 34
978 0 34
979 0 34
980 0 34
981 0 34
982 0 34
983 0 34
984 0 34
985 0 34
986 0 34
987 0 34
988 0 34
989 0 34
990 0 34
991 0 34
992 0 34
993 0 34
994 0 35
995 0 35
996 0 35
997 0 35
998 0 35
999 0 34
1000 0 35
1001 0 35
1002 0 34
1003 0 34
1004 0 35
1005 0 35
1006 0 35
1007 0 35
1008 0 35
1009 0 34
1010 0 34
1011 0 34
1012 0 34
1013 0 34
1014 0 34
1015 0 34
1016 0 34
1017 0 34
1018 0 34
1019 0 34
1020 0 34
1021 0 34
1022 0 34
1023 0 34
1024 0 34
1025 0 33
1026 0 33
1027 0 33
1028 0 35
1029 0 35
1030 0 34
1031 0 34
1032 0 34
1033 0 35
1034 0 35
1035 0 34
1036 0 34
1037 0 35
1038 0 35
1039 0 35
1040 0 34
1041 0 34
1042 0 34
1043 0 34
1044 0 34
1045 0 34
1046 0 35
1047 0 35
1048 0 35
1049 0 34
1050 0 34
1051 0 33
1052 0 35
1053 0 35
1054 0 34
1055 0 34
1056 0 34
1057 0 35
1058 0 35
1059 0 34
1060 0 34
1061 0 35
1062 0 35
1063 0 35
1064 0 34
1065 0 34
1066 0 34
1067 0 34
1068 0 34
1069 0 34
1070 0 35
1071 0 35
1072 0 35
1073 0 35
1074 0 35
1075 0 34
1076 0 35
1077 0 35
1078 0 34
1079 0 34
1080 0 35
1081 0 35
1082 0 35
1083 0 35
1084 0 35
1085 0 34
1086 0 34
1087 0 34
1088 0 34
1089 0 34
1090 0 34
1091 0 34
1092 0 34
1093 0 34
1094 0 34
1095 0 34
1096 0 34
1097 0 34
1098 0 34
1099 0 34
1100 0 34
1101 0 34
1102 0 34
1103 0 34
1104 0 34
1105 0 34
1106 0 34
1107 0 34
1108 0 34
1109 0 34
1110 0 34
1111 0 34
1112 0 34
1113 0 34
1114 0 34
1115 0 34
1116 0 34
1117 0 34
1118 0 33
1119 0 34
1120 0 34
1121 0 33
1122 0 33
1123 0 34
1124 0 34
1125 0 34
1126 0 34
1127 0 34
1128 0 33
1129 0 34
1130 0 34
1131 0 34
1132 0 34
1133 0 34
1134 0 34
1135 0 34
1136 0 34
1137 0 34
1138 0 34
1139 0 34
1140 0 34
1141 0 34
1142 0 34
1143 0 34
1144 0 33
1145 0 33
1146 0 33
1147 0 34
1148 0 34
1149 0 34
1150 0 34
1151 0 34
1152 0 34
1153 0 34
1154 0 34
1155 0 34
1156 0 34
1157 0 34
1158 0 34
1159 0 33
1160 0 33
1161 0 33
1162 0 33
1163 0 33
1164 0 33
1165 0 34
1166 0 34
1167 0 34
1168 0 34
1169 0 34
1170 0 33
1171 0 34
1172 0 34
1173 0 33
1174 0 33
1175 0 34
1176 0 34
1177 0 34
1178 0 34
1179 0 34
1180 0 33
1181 0 34
1182 0 34
1183 0 34
1184 0 34
1185 0 34
1186 0 34
1187 0 34
1188 0 34
1189 0 34
1190 0 34
1191 0 34
1192 0 34
1193 0 34
1194 0 34
1195 0 34
1196 0 33
1197 0 33
1198 0 33
1199 0 34
1200 0 34
1201 0 33
1202 0 33
1203 0 33
1204 0 34
1205 0 34
1206 0 33
1207 0 33
1208 0 34
1209 0 34
1210 0 34
1211 0 33
1212 0 33
1213 0 33
1214 0 33
1215 0 33
1216 0 33
1217 0 34
1218 0 34
1219 0 34
1220 0 33
1221 0 33
1222 0 32
1223 0 34
1224 0 34
1225 0 33
1226 0 33
1227 0 33
1228 0 34
1229 0 34
1230 0 33
1231 0 33
1232 0 34
1233 0 34
1234 0 34
1235 0 33
1236 0 33
1237 0 33
1238 0 33
1239 0 33
1240 0 33
1241 0 34
1242 0 34
1243 0 33
1244 0 33
1245 0 33
1246 0 34
1247 0 34
1248 0 33
1249 0 33
1250 0 34
1251 0 34
1252 0 34
1253 0 33
1254 0 33
1255 0 33
1256 0 33
1257 0 33
1258 0 33
1259 0 34
1260 0 34
1261 0 34
1262 0 33
1263 0 33
1264 0 32
1265 0 34
1266 0 34
1267 0 33
1268 0 33
1269 0 33
1270 0 34
1271 0 34
1272 0 33
1273 0 33
1274 0 34
1275 0 34
1276 0 34
1277 0 33
1278 0 33
1279 0 33
1280 0 33
1281 0 33
1282 0 33
1283 0 33
1284 0 33
1285 0 33
1286 0 33
1287 0 33
1288 0 32
1289 0 33
1290 0 33
1291 0 32
1292 0 32
1293 0 33
1294 0 33
1295 0 33
1296 0 33
1297 0 33
1298 0 32
1299 0 34
1300 0 34
1301 0 33
1302 0 33
1303 0 33
1304 0 34
1305 0 34
1306 0 33
1307 0 33
1308 0 34
1309 0 34
1310 0 33
1311 0 33
1312 0 33
1313 0 34
1314 0 34
1315 0 33
1316 0 33
1317 0 33
1318 0 33
1319 0 33
1320 0 33
1321 0 33
1322 0 33
1323 0 33
1324 0 33
1325 0 33
1326 0 35
1327 0 35
1328 0 35
1329 0 35
1330 0 35
1331 0 34
1332 0 35
1333 0 35
1334 0 34
1335 0 34
1336 0 35
1337 0 35
1338 0 35
1339 0 35
1340 0 35
1341 0 34
1342 0 35
1343 0 35
1344 0 34
1345 0 34
1346 0 34
1347 0 35
1348 0 35
1349 0 34
1350 0 34
1351 0 34
1352 0 34
1353 0 34
1354 0 34
1355 0 34
1356 0 34
1357 0 34
1358 0 34
1359 0 34
1360 0 35
1361 0 35
1362 0 34
1363 0 34
1364 0 34
1365 0 35
1366 0 35
1367 0 34
1368 0 34
1369 0 34
1370 0 34
1371 0 34
1372 0 34
1373 0 34
1374 0 34
1375 0 34
1376 0 34
1377 0 34
1378 0 35
1379 0 35
1380 0 35
1381 0 35
1382 0 35
1383 0 34
1384 0 35
1385 0 35
1386 0 34
1387 0 34
1388 0 35
1389 0 35
1390 0 35
1391 0 35
1392 0 35
1393 0 34
1394 0 35
1395 0 35
1396 0 34
1397 0 34
1398 0 34
1399 0 35
1400 0 35
1401 0 34
1402 0 34
1403 0 34
1404 0 34
1405 0 34
1406 0 34
1407 0 34
1408 0 34
1409 0 34
1410 0 34
1411 0 34
1412 0 35
1413 0 35
1414 0 34
1415 0 34
1416 0 34
1417 0 35
1418 0 35
1419 0 34
1420 0 34
1421 0 35
1422 0 35
1423 0 35
1424 0 34
1425 0 34
1426 0 34
1427 0 34
1428 0 34
1429 0 34
1430 0 35
1431 0 35
1432 0 35
1433 0 34
1434 0 34
1435 0 33
1436 0 35
1437 0 35
1438 0 34
1439 0 34
1440 0 34
1441 0 35
1442 0 35
1443 0 34
1444 0 34
1445 0 35
1446 0 35
1447 0 35
1448 0 34
1449 0 34
1450 0 34
1451 0 34
1452 0 34
1453 0 34
1454 0 34
1455 0 34
1456 0 34
1457 0 34
1458 0 34
1459 0 33
1460 0 34
1461 0 34
1462 0 33
1463 0 33
1464 0 34
1465 0 34
1466 0 34
1467 0 34
1468 0 34
1469 0 33
1470 0 34
1471 0 34
1472 0 34
1473 0 34
1474 0 34
1475 0 33
1476 0 34
1477 0 34
1478 0 33
1479 0 33
1480 0 34
1481 0 34
1482 0 34
1483 0 34
1484 0 34
1485 0 33
1486 0 34
1487 0 34
1488 0 33
1489 0 33
1490 0 33
1491 0 34
1492 0 34
1493 0 33
1494 0 33
1495 0 34
1496 0 34
1497 0 34
1498 0 34
1499 0 34
1500 0 34
1501 0 34
1502 0 34
1503 0 33
1504 0 35
1505 0 35
1506 0 34
1507 0 34
1508 0 34
1509 0 35
1510 0 35
1511 0 34
1512 0 34
1513 0 35
1514 0 35
1515 0 35
1516 0 34
1517 0 34
1518 0 34
1519 0 34
1520 0 34
1521 0 34
1522 0 35
1523 0 35
1524 0 35
1525 0 34
1526 0 34
1527 0 33
1528 0 35
1529 0 35
1530 0 34
1531 0 34
1532 0 34
1533 0 35
1534 0 35
1535 0 34
1536 0 34
1537 0 35
1538 0 35
1539 0 35
1540 0 34
1541 0 34
1542 0 34
1543 0 34
1544 0 34
1545 0 34
1546 0 34
1547 0 34
1548 0 34
1549 0 34
1550 0 34
1551 0 33
1552 0 34
1553 0 34
1554 0 33
1555 0 33
1556 0 34
1557 0 34
1558 0 34
1559 0 34
1560 0 34
1561 0 33
1562 0 34
1563 0 34
1564 0 33
1565 0 33
1566 0 33
1567 0 34
1568 0 34
1569 0 33
1570 0 33
1571 0 34
1572 0 34
1573 0 33
1574 0 33
1575 0 33
1576 0 34
1577 0 34
1578 0 33
1579 0 33
1580 0 33
1581 0 33
1582 0 33
1583 0 34
1584 0 34
1585 0 34
1586 0 34
1587 0 33
1588 0 33
1589 0 35
1590 0 35
1591 0 35
1592 0 35
1593 0 35
1594 0 34
1595 0 35
1596 0 35
1597 0 34
1598 0 34
1599 0 35
1600 0 35
1601 0 35
1602 0 35
1603 0 35
1604 0 34
1605 0 35
1606 0 35
1607 0 34
1608 0 34
1609 0 34
1610 0 35
1611 0 35
1612 0 34
1613 0 34
1614 0 34
1615 0 34
1616 0 34
1617 0 34
1618 0 34
1619 0 34
1620 0 34
1621 0 34
1622 0 34
1623 0 35
1624 0 35
1625 0 34
1626 0 34
1627 0 34
1628 0 35
1629 0 35
1630 0 34
1631 0 34
1632 0 34
1633 0 34
1634 0 34
1635 0 34
1636 0 34
1637 0 34
1638 0 34
1639 0 34
1640 0 34
1641 0 35
1642 0 35
1643 0 35
1644 0 35
1645 0 35
1646 0 34
1647 0 35
1648 0 35
1649 0 34
1650 0 34
1651 0 35
1652 0 35
1653 0 35
1654 0 35
1655 0 35
1656 0 34
1657 0 35
1658 0 35
1659 0 34
1660 0 34
1661 0 34
1662 0 35
1663 0 35
1664 0 34
1665 0 34
1666 0 34
1667 0 34
1668 0 34
1669 0 34
1670 0 34
1671 0 34
1672 0 34
1673 0 34
1674 0 34
1675 0 35
1676 0 35
1677 0 34
1678 0 34
1679 0 34
1680 0 35
1681 0 35
1682 0 34
1683 0 34
1684 0 35
1685 0 35
1686 0 35
1687 0 34
1688 0 34
1689 0 34
1690 0 34
1691 0 34
1692 0 34
1693 0 35
1694 0 35
1695 0 35
1696 0 34
1697 0 34
1698 0 33
1699 0 35
1700 0 35
1701 0 34
1702 0 34
1703 0 34
1704 0 35
1705 0 35
1706 0 34
1707 0 34
1708 0 35
1709 0 35
1710 0 35
1711 0 34
1712 0 34
1713 0 34
1714 0 34
1715 0 34
1716 0 34
1717 0 34
1718 0 34
1719 0 34
1720 0 34
1721 0 34
1722 0 33
1723 0 34
1724 0 34
1725 0 33
1726 0 33
1727 0 34
1728 0 34
1729 0 34
1730 0 34
1731 0 34
1732 0 33
1733 0 34
1734 0 34
1735 0 34
1736 0 34
1737 0 34
1738 0 33
1739 0 34
1740 0 34
1741 0 33
1742 0 33
1743 0 34
1744 0 34
1745 0 34
1746 0 34
1747 0 34
1748 0 33
1749 0 34
1750 0 34
1751 0 33
1752 0 33
1753 0 33
1754 0 34
1755 0 34
1756 0 33
1757 0 33
1758 0 34
1759 0 34
1760 0 34
1761 0 34
1762 0 34
1763 0 34
1764 0 34
1765 0 34
1766 0 33
1767 0 35
1768 0 35
1769 0 34
1770 0 34
1771 0 34
1772 0 35
1773 0 35
1774 0 34
1775 0 34
1776 0 35
1777 0 35
1778 0 35
1779 0 34
1780 0 34
1781 0 34
1782 0 34
1783 0 34
1784 0 34
1785 0 35
1786 0 35
1787 0 35
1788 0 34
1789 0 34
1790 0 33
1791 0 35
1792 0 35
1793 0 34
1794 0 34
1795 0 34
1796 0 35
1797 0 35
1798 0 34
1799 0 34
1800 0 35
1801 0 35
1802 0 35
1803 0 34
1804 0 34
1805 0 34
1806 0 34
1807 0 34
1808 0 34
1809 0 35
1810 0 35
1811 0 35
1812 0 35
1813 0 35
1814 0 34
1815 0 35
1816 0 35
1817 0 34
1818 0 34
1819 0 35
1820 0 35
1821 0 35
1822 0 35
1823 0 35
1824 0 34
1825 0 34
1826 0 34
1827 0 34
1828 0 34
1829 0 34
1830 0 34
1831 0 34
1832 0 34
1833 0 34
1834 0 34
1835 0 34
1836 0 34
1837 0 34
1838 0 34
1839 0 34
1840 0 34
1841 0 34
1842 0 34
1843 0 34
1844 0 34
1845 0 34
1846 0 34
1847 0 34
1848 0 34
1849 0 34
1850 0 34
1851 0 34
1852 0 35
1853 0 35
1854 0 35
1855 0 35
1856 0 35
1857 0 34
1858 0 35
1859 0 35
1860 0 34
1861 0 34
1862 0 35
1863 0 35
1864 0 35
1865 0 35
1866 0 35
1867 0 34
1868 0 34
1869 0 34
1870 0 34
1871 0 34
1872 0 34
1873 0 34
1874 0 34
1875 0 34
1876 0 34
1877 0 34
1878 0 34
1879 0 34
1880 0 34
1881 0 34
1882 0 34
1883 0 33
1884 0 33
1885 0 33
1886 0 35
1887 0 35
1888 0 34
1889 0 34
1890 0 34
1891 0 35
1892 0 35
1893 0 34
1894 0 34
1895 0 35
1896 0 35
1897 0 35
1898 0 34
1899 0 34
1900 0 34
1901 0 34
1902 0 34
1903 0 34
1904 0 35
1905 0 35
1906 0 35
1907 0 34
1908 0 34
1909 0 33
1910 0 35
1911 0 35
1912 0 34
1913 0 34
1914 0 34
1915 0 35
1916 0 35
1917 0 34
1918 0 34
1919 0 35
1920 0 35
1921 0 35
1922 0 34
1923 0 34
1924 0 34
1925 0 34
1926 0 34
1927 0 34
1928 0 35
1929 0 35
1930 0 35
1931 0 35
1932 0 35
1933 0 34
1934 0 35
1935 0 35
1936 0 34
1937 0 34
1938 0 35
1939 0 35
1940 0 35
1941 0 35
1942 0 35
1943 0 34
1944 0 34
1945 0 34
1946 0 34
1947 0 34
1948 0 34
1949 0 34
1950 0 34
1951 0 34
1952 0 34
1953 0 34
1954 0 34
1955 0 34
1956 0 34
1957 0 34
1958 0 34
1959 0 34
1960 0 34
1961 0 34
1962 0 34
1963 0 34
1964 0 34
1965 0 34
1966 0 34
1967 0 34
1968 0 34
1969 0 34
1970 0 34
1971 0 34
1972 0 34
1973 0 34
1974 0 34
1975 0 34
1976 0 33
1977 0 34
1978 0 34
1979 0 33
1980 0 33
1981 0 34
1982 0 34
1983 0 34
1984 0 34
1985 0 34
1986 0 33
1987 0 34
1988 0 34
1989 0 34
1990 0 34
1991 0 34
1992 0 34
1993 0 34
1994 0 34
1995 0 34
1996 0 34
1997 0 34
1998 0 34
1999 0 34
2000 0 34
2001 0 34
2002 0 33
2003 0 33
2004 0 33
2005 0 34
2006 0 34
2007 0 34
2008 0 34
2009 0 34
2010 0 34
2011 0 34
2012 0 34
2013 0 34
2014 0 34
2015 0 34
2016 0 34
2017 0 33
2018 0 33
2019 0 33
2020 0 33
2021 0 33
2022 0 33
2023 0 34
2024 0 34
2025 0 34
2026 0 34
2027 0 34
2028 0 33
2029 0 34
2030 0 34
2031 0 33
2032 0 33
2033 0 34
2034 0 34
2035 0 34
2036 0 34
2037 0 34
2038 0 33
2039 0 34
2040 0 34
2041 0 34
2042 0 34
2043 0 34
2044 0 34
2045 0 34
2046 0 34
2047 0 34
2048 0 34
2049 0 34
2050 0 34
2051 0 34
2052 0 34
2053 0 34
2054 0 33
2055 0 33
2056 0 33
2057 0 34
2058 0 34
2059 0 34
2060 0 34
2061 0 34
2062 0 33
2063 0 34
2064 0 34
2065 0 33
2066 0 33
2067 0 34
2068 0 34
2069 0 34
2070 0 34
2071 0 34
2072 0 33
2073 0 34
2074 0 34
2075 0 34
2076 0 34
2077 0 34
2078 0 34
2079 0 34
2080 0 34
2081 0 34
2082 0 34
2083 0 34
2084 0 34
2085 0 34
2086 0 34
2087 0 34
2088 0 33
2089 0 33
2090 0 33
2091 0 34
2092 0 34
2093 0 34
2094 0 34
2095 0 34
2096 0 34
2097 0 34
2098 0 34
2099 0 34
2100 0 34
2101 0 34
2102 0 34
2103 0 33
2104 0 33
2105 0 33
2106 0 33
2107 0 33
2108 0 33
2109 0 34
2110 0 34
2111 0 34
2112 0 34
2113 0 34
2114 0 33
2115 0 34
2116 0 34
2117 0 33
2118 0 33
2119 0 34
2120 0 34
2121 0 34
2122 0 34
2123 0 34
2124 0 33
2125 0 34
2126 0 34
2127 0 34
2128 0 34
2129 0 34
2130 0 34
2131 0 34
2132 0 34
2133 0 34
2134 0 34
2135 0 34
2136 0 34
2137 0 34
2138 0 34
2139 0 34
2140 0 33
2141 0 33
2142 0 33
2143 0 34
2144 0 34
2145 0 33
2146 0 33
2147 0 33
2148 0 34
2149 0 34
2150 0 33
2151 0 33
2152 0 34
2153 0 34
2154 0 34
2155 0 33
2156 0 33
2157 0 33
2158 0 33
2159 0 33
2160 0 33
2161 0 34
2162 0 34
2163 0 34
2164 0 33
2165 0 33
2166 0 32
2167 0 34
2168 0 34
2169 0 33
2170 0 33
2171 0 33
2172 0 34
2173 0 34
2174 0 33
2175 0 33
2176 0 34
2177 0 34
2178 0 34
2179 0 33
2180 0 33
2181 0 33
2182 0 33
2183 0 33
2184 0 33
2185 0 34
2186 0 34
2187 0 34
2188 0 34
2189 0 34
2190 0 33
2191 0 34
2192 0 34
2193 0 33
2194 0 33
2195 0 34
2196 0 34
2197 0 34
2198 0 34
2199 0 34
2200 0 33
2201 0 34
2202 0 34
2203 0 34
2204 0 34
2205 0 34
2206 0 33
2207 0 34
2208 0 34
2209 0 33
2210 0 33
2211 0 34
2212 0 34
2213 0 34
2214 0 34
2215 0 34
2216 0 33
2217 0 34
2218 0 34
2219 0 33
2220 0 33
2221 0 33
2222 0 34
2223 0 34
2224 0 33
2225 0 33
2226 0 34
2227 0 34
2228 0 34
2229 0 34
2230 0 34
2231 0 34
2232 0 33
2233 0 33
2234 0 33
2235 0 35
2236 0 35
2237 0 35
2238 0 34
2239 0 35
2240 0 34
2241 0 35
2242 0 35
2243 0 35
2244 0 34
2245 0 35
2246 0 34
2247 0 34
2248 0 35
2249 0 34
2250 0 34
2251 0 34
2252 0 34
2253 0 34
2254 0 34
2255 0 34
2256 0 35
2257 0 34
2258 0 34
2259 0 35
2260 0 34
2261 0 34
2262 0 34
2263 0 34
2264 0 34
2265 0 34
2266 0 35
2267 0 35
2268 0 35
2269 0 34
2270 0 35
2271 0 34
2272 0 35
2273 0 35
2274 0 35
2275 0 34
2276 0 35
2277 0 34
2278 0 34
2279 0 35
2280 0 34
2281 0 34
2282 0 34
2283 0 34
2284 0 34
2285 0 34
2286 0 34
2287 0 35
2288 0 34
2289 0 34
2290 0 35
2291 0 34
2292 0 35
2293 0 35
2294 0 34
2295 0 34
2296 0 34
2297 0 35
2298 0 35
2299 0 34
2300 0 33
2301 0 35
2302 0 34
2303 0 34
2304 0 35
2305 0 34
2306 0 35
2307 0 35
2308 0 34
2309 0 34
2310 0 34
2311 0 34
2312 0 34
2313 0 34
2314 0 33
2315 0 34
2316 0 33
2317 0 34
2318 0 34
2319 0 34
2320 0 33
2321 0 34
2322 0 34
2323 0 34
2324 0 33
2325 0 34
2326 0 33
2327 0 34
2328 0 34
2329 0 34
2330 0 33
2331 0 34
2332 0 33
2333 0 33
2334 0 34
2335 0 33
2336 0 34
2337 0 34
2338 0 34
2339 0 34
2340 0 34
2341 0 33
2342 0 35
2343 0 34
2344 0 34
2345 0 35
2346 0 34
2347 0 35
2348 0 35
2349 0 34
2350 0 34
2351 0 34
2352 0 35
2353 0 35
2354 0 34
2355 0 33
2356 0 35
2357 0 34
2358 0 34
2359 0 35
2360 0 34
2361 0 35
2362 0 35
2363 0 34
2364 0 34
2365 0 34
2366 0 34
2367 0 34
2368 0 34
2369 0 33
2370 0 34
2371 0 33
2372 0 34
2373 0 34
2374 0 34
2375 0 33
2376 0 34
2377 0 33
2378 0 33
2379 0 34
2380 0 33
2381 0 34
2382 0 33
2383 0 33
2384 0 34
2385 0 33
2386 0 33
2387 0 33
2388 0 34
2389 0 34
2390 0 33
2391 0 35
2392 0 35
2393 0 35
2394 0 34
2395 0 35
2396 0 34
2397 0 35
2398 0 35
2399 0 35
2400 0 34
2401 0 35
2402 0 34
2403 0 34
2404 0 35
2405 0 34
2406 0 34
2407 0 34
2408 0 34
2409 0 34
2410 0 34
2411 0 34
2412 0 35
2413 0 34
2414 0 34
2415 0 35
2416 0 34
2417 0 34
2418 0 34
2419 0 34
2420 0 34
2421 0 34
2422 0 35
2423 0 35
2424 0 35
2425 0 34
2426 0 35
2427 0 34
2428 0 35
2429 0 35
2430 0 35
2431 0 34
2432 0 35
2433 0 34
2434 0 34
2435 0 35
2436 0 34
2437 0 34
2438 0 34
2439 0 34
2440 0 34
2441 0 34
2442 0 34
2443 0 35
2444 0 34
2445 0 34
2446 0 35
2447 0 34
2448 0 35
2449 0 35
2450 0 34
2451 0 34
2452 0 34
2453 0 35
2454 0 35
2455 0 34
2456 0 33
2457 0 35
2458 0 34
2459 0 34
2460 0 35
2461 0 34
2462 0 35
2463 0 35
2464 0 34
2465 0 34
2466 0 34
2467 0 34
2468 0 34
2469 0 34
2470 0 33
2471 0 34
2472 0 33
2473 0 34
2474 0 34
2475 0 34
2476 0 33
2477 0 34
2478 0 34
2479 0 34
2480 0 33
2481 0 34
2482 0 33
2483 0 34
2484 0 34
2485 0 34
2486 0 33
2487 0 34
2488 0 33
2489 0 33
2490 0 34
2491 0 33
2492 0 34
2493 0 34
2494 0 34
2495 0 34
2496 0 34
2497 0 33
2498 0 35
2499 0 34
2500 0 34
2501 0 35
2502 0 34
2503 0 35
2504 0 35
2505 0 34
2506 0 34
2507 0 34
2508 0 35
2509 0 35
2510 0 34
2511 0 33
2512 0 35
2513 0 34
2514 0 34
2515 0 35
2516 0 34
2517 0 35
2518 0 35
2519 0 34
2520 0 34
2521 0 34
2522 0 35
2523 0 35
2524 0 35
2525 0 34
2526 0 35
2527 0 34
2528 0 35
2529 0 35
2530 0 35
2531 0 34
2532 0 34
2533 0 34
2534 0 34
2535 0 34
2536 0 34
2537 0 34
2538 0 34
2539 0 34
2540 0 34
2541 0 34
2542 0 34
2543 0 34
2544 0 34
2545 0 34
2546 0 34
2547 0 35
2548 0 35
2549 0 35
2550 0 34
2551 0 35
2552 0 34
2553 0 35
2554 0 35
2555 0 35
2556 0 34
2557 0 34
2558 0 34
2559 0 34
2560 0 34
2561 0 34
2562 0 34
2563 0 34
2564 0 34
2565 0 34
2566 0 33
2567 0 33
2568 0 35
2569 0 34
2570 0 34
2571 0 35
2572 0 34
2573 0 35
2574 0 35
2575 0 34
2576 0 34
2577 0 34
2578 0 35
2579 0 35
2580 0 34
2581 0 33
2582 0 35
2583 0 34
2584 0 34
2585 0 35
2586 0 34
2587 0 35
2588 0 35
2589 0 34
2590 0 34
2591 0 34
2592 0 35
2593 0 35
2594 0 35
2595 0 34
2596 0 35
2597 0 34
2598 0 35
2599 0 35
2600 0 35
2601 0 34
2602 0 34
2603 0 34
2604 0 34
2605 0 34
2606 0 34
2607 0 34
2608 0 34
2609 0 34
2610 0 34
2611 0 34
2612 0 34
2613 0 34
2614 0 34
2615 0 34
2616 0 34
2617 0 34
2618 0 34
2619 0 34
2620 0 33
2621 0 34
2622 0 33
2623 0 34
2624 0 34
2625 0 34
2626 0 33
2627 0 34
2628 0 34
2629 0 34
2630 0 34
2631 0 34
2632 0 34
2633 0 34
2634 0 34
2635 0 34
2636 0 33
2637 0 33
2638 0 34
2639 0 34
2640 0 34
2641 0 34
2642 0 34
2643 0 34
2644 0 34
2645 0 33
2646 0 33
2647 0 33
2648 0 34
2649 0 34
2650 0 34
2651 0 33
2652 0 34
2653 0 33
2654 0 34
2655 0 34
2656 0 34
2657 0 33
2658 0 34
2659 0 34
2660 0 34
2661 0 34
2662 0 34
2663 0 34
2664 0 34
2665 0 34
2666 0 34
2667 0 33
2668 0 33
2669 0 34
2670 0 34
2671 0 34
2672 0 33
2673 0 34
2674 0 33
2675 0 34
2676 0 34
2677 0 34
2678 0 33
2679 0 34
2680 0 34
2681 0 34
2682 0 34
2683 0 34
2684 0 34
2685 0 34
2686 0 34
2687 0 34
2688 0 33
2689 0 33
2690 0 34
2691 0 34
2692 0 34
2693 0 34
2694 0 34
2695 0 34
2696 0 34
2697 0 33
2698 0 33
2699 0 33
2700 0 34
2701 0 34
2702 0 34
2703 0 33
2704 0 34
2705 0 33
2706 0 34
2707 0 34
2708 0 34
2709 0 33
2710 0 34
2711 0 34
2712 0 34
2713 0 34
2714 0 34
2715 0 34
2716 0 34
2717 0 34
2718 0 34
2719 0 33
2720 0 33
2721 0 34
2722 0 33
2723 0 33
2724 0 34
2725 0 33
2726 0 34
2727 0 34
2728 0 33
2729 0 33
2730 0 33
2731 0 34
2732 0 34
2733 0 33
2734 0 32
2735 0 34
2736 0 33
2737 0 33
2738 0 34
2739 0 33
2740 0 34
2741 0 34
2742 0 33
2743 0 33
2744 0 33
2745 0 34
2746 0 34
2747 0 34
2748 0 33
2749 0 34
2750 0 33
2751 0 34
2752 0 34
2753 0 34
2754 0 33
2755 0 34
2756 0 34
2757 0 34
2758 0 33
2759 0 34
2760 0 33
2761 0 34
2762 0 34
2763 0 34
2764 0 33
2765 0 34
2766 0 33
2767 0 33
2768 0 34
2769 0 33
2770 0 34
2771 0 34
2772 0 34
2773 0 34
2774 0 33
2775 0 33
2776 0 35
2777 0 34
2778 0 34
2779 0 35
2780 0 34
2781 0 35
2782 0 35
2783 0 34
2784 0 34
2785 0 34
2786 0 35
2787 0 35
2788 0 34
2789 0 33
2790 0 35
2791 0 34
2792 0 34
2793 0 35
2794 0 34
2795 0 35
2796 0 35
2797 0 34
2798 0 34
2799 0 34
2800 0 35
2801 0 35
2802 0 35
2803 0 34
2804 0 35
2805 0 34
2806 0 35
2807 0 35
2808 0 35
2809 0 34
2810 0 34
2811 0 34
2812 0 34
2813 0 34
2814 0 34
2815 0 34
2816 0 34
2817 0 34
2818 0 34
2819 0 34
2820 0 34
2821 0 34
2822 0 34
2823 0 34
2824 0 34
2825 0 35
2826 0 35
2827 0 35
2828 0 34
2829 0 35
2830 0 34
2831 0 35
2832 0 35
2833 0 35
2834 0 34
2835 0 34
2836 0 34
2837 0 34
2838 0 34
2839 0 34
2840 0 34
2841 0 34
2842 0 34
2843 0 34
2844 0 33
2845 0 33
2846 0 35
2847 0 34
2848 0 34
2849 0 35
2850 0 34
2851 0 35
2852 0 35
2853 0 34
2854 0 34
2855 0 34
2856 0 35
2857 0 35
2858 0 34
2859 0 33
2860 0 35
2861 0 34
2862 0 34
2863 0 35
2864 0 34
2865 0 35
2866 0 35
2867 0 34
2868 0 34
2869 0 34
2870 0 35
2871 0 35
2872 0 35
2873 0 34
2874 0 35
2875 0 34
2876 0 35
2877 0 35
2878 0 35
2879 0 34
2880 0 34
2881 0 34
2882 0 34
2883 0 34
2884 0 34
2885 0 34
2886 0 34
2887 0 34
2888 0 34
2889 0 34
2890 0 34
2891 0 34
2892 0 34
2893 0 34
2894 0 34
2895 0 34
2896 0 34
2897 0 34
2898 0 33
2899 0 34
2900 0 33
2901 0 34
2902 0 34
2903 0 34
2904 0 33
2905 0 34
2906 0 34
2907 0 34
2908 0 34
2909 0 34
2910 0 34
2911 0 34
2912 0 34
2913 0 34
2914 0 33
2915 0 33
2916 0 34
2917 0 34
2918 0 34
2919 0 34
2920 0 34
2921 0 34
2922 0 34
2923 0 33
2924 0 33
2925 0 33
2926 0 34
2927 0 34
2928 0 34
2929 0 33
2930 0 34
2931 0 33
2932 0 34
2933 0 34
2934 0 34
2935 0 33
2936 0 34
2937 0 34
2938 0 34
2939 0 34
2940 0 34
2941 0 34
2942 0 34
2943 0 34
2944 0 34
2945 0 33
2946 0 33
2947 0 34
2948 0 33
2949 0 33
2950 0 34
2951 0 33
2952 0 34
2953 0 34
2954 0 33
2955 0 33
2956 0 33
2957 0 34
2958 0 34
2959 0 33
2960 0 32
2961 0 34
2962 0 33
2963 0 33
2964 0 34
2965 0 33
2966 0 34
2967 0 34
2968 0 33
2969 0 33
2970 0 33
2971 0 34
2972 0 33
2973 0 33
2974 0 34
2975 0 33
2976 0 34
2977 0 34
2978 0 33
2979 0 33
2980 0 33
2981 0 34
2982 0 34
2983 0 33
2984 0 32
2985 0 34
2986 0 33
2987 0 33
2988 0 34
2989 0 33
2990 0 34
2991 0 34
2992 0 33
2993 0 33
2994 0 33
2995 0 33
2996 0 33
2997 0 33
2998 0 32
2999 0 33
3000 0 32
3001 0 33
3002 0 33
3003 0 33
3004 0 32
3005 0 34
3006 0 33
3007 0 33
3008 0 34
3009 0 33
3010 0 34
3011 0 33
3012 0 33
3013 0 34
3014 0 33
3015 0 33
3016 0 33
3017 0 33
3018 0 33
3019 0 33
3020 0 35
3021 0 35
3022 0 35
3023 0 34
3024 0 35
3025 0 34
3026 0 35
3027 0 35
3028 0 35
3029 0 34
3030 0 35
3031 0 34
3032 0 34
3033 0 35
3034 0 34
3035 0 34
3036 0 34
3037 0 34
3038 0 34
3039 0 34
3040 0 34
3041 0 35
3042 0 34
3043 0 34
3044 0 35
3045 0 34
3046 0 34
3047 0 34
3048 0 34
3049 0 34
3050 0 34
3051 0 35
3052 0 35
3053 0 35
3054 0 34
3055 0 35
3056 0 34
3057 0 35
3058 0 35
3059 0 35
3060 0 34
3061 0 35
3062 0 34
3063 0 34
3064 0 35
3065 0 34
3066 0 34
3067 0 34
3068 0 34
3069 0 34
3070 0 34
3071 0 34
3072 0 35
3073 0 34
3074 0 34
3075 0 35
3076 0 34
3077 0 35
3078 0 35
3079 0 34
3080 0 34
3081 0 34
3082 0 35
3083 0 35
3084 0 34
3085 0 33
3086 0 35
3087 0 34
3088 0 34
3089 0 35
3090 0 34
3091 0 35
3092 0 35
3093 0 34
3094 0 34
3095 0 34
3096 0 34
3097 0 34
3098 0 34
3099 0 33
3100 0 34
3101 0 33
3102 0 34
3103 0 34
3104 0 34
3105 0 33
3106 0 34
3107 0 34
3108 0 34
3109 0 33
3110 0 34
3111 0 33
3112 0 34
3113 0 34
3114 0 34
3115 0 33
3116 0 34
3117 0 33
3118 0 33
3119 0 34
3120 0 33
3121 0 34
3122 0 34
3123 0 34
3124 0 34
3125 0 34
3126 0 33
3127 0 35
3128 0 34
3129 0 34
3130 0 35
3131 0 34
3132 0 35
3133 0 35
3134 0 34
3135 0 34
3136 0 34
3137 0 35
3138 0 35
3139 0 34
3140 0 33
3141 0 35
3142 0 34
3143 0 34
3144 0 35
3145 0 34
3146 0 35
3147 0 35
3148 0 34
3149 0 34
3150 0 34
3151 0 34
3152 0 34
3153 0 34
3154 0 33
3155 0 34
3156 0 33
3157 0 34
3158 0 34
3159 0 34
3160 0 33
3161 0 34
3162 0 33
3163 0 33
3164 0 34
3165 0 33
3166 0 34
3167 0 33
3168 0 33
3169 0 34
3170 0 33
3171 0 33
3172 0 33
3173 0 34
3174 0 34
3175 0 33
3176 0 35
3177 0 35
3178 0 35
3179 0 34
3180 0 35
3181 0 34
3182 0 35
3183 0 35
3184 0 35
3185 0 34
3186 0 35
3187 0 34
3188 0 34
3189 0 35
3190 0 34
3191 0 34
3192 0 34
3193 0 34
3194 0 34
3195 0 34
3196 0 34
3197 0 35
3198 0 34
3199 0 34
3200 0 35
3201 0 34
3202 0 34
3203 0 34
3204 0 34
3205 0 34
3206 0 34
3207 0 35
3208 0 35
3209 0 35
3210 0 34
3211 0 35
3212 0 34
3213 0 35
3214 0 35
3215 0 35
3216 0 34
3217 0 35
3218 0 34
3219 0 34
3220 0 35
3221 0 34
3222 0 34
3223 0 34
3224 0 34
3225 0 34
3226 0 34
3227 0 34
3228 0 35
3229 0 34
3230 0 34
3231 0 35
3232 0 34
3233 0 35
3234 0 35
3235 0 34
3236 0 34
3237 0 34
3238 0 35
3239 0 35
3240 0 34
3241 0 33
3242 0 35
3243 0 34
3244 0 34
3245 0 35
3246 0 34
3247 0 35
3248 0 35
3249 0 34
3250 0 34
3251 0 34
3252 0 34
3253 0 34
3254 0 34
3255 0 33
3256 0 34
3257 0 33
3258 0 34
3259 0 34
3260 0 34
3261 0 33
3262 0 34
3263 0 34
3264 0 34
3265 0 33
3266 0 34
3267 0 33
3268 0 34
3269 0 34
3270 0 34
3271 0 33
3272 0 34
3273 0 33
3274 0 33
3275 0 34
3276 0 33
3277 0 34
3278 0 34
3279 0 34
3280 0 34
3281 0 34
3282 0 33
3283 0 35
3284 0 34
3285 0 34
3286 0 35
3287 0 34
3288 0 35
3289 0 35
3290 0 34
3291 0 34
3292 0 34
3293 0 35
3294 0 35
3295 0 34
3296 0 33
3297 0 35
3298 0 34
3299 0 34
3300 0 35
3301 0 34
3302 0 35
3303 0 35
3304 0 34
3305 0 34
3306 0 34
3307 0 35
3308 0 35
3309 0 35
3310 0 34
3311 0 35
3312 0 34
3313 0 35
3314 0 35
3315 0 35
3316 0 34
3317 0 34
3318 0 34
3319 0 34
3320 0 34
3321 0 34
3322 0 34
3323 0 34
3324 0 34
3325 0 34
3326 0 34
3327 0 34
3328 0 34
3329 0 34
3330 0 34
3331 0 34
3332 0 35
3333 0 35
3334 0 35
3335 0 34
3336 0 35
3337 0 34
3338 0 35
3339 0 35
3340 0 35
3341 0 34
3342 0 34
3343 0 34
3344 0 34
3345 0 34
3346 0 34
3347 0 34
3348 0 34
3349 0 34
3350 0 34
3351 0 33
3352 0 33
3353 0 35
3354 0 34
3355 0 34
3356 0 35
3357 0 34
3358 0 35
3359 0 35
3360 0 34
3361 0 34
3362 0 34
3363 0 35
3364 0 35
3365 0 34
3366 0 33
3367 0 35
3368 0 34
3369 0 34
3370 0 35
3371 0 34
3372 0 35
3373 0 35
3374 0 34
3375 0 34
3376 0 34
3377 0 35
3378 0 35
3379 0 35
3380 0 34
3381 0 35
3382 0 34
3383 0 35
3384 0 35
3385 0 35
3386 0 34
3387 0 34
3388 0 34
3389 0 34
3390 0 34
3391 0 34
3392 0 34
3393 0 34
3394 0 34
3395 0 34
3396 0 34
3397 0 34
3398 0 34
3399 0 34
3400 0 34
3401 0 34
3402 0 34
3403 0 34
3404 0 34
3405 0 33
3406 0 34
3407 0 33
3408 0 34
3409 0 34
3410 0 34
3411 0 33
3412 0 34
3413 0 34
3414 0 34
3415 0 34
3416 0 34
3417 0 34
3418 0 34
3419 0 34
3420 0 34
3421 0 33
3422 0 33
3423 0 34
3424 0 34
3425 0 34
3426 0 34
3427 0 34
3428 0 34
3429 0 34
3430 0 33
3431 0 33
3432 0 33
3433 0 34
3434 0 34
3435 0 34
3436 0 33
3437 0 34
3438 0 33
3439 0 34
3440 0 34
3441 0 34
3442 0 33
3443 0 34
3444 0 34
3445 0 34
3446 0 34
3447 0 34
3448 0 34
3449 0 34
3450 0 34
3451 0 34
3452 0 33
3453 0 33
3454 0 34
3455 0 34
3456 0 34
3457 0 33
3458 0 34
3459 0 33
3460 0 34
3461 0 34
3462 0 34
3463 0 33
3464 0 34
3465 0 34
3466 0 34
3467 0 34
3468 0 34
3469 0 34
3470 0 34
3471 0 34
3472 0 34
3473 0 33
3474 0 33
3475 0 34
3476 0 34
3477 0 34
3478 0 34
3479 0 34
3480 0 34
3481 0 34
3482 0 33
3483 0 33
3484 0 33
3485 0 34
3486 0 34
3487 0 34
3488 0 33
3489 0 34
3490 0 33
3491 0 34
3492 0 34
3493 0 34
3494 0 33
3495 0 34
3496 0 34
3497 0 34
3498 0 34
3499 0 34
3500 0 34
3501 0 34
3502 0 34
3503 0 34
3504 0 33
3505 0 33
3506 0 34
3507 0 33
3508 0 33
3509 0 34
3510 0 33
3511 0 34
3512 0 34
3513 0 33
3514 0 33
3515 0 33
3516 0 34
3517 0 34
3518 0 33
3519 0 32
3520 0 34
3521 0 33
3522 0 33
3523 0 34
3524 0 33
3525 0 34
3526 0 34
3527 0 33
3528 0 33
3529 0 33
3530 0 34
3531 0 34
3532 0 34
3533 0 33
3534 0 34
3535 0 33
3536 0 34
3537 0 34
3538 0 34
3539 0 33
3540 0 34
3541 0 34
3542 0 34
3543 0 33
3544 0 34
3545 0 33
3546 0 34
3547 0 34
3548 0 34
3549 0 33
3550 0 34
3551 0 33
3552 0 33
3553 0 34
3554 0 33
3555 0 34
3556 0 34
3557 0 34
3558 0 34
3559 0 33
3560 0 33
3561 0 35
3562 0 34
3563 0 35
3564 0 34
3565 0 34
3566 0 34
3567 0 34
3568 0 34
3569 0 34
3570 0 34
3571 0 34
3572 0 35
3573 0 34
3574 0 35
3575 0 34
3576 0 34
3577 0 34
3578 0 34
3579 0 34
3580 0 34
3581 0 35
3582 0 34
3583 0 35
3584 0 34
3585 0 34
3586 0 35
3587 0 34
3588 0 34
3589 0 33
3590 0 34
3591 0 34
3592 0 33
3593 0 34
3594 0 33
3595 0 33
3596 0 34
3597 0 34
3598 0 34
3599 0 34
3600 0 35
3601 0 34
3602 0 35
3603 0 34
3604 0 34
3605 0 35
3606 0 34
3607 0 34
3608 0 33
3609 0 34
3610 0 33
3611 0 33
3612 0 33
3613 0 33
3614 0 33
3615 0 33
3616 0 35
3617 0 34
3618 0 35
3619 0 34
3620 0 34
3621 0 34
3622 0 34
3623 0 34
3624 0 34
3625 0 34
3626 0 34
3627 0 35
3628 0 34
3629 0 35
3630 0 34
3631 0 34
3632 0 34
3633 0 34
3634 0 34
3635 0 34
3636 0 35
3637 0 34
3638 0 35
3639 0 34
3640 0 34
3641 0 35
3642 0 34
3643 0 34
3644 0 33
3645 0 34
3646 0 34
3647 0 33
3648 0 34
3649 0 33
3650 0 33
3651 0 34
3652 0 34
3653 0 34
3654 0 34
3655 0 35
3656 0 34
3657 0 35
3658 0 34
3659 0 34
3660 0 35
3661 0 34
3662 0 35
3663 0 34
3664 0 35
3665 0 34
3666 0 34
3667 0 34
3668 0 34
3669 0 34
3670 0 34
3671 0 35
3672 0 34
3673 0 35
3674 0 34
3675 0 34
3676 0 34
3677 0 34
3678 0 34
3679 0 34
3680 0 35
3681 0 34
3682 0 35
3683 0 34
3684 0 34
3685 0 35
3686 0 34
3687 0 35
3688 0 34
3689 0 35
3690 0 34
3691 0 34
3692 0 34
3693 0 34
3694 0 34
3695 0 34
3696 0 34
3697 0 33
3698 0 34
3699 0 34
3700 0 34
3701 0 34
3702 0 34
3703 0 34
3704 0 34
3705 0 34
3706 0 33
3707 0 34
3708 0 33
3709 0 34
3710 0 34
3711 0 34
3712 0 34
3713 0 34
3714 0 34
3715 0 33
3716 0 34
3717 0 34
3718 0 34
3719 0 34
3720 0 34
3721 0 34
3722 0 34
3723 0 34
3724 0 33
3725 0 34
3726 0 33
3727 0 34
3728 0 34
3729 0 34
3730 0 34
3731 0 34
3732 0 33
3733 0 33
3734 0 34
3735 0 33
3736 0 34
3737 0 33
3738 0 33
3739 0 34
3740 0 33
3741 0 34
3742 0 33
3743 0 34
3744 0 34
3745 0 33
3746 0 34
3747 0 33
3748 0 33
3749 0 34
3750 0 34
3751 0 34
3752 0 34
3753 0 35
3754 0 34
3755 0 35
3756 0 34
3757 0 34
3758 0 35
3759 0 34
3760 0 35
3761 0 34
3762 0 35
3763 0 34
3764 0 34
3765 0 34
3766 0 34
3767 0 34
3768 0 34
3769 0 35
3770 0 34
3771 0 35
3772 0 34
3773 0 34
3774 0 34
3775 0 34
3776 0 34
3777 0 34
3778 0 35
3779 0 34
3780 0 35
3781 0 34
3782 0 34
3783 0 35
3784 0 34
3785 0 35
3786 0 34
3787 0 35
3788 0 34
3789 0 34
3790 0 34
3791 0 34
3792 0 34
3793 0 34
3794 0 34
3795 0 33
3796 0 34
3797 0 34
3798 0 34
3799 0 34
3800 0 34
3801 0 34
3802 0 34
3803 0 34
3804 0 33
3805 0 34
3806 0 33
3807 0 34
3808 0 34
3809 0 34
3810 0 34
3811 0 34
3812 0 33
3813 0 33
3814 0 34
3815 0 33
3816 0 34
3817 0 33
3818 0 33
3819 0 34
3820 0 33
3821 0 33
3822 0 33
3823 0 34
3824 0 33
3825 0 34
3826 0 33
3827 0 33
3828 0 34
3829 0 33
3830 0 33
3831 0 32
3832 0 33
3833 0 33
3834 0 33
3835 0 33
3836 0 33
3837 0 33
3838 0 33
3839 0 35
3840 0 34
3841 0 35
3842 0 34
3843 0 34
3844 0 34
3845 0 34
3846 0 34
3847 0 34
3848 0 34
3849 0 34
3850 0 35
3851 0 34
3852 0 35
3853 0 34
3854 0 34
3855 0 34
3856 0 34
3857 0 34
3858 0 34
3859 0 35
3860 0 34
3861 0 35
3862 0 34
3863 0 34
3864 0 35
3865 0 34
3866 0 34
3867 0 33
3868 0 34
3869 0 34
3870 0 33
3871 0 34
3872 0 33
3873 0 33
3874 0 34
3875 0 34
3876 0 34
3877 0 34
3878 0 35
3879 0 34
3880 0 35
3881 0 34
3882 0 34
3883 0 35
3884 0 34
3885 0 34
3886 0 33
3887 0 34
3888 0 33
3889 0 33
3890 0 33
3891 0 33
3892 0 33
3893 0 33
3894 0 35
3895 0 34
3896 0 35
3897 0 34
3898 0 34
3899 0 34
3900 0 34
3901 0 34
3902 0 34
3903 0 34
3904 0 34
3905 0 35
3906 0 34
3907 0 35
3908 0 34
3909 0 34
3910 0 34
3911 0 34
3912 0 34
3913 0 34
3914 0 35
3915 0 34
3916 0 35
3917 0 34
3918 0 34
3919 0 35
3920 0 34
3921 0 34
3922 0 33
3923 0 34
3924 0 34
3925 0 33
3926 0 34
3927 0 33
3928 0 33
3929 0 34
3930 0 34
3931 0 34
3932 0 34
3933 0 35
3934 0 34
3935 0 35
3936 0 34
3937 0 34
3938 0 35
3939 0 34
3940 0 35
3941 0 34
3942 0 35
3943 0 34
3944 0 34
3945 0 34
3946 0 34
3947 0 34
3948 0 34
3949 0 35
3950 0 34
3951 0 35
3952 0 34
3953 0 34
3954 0 34
3955 0 34
3956 0 34
3957 0 34
3958 0 35
3959 0 34
3960 0 35
3961 0 34
3962 0 34
3963 0 35
3964 0 34
3965 0 35
3966 0 34
3967 0 35
3968 0 34
3969 0 34
3970 0 34
3971 0 34
3972 0 34
3973 0 34
3974 0 34
3975 0 33
3976 0 34
3977 0 34
3978 0 34
3979 0 34
3980 0 34
3981 0 34
3982 0 34
3983 0 34
3984 0 33
3985 0 34
3986 0 33
3987 0 34
3988 0 34
3989 0 34
3990 0 34
3991 0 34
3992 0 34
3993 0 33
3994 0 34
3995 0 34
3996 0 34
3997 0 34
3998 0 34
3999 0 34
4000 0 34
4001 0 34
4002 0 33
4003 0 34
4004 0 33
4005 0 34
4006 0 34
4007 0 34
4008 0 34
4009 0 34
4010 0 33
4011 0 33
4012 0 34
4013 0 33
4014 0 34
4015 0 33
4016 0 33
4017 0 34
4018 0 33
4019 0 34
4020 0 33
4021 0 34
4022 0 34
4023 0 33
4024 0 34
4025 0 33
4026 0 33
4027 0 34
4028 0 34
4029 0 34
4030 0 34
4031 0 34
4032 0 34
4033 0 34
4034 0 33
4035 0 34
4036 0 34
4037 0 33
4038 0 33
4039 0 34
4040 0 34
4041 0 34
4042 0 34
4043 0 34
4044 0 33
4045 0 34
4046 0 34
4047 0 34
4048 0 34
4049 0 34
4050 0 34
4051 0 34
4052 0 34
4053 0 34
4054 0 34
4055 0 34
4056 0 34
4057 0 34
4058 0 34
4059 0 34
4060 0 33
4061 0 33
4062 0 33
4063 0 34
4064 0 34
4065 0 34
4066 0 34
4067 0 34
4068 0 34
4069 0 34
4070 0 34
4071 0 34
4072 0 34
4073 0 34
4074 0 34
4075 0 33
4076 0 33
4077 0 33
4078 0 33
4079 0 33
4080 0 33
4081 0 34
4082 0 34
4083 0 34
4084 0 34
4085 0 34
4086 0 33
4087 0 34
4088 0 34
4089 0 33
4090 0 33
4091 0 34
4092 0 34
4093 0 34
4094 0 34
4095 0 34
4096 0 33
4097 0 34
4098 0 34
4099 0 34
4100 0 34
4101 0 34
4102 0 34
4103 0 34
4104 0 34
4105 0 34
4106 0 34
4107 0 34
4108 0 34
4109 0 34
4110 0 34
4111 0 34
4112 0 33
4113 0 33
4114 0 33
4115 0 34
4116 0 34
4117 0 34
4118 0 34
4119 0 34
4120 0 33
4121 0 34
4122 0 34
4123 0 33
4124 0 33
4125 0 34
4126 0 34
4127 0 34
4128 0 34
4129 0 34
4130 0 33
4131 0 34
4132 0 34
4133 0 34
4134 0 34
4135 0 34
4136 0 34
4137 0 34
4138 0 34
4139 0 34
4140 0 34
4141 0 34
4142 0 34
4143 0 34
4144 0 34
4145 0 34
4146 0 33
4147 0 33
4148 0 33
4149 0 34
4150 0 34
4151 0 34
4152 0 34
4153 0 34
4154 0 34
4155 0 34
4156 0 34
4157 0 34
4158 0 34
4159 0 34
4160 0 34
4161 0 33
4162 0 33
4163 0 33
4164 0 33
4165 0 33
4166 0 33
4167 0 34
4168 0 34
4169 0 34
4170 0 34
4171 0 34
4172 0 33
4173 0 34
4174 0 34
4175 0 33
4176 0 33
4177 0 34
4178 0 34
4179 0 34
4180 0 34
4181 0 34
4182 0 33
4183 0 34
4184 0 34
4185 0 34
4186 0 34
4187 0 34
4188 0 34
4189 0 34
4190 0 34
4191 0 34
4192 0 34
4193 0 34
4194 0 34
4195 0 34
4196 0 34
4197 0 34
4198 0 33
4199 0 33
4200 0 33
4201 0 34
4202 0 34
4203 0 33
4204 0 33
4205 0 33
4206 0 34
4207 0 34
4208 0 33
4209 0 33
4210 0 34
4211 0 34
4212 0 34
4213 0 33
4214 0 33
4215 0 33
4216 0 33
4217 0 33
4218 0 33
4219 0 34
4220 0 34
4221 0 34
4222 0 33
4223 0 33
4224 0 32
4225 0 34
4226 0 34
4227 0 33
4228 0 33
4229 0 33
4230 0 34
4231 0 34
4232 0 33
4233 0 33
4234 0 34
4235 0 34
4236 0 34
4237 0 33
4238 0 33
4239 0 33
4240 0 33
4241 0 33
4242 0 33
4243 0 34
4244 0 34
4245 0 34
4246 0 34
4247 0 34
4248 0 33
4249 0 34
4250 0 34
4251 0 33
4252 0 33
4253 0 34
4254 0 34
4255 0 34
4256 0 34
4257 0 34
4258 0 33
4259 0 34
4260 0 34
4261 0 34
4262 0 34
4263 0 34
4264 0 33
4265 0 34
4266 0 34
4267 0 33
4268 0 33
4269 0 34
4270 0 34
4271 0 34
4272 0 34
4273 0 34
4274 0 33
4275 0 34
4276 0 34
4277 0 33
4278 0 33
4279 0 33
4280 0 34
4281 0 34
4282 0 33
4283 0 33
4284 0 34
4285 0 34
4286 0 34
4287 0 34
4288 0 34
4289 0 34
4290 0 33
4291 0 33
4292 0 33
4293 0 35
4294 0 34
4295 0 35
4296 0 34
4297 0 34
4298 0 34
4299 0 34
4300 0 34
4301 0 34
4302 0 34
4303 0 34
4304 0 35
4305 0 34
4306 0 35
4307 0 34
4308 0 34
4309 0 34
4310 0 34
4311 0 34
4312 0 34
4313 0 35
4314 0 34
4315 0 35
4316 0 34
4317 0 34
4318 0 35
4319 0 34
4320 0 34
4321 0 33
4322 0 34
4323 0 34
4324 0 33
4325 0 34
4326 0 33
4327 0 33
4328 0 34
4329 0 34
4330 0 34
4331 0 34
4332 0 35
4333 0 34
4334 0 35
4335 0 34
4336 0 34
4337 0 35
4338 0 34
4339 0 34
4340 0 33
4341 0 34
4342 0 33
4343 0 33
4344 0 33
4345 0 33
4346 0 33
4347 0 33
4348 0 35
4349 0 34
4350 0 35
4351 0 34
4352 0 34
4353 0 34
4354 0 34
4355 0 34
4356 0 34
4357 0 34
4358 0 34
4359 0 35
4360 0 34
4361 0 35
4362 0 34
4363 0 34
4364 0 34
4365 0 34
4366 0 34
4367 0 34
4368 0 35
4369 0 34
4370 0 35
4371 0 34
4372 0 34
4373 0 35
4374 0 34
4375 0 34
4376 0 33
4377 0 34
4378 0 34
4379 0 33
4380 0 34
4381 0 33
4382 0 33
4383 0 34
4384 0 34
4385 0 34
4386 0 34
4387 0 35
4388 0 34
4389 0 35
4390 0 34
4391 0 34
4392 0 35
4393 0 34
4394 0 35
4395 0 34
4396 0 35
4397 0 34
4398 0 34
4399 0 34
4400 0 34
4401 0 34
4402 0 34
4403 0 35
4404 0 34
4405 0 35
4406 0 34
4407 0 34
4408 0 34
4409 0 34
4410 0 34
4411 0 34
4412 0 35
4413 0 34
4414 0 35
4415 0 34
4416 0 34
4417 0 35
4418 0 34
4419 0 35
4420 0 34
4421 0 35
4422 0 34
4423 0 34
4424 0 34
4425 0 34
4426 0 34
4427 0 34
4428 0 34
4429 0 33
4430 0 34
4431 0 34
4432 0 34
4433 0 34
4434 0 34
4435 0 34
4436 0 34
4437 0 34
4438 0 33
4439 0 34
4440 0 33
4441 0 34
4442 0 34
4443 0 34
4444 0 34
4445 0 34
4446 0 34
4447 0 33
4448 0 34
4449 0 34
4450 0 34
4451 0 34
4452 0 34
4453 0 34
4454 0 34
4455 0 34
4456 0 33
4457 0 34
4458 0 33
4459 0 34
4460 0 34
4461 0 34
4462 0 34
4463 0 34
4464 0 33
4465 0 33
4466 0 34
4467 0 33
4468 0 34
4469 0 33
4470 0 33
4471 0 34
4472 0 33
4473 0 34
4474 0 33
4475 0 34
4476 0 34
4477 0 33
4478 0 34
4479 0 33
4480 0 33
4481 0 34
4482 0 34
4483 0 34
4484 0 34
4485 0 35
4486 0 34
4487 0 35
4488 0 34
4489 0 34
4490 0 35
4491 0 34
4492 0 35
4493 0 34
4494 0 35
4495 0 34
4496 0 34
4497 0 34
4498 0 34
4499 0 34
4500 0 34
4501 0 35
4502 0 34
4503 0 35
4504 0 34
4505 0 34
4506 0 34
4507 0 34
4508 0 34
4509 0 34
4510 0 35
4511 0 34
4512 0 35
4513 0 34
4514 0 34
4515 0 35
4516 0 34
4517 0 35
4518 0 34
4519 0 35
4520 0 34
4521 0 34
4522 0 34
4523 0 34
4524 0 34
4525 0 34
4526 0 34
4527 0 33
4528 0 34
4529 0 34
4530 0 34
4531 0 34
4532 0 34
4533 0 34
4534 0 34
4535 0 34
4536 0 33
4537 0 34
4538 0 33
4539 0 34
4540 0 34
4541 0 34
4542 0 34
4543 0 34
4544 0 33
4545 0 33
4546 0 34
4547 0 33
4548 0 34
4549 0 33
4550 0 33
4551 0 34
4552 0 33
4553 0 33
4554 0 33
4555 0 34
4556 0 33
4557 0 34
4558 0 33
4559 0 33
4560 0 34
4561 0 33
4562 0 33
4563 0 32
4564 0 33
4565 0 33
4566 0 33
4567 0 33
4568 0 33
4569 0 33
4570 0 33
4571 0 35
4572 0 34
4573 0 35
4574 0 34
4575 0 34
4576 0 34
4577 0 34
4578 0 34
4579 0 34
4580 0 34
4581 0 34
4582 0 35
4583 0 34
4584 0 35
4585 0 34
4586 0 34
4587 0 34
4588 0 34
4589 0 34
4590 0 34
4591 0 35
4592 0 34
4593 0 35
4594 0 34
4595 0 34
4596 0 35
4597 0 34
4598 0 34
4599 0 33
4600 0 34
4601 0 34
4602 0 33
4603 0 34
4604 0 33
4605 0 33
4606 0 34
4607 0 34
4608 0 34
4609 0 34
4610 0 35
4611 0 34
4612 0 35
4613 0 34
4614 0 34
4615 0 35
4616 0 34
4617 0 34
4618 0 33
4619 0 34
4620 0 33
4621 0 33
4622 0 33
4623 0 33
4624 0 33
4625 0 33
4626 0 35
4627 0 34
4628 0 35
4629 0 34
4630 0 34
4631 0 34
4632 0 34
4633 0 34
4634 0 34
4635 0 34
4636 0 34
4637 0 35
4638 0 34
4639 0 35
4640 0 34
4641 0 34
4642 0 34
4643 0 34
4644 0 34
4645 0 34
4646 0 35
4647 0 34
4648 0 35
4649 0 34
4650 0 34
4651 0 35
4652 0 34
4653 0 34
4654 0 33
4655 0 34
4656 0 34
4657 0 33
4658 0 34
4659 0 33
4660 0 33
4661 0 34
4662 0 34
4663 0 34
4664 0 34
4665 0 35
4666 0 34
4667 0 35
4668 0 34
4669 0 34
4670 0 35
4671 0 34
4672 0 35
4673 0 34
4674 0 35
4675 0 34
4676 0 34
4677 0 34
4678 0 34
4679 0 34
4680 0 34
4681 0 35
4682 0 34
4683 0 35
4684 0 34
4685 0 34
4686 0 34
4687 0 34
4688 0 34
4689 0 34
4690 0 35
4691 0 34
4692 0 35
4693 0 34
4694 0 34
4695 0 35
4696 0 34
4697 0 35
4698 0 34
4699 0 35
4700 0 34
4701 0 34
4702 0 34
4703 0 34
4704 0 34
4705 0 34
4706 0 34
4707 0 33
4708 0 34
4709 0 34
4710 0 34
4711 0 34
4712 0 34
4713 0 34
4714 0 34
4715 0 34
4716 0 33
4717 0 34
4718 0 33
4719 0 34
4720 0 34
4721 0 34
4722 0 34
4723 0 34
4724 0 34
4725 0 33
4726 0 34
4727 0 34
4728 0 34
4729 0 34
4730 0 34
4731 0 34
4732 0 34
4733 0 34
4734 0 33
4735 0 34
4736 0 33
4737 0 34
4738 0 34
4739 0 34
4740 0 34
4741 0 34
4742 0 33
4743 0 33
4744 0 34
4745 0 33
4746 0 34
4747 0 33
4748 0 33
4749 0 34
4750 0 33
4751 0 34
4752 0 33
4753 0 34
4754 0 34
4755 0 33
4756 0 34
4757 0 33
4758 0 33
4759 0 34
4760 0 34
4761 0 34
4762 0 34
4763 0 34
4764 0 34
4765 0 34
4766 0 34
4767 0 34
4768 0 34
4769 0 34
4770 0 34
4771 0 33
4772 0 34
4773 0 33
4774 0 33
4775 0 33
4776 0 33
4777 0 33
4778 0 33
4779 0 34
4780 0 33
4781 0 34
4782 0 33
4783 0 33
4784 0 33
4785 0 33
4786 0 34
4787 0 34
4788 0 34
4789 0 34
4790 0 34
4791 0 34
4792 0 34
4793 0 34
4794 0 34
4795 0 34
4796 0 33
4797 0 34
4798 0 33
4799 0 33
4800 0 33
4801 0 33
4802 0 33
4803 0 33
4804 0 34
4805 0 33
4806 0 34
4807 0 34
4808 0 34
4809 0 34
4810 0 34
4811 0 34
4812 0 34
4813 0 34
4814 0 33
4815 0 34
4816 0 33
4817 0 34
4818 0 34
4819 0 34
4820 0 34
4821 0 34
4822 0 33
4823 0 33
4824 0 34
4825 0 33
4826 0 34
4827 0 33
4828 0 33
4829 0 34
4830 0 33
4831 0 33
4832 0 33
4833 0 34
4834 0 33
4835 0 34
4836 0 33
4837 0 33
4838 0 34
4839 0 33
4840 0 33
4841 0 32
4842 0 33
4843 0 33
4844 0 33
4845 0 33
4846 0 33
4847 0 33
4848 0 33
4849 0 34
4850 0 33
4851 0 34
4852 0 34
4853 0 34
4854 0 34
4855 0 34
4856 0 34
4857 0 34
4858 0 34
4859 0 33
4860 0 34
4861 0 33
4862 0 34
4863 0 34
4864 0 34
4865 0 34
4866 0 34
4867 0 33
4868 0 33
4869 0 34
4870 0 33
4871 0 34
4872 0 33
4873 0 33
4874 0 34
4875 0 33
4876 0 33
4877 0 32
4878 0 33
4879 0 33
4880 0 32
4881 0 33
4882 0 32
4883 0 32
4884 0 33
4885 0 33
4886 0 34
4887 0 34
4888 0 34
4889 0 34
4890 0 34
4891 0 34
4892 0 34
4893 0 34
4894 0 34
4895 0 34
4896 0 33
4897 0 34
4898 0 33
4899 0 33
4900 0 33
4901 0 33
4902 0 33
4903 0 33
4904 0 34
4905 0 33
4906 0 34
4907 0 33
4908 0 33
4909 0 33
4910 0 33
4911 0 34
4912 0 34
4913 0 34
4914 0 34
4915 0 34
4916 0 34
4917 0 34
4918 0 34
4919 0 34
4920 0 34
4921 0 33
4922 0 34
4923 0 33
4924 0 33
4925 0 33
4926 0 33
4927 0 33
4928 0 33
4929 0 34
4930 0 33
4931 0 34
4932 0 34
4933 0 34
4934 0 34
4935 0 34
4936 0 34
4937 0 34
4938 0 34
4939 0 33
4940 0 34
4941 0 33
4942 0 34
4943 0 34
4944 0 34
4945 0 34
4946 0 34
4947 0 33
4948 0 33
4949 0 34
4950 0 33
4951 0 34
4952 0 33
4953 0 33
4954 0 34
4955 0 33
4956 0 33
4957 0 33
4958 0 34
4959 0 33
4960 0 34
4961 0 33
4962 0 33
4963 0 34
4964 0 33
4965 0 33
4966 0 32
4967 0 33
4968 0 33
4969 0 33
4970 0 33
4971 0 33
4972 0 33
4973 0 33
4974 0 34
4975 0 34
4976 0 34
4977 0 34
4978 0 34
4979 0 33
4980 0 33
4981 0 34
4982 0 34
4983 0 33
4984 0 33
4985 0 34
4986 0 34
4987 0 34
4988 0 34
4989 0 34
4990 0 33
4991 0 33
4992 0 34
4993 0 34
4994 0 34
4995 0 34
4996 0 34
4997 0 34
4998 0 34
4999 0 34
5000 0 34
5001 0 33
5002 0 33
5003 0 33
5004 0 33
5005 0 33
5006 0 33
5007 0 33
5008 0 33
5009 0 33
5010 0 33
5011 0 34
5012 0 34
5013 0 34
5014 0 34
5015 0 34
5016 0 34
5017 0 34
5018 0 34
5019 0 34
5020 0 33
5021 0 33
5022 0 33
5023 0 33
5024 0 33
5025 0 33
5026 0 33
5027 0 32
5028 0 33
5029 0 34
5030 0 34
5031 0 34
5032 0 34
5033 0 34
5034 0 33
5035 0 33
5036 0 34
5037 0 34
5038 0 33
5039 0 33
5040 0 34
5041 0 34
5042 0 34
5043 0 34
5044 0 34
5045 0 33
5046 0 33
5047 0 34
5048 0 34
5049 0 34
5050 0 34
5051 0 34
5052 0 34
5053 0 34
5054 0 34
5055 0 34
5056 0 33
5057 0 33
5058 0 33
5059 0 33
5060 0 33
5061 0 33
5062 0 33
5063 0 33
5064 0 33
5065 0 33
5066 0 34
5067 0 34
5068 0 34
5069 0 34
5070 0 34
5071 0 33
5072 0 33
5073 0 34
5074 0 34
5075 0 33
5076 0 33
5077 0 34
5078 0 34
5079 0 34
5080 0 34
5081 0 34
5082 0 33
5083 0 33
5084 0 34
5085 0 34
5086 0 34
5087 0 34
5088 0 34
5089 0 34
5090 0 34
5091 0 34
5092 0 34
5093 0 33
5094 0 33
5095 0 33
5096 0 33
5097 0 33
5098 0 33
5099 0 33
5100 0 33
5101 0 33
5102 0 33
5103 0 34
5104 0 34
5105 0 34
5106 0 34
5107 0 34
5108 0 34
5109 0 34
5110 0 34
5111 0 34
5112 0 33
5113 0 33
5114 0 33
5115 0 33
5116 0 33
5117 0 33
5118 0 33
5119 0 32
5120 0 33
5121 0 34
5122 0 34
5123 0 34
5124 0 34
5125 0 34
5126 0 33
5127 0 33
5128 0 34
5129 0 34
5130 0 33
5131 0 33
5132 0 34
5133 0 34
5134 0 34
5135 0 34
5136 0 34
5137 0 33
5138 0 33
5139 0 34
5140 0 34
5141 0 34
5142 0 34
5143 0 34
5144 0 34
5145 0 34
5146 0 34
5147 0 34
5148 0 33
5149 0 33
5150 0 33
5151 0 33
5152 0 33
5153 0 33
5154 0 33
5155 0 33
5156 0 33
5157 0 33
5158 0 34
5159 0 34
5160 0 33
5161 0 33
5162 0 33
5163 0 34
5164 0 34
5165 0 33
5166 0 33
5167 0 33
5168 0 33
5169 0 33
5170 0 33
5171 0 33
5172 0 33
5173 0 33
5174 0 32
5175 0 33
5176 0 33
5177 0 33
5178 0 33
5179 0 33
5180 0 33
5181 0 32
5182 0 32
5183 0 34
5184 0 34
5185 0 33
5186 0 33
5187 0 33
5188 0 34
5189 0 34
5190 0 33
5191 0 33
5192 0 33
5193 0 33
5194 0 33
5195 0 33
5196 0 33
5197 0 33
5198 0 33
5199 0 32
5200 0 33
5201 0 34
5202 0 33
5203 0 34
5204 0 34
5205 0 34
5206 0 33
5207 0 33
5208 0 34
5209 0 34
5210 0 33
5211 0 33
5212 0 34
5213 0 33
5214 0 34
5215 0 34
5216 0 34
5217 0 33
5218 0 33
5219 0 34
5220 0 33
5221 0 34
5222 0 34
5223 0 34
5224 0 33
5225 0 33
5226 0 34
5227 0 34
5228 0 33
5229 0 33
5230 0 34
5231 0 33
5232 0 34
5233 0 34
5234 0 34
5235 0 33
5236 0 33
5237 0 33
5238 0 33
5239 0 33
5240 0 33
5241 0 33
5242 0 33
5243 0 33
5244 0 33
5245 0 33
5246 0 33
5247 0 33
5248 0 33
5249 0 33
5250 0 33
5251 0 33
5252 0 33
5253 0 33
5254 0 33
5255 0 33
5256 0 35
5257 0 35
5258 0 35
5259 0 34
5260 0 35
5261 0 35
5262 0 35
5263 0 34
5264 0 35
5265 0 34
5266 0 34
5267 0 34
5268 0 34
5269 0 35
5270 0 34
5271 0 35
5272 0 34
5273 0 34
5274 0 34
5275 0 34
5276 0 34
5277 0 35
5278 0 35
5279 0 35
5280 0 34
5281 0 35
5282 0 35
5283 0 35
5284 0 34
5285 0 35
5286 0 34
5287 0 34
5288 0 34
5289 0 34
5290 0 35
5291 0 34
5292 0 35
5293 0 34
5294 0 35
5295 0 34
5296 0 34
5297 0 34
5298 0 35
5299 0 34
5300 0 35
5301 0 34
5302 0 35
5303 0 34
5304 0 35
5305 0 34
5306 0 34
5307 0 34
5308 0 34
5309 0 34
5310 0 34
5311 0 33
5312 0 34
5313 0 34
5314 0 34
5315 0 34
5316 0 34
5317 0 33
5318 0 34
5319 0 34
5320 0 34
5321 0 33
5322 0 34
5323 0 33
5324 0 34
5325 0 34
5326 0 34
5327 0 35
5328 0 34
5329 0 35
5330 0 34
5331 0 35
5332 0 34
5333 0 34
5334 0 34
5335 0 35
5336 0 34
5337 0 35
5338 0 34
5339 0 35
5340 0 34
5341 0 35
5342 0 34
5343 0 34
5344 0 34
5345 0 34
5346 0 34
5347 0 34
5348 0 33
5349 0 34
5350 0 34
5351 0 34
5352 0 33
5353 0 34
5354 0 33
5355 0 34
5356 0 33
5357 0 34
5358 0 33
5359 0 33
5360 0 34
5361 0 34
5362 0 33
5363 0 35
5364 0 35
5365 0 35
5366 0 34
5367 0 35
5368 0 35
5369 0 35
5370 0 34
5371 0 35
5372 0 34
5373 0 34
5374 0 34
5375 0 34
5376 0 35
5377 0 34
5378 0 35
5379 0 34
5380 0 34
5381 0 34
5382 0 34
5383 0 34
5384 0 35
5385 0 35
5386 0 35
5387 0 34
5388 0 35
5389 0 35
5390 0 35
5391 0 34
5392 0 35
5393 0 34
5394 0 34
5395 0 34
5396 0 34
5397 0 35
5398 0 34
5399 0 35
5400 0 34
5401 0 35
5402 0 34
5403 0 34
5404 0 34
5405 0 35
5406 0 34
5407 0 35
5408 0 34
5409 0 35
5410 0 34
5411 0 35
5412 0 34
5413 0 34
5414 0 34
5415 0 34
5416 0 34
5417 0 34
5418 0 33
5419 0 34
5420 0 34
5421 0 34
5422 0 34
5423 0 34
5424 0 33
5425 0 34
5426 0 34
5427 0 34
5428 0 33
5429 0 34
5430 0 33
5431 0 34
5432 0 34
5433 0 34
5434 0 35
5435 0 34
5436 0 35
5437 0 34
5438 0 35
5439 0 34
5440 0 34
5441 0 34
5442 0 35
5443 0 34
5444 0 35
5445 0 34
5446 0 35
5447 0 34
5448 0 35
5449 0 34
5450 0 34
5451 0 34
5452 0 35
5453 0 35
5454 0 35
5455 0 34
5456 0 35
5457 0 35
5458 0 34
5459 0 34
5460 0 34
5461 0 34
5462 0 34
5463 0 34
5464 0 34
5465 0 34
5466 0 34
5467 0 34
5468 0 34
5469 0 34
5470 0 35
5471 0 35
5472 0 35
5473 0 34
5474 0 35
5475 0 35
5476 0 34
5477 0 34
5478 0 34
5479 0 34
5480 0 34
5481 0 34
5482 0 33
5483 0 35
5484 0 34
5485 0 35
5486 0 34
5487 0 35
5488 0 34
5489 0 34
5490 0 34
5491 0 35
5492 0 34
5493 0 35
5494 0 34
5495 0 35
5496 0 34
5497 0 35
5498 0 34
5499 0 34
5500 0 34
5501 0 35
5502 0 35
5503 0 35
5504 0 34
5505 0 35
5506 0 35
5507 0 34
5508 0 34
5509 0 34
5510 0 34
5511 0 34
5512 0 34
5513 0 34
5514 0 34
5515 0 34
5516 0 34
5517 0 34
5518 0 34
5519 0 34
5520 0 34
5521 0 34
5522 0 33
5523 0 34
5524 0 34
5525 0 34
5526 0 34
5527 0 34
5528 0 34
5529 0 34
5530 0 34
5531 0 33
5532 0 34
5533 0 34
5534 0 34
5535 0 34
5536 0 34
5537 0 33
5538 0 33
5539 0 33
5540 0 34
5541 0 34
5542 0 34
5543 0 33
5544 0 34
5545 0 34
5546 0 34
5547 0 34
5548 0 34
5549 0 34
5550 0 34
5551 0 34
5552 0 33
5553 0 34
5554 0 34
5555 0 34
5556 0 33
5557 0 34
5558 0 34
5559 0 34
5560 0 34
5561 0 34
5562 0 34
5563 0 34
5564 0 34
5565 0 33
5566 0 34
5567 0 34
5568 0 34
5569 0 34
5570 0 34
5571 0 33
5572 0 33
5573 0 33
5574 0 34
5575 0 34
5576 0 34
5577 0 33
5578 0 34
5579 0 34
5580 0 34
5581 0 34
5582 0 34
5583 0 34
5584 0 34
5585 0 34
5586 0 33
5587 0 34
5588 0 33
5589 0 34
5590 0 33
5591 0 34
5592 0 33
5593 0 33
5594 0 33
5595 0 34
5596 0 33
5597 0 34
5598 0 33
5599 0 34
5600 0 33
5601 0 34
5602 0 33
5603 0 33
5604 0 33
5605 0 34
5606 0 34
5607 0 34
5608 0 33
5609 0 34
5610 0 34
5611 0 34
5612 0 34
5613 0 34
5614 0 33
5615 0 34
5616 0 34
5617 0 34
5618 0 33
5619 0 34
5620 0 33
5621 0 34
5622 0 34
5623 0 33
5624 0 35
5625 0 34
5626 0 35
5627 0 34
5628 0 35
5629 0 34
5630 0 34
5631 0 34
5632 0 35
5633 0 34
5634 0 35
5635 0 34
5636 0 35
5637 0 34
5638 0 35
5639 0 34
5640 0 34
5641 0 34
5642 0 35
5643 0 35
5644 0 35
5645 0 34
5646 0 35
5647 0 35
5648 0 34
5649 0 34
5650 0 34
5651 0 34
5652 0 34
5653 0 34
5654 0 34
5655 0 34
5656 0 34
5657 0 34
5658 0 34
5659 0 34
5660 0 35
5661 0 35
5662 0 35
5663 0 34
5664 0 35
5665 0 35
5666 0 34
5667 0 34
5668 0 34
5669 0 34
5670 0 34
5671 0 34
5672 0 33
5673 0 35
5674 0 34
5675 0 35
5676 0 34
5677 0 35
5678 0 34
5679 0 34
5680 0 34
5681 0 35
5682 0 34
5683 0 35
5684 0 34
5685 0 35
5686 0 34
5687 0 35
5688 0 34
5689 0 34
5690 0 34
5691 0 35
5692 0 35
5693 0 35
5694 0 34
5695 0 35
5696 0 35
5697 0 34
5698 0 34
5699 0 34
5700 0 34
5701 0 34
5702 0 34
5703 0 34
5704 0 34
5705 0 34
5706 0 34
5707 0 34
5708 0 34
5709 0 34
5710 0 34
5711 0 34
5712 0 33
5713 0 34
5714 0 34
5715 0 34
5716 0 34
5717 0 34
5718 0 34
5719 0 34
5720 0 34
5721 0 33
5722 0 34
5723 0 34
5724 0 34
5725 0 34
5726 0 34
5727 0 33
5728 0 33
5729 0 33
5730 0 34
5731 0 34
5732 0 34
5733 0 33
5734 0 34
5735 0 34
5736 0 34
5737 0 34
5738 0 34
5739 0 34
5740 0 34
5741 0 34
5742 0 33
5743 0 34
5744 0 33
5745 0 34
5746 0 33
5747 0 34
5748 0 33
5749 0 33
5750 0 33
5751 0 34
5752 0 33
5753 0 34
5754 0 33
5755 0 34
5756 0 33
5757 0 34
5758 0 33
5759 0 33
5760 0 33
5761 0 34
5762 0 33
5763 0 34
5764 0 33
5765 0 34
5766 0 33
5767 0 33
5768 0 33
5769 0 34
5770 0 33
5771 0 34
5772 0 33
5773 0 34
5774 0 33
5775 0 34
5776 0 33
5777 0 33
5778 0 33
5779 0 33
5780 0 33
5781 0 33
5782 0 32
5783 0 33
5784 0 33
5785 0 34
5786 0 33
5787 0 34
5788 0 33
5789 0 34
5790 0 33
5791 0 34
5792 0 33
5793 0 33
5794 0 33
5795 0 33
5796 0 33
5797 0 35
5798 0 35
5799 0 35
5800 0 34
5801 0 35
5802 0 35
5803 0 35
5804 0 34
5805 0 35
5806 0 34
5807 0 34
5808 0 34
5809 0 34
5810 0 35
5811 0 34
5812 0 35
5813 0 34
5814 0 34
5815 0 34
5816 0 34
5817 0 34
5818 0 35
5819 0 35
5820 0 35
5821 0 34
5822 0 35
5823 0 35
5824 0 35
5825 0 34
5826 0 35
5827 0 34
5828 0 34
5829 0 34
5830 0 34
5831 0 35
5832 0 34
5833 0 35
5834 0 34
5835 0 35
5836 0 34
5837 0 34
5838 0 34
5839 0 35
5840 0 34
5841 0 35
5842 0 34
5843 0 35
5844 0 34
5845 0 35
5846 0 34
5847 0 34
5848 0 34
5849 0 34
5850 0 34
5851 0 34
5852 0 33
5853 0 34
5854 0 34
5855 0 34
5856 0 34
5857 0 34
5858 0 33
5859 0 34
5860 0 34
5861 0 34
5862 0 33
5863 0 34
5864 0 33
5865 0 34
5866 0 34
5867 0 34
5868 0 35
5869 0 34
5870 0 35
5871 0 34
5872 0 35
5873 0 34
5874 0 34
5875 0 34
5876 0 35
5877 0 34
5878 0 35
5879 0 34
5880 0 35
5881 0 34
5882 0 35
5883 0 34
5884 0 34
5885 0 34
5886 0 34
5887 0 34
5888 0 34
5889 0 33
5890 0 34
5891 0 34
5892 0 34
5893 0 33
5894 0 34
5895 0 33
5896 0 34
5897 0 33
5898 0 34
5899 0 33
5900 0 33
5901 0 34
5902 0 34
5903 0 33
5904 0 35
5905 0 35
5906 0 35
5907 0 34
5908 0 35
5909 0 35
5910 0 35
5911 0 34
5912 0 35
5913 0 34
5914 0 34
5915 0 34
5916 0 34
5917 0 35
5918 0 34
5919 0 35
5920 0 34
5921 0 34
5922 0 34
5923 0 34
5924 0 34
5925 0 35
5926 0 35
5927 0 35
5928 0 34
5929 0 35
5930 0 35
5931 0 35
5932 0 34
5933 0 35
5934 0 34
5935 0 34
5936 0 34
5937 0 34
5938 0 35
5939 0 34
5940 0 35
5941 0 34
5942 0 35
5943 0 34
5944 0 34
5945 0 34
5946 0 35
5947 0 34
5948 0 35
5949 0 34
5950 0 35
5951 0 34
5952 0 35
5953 0 34
5954 0 34
5955 0 34
5956 0 34
5957 0 34
5958 0 34
5959 0 33
5960 0 34
5961 0 34
5962 0 34
5963 0 34
5964 0 34
5965 0 33
5966 0 34
5967 0 34
5968 0 34
5969 0 33
5970 0 34
5971 0 33
5972 0 34
5973 0 34
5974 0 34
5975 0 35
5976 0 34
5977 0 35
5978 0 34
5979 0 35
5980 0 34
5981 0 34
5982 0 34
5983 0 35
5984 0 34
5985 0 35
5986 0 34
5987 0 35
5988 0 34
5989 0 35
5990 0 34
5991 0 34
5992 0 34
5993 0 35
5994 0 35
5995 0 35
5996 0 34
5997 0 35
5998 0 35
5999 0 34
6000 0 34
6001 0 34
6002 0 34
6003 0 34
6004 0 34
6005 0 34
6006 0 34
6007 0 34
6008 0 34
6009 0 34
6010 0 34
6011 0 35
6012 0 35
6013 0 35
6014 0 34
6015 0 35
6016 0 35
6017 0 34
6018 0 34
6019 0 34
6020 0 34
6021 0 34
6022 0 34
6023 0 33
6024 0 35
6025 0 34
6026 0 35
6027 0 34
6028 0 35
6029 0 34
6030 0 34
6031 0 34
6032 0 35
6033 0 34
6034 0 35
6035 0 34
6036 0 35
6037 0 34
6038 0 35
6039 0 34
6040 0 34
6041 0 34
6042 0 35
6043 0 35
6044 0 35
6045 0 34
6046 0 35
6047 0 35
6048 0 34
6049 0 34
6050 0 34
6051 0 34
6052 0 34
6053 0 34
6054 0 34
6055 0 34
6056 0 34
6057 0 34
6058 0 34
6059 0 34
6060 0 34
6061 0 34
6062 0 34
6063 0 33
6064 0 34
6065 0 34
6066 0 34
6067 0 34
6068 0 34
6069 0 34
6070 0 34
6071 0 34
6072 0 33
6073 0 34
6074 0 34
6075 0 34
6076 0 34
6077 0 34
6078 0 33
6079 0 33
6080 0 33
6081 0 34
6082 0 34
6083 0 34
6084 0 33
6085 0 34
6086 0 34
6087 0 34
6088 0 34
6089 0 34
6090 0 34
6091 0 34
6092 0 34
6093 0 33
6094 0 34
6095 0 34
6096 0 34
6097 0 33
6098 0 34
6099 0 34
6100 0 34
6101 0 34
6102 0 34
6103 0 34
6104 0 34
6105 0 34
6106 0 33
6107 0 34
6108 0 34
6109 0 34
6110 0 34
6111 0 34
6112 0 33
6113 0 33
6114 0 33
6115 0 34
6116 0 34
6117 0 34
6118 0 33
6119 0 34
6120 0 34
6121 0 34
6122 0 34
6123 0 34
6124 0 34
6125 0 34
6126 0 34
6127 0 33
6128 0 34
6129 0 33
6130 0 34
6131 0 33
6132 0 34
6133 0 33
6134 0 33
6135 0 33
6136 0 34
6137 0 33
6138 0 34
6139 0 33
6140 0 34
6141 0 33
6142 0 34
6143 0 33
6144 0 33
6145 0 33
6146 0 34
6147 0 34
6148 0 34
6149 0 33
6150 0 34
6151 0 34
6152 0 34
6153 0 34
6154 0 34
6155 0 33
6156 0 34
6157 0 34
6158 0 34
6159 0 33
6160 0 34
6161 0 33
6162 0 34
6163 0 34
6164 0 33
6165 0 35
6166 0 34
6167 0 35
6168 0 34
6169 0 34
6170 0 34
6171 0 34
6172 0 34
6173 0 34
6174 0 34
6175 0 35
6176 0 34
6177 0 35
6178 0 34
6179 0 34
6180 0 34
6181 0 34
6182 0 34
6183 0 34
6184 0 35
6185 0 35
6186 0 33
6187 0 34
6188 0 35
6189 0 34
6190 0 33
6191 0 34
6192 0 33
6193 0 34
6194 0 33
6195 0 34
6196 0 33
6197 0 33
6198 0 34
6199 0 34
6200 0 33
6201 0 34
6202 0 35
6203 0 35
6204 0 33
6205 0 34
6206 0 35
6207 0 34
6208 0 33
6209 0 34
6210 0 33
6211 0 33
6212 0 33
6213 0 33
6214 0 35
6215 0 34
6216 0 35
6217 0 34
6218 0 34
6219 0 34
6220 0 34
6221 0 34
6222 0 34
6223 0 34
6224 0 35
6225 0 34
6226 0 35
6227 0 34
6228 0 34
6229 0 34
6230 0 34
6231 0 34
6232 0 34
6233 0 35
6234 0 35
6235 0 33
6236 0 34
6237 0 35
6238 0 34
6239 0 33
6240 0 34
6241 0 33
6242 0 34
6243 0 33
6244 0 34
6245 0 33
6246 0 33
6247 0 34
6248 0 34
6249 0 33
6250 0 34
6251 0 35
6252 0 35
6253 0 33
6254 0 34
6255 0 35
6256 0 35
6257 0 34
6258 0 35
6259 0 34
6260 0 34
6261 0 34
6262 0 34
6263 0 35
6264 0 34
6265 0 35
6266 0 34
6267 0 34
6268 0 34
6269 0 34
6270 0 33
6271 0 34
6272 0 35
6273 0 35
6274 0 33
6275 0 34
6276 0 35
6277 0 35
6278 0 34
6279 0 35
6280 0 34
6281 0 34
6282 0 34
6283 0 34
6284 0 34
6285 0 33
6286 0 34
6287 0 33
6288 0 34
6289 0 34
6290 0 34
6291 0 33
6292 0 34
6293 0 34
6294 0 34
6295 0 33
6296 0 34
6297 0 33
6298 0 34
6299 0 34
6300 0 34
6301 0 33
6302 0 34
6303 0 33
6304 0 34
6305 0 33
6306 0 34
6307 0 34
6308 0 34
6309 0 33
6310 0 34
6311 0 34
6312 0 34
6313 0 33
6314 0 34
6315 0 33
6316 0 34
6317 0 34
6318 0 34
6319 0 33
6320 0 33
6321 0 34
6322 0 34
6323 0 32
6324 0 33
6325 0 34
6326 0 34
6327 0 33
6328 0 34
6329 0 33
6330 0 34
6331 0 33
6332 0 34
6333 0 33
6334 0 33
6335 0 34
6336 0 34
6337 0 33
6338 0 34
6339 0 35
6340 0 35
6341 0 33
6342 0 34
6343 0 35
6344 0 35
6345 0 34
6346 0 35
6347 0 34
6348 0 34
6349 0 34
6350 0 34
6351 0 35
6352 0 34
6353 0 35
6354 0 34
6355 0 34
6356 0 34
6357 0 34
6358 0 33
6359 0 34
6360 0 35
6361 0 35
6362 0 33
6363 0 34
6364 0 35
6365 0 35
6366 0 34
6367 0 35
6368 0 34
6369 0 34
6370 0 34
6371 0 34
6372 0 34
6373 0 33
6374 0 34
6375 0 33
6376 0 34
6377 0 34
6378 0 34
6379 0 33
6380 0 34
6381 0 34
6382 0 34
6383 0 33
6384 0 34
6385 0 33
6386 0 34
6387 0 34
6388 0 34
6389 0 33
6390 0 33
6391 0 34
6392 0 34
6393 0 32
6394 0 33
6395 0 34
6396 0 33
6397 0 34
6398 0 34
6399 0 32
6400 0 33
6401 0 34
6402 0 33
6403 0 32
6404 0 33
6405 0 32
6406 0 33
6407 0 33
6408 0 33
6409 0 35
6410 0 34
6411 0 35
6412 0 34
6413 0 34
6414 0 34
6415 0 34
6416 0 34
6417 0 34
6418 0 34
6419 0 35
6420 0 34
6421 0 35
6422 0 34
6423 0 34
6424 0 34
6425 0 34
6426 0 34
6427 0 34
6428 0 35
6429 0 35
6430 0 33
6431 0 34
6432 0 35
6433 0 34
6434 0 33
6435 0 34
6436 0 33
6437 0 34
6438 0 33
6439 0 34
6440 0 33
6441 0 33
6442 0 34
6443 0 34
6444 0 33
6445 0 34
6446 0 35
6447 0 35
6448 0 33
6449 0 34
6450 0 35
6451 0 34
6452 0 33
6453 0 34
6454 0 33
6455 0 33
6456 0 33
6457 0 33
6458 0 35
6459 0 34
6460 0 35
6461 0 34
6462 0 34
6463 0 34
6464 0 34
6465 0 34
6466 0 34
6467 0 34
6468 0 35
6469 0 34
6470 0 35
6471 0 34
6472 0 34
6473 0 34
6474 0 34
6475 0 34
6476 0 34
6477 0 35
6478 0 35
6479 0 33
6480 0 34
6481 0 35
6482 0 34
6483 0 33
6484 0 34
6485 0 33
6486 0 34
6487 0 33
6488 0 34
6489 0 33
6490 0 33
6491 0 34
6492 0 34
6493 0 33
6494 0 34
6495 0 35
6496 0 35
6497 0 33
6498 0 34
6499 0 35
6500 0 35
6501 0 34
6502 0 35
6503 0 34
6504 0 34
6505 0 34
6506 0 34
6507 0 35
6508 0 34
6509 0 35
6510 0 34
6511 0 34
6512 0 34
6513 0 34
6514 0 33
6515 0 34
6516 0 35
6517 0 35
6518 0 33
6519 0 34
6520 0 35
6521 0 35
6522 0 34
6523 0 35
6524 0 34
6525 0 34
6526 0 34
6527 0 34
6528 0 34
6529 0 33
6530 0 34
6531 0 33
6532 0 34
6533 0 34
6534 0 34
6535 0 33
6536 0 34
6537 0 34
6538 0 34
6539 0 33
6540 0 34
6541 0 33
6542 0 34
6543 0 34
6544 0 34
6545 0 33
6546 0 34
6547 0 33
6548 0 34
6549 0 33
6550 0 34
6551 0 34
6552 0 34
6553 0 33
6554 0 34
6555 0 34
6556 0 34
6557 0 33
6558 0 34
6559 0 33
6560 0 34
6561 0 34
6562 0 34
6563 0 33
6564 0 33
6565 0 34
6566 0 34
6567 0 32
6568 0 33
6569 0 34
6570 0 34
6571 0 33
6572 0 34
6573 0 33
6574 0 34
6575 0 33
6576 0 34
6577 0 33
6578 0 33
6579 0 34
6580 0 34
6581 0 33
6582 0 34
6583 0 34
6584 0 34
6585 0 34
6586 0 34
6587 0 34
6588 0 34
6589 0 34
6590 0 34
6591 0 34
6592 0 33
6593 0 33
6594 0 33
6595 0 34
6596 0 34
6597 0 34
6598 0 34
6599 0 33
6600 0 33
6601 0 33
6602 0 33
6603 0 34
6604 0 34
6605 0 34
6606 0 34
6607 0 34
6608 0 34
6609 0 34
6610 0 34
6611 0 34
6612 0 34
6613 0 33
6614 0 33
6615 0 33
6616 0 34
6617 0 34
6618 0 34
6619 0 34
6620 0 34
6621 0 34
6622 0 34
6623 0 34
6624 0 34
6625 0 34
6626 0 34
6627 0 34
6628 0 34
6629 0 34
6630 0 34
6631 0 34
6632 0 34
6633 0 34
6634 0 33
6635 0 34
6636 0 34
6637 0 33
6638 0 33
6639 0 34
6640 0 33
6641 0 34
6642 0 34
6643 0 33
6644 0 33
6645 0 34
6646 0 33
6647 0 33
6648 0 33
6649 0 33
6650 0 33
6651 0 33
6652 0 33
6653 0 34
6654 0 34
6655 0 34
6656 0 34
6657 0 34
6658 0 34
6659 0 34
6660 0 34
6661 0 34
6662 0 34
6663 0 34
6664 0 34
6665 0 34
6666 0 34
6667 0 34
6668 0 34
6669 0 34
6670 0 34
6671 0 33
6672 0 34
6673 0 34
6674 0 33
6675 0 33
6676 0 34
6677 0 33
6678 0 33
6679 0 33
6680 0 33
6681 0 33
6682 0 33
6683 0 33
6684 0 33
6685 0 32
6686 0 33
6687 0 33
6688 0 33
6689 0 34
6690 0 34
6691 0 34
6692 0 34
6693 0 34
6694 0 34
6695 0 34
6696 0 34
6697 0 34
6698 0 34
6699 0 33
6700 0 33
6701 0 33
6702 0 34
6703 0 34
6704 0 34
6705 0 34
6706 0 33
6707 0 33
6708 0 33
6709 0 33
6710 0 34
6711 0 34
6712 0 34
6713 0 34
6714 0 34
6715 0 34
6716 0 34
6717 0 34
6718 0 34
6719 0 34
6720 0 33
6721 0 33
6722 0 33
6723 0 34
6724 0 34
6725 0 34
6726 0 34
6727 0 34
6728 0 34
6729 0 34
6730 0 34
6731 0 34
6732 0 34
6733 0 34
6734 0 34
6735 0 34
6736 0 34
6737 0 34
6738 0 34
6739 0 34
6740 0 34
6741 0 33
6742 0 34
6743 0 34
6744 0 33
6745 0 33
6746 0 34
6747 0 33
6748 0 34
6749 0 34
6750 0 33
6751 0 33
6752 0 34
6753 0 33
6754 0 33
6755 0 33
6756 0 33
6757 0 33
6758 0 33
6759 0 33
6760 0 34
6761 0 34
6762 0 34
6763 0 34
6764 0 34
6765 0 34
6766 0 34
6767 0 34
6768 0 34
6769 0 34
6770 0 33
6771 0 33
6772 0 33
6773 0 34
6774 0 34
6775 0 34
6776 0 34
6777 0 33
6778 0 33
6779 0 33
6780 0 33
6781 0 34
6782 0 34
6783 0 34
6784 0 34
6785 0 34
6786 0 34
6787 0 34
6788 0 34
6789 0 34
6790 0 34
6791 0 33
6792 0 33
6793 0 33
6794 0 34
6795 0 34
6796 0 34
6797 0 34
6798 0 34
6799 0 34
6800 0 34
6801 0 34
6802 0 34
6803 0 34
6804 0 34
6805 0 34
6806 0 34
6807 0 34
6808 0 34
6809 0 34
6810 0 34
6811 0 34
6812 0 33
6813 0 34
6814 0 34
6815 0 33
6816 0 33
6817 0 34
6818 0 33
6819 0 34
6820 0 34
6821 0 33
6822 0 33
6823 0 34
6824 0 33
6825 0 33
6826 0 33
6827 0 33
6828 0 33
6829 0 33
6830 0 33
6831 0 34
6832 0 34
6833 0 34
6834 0 34
6835 0 34
6836 0 34
6837 0 34
6838 0 34
6839 0 34
6840 0 34
6841 0 34
6842 0 34
6843 0 34
6844 0 34
6845 0 34
6846 0 34
6847 0 34
6848 0 34
6849 0 33
6850 0 34
6851 0 34
6852 0 33
6853 0 33
6854 0 34
6855 0 33
6856 0 33
6857 0 33
6858 0 33
6859 0 33
6860 0 33
6861 0 33
6862 0 33
6863 0 32
6864 0 33
6865 0 33
6866 0 33
6867 0 34
6868 0 34
6869 0 34
6870 0 34
6871 0 34
6872 0 34
6873 0 34
6874 0 34
6875 0 34
6876 0 34
6877 0 33
6878 0 33
6879 0 33
6880 0 34
6881 0 34
6882 0 34
6883 0 34
6884 0 33
6885 0 33
6886 0 33
6887 0 33
6888 0 34
6889 0 34
6890 0 34
6891 0 34
6892 0 34
6893 0 34
6894 0 34
6895 0 34
6896 0 34
6897 0 34
6898 0 33
6899 0 33
6900 0 33
6901 0 34
6902 0 34
6903 0 34
6904 0 34
6905 0 34
6906 0 34
6907 0 34
6908 0 34
6909 0 34
6910 0 34
6911 0 34
6912 0 34
6913 0 34
6914 0 34
6915 0 34
6916 0 34
6917 0 34
6918 0 34
6919 0 33
6920 0 34
6921 0 34
6922 0 33
6923 0 33
6924 0 34
6925 0 33
6926 0 34
6927 0 34
6928 0 33
6929 0 33
6930 0 34
6931 0 33
6932 0 33
6933 0 33
6934 0 33
6935 0 33
6936 0 33
6937 0 33
6938 0 34
6939 0 34
6940 0 34
6941 0 34
6942 0 33
6943 0 33
6944 0 33
6945 0 33
6946 0 33
6947 0 33
6948 0 34
6949 0 34
6950 0 34
6951 0 34
6952 0 33
6953 0 33
6954 0 33
6955 0 33
6956 0 33
6957 0 34
6958 0 34
6959 0 33
6960 0 33
6961 0 34
6962 0 33
6963 0 33
6964 0 33
6965 0 33
6966 0 33
6967 0 33
6968 0 33
6969 0 33
6970 0 32
6971 0 33
6972 0 33
6973 0 33
6974 0 33
6975 0 34
6976 0 34
6977 0 33
6978 0 33
6979 0 34
6980 0 33
6981 0 33
6982 0 33
6983 0 33
6984 0 32
6985 0 32
6986 0 32
6987 0 34
6988 0 34
6989 0 34
6990 0 34
6991 0 33
6992 0 33
6993 0 33
6994 0 33
6995 0 33
6996 0 33
6997 0 34
6998 0 34
6999 0 34
7000 0 34
7001 0 33
7002 0 33
7003 0 33
7004 0 33
7005 0 33
7006 0 34
7007 0 34
7008 0 33
7009 0 33
7010 0 34
7011 0 33
7012 0 33
7013 0 33
7014 0 33
7015 0 33
7016 0 33
7017 0 33
7018 0 33
7019 0 32
7020 0 33
7021 0 33
7022 0 33
7023 0 34
7024 0 34
7025 0 34
7026 0 33
7027 0 34
7028 0 34
7029 0 34
7030 0 34
7031 0 34
7032 0 34
7033 0 33
7034 0 33
7035 0 33
7036 0 34
7037 0 34
7038 0 34
7039 0 34
7040 0 33
7041 0 33
7042 0 33
7043 0 33
7044 0 34
7045 0 34
7046 0 34
7047 0 33
7048 0 34
7049 0 34
7050 0 34
7051 0 34
7052 0 34
7053 0 34
7054 0 33
7055 0 33
7056 0 33
7057 0 34
7058 0 34
7059 0 34
7060 0 33
7061 0 34
7062 0 34
7063 0 34
7064 0 34
7065 0 34
7066 0 34
7067 0 33
7068 0 33
7069 0 33
7070 0 34
7071 0 34
7072 0 34
7073 0 34
7074 0 33
7075 0 33
7076 0 33
7077 0 33
7078 0 34
7079 0 34
7080 0 34
7081 0 33
7082 0 34
7083 0 34
7084 0 34
7085 0 34
7086 0 34
7087 0 34
7088 0 33
7089 0 33
7090 0 33
7091 0 34
7092 0 33
7093 0 34
7094 0 33
7095 0 33
7096 0 33
7097 0 33
7098 0 33
7099 0 33
7100 0 33
7101 0 34
7102 0 33
7103 0 34
7104 0 33
7105 0 33
7106 0 33
7107 0 33
7108 0 33
7109 0 33
7110 0 34
7111 0 34
7112 0 33
7113 0 33
7114 0 34
7115 0 33
7116 0 34
7117 0 34
7118 0 33
7119 0 33
7120 0 34
7121 0 33
7122 0 33
7123 0 33
7124 0 33
7125 0 33
7126 0 33
7127 0 33
