0 0 38
1 0 38
2 0 38
3 0 38
4 0 38
5 0 37
6 0 38
7 0 38
8 0 37
9 0 37
10 0 38
11 0 38
12 0 38
13 0 38
14 0 38
15 0 37
16 0 38
17 0 38
18 0 37
19 0 37
20 0 37
21 0 38
22 0 38
23 0 37
24 0 37
25 0 37
26 0 37
27 0 37
28 0 37
29 0 37
30 0 37
31 0 37
32 0 37
33 0 36
34 0 38
35 0 38
36 0 37
37 0 37
38 0 37
39 0 38
40 0 38
41 0 37
42 0 37
43 0 37
44 0 37
45 0 37
46 0 37
47 0 37
48 0 37
49 0 37
50 0 36
51 0 36
52 0 38
53 0 38
54 0 38
55 0 38
56 0 38
57 0 37
58 0 38
59 0 38
60 0 37
61 0 37
62 0 38
63 0 38
64 0 38
65 0 38
66 0 38
67 0 37
68 0 38
69 0 38
70 0 37
71 0 37
72 0 37
73 0 38
74 0 38
75 0 37
76 0 37
77 0 37
78 0 37
79 0 37
80 0 37
81 0 37
82 0 37
83 0 37
84 0 37
85 0 36
86 0 38
87 0 38
88 0 36
89 0 36
90 0 37
91 0 38
92 0 38
93 0 36
94 0 36
95 0 37
96 0 37
97 0 37
98 0 37
99 0 37
100 0 37
101 0 37
102 0 36
103 0 36
104 0 37
105 0 37
106 0 37
107 0 37
108 0 37
109 0 36
110 0 38
111 0 38
112 0 36
113 0 36
114 0 37
115 0 38
116 0 38
117 0 36
118 0 36
119 0 37
120 0 37
121 0 38
122 0 37
123 0 37
124 0 37
125 0 37
126 0 36
127 0 36
128 0 36
129 0 36
130 0 36
131 0 37
132 0 37
133 0 36
134 0 37
135 0 37
136 0 35
137 0 35
138 0 36
139 0 36
140 0 36
141 0 37
142 0 37
143 0 36
144 0 36
145 0 36
146 0 36
147 0 37
148 0 37
149 0 36
150 0 37
151 0 37
152 0 35
153 0 35
154 0 36
155 0 36
156 0 36
157 0 37
158 0 37
159 0 36
160 0 37
161 0 37
162 0 35
163 0 35
164 0 36
165 0 37
166 0 37
167 0 35
168 0 35
169 0 36
170 0 36
171 0 36
172 0 36
173 0 36
174 0 36
175 0 36
176 0 36
177 0 36
178 0 38
179 0 38
180 0 36
181 0 36
182 0 37
183 0 38
184 0 38
185 0 36
186 0 36
187 0 37
188 0 37
189 0 38
190 0 37
191 0 37
192 0 37
193 0 37
194 0 36
195 0 36
196 0 38
197 0 38
198 0 38
199 0 37
200 0 37
201 0 36
202 0 38
203 0 38
204 0 36
205 0 36
206 0 37
207 0 38
208 0 38
209 0 36
210 0 36
211 0 37
212 0 37
213 0 38
214 0 37
215 0 37
216 0 37
217 0 37
218 0 36
219 0 36
220 0 37
221 0 37
222 0 37
223 0 37
224 0 37
225 0 36
226 0 37
227 0 37
228 0 36
229 0 36
230 0 37
231 0 37
232 0 37
233 0 37
234 0 37
235 0 36
236 0 37
237 0 37
238 0 36
239 0 36
240 0 36
241 0 37
242 0 37
243 0 36
244 0 36
245 0 37
246 0 37
247 0 36
248 0 36
249 0 36
250 0 37
251 0 37
252 0 36
253 0 36
254 0 36
255 0 36
256 0 36
257 0 36
258 0 36
259 0 36
260 0 36
261 0 36
262 0 36
263 0 38
264 0 38
265 0 38
266 0 38
267 0 38
268 0 37
269 0 38
270 0 38
271 0 37
272 0 37
273 0 38
274 0 38
275 0 38
276 0 38
277 0 38
278 0 37
279 0 38
280 0 38
281 0 37
282 0 37
283 0 37
284 0 38
285 0 38
286 0 37
287 0 37
288 0 37
289 0 37
290 0 37
291 0 37
292 0 37
293 0 37
294 0 37
295 0 37
296 0 36
297 0 38
298 0 38
299 0 37
300 0 37
301 0 37
302 0 38
303 0 38
304 0 37
305 0 37
306 0 37
307 0 37
308 0 37
309 0 37
310 0 37
311 0 37
312 0 37
313 0 36
314 0 36
315 0 38
316 0 38
317 0 38
318 0 38
319 0 38
320 0 37
321 0 38
322 0 38
323 0 37
324 0 37
325 0 38
326 0 38
327 0 38
328 0 38
329 0 38
330 0 37
331 0 38
332 0 38
333 0 37
334 0 37
335 0 37
336 0 38
337 0 38
338 0 37
339 0 37
340 0 37
341 0 37
342 0 37
343 0 37
344 0 37
345 0 37
346 0 37
347 0 37
348 0 36
349 0 38
350 0 38
351 0 36
352 0 36
353 0 37
354 0 38
355 0 38
356 0 36
357 0 36
358 0 37
359 0 37
360 0 37
361 0 37
362 0 37
363 0 37
364 0 37
365 0 36
366 0 36
367 0 37
368 0 37
369 0 37
370 0 37
371 0 37
372 0 36
373 0 38
374 0 38
375 0 36
376 0 36
377 0 37
378 0 38
379 0 38
380 0 36
381 0 36
382 0 37
383 0 37
384 0 38
385 0 37
386 0 37
387 0 37
388 0 37
389 0 36
390 0 36
391 0 36
392 0 36
393 0 36
394 0 37
395 0 37
396 0 36
397 0 37
398 0 37
399 0 35
400 0 35
401 0 36
402 0 36
403 0 36
404 0 37
405 0 37
406 0 36
407 0 36
408 0 36
409 0 36
410 0 37
411 0 37
412 0 36
413 0 37
414 0 37
415 0 35
416 0 35
417 0 36
418 0 36
419 0 36
420 0 37
421 0 37
422 0 36
423 0 37
424 0 37
425 0 35
426 0 35
427 0 36
428 0 37
429 0 37
430 0 35
431 0 35
432 0 36
433 0 36
434 0 36
435 0 36
436 0 36
437 0 36
438 0 36
439 0 36
440 0 36
441 0 38
442 0 38
443 0 37
444 0 37
445 0 37
446 0 38
447 0 38
448 0 37
449 0 37
450 0 37
451 0 37
452 0 37
453 0 36
454 0 36
455 0 36
456 0 36
457 0 36
458 0 36
459 0 37
460 0 38
461 0 37
462 0 37
463 0 37
464 0 36
465 0 38
466 0 38
467 0 37
468 0 37
469 0 37
470 0 38
471 0 38
472 0 37
473 0 37
474 0 37
475 0 37
476 0 37
477 0 36
478 0 36
479 0 36
480 0 36
481 0 36
482 0 36
483 0 37
484 0 37
485 0 37
486 0 37
487 0 37
488 0 36
489 0 37
490 0 37
491 0 36
492 0 36
493 0 37
494 0 37
495 0 37
496 0 37
497 0 37
498 0 36
499 0 37
500 0 37
501 0 37
502 0 37
503 0 36
504 0 37
505 0 37
506 0 37
507 0 37
508 0 37
509 0 37
510 0 37
511 0 37
512 0 36
513 0 37
514 0 37
515 0 37
516 0 37
517 0 36
518 0 37
519 0 36
520 0 36
521 0 36
522 0 36
523 0 36
524 0 36
525 0 36
526 0 37
527 0 37
528 0 37
529 0 37
530 0 37
531 0 36
532 0 37
533 0 37
534 0 36
535 0 36
536 0 37
537 0 37
538 0 37
539 0 37
540 0 37
541 0 36
542 0 37
543 0 37
544 0 36
545 0 36
546 0 36
547 0 37
548 0 37
549 0 36
550 0 36
551 0 36
552 0 37
553 0 36
554 0 36
555 0 37
556 0 36
557 0 36
558 0 36
559 0 35
560 0 38
561 0 38
562 0 37
563 0 37
564 0 37
565 0 38
566 0 38
567 0 37
568 0 37
569 0 37
570 0 37
571 0 37
572 0 36
573 0 36
574 0 36
575 0 36
576 0 36
577 0 36
578 0 37
579 0 38
580 0 37
581 0 37
582 0 37
583 0 36
584 0 38
585 0 38
586 0 37
587 0 37
588 0 37
589 0 38
590 0 38
591 0 37
592 0 37
593 0 37
594 0 37
595 0 37
596 0 36
597 0 36
598 0 36
599 0 36
600 0 36
601 0 36
602 0 37
603 0 38
604 0 37
605 0 37
606 0 37
607 0 37
608 0 37
609 0 37
610 0 37
611 0 37
612 0 37
613 0 38
614 0 37
615 0 38
616 0 38
617 0 37
618 0 37
619 0 37
620 0 37
621 0 37
622 0 36
623 0 37
624 0 37
625 0 37
626 0 37
627 0 37
628 0 37
629 0 37
630 0 37
631 0 36
632 0 37
633 0 37
634 0 37
635 0 37
636 0 36
637 0 37
638 0 36
639 0 36
640 0 36
641 0 36
642 0 36
643 0 36
644 0 36
645 0 37
646 0 37
647 0 37
648 0 36
649 0 36
650 0 35
651 0 36
652 0 36
653 0 36
654 0 36
655 0 37
656 0 37
657 0 37
658 0 36
659 0 36
660 0 35
661 0 37
662 0 37
663 0 37
664 0 37
665 0 36
666 0 37
667 0 37
668 0 37
669 0 37
670 0 37
671 0 37
672 0 37
673 0 37
674 0 37
675 0 37
676 0 36
677 0 36
678 0 35
679 0 37
680 0 37
681 0 37
682 0 37
683 0 37
684 0 37
685 0 37
686 0 37
687 0 37
688 0 36
689 0 36
690 0 37
691 0 35
692 0 35
693 0 35
694 0 35
695 0 35
696 0 35
697 0 37
698 0 37
699 0 37
700 0 36
701 0 36
702 0 35
703 0 36
704 0 36
705 0 36
706 0 36
707 0 37
708 0 37
709 0 37
710 0 36
711 0 36
712 0 35
713 0 37
714 0 37
715 0 37
716 0 37
717 0 36
718 0 37
719 0 37
720 0 37
721 0 37
722 0 37
723 0 37
724 0 37
725 0 37
726 0 37
727 0 37
728 0 36
729 0 36
730 0 35
731 0 37
732 0 37
733 0 37
734 0 36
735 0 36
736 0 35
737 0 36
738 0 36
739 0 36
740 0 36
741 0 37
742 0 37
743 0 37
744 0 36
745 0 36
746 0 35
747 0 37
748 0 37
749 0 37
750 0 37
751 0 36
752 0 37
753 0 37
754 0 37
755 0 37
756 0 37
757 0 37
758 0 37
759 0 37
760 0 37
761 0 37
762 0 36
763 0 36
764 0 35
765 0 37
766 0 37
767 0 37
768 0 37
769 0 37
770 0 37
771 0 37
772 0 37
773 0 37
774 0 36
775 0 36
776 0 37
777 0 35
778 0 35
779 0 35
780 0 35
781 0 35
782 0 35
783 0 37
784 0 37
785 0 37
786 0 36
787 0 36
788 0 35
789 0 36
790 0 36
791 0 36
792 0 36
793 0 37
794 0 37
795 0 37
796 0 36
797 0 36
798 0 35
799 0 37
800 0 37
801 0 37
802 0 37
803 0 36
804 0 37
805 0 37
806 0 37
807 0 37
808 0 37
809 0 37
810 0 37
811 0 37
812 0 37
813 0 37
814 0 36
815 0 36
816 0 35
817 0 37
818 0 37
819 0 36
820 0 36
821 0 36
822 0 37
823 0 37
824 0 36
825 0 36
826 0 36
827 0 36
828 0 37
829 0 35
830 0 35
831 0 35
832 0 35
833 0 35
834 0 35
835 0 37
836 0 37
837 0 37
838 0 36
839 0 36
840 0 35
841 0 37
842 0 37
843 0 36
844 0 36
845 0 36
846 0 37
847 0 37
848 0 36
849 0 36
850 0 36
851 0 36
852 0 37
853 0 35
854 0 35
855 0 35
856 0 35
857 0 35
858 0 35
859 0 36
860 0 36
861 0 36
862 0 36
863 0 36
864 0 35
865 0 36
866 0 36
867 0 35
868 0 35
869 0 36
870 0 36
871 0 36
872 0 36
873 0 36
874 0 35
875 0 36
876 0 36
877 0 36
878 0 36
879 0 36
880 0 35
881 0 36
882 0 36
883 0 35
884 0 35
885 0 36
886 0 36
887 0 36
888 0 36
889 0 36
890 0 35
891 0 36
892 0 36
893 0 35
894 0 35
895 0 35
896 0 36
897 0 36
898 0 35
899 0 35
900 0 36
901 0 36
902 0 36
903 0 36
904 0 36
905 0 36
906 0 36
907 0 36
908 0 35
909 0 38
910 0 38
911 0 37
912 0 37
913 0 37
914 0 38
915 0 38
916 0 37
917 0 37
918 0 37
919 0 37
920 0 37
921 0 36
922 0 36
923 0 36
924 0 36
925 0 36
926 0 36
927 0 37
928 0 38
929 0 37
930 0 37
931 0 37
932 0 36
933 0 38
934 0 38
935 0 37
936 0 37
937 0 37
938 0 38
939 0 38
940 0 37
941 0 37
942 0 37
943 0 37
944 0 37
945 0 36
946 0 36
947 0 36
948 0 36
949 0 36
950 0 36
951 0 37
952 0 38
953 0 37
954 0 37
955 0 37
956 0 37
957 0 37
958 0 37
959 0 37
960 0 37
961 0 37
962 0 38
963 0 37
964 0 38
965 0 38
966 0 37
967 0 37
968 0 37
969 0 37
970 0 37
971 0 36
972 0 37
973 0 37
974 0 37
975 0 37
976 0 37
977 0 37
978 0 37
979 0 37
980 0 36
981 0 37
982 0 37
983 0 37
984 0 37
985 0 36
986 0 37
987 0 36
988 0 36
989 0 36
990 0 36
991 0 36
992 0 36
993 0 36
994 0 37
995 0 38
996 0 37
997 0 38
998 0 38
999 0 37
1000 0 38
1001 0 38
1002 0 37
1003 0 37
1004 0 37
1005 0 38
1006 0 37
1007 0 38
1008 0 38
1009 0 37
1010 0 37
1011 0 37
1012 0 37
1013 0 37
1014 0 36
1015 0 37
1016 0 37
1017 0 37
1018 0 37
1019 0 36
1020 0 37
1021 0 36
1022 0 36
1023 0 37
1024 0 36
1025 0 36
1026 0 36
1027 0 35
1028 0 38
1029 0 38
1030 0 37
1031 0 37
1032 0 37
1033 0 38
1034 0 38
1035 0 37
1036 0 37
1037 0 37
1038 0 37
1039 0 37
1040 0 36
1041 0 36
1042 0 36
1043 0 36
1044 0 36
1045 0 36
1046 0 37
1047 0 38
1048 0 37
1049 0 37
1050 0 37
1051 0 36
1052 0 38
1053 0 38
1054 0 37
1055 0 37
1056 0 37
1057 0 38
1058 0 38
1059 0 37
1060 0 37
1061 0 37
1062 0 37
1063 0 37
1064 0 36
1065 0 36
1066 0 36
1067 0 36
1068 0 36
1069 0 36
1070 0 37
1071 0 38
1072 0 37
1073 0 37
1074 0 37
1075 0 37
1076 0 37
1077 0 37
1078 0 37
1079 0 37
1080 0 37
1081 0 38
1082 0 37
1083 0 38
1084 0 38
1085 0 37
1086 0 37
1087 0 37
1088 0 37
1089 0 37
1090 0 36
1091 0 37
1092 0 37
1093 0 37
1094 0 37
1095 0 37
1096 0 37
1097 0 37
1098 0 37
1099 0 36
1100 0 37
1101 0 37
1102 0 37
1103 0 37
1104 0 36
1105 0 37
1106 0 36
1107 0 36
1108 0 36
1109 0 36
1110 0 36
1111 0 36
1112 0 36
1113 0 37
1114 0 37
1115 0 37
1116 0 37
1117 0 37
1118 0 36
1119 0 37
1120 0 37
1121 0 36
1122 0 36
1123 0 37
1124 0 37
1125 0 37
1126 0 37
1127 0 37
1128 0 36
1129 0 37
1130 0 37
1131 0 36
1132 0 36
1133 0 36
1134 0 37
1135 0 37
1136 0 36
1137 0 36
1138 0 36
1139 0 37
1140 0 36
1141 0 36
1142 0 37
1143 0 36
1144 0 36
1145 0 36
1146 0 35
1147 0 37
1148 0 37
1149 0 36
1150 0 36
1151 0 36
1152 0 37
1153 0 37
1154 0 36
1155 0 36
1156 0 36
1157 0 36
1158 0 36
1159 0 36
1160 0 36
1161 0 36
1162 0 36
1163 0 35
1164 0 35
1165 0 37
1166 0 37
1167 0 37
1168 0 37
1169 0 37
1170 0 36
1171 0 37
1172 0 37
1173 0 36
1174 0 36
1175 0 37
1176 0 37
1177 0 37
1178 0 37
1179 0 37
1180 0 36
1181 0 37
1182 0 37
1183 0 37
1184 0 37
1185 0 36
1186 0 37
1187 0 37
1188 0 37
1189 0 37
1190 0 36
1191 0 37
1192 0 36
1193 0 36
1194 0 37
1195 0 36
1196 0 36
1197 0 36
1198 0 35
1199 0 37
1200 0 37
1201 0 35
1202 0 35
1203 0 36
1204 0 37
1205 0 37
1206 0 35
1207 0 35
1208 0 36
1209 0 36
1210 0 37
1211 0 36
1212 0 36
1213 0 36
1214 0 36
1215 0 35
1216 0 35
1217 0 37
1218 0 37
1219 0 37
1220 0 36
1221 0 36
1222 0 35
1223 0 37
1224 0 37
1225 0 35
1226 0 35
1227 0 36
1228 0 37
1229 0 37
1230 0 35
1231 0 35
1232 0 36
1233 0 36
1234 0 37
1235 0 36
1236 0 36
1237 0 36
1238 0 36
1239 0 35
1240 0 35
1241 0 37
1242 0 37
1243 0 35
1244 0 35
1245 0 36
1246 0 37
1247 0 37
1248 0 35
1249 0 35
1250 0 36
1251 0 36
1252 0 37
1253 0 36
1254 0 36
1255 0 36
1256 0 36
1257 0 35
1258 0 35
1259 0 37
1260 0 37
1261 0 37
1262 0 36
1263 0 36
1264 0 35
1265 0 37
1266 0 37
1267 0 35
1268 0 35
1269 0 36
1270 0 37
1271 0 37
1272 0 35
1273 0 35
1274 0 36
1275 0 36
1276 0 37
1277 0 36
1278 0 36
1279 0 36
1280 0 36
1281 0 35
1282 0 35
1283 0 36
1284 0 36
1285 0 36
1286 0 36
1287 0 36
1288 0 35
1289 0 36
1290 0 36
1291 0 35
1292 0 35
1293 0 36
1294 0 36
1295 0 36
1296 0 36
1297 0 36
1298 0 35
1299 0 36
1300 0 36
1301 0 35
1302 0 35
1303 0 35
1304 0 36
1305 0 36
1306 0 35
1307 0 35
1308 0 36
1309 0 36
1310 0 35
1311 0 35
1312 0 35
1313 0 36
1314 0 36
1315 0 35
1316 0 35
1317 0 35
1318 0 35
1319 0 35
1320 0 36
1321 0 36
1322 0 36
1323 0 36
1324 0 35
1325 0 35
1326 0 38
1327 0 38
1328 0 38
1329 0 38
1330 0 38
1331 0 37
1332 0 38
1333 0 38
1334 0 37
1335 0 37
1336 0 38
1337 0 38
1338 0 38
1339 0 38
1340 0 38
1341 0 37
1342 0 38
1343 0 38
1344 0 37
1345 0 37
1346 0 37
1347 0 38
1348 0 38
1349 0 37
1350 0 37
1351 0 37
1352 0 37
1353 0 37
1354 0 37
1355 0 37
1356 0 37
1357 0 37
1358 0 37
1359 0 36
1360 0 38
1361 0 38
1362 0 37
1363 0 37
1364 0 37
1365 0 38
1366 0 38
1367 0 37
1368 0 37
1369 0 37
1370 0 37
1371 0 37
1372 0 37
1373 0 37
1374 0 37
1375 0 37
1376 0 36
1377 0 36
1378 0 38
1379 0 38
1380 0 38
1381 0 38
1382 0 38
1383 0 37
1384 0 38
1385 0 38
1386 0 37
1387 0 37
1388 0 38
1389 0 38
1390 0 38
1391 0 38
1392 0 38
1393 0 37
1394 0 38
1395 0 38
1396 0 37
1397 0 37
1398 0 37
1399 0 38
1400 0 38
1401 0 37
1402 0 37
1403 0 37
1404 0 37
1405 0 37
1406 0 37
1407 0 37
1408 0 37
1409 0 37
1410 0 37
1411 0 36
1412 0 38
1413 0 38
1414 0 36
1415 0 36
1416 0 37
1417 0 38
1418 0 38
1419 0 36
1420 0 36
1421 0 37
1422 0 37
1423 0 37
1424 0 37
1425 0 37
1426 0 37
1427 0 37
1428 0 36
1429 0 36
1430 0 37
1431 0 37
1432 0 37
1433 0 37
1434 0 37
1435 0 36
1436 0 38
1437 0 38
1438 0 36
1439 0 36
1440 0 37
1441 0 38
1442 0 38
1443 0 36
1444 0 36
1445 0 37
1446 0 37
1447 0 38
1448 0 37
1449 0 37
1450 0 37
1451 0 37
1452 0 36
1453 0 36
1454 0 36
1455 0 36
1456 0 36
1457 0 37
1458 0 37
1459 0 36
1460 0 37
1461 0 37
1462 0 35
1463 0 35
1464 0 36
1465 0 36
1466 0 36
1467 0 37
1468 0 37
1469 0 36
1470 0 36
1471 0 36
1472 0 36
1473 0 37
1474 0 37
1475 0 36
1476 0 37
1477 0 37
1478 0 35
1479 0 35
1480 0 36
1481 0 36
1482 0 36
1483 0 37
1484 0 37
1485 0 36
1486 0 37
1487 0 37
1488 0 35
1489 0 35
1490 0 36
1491 0 37
1492 0 37
1493 0 35
1494 0 35
1495 0 36
1496 0 36
1497 0 36
1498 0 36
1499 0 36
1500 0 36
1501 0 36
1502 0 36
1503 0 36
1504 0 38
1505 0 38
1506 0 36
1507 0 36
1508 0 37
1509 0 38
1510 0 38
1511 0 36
1512 0 36
1513 0 37
1514 0 37
1515 0 38
1516 0 37
1517 0 37
1518 0 37
1519 0 37
1520 0 36
1521 0 36
1522 0 38
1523 0 38
1524 0 38
1525 0 37
1526 0 37
1527 0 36
1528 0 38
1529 0 38
1530 0 36
1531 0 36
1532 0 37
1533 0 38
1534 0 38
1535 0 36
1536 0 36
1537 0 37
1538 0 37
1539 0 38
1540 0 37
1541 0 37
1542 0 37
1543 0 37
1544 0 36
1545 0 36
1546 0 37
1547 0 37
1548 0 37
1549 0 37
1550 0 37
1551 0 36
1552 0 37
1553 0 37
1554 0 36
1555 0 36
1556 0 37
1557 0 37
1558 0 37
1559 0 37
1560 0 37
1561 0 36
1562 0 37
1563 0 37
1564 0 36
1565 0 36
1566 0 36
1567 0 37
1568 0 37
1569 0 36
1570 0 36
1571 0 37
1572 0 37
1573 0 36
1574 0 36
1575 0 36
1576 0 37
1577 0 37
1578 0 36
1579 0 36
1580 0 36
1581 0 36
1582 0 36
1583 0 36
1584 0 36
1585 0 36
1586 0 36
1587 0 36
1588 0 36
1589 0 38
1590 0 38
1591 0 38
1592 0 38
1593 0 38
1594 0 37
1595 0 38
1596 0 38
1597 0 37
1598 0 37
1599 0 38
1600 0 38
1601 0 38
1602 0 38
1603 0 38
1604 0 37
1605 0 38
1606 0 38
1607 0 37
1608 0 37
1609 0 37
1610 0 38
1611 0 38
1612 0 37
1613 0 37
1614 0 37
1615 0 37
1616 0 37
1617 0 37
1618 0 37
1619 0 37
1620 0 37
1621 0 37
1622 0 36
1623 0 38
1624 0 38
1625 0 37
1626 0 37
1627 0 37
1628 0 38
1629 0 38
1630 0 37
1631 0 37
1632 0 37
1633 0 37
1634 0 37
1635 0 37
1636 0 37
1637 0 37
1638 0 37
1639 0 36
1640 0 36
1641 0 38
1642 0 38
1643 0 38
1644 0 38
1645 0 38
1646 0 37
1647 0 38
1648 0 38
1649 0 37
1650 0 37
1651 0 38
1652 0 38
1653 0 38
1654 0 38
1655 0 38
1656 0 37
1657 0 38
1658 0 38
1659 0 37
1660 0 37
1661 0 37
1662 0 38
1663 0 38
1664 0 37
1665 0 37
1666 0 37
1667 0 37
1668 0 37
1669 0 37
1670 0 37
1671 0 37
1672 0 37
1673 0 37
1674 0 36
1675 0 38
1676 0 38
1677 0 36
1678 0 36
1679 0 37
1680 0 38
1681 0 38
1682 0 36
1683 0 36
1684 0 37
1685 0 37
1686 0 37
1687 0 37
1688 0 37
1689 0 37
1690 0 37
1691 0 36
1692 0 36
1693 0 37
1694 0 37
1695 0 37
1696 0 37
1697 0 37
1698 0 36
1699 0 38
1700 0 38
1701 0 36
1702 0 36
1703 0 37
1704 0 38
1705 0 38
1706 0 36
1707 0 36
1708 0 37
1709 0 37
1710 0 38
1711 0 37
1712 0 37
1713 0 37
1714 0 37
1715 0 36
1716 0 36
1717 0 36
1718 0 36
1719 0 36
1720 0 37
1721 0 37
1722 0 36
1723 0 37
1724 0 37
1725 0 35
1726 0 35
1727 0 36
1728 0 36
1729 0 36
1730 0 37
1731 0 37
1732 0 36
1733 0 36
1734 0 36
1735 0 36
1736 0 37
1737 0 37
1738 0 36
1739 0 37
1740 0 37
1741 0 35
1742 0 35
1743 0 36
1744 0 36
1745 0 36
1746 0 37
1747 0 37
1748 0 36
1749 0 37
1750 0 37
1751 0 35
1752 0 35
1753 0 36
1754 0 37
1755 0 37
1756 0 35
1757 0 35
1758 0 36
1759 0 36
1760 0 36
1761 0 36
1762 0 36
1763 0 36
1764 0 36
1765 0 36
1766 0 36
1767 0 38
1768 0 38
1769 0 37
1770 0 37
1771 0 37
1772 0 38
1773 0 38
1774 0 37
1775 0 37
1776 0 37
1777 0 37
1778 0 38
1779 0 36
1780 0 36
1781 0 36
1782 0 36
1783 0 36
1784 0 36
1785 0 38
1786 0 38
1787 0 38
1788 0 37
1789 0 37
1790 0 36
1791 0 38
1792 0 38
1793 0 37
1794 0 37
1795 0 37
1796 0 38
1797 0 38
1798 0 37
1799 0 37
1800 0 37
1801 0 37
1802 0 38
1803 0 36
1804 0 36
1805 0 36
1806 0 36
1807 0 36
1808 0 36
1809 0 37
1810 0 37
1811 0 37
1812 0 37
1813 0 37
1814 0 36
1815 0 37
1816 0 37
1817 0 36
1818 0 36
1819 0 37
1820 0 37
1821 0 37
1822 0 37
1823 0 37
1824 0 36
1825 0 37
1826 0 37
1827 0 37
1828 0 37
1829 0 37
1830 0 37
1831 0 37
1832 0 37
1833 0 37
1834 0 37
1835 0 37
1836 0 37
1837 0 37
1838 0 37
1839 0 37
1840 0 37
1841 0 37
1842 0 37
1843 0 37
1844 0 37
1845 0 37
1846 0 36
1847 0 36
1848 0 36
1849 0 36
1850 0 36
1851 0 36
1852 0 37
1853 0 37
1854 0 37
1855 0 37
1856 0 37
1857 0 36
1858 0 37
1859 0 37
1860 0 36
1861 0 36
1862 0 37
1863 0 37
1864 0 37
1865 0 37
1866 0 37
1867 0 36
1868 0 37
1869 0 37
1870 0 36
1871 0 36
1872 0 36
1873 0 37
1874 0 37
1875 0 36
1876 0 36
1877 0 37
1878 0 37
1879 0 37
1880 0 37
1881 0 37
1882 0 37
1883 0 36
1884 0 36
1885 0 35
1886 0 38
1887 0 38
1888 0 37
1889 0 37
1890 0 37
1891 0 38
1892 0 38
1893 0 37
1894 0 37
1895 0 37
1896 0 37
1897 0 38
1898 0 36
1899 0 36
1900 0 36
1901 0 36
1902 0 36
1903 0 36
1904 0 38
1905 0 38
1906 0 38
1907 0 37
1908 0 37
1909 0 36
1910 0 38
1911 0 38
1912 0 37
1913 0 37
1914 0 37
1915 0 38
1916 0 38
1917 0 37
1918 0 37
1919 0 37
1920 0 37
1921 0 38
1922 0 36
1923 0 36
1924 0 36
1925 0 36
1926 0 36
1927 0 36
1928 0 38
1929 0 38
1930 0 38
1931 0 37
1932 0 37
1933 0 37
1934 0 37
1935 0 37
1936 0 37
1937 0 37
1938 0 38
1939 0 38
1940 0 38
1941 0 38
1942 0 38
1943 0 37
1944 0 37
1945 0 37
1946 0 37
1947 0 37
1948 0 37
1949 0 37
1950 0 37
1951 0 37
1952 0 37
1953 0 37
1954 0 37
1955 0 37
1956 0 37
1957 0 37
1958 0 37
1959 0 37
1960 0 37
1961 0 37
1962 0 37
1963 0 37
1964 0 37
1965 0 36
1966 0 36
1967 0 36
1968 0 36
1969 0 36
1970 0 36
1971 0 37
1972 0 37
1973 0 37
1974 0 36
1975 0 36
1976 0 35
1977 0 36
1978 0 36
1979 0 36
1980 0 36
1981 0 37
1982 0 37
1983 0 37
1984 0 36
1985 0 36
1986 0 35
1987 0 37
1988 0 37
1989 0 37
1990 0 37
1991 0 36
1992 0 37
1993 0 37
1994 0 37
1995 0 37
1996 0 37
1997 0 37
1998 0 37
1999 0 37
2000 0 37
2001 0 37
2002 0 36
2003 0 36
2004 0 35
2005 0 37
2006 0 37
2007 0 37
2008 0 37
2009 0 37
2010 0 37
2011 0 37
2012 0 37
2013 0 37
2014 0 36
2015 0 36
2016 0 37
2017 0 35
2018 0 35
2019 0 35
2020 0 35
2021 0 35
2022 0 35
2023 0 37
2024 0 37
2025 0 37
2026 0 36
2027 0 36
2028 0 35
2029 0 36
2030 0 36
2031 0 36
2032 0 36
2033 0 37
2034 0 37
2035 0 37
2036 0 36
2037 0 36
2038 0 35
2039 0 37
2040 0 37
2041 0 37
2042 0 37
2043 0 36
2044 0 37
2045 0 37
2046 0 37
2047 0 37
2048 0 37
2049 0 37
2050 0 37
2051 0 37
2052 0 37
2053 0 37
2054 0 36
2055 0 36
2056 0 35
2057 0 37
2058 0 37
2059 0 37
2060 0 36
2061 0 36
2062 0 35
2063 0 36
2064 0 36
2065 0 36
2066 0 36
2067 0 37
2068 0 37
2069 0 37
2070 0 36
2071 0 36
2072 0 35
2073 0 37
2074 0 37
2075 0 37
2076 0 37
2077 0 36
2078 0 37
2079 0 37
2080 0 37
2081 0 37
2082 0 37
2083 0 37
2084 0 37
2085 0 37
2086 0 37
2087 0 37
2088 0 36
2089 0 36
2090 0 35
2091 0 37
2092 0 37
2093 0 37
2094 0 37
2095 0 37
2096 0 37
2097 0 37
2098 0 37
2099 0 37
2100 0 36
2101 0 36
2102 0 37
2103 0 35
2104 0 35
2105 0 35
2106 0 35
2107 0 35
2108 0 35
2109 0 37
2110 0 37
2111 0 37
2112 0 36
2113 0 36
2114 0 35
2115 0 36
2116 0 36
2117 0 36
2118 0 36
2119 0 37
2120 0 37
2121 0 37
2122 0 36
2123 0 36
2124 0 35
2125 0 37
2126 0 37
2127 0 37
2128 0 37
2129 0 36
2130 0 37
2131 0 37
2132 0 37
2133 0 37
2134 0 37
2135 0 37
2136 0 37
2137 0 37
2138 0 37
2139 0 37
2140 0 36
2141 0 36
2142 0 35
2143 0 37
2144 0 37
2145 0 36
2146 0 36
2147 0 36
2148 0 37
2149 0 37
2150 0 36
2151 0 36
2152 0 36
2153 0 36
2154 0 37
2155 0 35
2156 0 35
2157 0 35
2158 0 35
2159 0 35
2160 0 35
2161 0 37
2162 0 37
2163 0 37
2164 0 36
2165 0 36
2166 0 35
2167 0 37
2168 0 37
2169 0 36
2170 0 36
2171 0 36
2172 0 37
2173 0 37
2174 0 36
2175 0 36
2176 0 36
2177 0 36
2178 0 37
2179 0 35
2180 0 35
2181 0 35
2182 0 35
2183 0 35
2184 0 35
2185 0 36
2186 0 36
2187 0 36
2188 0 36
2189 0 36
2190 0 35
2191 0 36
2192 0 36
2193 0 35
2194 0 35
2195 0 36
2196 0 36
2197 0 36
2198 0 36
2199 0 36
2200 0 35
2201 0 36
2202 0 36
2203 0 36
2204 0 36
2205 0 36
2206 0 35
2207 0 36
2208 0 36
2209 0 35
2210 0 35
2211 0 36
2212 0 36
2213 0 36
2214 0 36
2215 0 36
2216 0 35
2217 0 36
2218 0 36
2219 0 35
2220 0 35
2221 0 35
2222 0 36
2223 0 36
2224 0 35
2225 0 35
2226 0 36
2227 0 36
2228 0 36
2229 0 36
2230 0 36
2231 0 36
2232 0 36
2233 0 36
2234 0 35
2235 0 38
2236 0 38
2237 0 38
2238 0 37
2239 0 38
2240 0 37
2241 0 38
2242 0 38
2243 0 38
2244 0 37
2245 0 38
2246 0 37
2247 0 37
2248 0 38
2249 0 37
2250 0 37
2251 0 37
2252 0 37
2253 0 37
2254 0 37
2255 0 36
2256 0 38
2257 0 37
2258 0 37
2259 0 38
2260 0 37
2261 0 37
2262 0 37
2263 0 37
2264 0 37
2265 0 36
2266 0 38
2267 0 38
2268 0 38
2269 0 37
2270 0 38
2271 0 37
2272 0 38
2273 0 38
2274 0 38
2275 0 37
2276 0 38
2277 0 37
2278 0 37
2279 0 38
2280 0 37
2281 0 37
2282 0 37
2283 0 37
2284 0 37
2285 0 37
2286 0 36
2287 0 38
2288 0 36
2289 0 37
2290 0 38
2291 0 36
2292 0 37
2293 0 37
2294 0 37
2295 0 37
2296 0 36
2297 0 37
2298 0 37
2299 0 37
2300 0 36
2301 0 38
2302 0 36
2303 0 37
2304 0 38
2305 0 36
2306 0 37
2307 0 38
2308 0 37
2309 0 37
2310 0 36
2311 0 36
2312 0 36
2313 0 37
2314 0 36
2315 0 37
2316 0 35
2317 0 36
2318 0 36
2319 0 37
2320 0 36
2321 0 36
2322 0 36
2323 0 37
2324 0 36
2325 0 37
2326 0 35
2327 0 36
2328 0 36
2329 0 37
2330 0 36
2331 0 37
2332 0 35
2333 0 36
2334 0 37
2335 0 35
2336 0 36
2337 0 36
2338 0 36
2339 0 36
2340 0 36
2341 0 36
2342 0 38
2343 0 36
2344 0 37
2345 0 38
2346 0 36
2347 0 37
2348 0 38
2349 0 37
2350 0 37
2351 0 36
2352 0 38
2353 0 38
2354 0 37
2355 0 36
2356 0 38
2357 0 36
2358 0 37
2359 0 38
2360 0 36
2361 0 37
2362 0 38
2363 0 37
2364 0 37
2365 0 36
2366 0 37
2367 0 37
2368 0 37
2369 0 36
2370 0 37
2371 0 36
2372 0 37
2373 0 37
2374 0 37
2375 0 36
2376 0 37
2377 0 36
2378 0 36
2379 0 37
2380 0 36
2381 0 37
2382 0 36
2383 0 36
2384 0 37
2385 0 36
2386 0 36
2387 0 36
2388 0 36
2389 0 36
2390 0 36
2391 0 38
2392 0 38
2393 0 38
2394 0 37
2395 0 38
2396 0 37
2397 0 38
2398 0 38
2399 0 38
2400 0 37
2401 0 38
2402 0 37
2403 0 37
2404 0 38
2405 0 37
2406 0 37
2407 0 37
2408 0 37
2409 0 37
2410 0 37
2411 0 36
2412 0 38
2413 0 37
2414 0 37
2415 0 38
2416 0 37
2417 0 37
2418 0 37
2419 0 37
2420 0 37
2421 0 36
2422 0 38
2423 0 38
2424 0 38
2425 0 37
2426 0 38
2427 0 37
2428 0 38
2429 0 38
2430 0 38
2431 0 37
2432 0 38
2433 0 37
2434 0 37
2435 0 38
2436 0 37
2437 0 37
2438 0 37
2439 0 37
2440 0 37
2441 0 37
2442 0 36
2443 0 38
2444 0 36
2445 0 37
2446 0 38
2447 0 36
2448 0 37
2449 0 37
2450 0 37
2451 0 37
2452 0 36
2453 0 37
2454 0 37
2455 0 37
2456 0 36
2457 0 38
2458 0 36
2459 0 37
2460 0 38
2461 0 36
2462 0 37
2463 0 38
2464 0 37
2465 0 37
2466 0 36
2467 0 36
2468 0 36
2469 0 37
2470 0 36
2471 0 37
2472 0 35
2473 0 36
2474 0 36
2475 0 37
2476 0 36
2477 0 36
2478 0 36
2479 0 37
2480 0 36
2481 0 37
2482 0 35
2483 0 36
2484 0 36
2485 0 37
2486 0 36
2487 0 37
2488 0 35
2489 0 36
2490 0 37
2491 0 35
2492 0 36
2493 0 36
2494 0 36
2495 0 36
2496 0 36
2497 0 36
2498 0 38
2499 0 37
2500 0 37
2501 0 38
2502 0 37
2503 0 37
2504 0 37
2505 0 36
2506 0 36
2507 0 36
2508 0 37
2509 0 37
2510 0 37
2511 0 36
2512 0 38
2513 0 37
2514 0 37
2515 0 38
2516 0 37
2517 0 37
2518 0 37
2519 0 36
2520 0 36
2521 0 36
2522 0 37
2523 0 37
2524 0 37
2525 0 36
2526 0 37
2527 0 36
2528 0 37
2529 0 37
2530 0 37
2531 0 36
2532 0 37
2533 0 37
2534 0 36
2535 0 37
2536 0 37
2537 0 37
2538 0 37
2539 0 36
2540 0 37
2541 0 37
2542 0 36
2543 0 36
2544 0 36
2545 0 36
2546 0 36
2547 0 37
2548 0 37
2549 0 37
2550 0 36
2551 0 37
2552 0 36
2553 0 37
2554 0 37
2555 0 37
2556 0 36
2557 0 37
2558 0 36
2559 0 36
2560 0 37
2561 0 36
2562 0 36
2563 0 36
2564 0 36
2565 0 36
2566 0 36
2567 0 35
2568 0 38
2569 0 37
2570 0 37
2571 0 38
2572 0 37
2573 0 37
2574 0 37
2575 0 36
2576 0 36
2577 0 36
2578 0 37
2579 0 37
2580 0 37
2581 0 36
2582 0 38
2583 0 37
2584 0 37
2585 0 38
2586 0 37
2587 0 37
2588 0 37
2589 0 36
2590 0 36
2591 0 36
2592 0 37
2593 0 37
2594 0 37
2595 0 37
2596 0 37
2597 0 37
2598 0 37
2599 0 37
2600 0 38
2601 0 37
2602 0 37
2603 0 37
2604 0 36
2605 0 37
2606 0 37
2607 0 37
2608 0 37
2609 0 36
2610 0 37
2611 0 37
2612 0 36
2613 0 36
2614 0 36
2615 0 36
2616 0 36
2617 0 37
2618 0 37
2619 0 36
2620 0 35
2621 0 36
2622 0 36
2623 0 37
2624 0 37
2625 0 36
2626 0 35
2627 0 37
2628 0 37
2629 0 36
2630 0 37
2631 0 37
2632 0 37
2633 0 37
2634 0 37
2635 0 37
2636 0 36
2637 0 35
2638 0 37
2639 0 37
2640 0 37
2641 0 37
2642 0 37
2643 0 36
2644 0 37
2645 0 35
2646 0 35
2647 0 35
2648 0 37
2649 0 37
2650 0 36
2651 0 35
2652 0 36
2653 0 36
2654 0 37
2655 0 37
2656 0 36
2657 0 35
2658 0 37
2659 0 37
2660 0 36
2661 0 37
2662 0 37
2663 0 37
2664 0 37
2665 0 37
2666 0 37
2667 0 36
2668 0 35
2669 0 37
2670 0 37
2671 0 36
2672 0 35
2673 0 36
2674 0 36
2675 0 37
2676 0 37
2677 0 36
2678 0 35
2679 0 37
2680 0 37
2681 0 36
2682 0 37
2683 0 37
2684 0 37
2685 0 37
2686 0 37
2687 0 37
2688 0 36
2689 0 35
2690 0 37
2691 0 37
2692 0 37
2693 0 37
2694 0 37
2695 0 36
2696 0 37
2697 0 35
2698 0 35
2699 0 35
2700 0 37
2701 0 37
2702 0 36
2703 0 35
2704 0 36
2705 0 36
2706 0 37
2707 0 37
2708 0 36
2709 0 35
2710 0 37
2711 0 37
2712 0 36
2713 0 37
2714 0 37
2715 0 37
2716 0 37
2717 0 37
2718 0 37
2719 0 36
2720 0 35
2721 0 37
2722 0 36
2723 0 36
2724 0 37
2725 0 36
2726 0 36
2727 0 37
2728 0 35
2729 0 35
2730 0 35
2731 0 37
2732 0 37
2733 0 36
2734 0 35
2735 0 37
2736 0 36
2737 0 36
2738 0 37
2739 0 36
2740 0 36
2741 0 37
2742 0 35
2743 0 35
2744 0 35
2745 0 36
2746 0 36
2747 0 36
2748 0 35
2749 0 36
2750 0 35
2751 0 36
2752 0 36
2753 0 36
2754 0 35
2755 0 36
2756 0 36
2757 0 36
2758 0 35
2759 0 36
2760 0 35
2761 0 36
2762 0 36
2763 0 36
2764 0 35
2765 0 36
2766 0 35
2767 0 35
2768 0 36
2769 0 35
2770 0 36
2771 0 36
2772 0 36
2773 0 36
2774 0 36
2775 0 35
2776 0 38
2777 0 37
2778 0 37
2779 0 38
2780 0 37
2781 0 37
2782 0 37
2783 0 36
2784 0 36
2785 0 36
2786 0 37
2787 0 37
2788 0 37
2789 0 36
2790 0 38
2791 0 37
2792 0 37
2793 0 38
2794 0 37
2795 0 37
2796 0 37
2797 0 36
2798 0 36
2799 0 36
2800 0 37
2801 0 37
2802 0 37
2803 0 37
2804 0 37
2805 0 37
2806 0 37
2807 0 37
2808 0 38
2809 0 37
2810 0 37
2811 0 37
2812 0 36
2813 0 37
2814 0 37
2815 0 37
2816 0 37
2817 0 36
2818 0 37
2819 0 37
2820 0 36
2821 0 36
2822 0 36
2823 0 36
2824 0 36
2825 0 37
2826 0 37
2827 0 38
2828 0 37
2829 0 38
2830 0 37
2831 0 37
2832 0 37
2833 0 38
2834 0 37
2835 0 37
2836 0 37
2837 0 36
2838 0 37
2839 0 37
2840 0 36
2841 0 36
2842 0 36
2843 0 36
2844 0 36
2845 0 35
2846 0 38
2847 0 37
2848 0 37
2849 0 38
2850 0 37
2851 0 37
2852 0 37
2853 0 36
2854 0 36
2855 0 36
2856 0 37
2857 0 37
2858 0 37
2859 0 36
2860 0 38
2861 0 37
2862 0 37
2863 0 38
2864 0 37
2865 0 37
2866 0 37
2867 0 36
2868 0 36
2869 0 36
2870 0 37
2871 0 37
2872 0 37
2873 0 37
2874 0 37
2875 0 37
2876 0 37
2877 0 37
2878 0 38
2879 0 37
2880 0 37
2881 0 37
2882 0 36
2883 0 37
2884 0 37
2885 0 37
2886 0 37
2887 0 36
2888 0 37
2889 0 37
2890 0 36
2891 0 36
2892 0 36
2893 0 36
2894 0 36
2895 0 37
2896 0 37
2897 0 37
2898 0 36
2899 0 37
2900 0 36
2901 0 37
2902 0 37
2903 0 37
2904 0 36
2905 0 37
2906 0 36
2907 0 36
2908 0 37
2909 0 36
2910 0 36
2911 0 36
2912 0 36
2913 0 36
2914 0 36
2915 0 35
2916 0 37
2917 0 36
2918 0 36
2919 0 37
2920 0 36
2921 0 36
2922 0 36
2923 0 36
2924 0 36
2925 0 35
2926 0 37
2927 0 37
2928 0 37
2929 0 36
2930 0 37
2931 0 36
2932 0 37
2933 0 37
2934 0 37
2935 0 36
2936 0 37
2937 0 37
2938 0 36
2939 0 37
2940 0 37
2941 0 36
2942 0 36
2943 0 36
2944 0 36
2945 0 36
2946 0 35
2947 0 37
2948 0 35
2949 0 36
2950 0 37
2951 0 35
2952 0 36
2953 0 37
2954 0 36
2955 0 36
2956 0 35
2957 0 37
2958 0 37
2959 0 36
2960 0 35
2961 0 37
2962 0 35
2963 0 36
2964 0 37
2965 0 35
2966 0 36
2967 0 37
2968 0 36
2969 0 36
2970 0 35
2971 0 37
2972 0 35
2973 0 36
2974 0 37
2975 0 35
2976 0 36
2977 0 37
2978 0 36
2979 0 36
2980 0 35
2981 0 37
2982 0 37
2983 0 36
2984 0 35
2985 0 37
2986 0 35
2987 0 36
2988 0 37
2989 0 35
2990 0 36
2991 0 37
2992 0 36
2993 0 36
2994 0 35
2995 0 36
2996 0 36
2997 0 36
2998 0 35
2999 0 36
3000 0 35
3001 0 36
3002 0 36
3003 0 36
3004 0 35
3005 0 36
3006 0 35
3007 0 35
3008 0 36
3009 0 35
3010 0 36
3011 0 35
3012 0 35
3013 0 36
3014 0 35
3015 0 35
3016 0 35
3017 0 36
3018 0 36
3019 0 35
3020 0 38
3021 0 38
3022 0 38
3023 0 37
3024 0 38
3025 0 37
3026 0 38
3027 0 38
3028 0 38
3029 0 37
3030 0 38
3031 0 37
3032 0 37
3033 0 38
3034 0 37
3035 0 37
3036 0 37
3037 0 37
3038 0 37
3039 0 37
3040 0 36
3041 0 38
3042 0 37
3043 0 37
3044 0 38
3045 0 37
3046 0 37
3047 0 37
3048 0 37
3049 0 37
3050 0 36
3051 0 38
3052 0 38
3053 0 38
3054 0 37
3055 0 38
3056 0 37
3057 0 38
3058 0 38
3059 0 38
3060 0 37
3061 0 38
3062 0 37
3063 0 37
3064 0 38
3065 0 37
3066 0 37
3067 0 37
3068 0 37
3069 0 37
3070 0 37
3071 0 36
3072 0 38
3073 0 36
3074 0 37
3075 0 38
3076 0 36
3077 0 37
3078 0 37
3079 0 37
3080 0 37
3081 0 36
3082 0 37
3083 0 37
3084 0 37
3085 0 36
3086 0 38
3087 0 36
3088 0 37
3089 0 38
3090 0 36
3091 0 37
3092 0 38
3093 0 37
3094 0 37
3095 0 36
3096 0 36
3097 0 36
3098 0 37
3099 0 36
3100 0 37
3101 0 35
3102 0 36
3103 0 36
3104 0 37
3105 0 36
3106 0 36
3107 0 36
3108 0 37
3109 0 36
3110 0 37
3111 0 35
3112 0 36
3113 0 36
3114 0 37
3115 0 36
3116 0 37
3117 0 35
3118 0 36
3119 0 37
3120 0 35
3121 0 36
3122 0 36
3123 0 36
3124 0 36
3125 0 36
3126 0 36
3127 0 38
3128 0 36
3129 0 37
3130 0 38
3131 0 36
3132 0 37
3133 0 38
3134 0 37
3135 0 37
3136 0 36
3137 0 38
3138 0 38
3139 0 37
3140 0 36
3141 0 38
3142 0 36
3143 0 37
3144 0 38
3145 0 36
3146 0 37
3147 0 38
3148 0 37
3149 0 37
3150 0 36
3151 0 37
3152 0 37
3153 0 37
3154 0 36
3155 0 37
3156 0 36
3157 0 37
3158 0 37
3159 0 37
3160 0 36
3161 0 37
3162 0 36
3163 0 36
3164 0 37
3165 0 36
3166 0 37
3167 0 36
3168 0 36
3169 0 37
3170 0 36
3171 0 36
3172 0 36
3173 0 36
3174 0 36
3175 0 36
3176 0 38
3177 0 38
3178 0 38
3179 0 37
3180 0 38
3181 0 37
3182 0 38
3183 0 38
3184 0 38
3185 0 37
3186 0 38
3187 0 37
3188 0 37
3189 0 38
3190 0 37
3191 0 37
3192 0 37
3193 0 37
3194 0 37
3195 0 37
3196 0 36
3197 0 38
3198 0 37
3199 0 37
3200 0 38
3201 0 37
3202 0 37
3203 0 37
3204 0 37
3205 0 37
3206 0 36
3207 0 38
3208 0 38
3209 0 38
3210 0 37
3211 0 38
3212 0 37
3213 0 38
3214 0 38
3215 0 38
3216 0 37
3217 0 38
3218 0 37
3219 0 37
3220 0 38
3221 0 37
3222 0 37
3223 0 37
3224 0 37
3225 0 37
3226 0 37
3227 0 36
3228 0 38
3229 0 36
3230 0 37
3231 0 38
3232 0 36
3233 0 37
3234 0 37
3235 0 37
3236 0 37
3237 0 36
3238 0 37
3239 0 37
3240 0 37
3241 0 36
3242 0 38
3243 0 36
3244 0 37
3245 0 38
3246 0 36
3247 0 37
3248 0 38
3249 0 37
3250 0 37
3251 0 36
3252 0 36
3253 0 36
3254 0 37
3255 0 36
3256 0 37
3257 0 35
3258 0 36
3259 0 36
3260 0 37
3261 0 36
3262 0 36
3263 0 36
3264 0 37
3265 0 36
3266 0 37
3267 0 35
3268 0 36
3269 0 36
3270 0 37
3271 0 36
3272 0 37
3273 0 35
3274 0 36
3275 0 37
3276 0 35
3277 0 36
3278 0 36
3279 0 36
3280 0 36
3281 0 36
3282 0 36
3283 0 38
3284 0 37
3285 0 37
3286 0 38
3287 0 37
3288 0 37
3289 0 38
3290 0 36
3291 0 36
3292 0 36
3293 0 38
3294 0 38
3295 0 37
3296 0 36
3297 0 38
3298 0 37
3299 0 37
3300 0 38
3301 0 37
3302 0 37
3303 0 38
3304 0 36
3305 0 36
3306 0 36
3307 0 37
3308 0 37
3309 0 37
3310 0 36
3311 0 37
3312 0 36
3313 0 37
3314 0 37
3315 0 37
3316 0 36
3317 0 37
3318 0 37
3319 0 37
3320 0 37
3321 0 37
3322 0 37
3323 0 37
3324 0 37
3325 0 37
3326 0 37
3327 0 37
3328 0 37
3329 0 36
3330 0 36
3331 0 36
3332 0 37
3333 0 37
3334 0 37
3335 0 36
3336 0 37
3337 0 36
3338 0 37
3339 0 37
3340 0 37
3341 0 36
3342 0 37
3343 0 36
3344 0 36
3345 0 37
3346 0 36
3347 0 37
3348 0 37
3349 0 37
3350 0 37
3351 0 36
3352 0 35
3353 0 38
3354 0 37
3355 0 37
3356 0 38
3357 0 37
3358 0 37
3359 0 38
3360 0 36
3361 0 36
3362 0 36
3363 0 38
3364 0 38
3365 0 37
3366 0 36
3367 0 38
3368 0 37
3369 0 37
3370 0 38
3371 0 37
3372 0 37
3373 0 38
3374 0 36
3375 0 36
3376 0 36
3377 0 38
3378 0 38
3379 0 37
3380 0 37
3381 0 37
3382 0 37
3383 0 38
3384 0 38
3385 0 38
3386 0 37
3387 0 37
3388 0 37
3389 0 37
3390 0 37
3391 0 37
3392 0 37
3393 0 37
3394 0 37
3395 0 37
3396 0 37
3397 0 37
3398 0 37
3399 0 36
3400 0 36
3401 0 36
3402 0 37
3403 0 37
3404 0 36
3405 0 35
3406 0 36
3407 0 36
3408 0 37
3409 0 37
3410 0 36
3411 0 35
3412 0 37
3413 0 37
3414 0 36
3415 0 37
3416 0 37
3417 0 37
3418 0 37
3419 0 37
3420 0 37
3421 0 36
3422 0 35
3423 0 37
3424 0 37
3425 0 37
3426 0 37
3427 0 37
3428 0 36
3429 0 37
3430 0 35
3431 0 35
3432 0 35
3433 0 37
3434 0 37
3435 0 36
3436 0 35
3437 0 36
3438 0 36
3439 0 37
3440 0 37
3441 0 36
3442 0 35
3443 0 37
3444 0 37
3445 0 36
3446 0 37
3447 0 37
3448 0 37
3449 0 37
3450 0 37
3451 0 37
3452 0 36
3453 0 35
3454 0 37
3455 0 37
3456 0 36
3457 0 35
3458 0 36
3459 0 36
3460 0 37
3461 0 37
3462 0 36
3463 0 35
3464 0 37
3465 0 37
3466 0 36
3467 0 37
3468 0 37
3469 0 37
3470 0 37
3471 0 37
3472 0 37
3473 0 36
3474 0 35
3475 0 37
3476 0 37
3477 0 37
3478 0 37
3479 0 37
3480 0 36
3481 0 37
3482 0 35
3483 0 35
3484 0 35
3485 0 37
3486 0 37
3487 0 36
3488 0 35
3489 0 36
3490 0 36
3491 0 37
3492 0 37
3493 0 36
3494 0 35
3495 0 37
3496 0 37
3497 0 36
3498 0 37
3499 0 37
3500 0 37
3501 0 37
3502 0 37
3503 0 37
3504 0 36
3505 0 35
3506 0 37
3507 0 36
3508 0 36
3509 0 37
3510 0 36
3511 0 36
3512 0 37
3513 0 35
3514 0 35
3515 0 35
3516 0 37
3517 0 37
3518 0 36
3519 0 35
3520 0 37
3521 0 36
3522 0 36
3523 0 37
3524 0 36
3525 0 36
3526 0 37
3527 0 35
3528 0 35
3529 0 35
3530 0 36
3531 0 36
3532 0 36
3533 0 35
3534 0 36
3535 0 35
3536 0 36
3537 0 36
3538 0 36
3539 0 35
3540 0 36
3541 0 36
3542 0 36
3543 0 35
3544 0 36
3545 0 35
3546 0 36
3547 0 36
3548 0 36
3549 0 35
3550 0 36
3551 0 35
3552 0 35
3553 0 36
3554 0 35
3555 0 36
3556 0 36
3557 0 36
3558 0 36
3559 0 36
3560 0 35
3561 0 38
3562 0 37
3563 0 38
3564 0 37
3565 0 37
3566 0 37
3567 0 37
3568 0 37
3569 0 37
3570 0 37
3571 0 36
3572 0 38
3573 0 37
3574 0 38
3575 0 37
3576 0 37
3577 0 37
3578 0 37
3579 0 36
3580 0 36
3581 0 37
3582 0 36
3583 0 37
3584 0 36
3585 0 36
3586 0 37
3587 0 36
3588 0 36
3589 0 35
3590 0 36
3591 0 36
3592 0 35
3593 0 36
3594 0 35
3595 0 35
3596 0 36
3597 0 36
3598 0 36
3599 0 36
3600 0 37
3601 0 36
3602 0 38
3603 0 36
3604 0 36
3605 0 37
3606 0 36
3607 0 37
3608 0 36
3609 0 37
3610 0 36
3611 0 36
3612 0 36
3613 0 36
3614 0 36
3615 0 36
3616 0 38
3617 0 37
3618 0 38
3619 0 37
3620 0 37
3621 0 37
3622 0 37
3623 0 37
3624 0 37
3625 0 37
3626 0 36
3627 0 38
3628 0 37
3629 0 38
3630 0 37
3631 0 37
3632 0 37
3633 0 37
3634 0 36
3635 0 36
3636 0 37
3637 0 36
3638 0 37
3639 0 36
3640 0 36
3641 0 37
3642 0 36
3643 0 36
3644 0 35
3645 0 36
3646 0 36
3647 0 35
3648 0 36
3649 0 35
3650 0 35
3651 0 36
3652 0 36
3653 0 37
3654 0 37
3655 0 37
3656 0 36
3657 0 37
3658 0 37
3659 0 37
3660 0 37
3661 0 36
3662 0 37
3663 0 36
3664 0 37
3665 0 37
3666 0 37
3667 0 37
3668 0 37
3669 0 36
3670 0 36
3671 0 37
3672 0 36
3673 0 37
3674 0 36
3675 0 36
3676 0 36
3677 0 36
3678 0 37
3679 0 37
3680 0 37
3681 0 36
3682 0 37
3683 0 37
3684 0 37
3685 0 37
3686 0 36
3687 0 37
3688 0 37
3689 0 37
3690 0 37
3691 0 37
3692 0 37
3693 0 37
3694 0 36
3695 0 36
3696 0 37
3697 0 36
3698 0 37
3699 0 37
3700 0 37
3701 0 37
3702 0 37
3703 0 37
3704 0 37
3705 0 36
3706 0 35
3707 0 37
3708 0 36
3709 0 37
3710 0 37
3711 0 37
3712 0 37
3713 0 37
3714 0 37
3715 0 36
3716 0 37
3717 0 37
3718 0 37
3719 0 37
3720 0 37
3721 0 37
3722 0 37
3723 0 36
3724 0 35
3725 0 37
3726 0 36
3727 0 37
3728 0 37
3729 0 37
3730 0 37
3731 0 37
3732 0 36
3733 0 36
3734 0 36
3735 0 35
3736 0 37
3737 0 36
3738 0 36
3739 0 36
3740 0 35
3741 0 36
3742 0 35
3743 0 36
3744 0 36
3745 0 35
3746 0 36
3747 0 35
3748 0 35
3749 0 36
3750 0 36
3751 0 37
3752 0 37
3753 0 37
3754 0 36
3755 0 37
3756 0 37
3757 0 37
3758 0 37
3759 0 36
3760 0 37
3761 0 37
3762 0 37
3763 0 37
3764 0 37
3765 0 37
3766 0 37
3767 0 36
3768 0 36
3769 0 37
3770 0 37
3771 0 37
3772 0 37
3773 0 37
3774 0 36
3775 0 36
3776 0 37
3777 0 37
3778 0 37
3779 0 36
3780 0 37
3781 0 37
3782 0 37
3783 0 37
3784 0 36
3785 0 37
3786 0 37
3787 0 37
3788 0 37
3789 0 37
3790 0 37
3791 0 37
3792 0 36
3793 0 36
3794 0 37
3795 0 36
3796 0 37
3797 0 36
3798 0 36
3799 0 36
3800 0 36
3801 0 36
3802 0 36
3803 0 36
3804 0 35
3805 0 37
3806 0 36
3807 0 37
3808 0 37
3809 0 37
3810 0 36
3811 0 36
3812 0 35
3813 0 35
3814 0 36
3815 0 35
3816 0 37
3817 0 35
3818 0 35
3819 0 36
3820 0 35
3821 0 35
3822 0 35
3823 0 36
3824 0 35
3825 0 37
3826 0 35
3827 0 35
3828 0 36
3829 0 35
3830 0 36
3831 0 35
3832 0 36
3833 0 35
3834 0 35
3835 0 35
3836 0 35
3837 0 35
3838 0 35
3839 0 38
3840 0 37
3841 0 38
3842 0 37
3843 0 37
3844 0 37
3845 0 37
3846 0 37
3847 0 37
3848 0 37
3849 0 36
3850 0 38
3851 0 37
3852 0 38
3853 0 37
3854 0 37
3855 0 37
3856 0 37
3857 0 36
3858 0 36
3859 0 37
3860 0 36
3861 0 37
3862 0 36
3863 0 36
3864 0 37
3865 0 36
3866 0 36
3867 0 35
3868 0 36
3869 0 36
3870 0 35
3871 0 36
3872 0 35
3873 0 35
3874 0 36
3875 0 36
3876 0 36
3877 0 36
3878 0 37
3879 0 36
3880 0 38
3881 0 36
3882 0 36
3883 0 37
3884 0 36
3885 0 37
3886 0 36
3887 0 37
3888 0 36
3889 0 36
3890 0 36
3891 0 36
3892 0 36
3893 0 36
3894 0 38
3895 0 37
3896 0 38
3897 0 37
3898 0 37
3899 0 37
3900 0 37
3901 0 37
3902 0 37
3903 0 37
3904 0 36
3905 0 38
3906 0 37
3907 0 38
3908 0 37
3909 0 37
3910 0 37
3911 0 37
3912 0 36
3913 0 36
3914 0 37
3915 0 36
3916 0 37
3917 0 36
3918 0 36
3919 0 37
3920 0 36
3921 0 36
3922 0 35
3923 0 36
3924 0 36
3925 0 35
3926 0 36
3927 0 35
3928 0 35
3929 0 36
3930 0 36
3931 0 37
3932 0 37
3933 0 37
3934 0 36
3935 0 38
3936 0 37
3937 0 37
3938 0 37
3939 0 36
3940 0 37
3941 0 36
3942 0 37
3943 0 37
3944 0 37
3945 0 37
3946 0 37
3947 0 37
3948 0 36
3949 0 37
3950 0 36
3951 0 37
3952 0 36
3953 0 36
3954 0 37
3955 0 37
3956 0 37
3957 0 37
3958 0 37
3959 0 36
3960 0 38
3961 0 37
3962 0 37
3963 0 37
3964 0 36
3965 0 38
3966 0 37
3967 0 38
3968 0 37
3969 0 37
3970 0 37
3971 0 37
3972 0 37
3973 0 36
3974 0 37
3975 0 36
3976 0 37
3977 0 37
3978 0 37
3979 0 37
3980 0 37
3981 0 37
3982 0 37
3983 0 36
3984 0 35
3985 0 37
3986 0 36
3987 0 37
3988 0 37
3989 0 37
3990 0 37
3991 0 37
3992 0 37
3993 0 36
3994 0 37
3995 0 37
3996 0 37
3997 0 37
3998 0 37
3999 0 37
4000 0 37
4001 0 36
4002 0 35
4003 0 37
4004 0 36
4005 0 37
4006 0 37
4007 0 37
4008 0 37
4009 0 37
4010 0 36
4011 0 36
4012 0 36
4013 0 35
4014 0 37
4015 0 36
4016 0 36
4017 0 36
4018 0 35
4019 0 36
4020 0 35
4021 0 36
4022 0 36
4023 0 35
4024 0 36
4025 0 35
4026 0 35
4027 0 36
4028 0 36
4029 0 37
4030 0 37
4031 0 37
4032 0 36
4033 0 36
4034 0 35
4035 0 36
4036 0 36
4037 0 36
4038 0 36
4039 0 37
4040 0 37
4041 0 37
4042 0 36
4043 0 36
4044 0 35
4045 0 37
4046 0 37
4047 0 37
4048 0 37
4049 0 36
4050 0 37
4051 0 37
4052 0 37
4053 0 37
4054 0 37
4055 0 37
4056 0 37
4057 0 37
4058 0 37
4059 0 37
4060 0 36
4061 0 36
4062 0 35
4063 0 37
4064 0 37
4065 0 37
4066 0 37
4067 0 37
4068 0 37
4069 0 37
4070 0 37
4071 0 37
4072 0 36
4073 0 36
4074 0 37
4075 0 35
4076 0 35
4077 0 35
4078 0 35
4079 0 35
4080 0 35
4081 0 37
4082 0 37
4083 0 37
4084 0 36
4085 0 36
4086 0 35
4087 0 36
4088 0 36
4089 0 36
4090 0 36
4091 0 37
4092 0 37
4093 0 37
4094 0 36
4095 0 36
4096 0 35
4097 0 37
4098 0 37
4099 0 37
4100 0 37
4101 0 36
4102 0 37
4103 0 37
4104 0 37
4105 0 37
4106 0 37
4107 0 37
4108 0 37
4109 0 37
4110 0 37
4111 0 37
4112 0 36
4113 0 36
4114 0 35
4115 0 37
4116 0 37
4117 0 37
4118 0 36
4119 0 36
4120 0 35
4121 0 36
4122 0 36
4123 0 36
4124 0 36
4125 0 37
4126 0 37
4127 0 37
4128 0 36
4129 0 36
4130 0 35
4131 0 37
4132 0 37
4133 0 37
4134 0 37
4135 0 36
4136 0 37
4137 0 37
4138 0 37
4139 0 37
4140 0 37
4141 0 37
4142 0 37
4143 0 37
4144 0 37
4145 0 37
4146 0 36
4147 0 36
4148 0 35
4149 0 37
4150 0 37
4151 0 37
4152 0 37
4153 0 37
4154 0 37
4155 0 37
4156 0 37
4157 0 37
4158 0 36
4159 0 36
4160 0 37
4161 0 35
4162 0 35
4163 0 35
4164 0 35
4165 0 35
4166 0 35
4167 0 37
4168 0 37
4169 0 37
4170 0 36
4171 0 36
4172 0 35
4173 0 36
4174 0 36
4175 0 36
4176 0 36
4177 0 37
4178 0 37
4179 0 37
4180 0 36
4181 0 36
4182 0 35
4183 0 37
4184 0 37
4185 0 37
4186 0 37
4187 0 36
4188 0 37
4189 0 37
4190 0 37
4191 0 37
4192 0 37
4193 0 37
4194 0 37
4195 0 37
4196 0 37
4197 0 37
4198 0 36
4199 0 36
4200 0 35
4201 0 37
4202 0 37
4203 0 36
4204 0 36
4205 0 36
4206 0 37
4207 0 37
4208 0 36
4209 0 36
4210 0 36
4211 0 36
4212 0 37
4213 0 35
4214 0 35
4215 0 35
4216 0 35
4217 0 35
4218 0 35
4219 0 37
4220 0 37
4221 0 37
4222 0 36
4223 0 36
4224 0 35
4225 0 37
4226 0 37
4227 0 36
4228 0 36
4229 0 36
4230 0 37
4231 0 37
4232 0 36
4233 0 36
4234 0 36
4235 0 36
4236 0 37
4237 0 35
4238 0 35
4239 0 35
4240 0 35
4241 0 35
4242 0 35
4243 0 36
4244 0 36
4245 0 36
4246 0 36
4247 0 36
4248 0 35
4249 0 36
4250 0 36
4251 0 35
4252 0 35
4253 0 36
4254 0 36
4255 0 36
4256 0 36
4257 0 36
4258 0 35
4259 0 36
4260 0 36
4261 0 36
4262 0 36
4263 0 36
4264 0 35
4265 0 36
4266 0 36
4267 0 35
4268 0 35
4269 0 36
4270 0 36
4271 0 36
4272 0 36
4273 0 36
4274 0 35
4275 0 36
4276 0 36
4277 0 35
4278 0 35
4279 0 35
4280 0 36
4281 0 36
4282 0 35
4283 0 35
4284 0 36
4285 0 36
4286 0 36
4287 0 36
4288 0 36
4289 0 36
4290 0 36
4291 0 36
4292 0 35
4293 0 38
4294 0 37
4295 0 38
4296 0 37
4297 0 37
4298 0 37
4299 0 37
4300 0 37
4301 0 37
4302 0 37
4303 0 36
4304 0 38
4305 0 37
4306 0 38
4307 0 37
4308 0 37
4309 0 37
4310 0 37
4311 0 36
4312 0 36
4313 0 37
4314 0 36
4315 0 37
4316 0 36
4317 0 36
4318 0 37
4319 0 36
4320 0 36
4321 0 35
4322 0 36
4323 0 36
4324 0 35
4325 0 36
4326 0 35
4327 0 35
4328 0 36
4329 0 36
4330 0 36
4331 0 36
4332 0 37
4333 0 36
4334 0 38
4335 0 36
4336 0 36
4337 0 37
4338 0 36
4339 0 37
4340 0 36
4341 0 37
4342 0 36
4343 0 36
4344 0 36
4345 0 36
4346 0 36
4347 0 36
4348 0 38
4349 0 37
4350 0 38
4351 0 37
4352 0 37
4353 0 37
4354 0 37
4355 0 37
4356 0 37
4357 0 37
4358 0 36
4359 0 38
4360 0 37
4361 0 38
4362 0 37
4363 0 37
4364 0 37
4365 0 37
4366 0 36
4367 0 36
4368 0 37
4369 0 36
4370 0 37
4371 0 36
4372 0 36
4373 0 37
4374 0 36
4375 0 36
4376 0 35
4377 0 36
4378 0 36
4379 0 35
4380 0 36
4381 0 35
4382 0 35
4383 0 36
4384 0 36
4385 0 37
4386 0 37
4387 0 37
4388 0 36
4389 0 38
4390 0 37
4391 0 37
4392 0 37
4393 0 36
4394 0 37
4395 0 36
4396 0 37
4397 0 37
4398 0 37
4399 0 37
4400 0 37
4401 0 37
4402 0 36
4403 0 37
4404 0 36
4405 0 37
4406 0 36
4407 0 36
4408 0 37
4409 0 37
4410 0 37
4411 0 37
4412 0 37
4413 0 36
4414 0 38
4415 0 37
4416 0 37
4417 0 37
4418 0 36
4419 0 38
4420 0 37
4421 0 38
4422 0 37
4423 0 37
4424 0 37
4425 0 37
4426 0 37
4427 0 36
4428 0 37
4429 0 36
4430 0 37
4431 0 37
4432 0 37
4433 0 37
4434 0 37
4435 0 37
4436 0 37
4437 0 36
4438 0 35
4439 0 37
4440 0 36
4441 0 37
4442 0 37
4443 0 37
4444 0 37
4445 0 37
4446 0 37
4447 0 36
4448 0 37
4449 0 37
4450 0 37
4451 0 37
4452 0 37
4453 0 37
4454 0 37
4455 0 36
4456 0 35
4457 0 37
4458 0 36
4459 0 37
4460 0 37
4461 0 37
4462 0 37
4463 0 37
4464 0 36
4465 0 36
4466 0 36
4467 0 35
4468 0 37
4469 0 36
4470 0 36
4471 0 36
4472 0 35
4473 0 36
4474 0 35
4475 0 36
4476 0 36
4477 0 35
4478 0 36
4479 0 35
4480 0 35
4481 0 36
4482 0 36
4483 0 37
4484 0 37
4485 0 37
4486 0 36
4487 0 38
4488 0 37
4489 0 37
4490 0 37
4491 0 36
4492 0 38
4493 0 37
4494 0 38
4495 0 37
4496 0 37
4497 0 37
4498 0 37
4499 0 37
4500 0 36
4501 0 38
4502 0 37
4503 0 38
4504 0 37
4505 0 37
4506 0 37
4507 0 37
4508 0 37
4509 0 37
4510 0 37
4511 0 36
4512 0 38
4513 0 37
4514 0 37
4515 0 37
4516 0 36
4517 0 38
4518 0 37
4519 0 38
4520 0 37
4521 0 37
4522 0 37
4523 0 37
4524 0 37
4525 0 36
4526 0 37
4527 0 36
4528 0 37
4529 0 36
4530 0 36
4531 0 37
4532 0 37
4533 0 36
4534 0 36
4535 0 36
4536 0 35
4537 0 37
4538 0 36
4539 0 37
4540 0 37
4541 0 37
4542 0 37
4543 0 37
4544 0 35
4545 0 35
4546 0 36
4547 0 35
4548 0 37
4549 0 35
4550 0 35
4551 0 36
4552 0 35
4553 0 35
4554 0 35
4555 0 36
4556 0 35
4557 0 37
4558 0 35
4559 0 35
4560 0 36
4561 0 35
4562 0 36
4563 0 35
4564 0 36
4565 0 35
4566 0 35
4567 0 35
4568 0 35
4569 0 35
4570 0 35
4571 0 38
4572 0 37
4573 0 38
4574 0 37
4575 0 37
4576 0 37
4577 0 37
4578 0 37
4579 0 37
4580 0 37
4581 0 36
4582 0 38
4583 0 37
4584 0 38
4585 0 37
4586 0 37
4587 0 37
4588 0 37
4589 0 36
4590 0 36
4591 0 37
4592 0 36
4593 0 37
4594 0 36
4595 0 36
4596 0 37
4597 0 36
4598 0 36
4599 0 35
4600 0 36
4601 0 36
4602 0 35
4603 0 36
4604 0 35
4605 0 35
4606 0 36
4607 0 36
4608 0 36
4609 0 36
4610 0 37
4611 0 36
4612 0 38
4613 0 36
4614 0 36
4615 0 37
4616 0 36
4617 0 37
4618 0 36
4619 0 37
4620 0 36
4621 0 36
4622 0 36
4623 0 36
4624 0 36
4625 0 36
4626 0 38
4627 0 37
4628 0 38
4629 0 37
4630 0 37
4631 0 37
4632 0 37
4633 0 37
4634 0 37
4635 0 37
4636 0 36
4637 0 38
4638 0 37
4639 0 38
4640 0 37
4641 0 37
4642 0 37
4643 0 37
4644 0 36
4645 0 36
4646 0 37
4647 0 36
4648 0 37
4649 0 36
4650 0 36
4651 0 37
4652 0 36
4653 0 36
4654 0 35
4655 0 36
4656 0 36
4657 0 35
4658 0 36
4659 0 35
4660 0 35
4661 0 36
4662 0 36
4663 0 37
4664 0 37
4665 0 37
4666 0 36
4667 0 38
4668 0 37
4669 0 37
4670 0 37
4671 0 36
4672 0 37
4673 0 36
4674 0 37
4675 0 37
4676 0 37
4677 0 37
4678 0 37
4679 0 37
4680 0 36
4681 0 37
4682 0 36
4683 0 37
4684 0 36
4685 0 36
4686 0 37
4687 0 37
4688 0 37
4689 0 37
4690 0 37
4691 0 36
4692 0 38
4693 0 37
4694 0 37
4695 0 37
4696 0 36
4697 0 38
4698 0 37
4699 0 38
4700 0 37
4701 0 37
4702 0 37
4703 0 37
4704 0 37
4705 0 36
4706 0 37
4707 0 36
4708 0 37
4709 0 37
4710 0 37
4711 0 37
4712 0 37
4713 0 37
4714 0 37
4715 0 36
4716 0 35
4717 0 37
4718 0 36
4719 0 37
4720 0 37
4721 0 37
4722 0 37
4723 0 37
4724 0 37
4725 0 36
4726 0 37
4727 0 37
4728 0 37
4729 0 37
4730 0 37
4731 0 37
4732 0 37
4733 0 36
4734 0 35
4735 0 37
4736 0 36
4737 0 37
4738 0 37
4739 0 37
4740 0 37
4741 0 37
4742 0 36
4743 0 36
4744 0 36
4745 0 35
4746 0 37
4747 0 36
4748 0 36
4749 0 36
4750 0 35
4751 0 36
4752 0 35
4753 0 36
4754 0 36
4755 0 35
4756 0 36
4757 0 35
4758 0 35
4759 0 36
4760 0 36
4761 0 37
4762 0 37
4763 0 37
4764 0 36
4765 0 37
4766 0 37
4767 0 37
4768 0 37
4769 0 36
4770 0 37
4771 0 36
4772 0 37
4773 0 36
4774 0 36
4775 0 36
4776 0 36
4777 0 36
4778 0 36
4779 0 37
4780 0 36
4781 0 37
4782 0 36
4783 0 36
4784 0 36
4785 0 36
4786 0 37
4787 0 37
4788 0 37
4789 0 36
4790 0 37
4791 0 37
4792 0 37
4793 0 37
4794 0 36
4795 0 37
4796 0 36
4797 0 37
4798 0 36
4799 0 36
4800 0 36
4801 0 36
4802 0 36
4803 0 36
4804 0 37
4805 0 36
4806 0 37
4807 0 36
4808 0 36
4809 0 36
4810 0 36
4811 0 36
4812 0 36
4813 0 36
4814 0 35
4815 0 37
4816 0 36
4817 0 37
4818 0 37
4819 0 37
4820 0 36
4821 0 36
4822 0 35
4823 0 35
4824 0 36
4825 0 35
4826 0 37
4827 0 35
4828 0 35
4829 0 36
4830 0 35
4831 0 35
4832 0 35
4833 0 36
4834 0 35
4835 0 37
4836 0 35
4837 0 35
4838 0 36
4839 0 35
4840 0 36
4841 0 35
4842 0 36
4843 0 35
4844 0 35
4845 0 35
4846 0 35
4847 0 35
4848 0 35
4849 0 37
4850 0 36
4851 0 37
4852 0 37
4853 0 37
4854 0 36
4855 0 36
4856 0 37
4857 0 37
4858 0 36
4859 0 35
4860 0 37
4861 0 36
4862 0 37
4863 0 37
4864 0 37
4865 0 36
4866 0 36
4867 0 36
4868 0 36
4869 0 36
4870 0 35
4871 0 36
4872 0 36
4873 0 36
4874 0 36
4875 0 35
4876 0 36
4877 0 35
4878 0 36
4879 0 36
4880 0 35
4881 0 36
4882 0 35
4883 0 35
4884 0 35
4885 0 35
4886 0 37
4887 0 37
4888 0 37
4889 0 36
4890 0 37
4891 0 37
4892 0 37
4893 0 37
4894 0 36
4895 0 37
4896 0 36
4897 0 37
4898 0 36
4899 0 36
4900 0 36
4901 0 36
4902 0 36
4903 0 36
4904 0 37
4905 0 36
4906 0 37
4907 0 36
4908 0 36
4909 0 36
4910 0 36
4911 0 37
4912 0 37
4913 0 37
4914 0 36
4915 0 37
4916 0 37
4917 0 37
4918 0 37
4919 0 36
4920 0 37
4921 0 36
4922 0 37
4923 0 36
4924 0 36
4925 0 36
4926 0 36
4927 0 36
4928 0 36
4929 0 37
4930 0 36
4931 0 37
4932 0 36
4933 0 36
4934 0 37
4935 0 37
4936 0 36
4937 0 36
4938 0 36
4939 0 35
4940 0 37
4941 0 36
4942 0 37
4943 0 37
4944 0 37
4945 0 37
4946 0 37
4947 0 35
4948 0 35
4949 0 36
4950 0 35
4951 0 37
4952 0 35
4953 0 35
4954 0 36
4955 0 35
4956 0 35
4957 0 35
4958 0 36
4959 0 35
4960 0 37
4961 0 35
4962 0 35
4963 0 36
4964 0 35
4965 0 36
4966 0 35
4967 0 36
4968 0 35
4969 0 35
4970 0 35
4971 0 35
4972 0 35
4973 0 35
4974 0 37
4975 0 36
4976 0 37
4977 0 36
4978 0 36
4979 0 35
4980 0 35
4981 0 36
4982 0 36
4983 0 36
4984 0 36
4985 0 37
4986 0 36
4987 0 37
4988 0 36
4989 0 36
4990 0 35
4991 0 35
4992 0 36
4993 0 36
4994 0 36
4995 0 36
4996 0 36
4997 0 36
4998 0 36
4999 0 37
5000 0 36
5001 0 36
5002 0 35
5003 0 36
5004 0 36
5005 0 35
5006 0 36
5007 0 35
5008 0 35
5009 0 35
5010 0 35
5011 0 36
5012 0 36
5013 0 37
5014 0 36
5015 0 37
5016 0 36
5017 0 36
5018 0 37
5019 0 36
5020 0 36
5021 0 35
5022 0 36
5023 0 35
5024 0 35
5025 0 35
5026 0 35
5027 0 35
5028 0 35
5029 0 37
5030 0 36
5031 0 37
5032 0 36
5033 0 36
5034 0 35
5035 0 35
5036 0 36
5037 0 36
5038 0 36
5039 0 36
5040 0 37
5041 0 36
5042 0 37
5043 0 36
5044 0 36
5045 0 35
5046 0 35
5047 0 36
5048 0 36
5049 0 36
5050 0 36
5051 0 36
5052 0 36
5053 0 36
5054 0 37
5055 0 36
5056 0 36
5057 0 35
5058 0 36
5059 0 36
5060 0 35
5061 0 36
5062 0 35
5063 0 35
5064 0 35
5065 0 35
5066 0 37
5067 0 36
5068 0 37
5069 0 36
5070 0 36
5071 0 35
5072 0 35
5073 0 36
5074 0 36
5075 0 36
5076 0 36
5077 0 37
5078 0 36
5079 0 37
5080 0 36
5081 0 36
5082 0 35
5083 0 35
5084 0 36
5085 0 36
5086 0 36
5087 0 36
5088 0 36
5089 0 36
5090 0 36
5091 0 37
5092 0 36
5093 0 36
5094 0 35
5095 0 36
5096 0 36
5097 0 35
5098 0 36
5099 0 35
5100 0 35
5101 0 35
5102 0 35
5103 0 36
5104 0 36
5105 0 37
5106 0 36
5107 0 37
5108 0 36
5109 0 36
5110 0 37
5111 0 36
5112 0 36
5113 0 35
5114 0 36
5115 0 35
5116 0 35
5117 0 35
5118 0 35
5119 0 35
5120 0 35
5121 0 37
5122 0 36
5123 0 37
5124 0 36
5125 0 36
5126 0 35
5127 0 35
5128 0 36
5129 0 36
5130 0 36
5131 0 36
5132 0 37
5133 0 36
5134 0 37
5135 0 36
5136 0 36
5137 0 35
5138 0 35
5139 0 36
5140 0 36
5141 0 36
5142 0 36
5143 0 36
5144 0 36
5145 0 36
5146 0 37
5147 0 36
5148 0 36
5149 0 35
5150 0 36
5151 0 36
5152 0 35
5153 0 36
5154 0 35
5155 0 35
5156 0 35
5157 0 35
5158 0 36
5159 0 36
5160 0 36
5161 0 36
5162 0 36
5163 0 36
5164 0 36
5165 0 36
5166 0 36
5167 0 36
5168 0 35
5169 0 36
5170 0 35
5171 0 35
5172 0 35
5173 0 35
5174 0 35
5175 0 35
5176 0 36
5177 0 35
5178 0 36
5179 0 35
5180 0 35
5181 0 35
5182 0 35
5183 0 36
5184 0 36
5185 0 36
5186 0 36
5187 0 36
5188 0 36
5189 0 36
5190 0 36
5191 0 36
5192 0 36
5193 0 35
5194 0 36
5195 0 35
5196 0 35
5197 0 35
5198 0 35
5199 0 35
5200 0 35
5201 0 36
5202 0 36
5203 0 36
5204 0 36
5205 0 36
5206 0 35
5207 0 35
5208 0 36
5209 0 36
5210 0 35
5211 0 35
5212 0 36
5213 0 36
5214 0 36
5215 0 36
5216 0 36
5217 0 35
5218 0 35
5219 0 36
5220 0 36
5221 0 36
5222 0 36
5223 0 36
5224 0 35
5225 0 35
5226 0 36
5227 0 36
5228 0 35
5229 0 35
5230 0 36
5231 0 36
5232 0 36
5233 0 36
5234 0 36
5235 0 35
5236 0 35
5237 0 36
5238 0 36
5239 0 35
5240 0 35
5241 0 35
5242 0 36
5243 0 36
5244 0 35
5245 0 35
5246 0 36
5247 0 35
5248 0 36
5249 0 36
5250 0 35
5251 0 36
5252 0 35
5253 0 35
5254 0 35
5255 0 35
5256 0 38
5257 0 38
5258 0 38
5259 0 37
5260 0 38
5261 0 38
5262 0 38
5263 0 37
5264 0 38
5265 0 37
5266 0 37
5267 0 37
5268 0 37
5269 0 38
5270 0 37
5271 0 38
5272 0 37
5273 0 37
5274 0 37
5275 0 37
5276 0 36
5277 0 38
5278 0 38
5279 0 38
5280 0 37
5281 0 38
5282 0 38
5283 0 38
5284 0 37
5285 0 38
5286 0 37
5287 0 37
5288 0 37
5289 0 37
5290 0 38
5291 0 36
5292 0 38
5293 0 36
5294 0 37
5295 0 37
5296 0 37
5297 0 36
5298 0 37
5299 0 37
5300 0 38
5301 0 36
5302 0 38
5303 0 36
5304 0 37
5305 0 37
5306 0 37
5307 0 36
5308 0 36
5309 0 37
5310 0 37
5311 0 35
5312 0 36
5313 0 37
5314 0 36
5315 0 37
5316 0 37
5317 0 35
5318 0 36
5319 0 37
5320 0 37
5321 0 35
5322 0 37
5323 0 35
5324 0 36
5325 0 36
5326 0 36
5327 0 38
5328 0 36
5329 0 38
5330 0 36
5331 0 37
5332 0 37
5333 0 37
5334 0 36
5335 0 38
5336 0 37
5337 0 38
5338 0 36
5339 0 38
5340 0 36
5341 0 37
5342 0 37
5343 0 37
5344 0 36
5345 0 37
5346 0 37
5347 0 37
5348 0 36
5349 0 37
5350 0 37
5351 0 37
5352 0 36
5353 0 37
5354 0 36
5355 0 37
5356 0 36
5357 0 37
5358 0 36
5359 0 36
5360 0 36
5361 0 36
5362 0 36
5363 0 38
5364 0 38
5365 0 38
5366 0 37
5367 0 38
5368 0 38
5369 0 38
5370 0 37
5371 0 38
5372 0 37
5373 0 37
5374 0 37
5375 0 37
5376 0 38
5377 0 37
5378 0 38
5379 0 37
5380 0 37
5381 0 37
5382 0 37
5383 0 36
5384 0 38
5385 0 38
5386 0 38
5387 0 37
5388 0 38
5389 0 38
5390 0 38
5391 0 37
5392 0 38
5393 0 37
5394 0 37
5395 0 37
5396 0 37
5397 0 38
5398 0 36
5399 0 38
5400 0 36
5401 0 37
5402 0 37
5403 0 37
5404 0 36
5405 0 37
5406 0 37
5407 0 38
5408 0 36
5409 0 38
5410 0 36
5411 0 37
5412 0 37
5413 0 37
5414 0 36
5415 0 36
5416 0 37
5417 0 37
5418 0 35
5419 0 36
5420 0 37
5421 0 36
5422 0 37
5423 0 37
5424 0 35
5425 0 36
5426 0 37
5427 0 37
5428 0 35
5429 0 37
5430 0 35
5431 0 36
5432 0 36
5433 0 36
5434 0 38
5435 0 37
5436 0 38
5437 0 37
5438 0 37
5439 0 36
5440 0 36
5441 0 36
5442 0 38
5443 0 37
5444 0 38
5445 0 37
5446 0 38
5447 0 37
5448 0 37
5449 0 36
5450 0 36
5451 0 36
5452 0 37
5453 0 37
5454 0 37
5455 0 36
5456 0 37
5457 0 37
5458 0 37
5459 0 37
5460 0 37
5461 0 37
5462 0 37
5463 0 37
5464 0 37
5465 0 37
5466 0 37
5467 0 36
5468 0 36
5469 0 36
5470 0 37
5471 0 37
5472 0 37
5473 0 36
5474 0 37
5475 0 37
5476 0 37
5477 0 36
5478 0 37
5479 0 36
5480 0 37
5481 0 37
5482 0 36
5483 0 38
5484 0 37
5485 0 38
5486 0 37
5487 0 37
5488 0 36
5489 0 36
5490 0 36
5491 0 38
5492 0 37
5493 0 38
5494 0 37
5495 0 38
5496 0 37
5497 0 37
5498 0 36
5499 0 36
5500 0 36
5501 0 38
5502 0 37
5503 0 37
5504 0 37
5505 0 38
5506 0 38
5507 0 37
5508 0 37
5509 0 37
5510 0 37
5511 0 37
5512 0 37
5513 0 37
5514 0 37
5515 0 37
5516 0 36
5517 0 36
5518 0 36
5519 0 37
5520 0 36
5521 0 36
5522 0 36
5523 0 37
5524 0 36
5525 0 37
5526 0 37
5527 0 37
5528 0 37
5529 0 37
5530 0 37
5531 0 36
5532 0 37
5533 0 37
5534 0 37
5535 0 37
5536 0 36
5537 0 35
5538 0 35
5539 0 35
5540 0 37
5541 0 36
5542 0 36
5543 0 36
5544 0 37
5545 0 36
5546 0 37
5547 0 37
5548 0 37
5549 0 37
5550 0 37
5551 0 37
5552 0 36
5553 0 37
5554 0 36
5555 0 36
5556 0 36
5557 0 37
5558 0 36
5559 0 37
5560 0 37
5561 0 37
5562 0 37
5563 0 37
5564 0 37
5565 0 36
5566 0 37
5567 0 37
5568 0 37
5569 0 37
5570 0 36
5571 0 35
5572 0 35
5573 0 35
5574 0 37
5575 0 36
5576 0 36
5577 0 36
5578 0 37
5579 0 36
5580 0 37
5581 0 37
5582 0 37
5583 0 37
5584 0 37
5585 0 37
5586 0 36
5587 0 37
5588 0 36
5589 0 37
5590 0 36
5591 0 36
5592 0 35
5593 0 35
5594 0 35
5595 0 37
5596 0 36
5597 0 37
5598 0 36
5599 0 37
5600 0 36
5601 0 36
5602 0 35
5603 0 35
5604 0 35
5605 0 36
5606 0 36
5607 0 36
5608 0 35
5609 0 36
5610 0 36
5611 0 36
5612 0 36
5613 0 36
5614 0 35
5615 0 36
5616 0 36
5617 0 36
5618 0 35
5619 0 36
5620 0 35
5621 0 36
5622 0 36
5623 0 36
5624 0 38
5625 0 37
5626 0 38
5627 0 37
5628 0 37
5629 0 36
5630 0 36
5631 0 36
5632 0 38
5633 0 37
5634 0 38
5635 0 37
5636 0 38
5637 0 37
5638 0 37
5639 0 36
5640 0 36
5641 0 36
5642 0 38
5643 0 37
5644 0 37
5645 0 37
5646 0 38
5647 0 38
5648 0 37
5649 0 37
5650 0 37
5651 0 37
5652 0 37
5653 0 37
5654 0 37
5655 0 37
5656 0 37
5657 0 36
5658 0 36
5659 0 36
5660 0 38
5661 0 38
5662 0 38
5663 0 37
5664 0 38
5665 0 38
5666 0 37
5667 0 37
5668 0 37
5669 0 37
5670 0 37
5671 0 37
5672 0 36
5673 0 38
5674 0 37
5675 0 38
5676 0 37
5677 0 37
5678 0 36
5679 0 36
5680 0 36
5681 0 38
5682 0 37
5683 0 38
5684 0 37
5685 0 38
5686 0 37
5687 0 37
5688 0 36
5689 0 36
5690 0 36
5691 0 38
5692 0 37
5693 0 37
5694 0 37
5695 0 38
5696 0 38
5697 0 37
5698 0 37
5699 0 37
5700 0 37
5701 0 37
5702 0 37
5703 0 37
5704 0 37
5705 0 37
5706 0 36
5707 0 36
5708 0 36
5709 0 37
5710 0 37
5711 0 37
5712 0 36
5713 0 37
5714 0 37
5715 0 37
5716 0 36
5717 0 37
5718 0 36
5719 0 37
5720 0 37
5721 0 36
5722 0 37
5723 0 36
5724 0 37
5725 0 36
5726 0 36
5727 0 36
5728 0 36
5729 0 35
5730 0 37
5731 0 37
5732 0 37
5733 0 36
5734 0 37
5735 0 37
5736 0 37
5737 0 37
5738 0 37
5739 0 37
5740 0 37
5741 0 37
5742 0 36
5743 0 37
5744 0 35
5745 0 37
5746 0 35
5747 0 36
5748 0 36
5749 0 36
5750 0 35
5751 0 37
5752 0 36
5753 0 37
5754 0 35
5755 0 37
5756 0 35
5757 0 36
5758 0 36
5759 0 36
5760 0 35
5761 0 37
5762 0 35
5763 0 37
5764 0 35
5765 0 36
5766 0 36
5767 0 36
5768 0 35
5769 0 37
5770 0 36
5771 0 37
5772 0 35
5773 0 37
5774 0 35
5775 0 36
5776 0 36
5777 0 36
5778 0 35
5779 0 36
5780 0 36
5781 0 36
5782 0 35
5783 0 36
5784 0 36
5785 0 36
5786 0 35
5787 0 36
5788 0 35
5789 0 36
5790 0 35
5791 0 36
5792 0 35
5793 0 35
5794 0 36
5795 0 36
5796 0 35
5797 0 38
5798 0 38
5799 0 38
5800 0 37
5801 0 38
5802 0 38
5803 0 38
5804 0 37
5805 0 38
5806 0 37
5807 0 37
5808 0 37
5809 0 37
5810 0 38
5811 0 37
5812 0 38
5813 0 37
5814 0 37
5815 0 37
5816 0 37
5817 0 36
5818 0 38
5819 0 38
5820 0 38
5821 0 37
5822 0 38
5823 0 38
5824 0 38
5825 0 37
5826 0 38
5827 0 37
5828 0 37
5829 0 37
5830 0 37
5831 0 38
5832 0 36
5833 0 38
5834 0 36
5835 0 37
5836 0 37
5837 0 37
5838 0 36
5839 0 37
5840 0 37
5841 0 38
5842 0 36
5843 0 38
5844 0 36
5845 0 37
5846 0 37
5847 0 37
5848 0 36
5849 0 36
5850 0 37
5851 0 37
5852 0 35
5853 0 36
5854 0 37
5855 0 36
5856 0 37
5857 0 37
5858 0 35
5859 0 36
5860 0 37
5861 0 37
5862 0 35
5863 0 37
5864 0 35
5865 0 36
5866 0 36
5867 0 36
5868 0 38
5869 0 36
5870 0 38
5871 0 36
5872 0 37
5873 0 37
5874 0 37
5875 0 36
5876 0 38
5877 0 37
5878 0 38
5879 0 36
5880 0 38
5881 0 36
5882 0 37
5883 0 37
5884 0 37
5885 0 36
5886 0 37
5887 0 37
5888 0 37
5889 0 36
5890 0 37
5891 0 37
5892 0 37
5893 0 36
5894 0 37
5895 0 36
5896 0 37
5897 0 36
5898 0 37
5899 0 36
5900 0 36
5901 0 36
5902 0 36
5903 0 36
5904 0 38
5905 0 38
5906 0 38
5907 0 37
5908 0 38
5909 0 38
5910 0 38
5911 0 37
5912 0 38
5913 0 37
5914 0 37
5915 0 37
5916 0 37
5917 0 38
5918 0 37
5919 0 38
5920 0 37
5921 0 37
5922 0 37
5923 0 37
5924 0 36
5925 0 38
5926 0 38
5927 0 38
5928 0 37
5929 0 38
5930 0 38
5931 0 38
5932 0 37
5933 0 38
5934 0 37
5935 0 37
5936 0 37
5937 0 37
5938 0 38
5939 0 36
5940 0 38
5941 0 36
5942 0 37
5943 0 37
5944 0 37
5945 0 36
5946 0 37
5947 0 37
5948 0 38
5949 0 36
5950 0 38
5951 0 36
5952 0 37
5953 0 37
5954 0 37
5955 0 36
5956 0 36
5957 0 37
5958 0 37
5959 0 35
5960 0 36
5961 0 37
5962 0 36
5963 0 37
5964 0 37
5965 0 35
5966 0 36
5967 0 37
5968 0 37
5969 0 35
5970 0 37
5971 0 35
5972 0 36
5973 0 36
5974 0 36
5975 0 38
5976 0 37
5977 0 38
5978 0 37
5979 0 37
5980 0 36
5981 0 36
5982 0 36
5983 0 38
5984 0 37
5985 0 38
5986 0 37
5987 0 38
5988 0 37
5989 0 37
5990 0 36
5991 0 36
5992 0 36
5993 0 37
5994 0 37
5995 0 37
5996 0 36
5997 0 37
5998 0 37
5999 0 37
6000 0 37
6001 0 37
6002 0 37
6003 0 37
6004 0 37
6005 0 37
6006 0 37
6007 0 37
6008 0 36
6009 0 36
6010 0 36
6011 0 37
6012 0 37
6013 0 37
6014 0 36
6015 0 37
6016 0 37
6017 0 37
6018 0 36
6019 0 37
6020 0 36
6021 0 37
6022 0 37
6023 0 36
6024 0 38
6025 0 37
6026 0 38
6027 0 37
6028 0 37
6029 0 36
6030 0 36
6031 0 36
6032 0 38
6033 0 37
6034 0 38
6035 0 37
6036 0 38
6037 0 37
6038 0 37
6039 0 36
6040 0 36
6041 0 36
6042 0 38
6043 0 37
6044 0 37
6045 0 37
6046 0 38
6047 0 38
6048 0 37
6049 0 37
6050 0 37
6051 0 37
6052 0 37
6053 0 37
6054 0 37
6055 0 37
6056 0 37
6057 0 36
6058 0 36
6059 0 36
6060 0 37
6061 0 36
6062 0 36
6063 0 36
6064 0 37
6065 0 36
6066 0 37
6067 0 37
6068 0 37
6069 0 37
6070 0 37
6071 0 37
6072 0 36
6073 0 37
6074 0 37
6075 0 37
6076 0 37
6077 0 36
6078 0 35
6079 0 35
6080 0 35
6081 0 37
6082 0 36
6083 0 36
6084 0 36
6085 0 37
6086 0 36
6087 0 37
6088 0 37
6089 0 37
6090 0 37
6091 0 37
6092 0 37
6093 0 36
6094 0 37
6095 0 36
6096 0 36
6097 0 36
6098 0 37
6099 0 36
6100 0 37
6101 0 37
6102 0 37
6103 0 37
6104 0 37
6105 0 37
6106 0 36
6107 0 37
6108 0 37
6109 0 37
6110 0 37
6111 0 36
6112 0 35
6113 0 35
6114 0 35
6115 0 37
6116 0 36
6117 0 36
6118 0 36
6119 0 37
6120 0 36
6121 0 37
6122 0 37
6123 0 37
6124 0 37
6125 0 37
6126 0 37
6127 0 36
6128 0 37
6129 0 36
6130 0 37
6131 0 36
6132 0 36
6133 0 35
6134 0 35
6135 0 35
6136 0 37
6137 0 36
6138 0 37
6139 0 36
6140 0 37
6141 0 36
6142 0 36
6143 0 35
6144 0 35
6145 0 35
6146 0 36
6147 0 36
6148 0 36
6149 0 35
6150 0 36
6151 0 36
6152 0 36
6153 0 36
6154 0 36
6155 0 35
6156 0 36
6157 0 36
6158 0 36
6159 0 35
6160 0 36
6161 0 35
6162 0 36
6163 0 36
6164 0 36
6165 0 38
6166 0 37
6167 0 38
6168 0 37
6169 0 37
6170 0 37
6171 0 37
6172 0 36
6173 0 37
6174 0 37
6175 0 38
6176 0 37
6177 0 38
6178 0 37
6179 0 37
6180 0 37
6181 0 37
6182 0 36
6183 0 37
6184 0 37
6185 0 37
6186 0 36
6187 0 37
6188 0 38
6189 0 36
6190 0 36
6191 0 36
6192 0 36
6193 0 36
6194 0 36
6195 0 36
6196 0 36
6197 0 36
6198 0 36
6199 0 36
6200 0 36
6201 0 37
6202 0 38
6203 0 38
6204 0 36
6205 0 37
6206 0 38
6207 0 37
6208 0 36
6209 0 37
6210 0 36
6211 0 36
6212 0 36
6213 0 36
6214 0 38
6215 0 37
6216 0 38
6217 0 37
6218 0 37
6219 0 37
6220 0 37
6221 0 36
6222 0 37
6223 0 37
6224 0 38
6225 0 37
6226 0 38
6227 0 37
6228 0 37
6229 0 37
6230 0 37
6231 0 36
6232 0 37
6233 0 37
6234 0 37
6235 0 36
6236 0 37
6237 0 38
6238 0 36
6239 0 36
6240 0 36
6241 0 36
6242 0 36
6243 0 36
6244 0 36
6245 0 36
6246 0 36
6247 0 36
6248 0 36
6249 0 36
6250 0 37
6251 0 37
6252 0 37
6253 0 36
6254 0 37
6255 0 37
6256 0 37
6257 0 36
6258 0 37
6259 0 36
6260 0 36
6261 0 36
6262 0 36
6263 0 37
6264 0 36
6265 0 37
6266 0 36
6267 0 36
6268 0 36
6269 0 36
6270 0 35
6271 0 37
6272 0 37
6273 0 37
6274 0 36
6275 0 37
6276 0 37
6277 0 37
6278 0 37
6279 0 37
6280 0 37
6281 0 36
6282 0 36
6283 0 36
6284 0 37
6285 0 35
6286 0 37
6287 0 35
6288 0 36
6289 0 37
6290 0 37
6291 0 35
6292 0 37
6293 0 37
6294 0 37
6295 0 35
6296 0 37
6297 0 35
6298 0 36
6299 0 37
6300 0 37
6301 0 35
6302 0 37
6303 0 35
6304 0 37
6305 0 35
6306 0 36
6307 0 37
6308 0 37
6309 0 35
6310 0 37
6311 0 37
6312 0 37
6313 0 35
6314 0 37
6315 0 35
6316 0 36
6317 0 37
6318 0 37
6319 0 35
6320 0 36
6321 0 37
6322 0 37
6323 0 35
6324 0 36
6325 0 37
6326 0 36
6327 0 35
6328 0 36
6329 0 35
6330 0 36
6331 0 35
6332 0 36
6333 0 35
6334 0 35
6335 0 36
6336 0 36
6337 0 35
6338 0 37
6339 0 37
6340 0 37
6341 0 36
6342 0 37
6343 0 37
6344 0 37
6345 0 37
6346 0 37
6347 0 37
6348 0 36
6349 0 36
6350 0 36
6351 0 37
6352 0 37
6353 0 37
6354 0 37
6355 0 36
6356 0 36
6357 0 36
6358 0 35
6359 0 37
6360 0 37
6361 0 37
6362 0 36
6363 0 37
6364 0 37
6365 0 37
6366 0 37
6367 0 37
6368 0 37
6369 0 36
6370 0 36
6371 0 36
6372 0 37
6373 0 36
6374 0 37
6375 0 36
6376 0 36
6377 0 36
6378 0 36
6379 0 35
6380 0 36
6381 0 36
6382 0 37
6383 0 36
6384 0 37
6385 0 36
6386 0 36
6387 0 36
6388 0 36
6389 0 35
6390 0 36
6391 0 37
6392 0 37
6393 0 35
6394 0 36
6395 0 37
6396 0 36
6397 0 37
6398 0 37
6399 0 35
6400 0 36
6401 0 37
6402 0 36
6403 0 35
6404 0 36
6405 0 35
6406 0 35
6407 0 35
6408 0 35
6409 0 38
6410 0 37
6411 0 38
6412 0 37
6413 0 37
6414 0 37
6415 0 37
6416 0 36
6417 0 37
6418 0 37
6419 0 38
6420 0 37
6421 0 38
6422 0 37
6423 0 37
6424 0 37
6425 0 37
6426 0 36
6427 0 37
6428 0 37
6429 0 37
6430 0 36
6431 0 37
6432 0 38
6433 0 36
6434 0 36
6435 0 36
6436 0 36
6437 0 36
6438 0 36
6439 0 36
6440 0 36
6441 0 36
6442 0 36
6443 0 36
6444 0 36
6445 0 37
6446 0 38
6447 0 38
6448 0 36
6449 0 37
6450 0 38
6451 0 37
6452 0 36
6453 0 37
6454 0 36
6455 0 36
6456 0 36
6457 0 36
6458 0 38
6459 0 37
6460 0 38
6461 0 37
6462 0 37
6463 0 37
6464 0 37
6465 0 36
6466 0 37
6467 0 37
6468 0 38
6469 0 37
6470 0 38
6471 0 37
6472 0 37
6473 0 37
6474 0 37
6475 0 36
6476 0 37
6477 0 37
6478 0 37
6479 0 36
6480 0 37
6481 0 38
6482 0 36
6483 0 36
6484 0 36
6485 0 36
6486 0 36
6487 0 36
6488 0 36
6489 0 36
6490 0 36
6491 0 36
6492 0 36
6493 0 36
6494 0 37
6495 0 38
6496 0 38
6497 0 36
6498 0 37
6499 0 38
6500 0 37
6501 0 36
6502 0 37
6503 0 36
6504 0 37
6505 0 37
6506 0 37
6507 0 37
6508 0 36
6509 0 37
6510 0 36
6511 0 36
6512 0 37
6513 0 37
6514 0 35
6515 0 37
6516 0 38
6517 0 38
6518 0 36
6519 0 37
6520 0 38
6521 0 38
6522 0 37
6523 0 38
6524 0 37
6525 0 37
6526 0 37
6527 0 37
6528 0 37
6529 0 35
6530 0 37
6531 0 35
6532 0 36
6533 0 37
6534 0 37
6535 0 35
6536 0 37
6537 0 37
6538 0 37
6539 0 35
6540 0 37
6541 0 35
6542 0 36
6543 0 37
6544 0 37
6545 0 35
6546 0 37
6547 0 35
6548 0 37
6549 0 35
6550 0 36
6551 0 37
6552 0 37
6553 0 35
6554 0 37
6555 0 37
6556 0 37
6557 0 35
6558 0 37
6559 0 35
6560 0 36
6561 0 37
6562 0 37
6563 0 35
6564 0 36
6565 0 37
6566 0 37
6567 0 35
6568 0 36
6569 0 37
6570 0 36
6571 0 35
6572 0 36
6573 0 35
6574 0 36
6575 0 35
6576 0 36
6577 0 35
6578 0 35
6579 0 36
6580 0 36
6581 0 35
6582 0 37
6583 0 37
6584 0 37
6585 0 36
6586 0 37
6587 0 37
6588 0 36
6589 0 36
6590 0 36
6591 0 36
6592 0 35
6593 0 35
6594 0 35
6595 0 36
6596 0 36
6597 0 36
6598 0 36
6599 0 36
6600 0 36
6601 0 36
6602 0 36
6603 0 37
6604 0 37
6605 0 37
6606 0 36
6607 0 37
6608 0 37
6609 0 36
6610 0 36
6611 0 36
6612 0 36
6613 0 35
6614 0 35
6615 0 35
6616 0 37
6617 0 36
6618 0 37
6619 0 36
6620 0 36
6621 0 37
6622 0 37
6623 0 36
6624 0 36
6625 0 36
6626 0 37
6627 0 36
6628 0 37
6629 0 36
6630 0 37
6631 0 37
6632 0 37
6633 0 36
6634 0 36
6635 0 37
6636 0 37
6637 0 35
6638 0 36
6639 0 37
6640 0 36
6641 0 37
6642 0 37
6643 0 35
6644 0 36
6645 0 37
6646 0 36
6647 0 35
6648 0 36
6649 0 35
6650 0 35
6651 0 35
6652 0 35
6653 0 37
6654 0 36
6655 0 37
6656 0 36
6657 0 37
6658 0 37
6659 0 37
6660 0 36
6661 0 37
6662 0 37
6663 0 37
6664 0 36
6665 0 37
6666 0 36
6667 0 37
6668 0 37
6669 0 37
6670 0 36
6671 0 36
6672 0 36
6673 0 36
6674 0 35
6675 0 36
6676 0 37
6677 0 35
6678 0 35
6679 0 35
6680 0 35
6681 0 35
6682 0 35
6683 0 35
6684 0 35
6685 0 35
6686 0 35
6687 0 35
6688 0 35
6689 0 37
6690 0 37
6691 0 37
6692 0 36
6693 0 37
6694 0 37
6695 0 36
6696 0 36
6697 0 36
6698 0 36
6699 0 35
6700 0 35
6701 0 35
6702 0 36
6703 0 36
6704 0 36
6705 0 36
6706 0 36
6707 0 36
6708 0 36
6709 0 36
6710 0 37
6711 0 37
6712 0 37
6713 0 36
6714 0 37
6715 0 37
6716 0 36
6717 0 36
6718 0 36
6719 0 36
6720 0 35
6721 0 35
6722 0 35
6723 0 37
6724 0 36
6725 0 37
6726 0 36
6727 0 36
6728 0 37
6729 0 37
6730 0 36
6731 0 36
6732 0 36
6733 0 37
6734 0 36
6735 0 37
6736 0 36
6737 0 37
6738 0 37
6739 0 37
6740 0 36
6741 0 36
6742 0 37
6743 0 37
6744 0 35
6745 0 36
6746 0 37
6747 0 36
6748 0 37
6749 0 37
6750 0 35
6751 0 36
6752 0 37
6753 0 36
6754 0 35
6755 0 36
6756 0 35
6757 0 35
6758 0 35
6759 0 35
6760 0 37
6761 0 37
6762 0 37
6763 0 36
6764 0 37
6765 0 37
6766 0 36
6767 0 36
6768 0 36
6769 0 36
6770 0 35
6771 0 35
6772 0 35
6773 0 36
6774 0 36
6775 0 36
6776 0 36
6777 0 36
6778 0 36
6779 0 36
6780 0 36
6781 0 37
6782 0 37
6783 0 37
6784 0 36
6785 0 37
6786 0 37
6787 0 36
6788 0 36
6789 0 36
6790 0 36
6791 0 35
6792 0 35
6793 0 35
6794 0 37
6795 0 36
6796 0 37
6797 0 36
6798 0 36
6799 0 37
6800 0 37
6801 0 36
6802 0 36
6803 0 36
6804 0 37
6805 0 36
6806 0 37
6807 0 36
6808 0 37
6809 0 37
6810 0 37
6811 0 36
6812 0 36
6813 0 37
6814 0 37
6815 0 35
6816 0 36
6817 0 37
6818 0 36
6819 0 37
6820 0 37
6821 0 35
6822 0 36
6823 0 37
6824 0 36
6825 0 35
6826 0 36
6827 0 35
6828 0 35
6829 0 35
6830 0 35
6831 0 37
6832 0 36
6833 0 37
6834 0 36
6835 0 37
6836 0 37
6837 0 37
6838 0 36
6839 0 37
6840 0 37
6841 0 37
6842 0 36
6843 0 37
6844 0 36
6845 0 37
6846 0 37
6847 0 37
6848 0 36
6849 0 36
6850 0 36
6851 0 36
6852 0 35
6853 0 36
6854 0 37
6855 0 35
6856 0 35
6857 0 35
6858 0 35
6859 0 35
6860 0 35
6861 0 35
6862 0 35
6863 0 35
6864 0 35
6865 0 35
6866 0 35
6867 0 37
6868 0 37
6869 0 37
6870 0 36
6871 0 37
6872 0 37
6873 0 36
6874 0 36
6875 0 36
6876 0 36
6877 0 35
6878 0 35
6879 0 35
6880 0 36
6881 0 36
6882 0 36
6883 0 36
6884 0 36
6885 0 36
6886 0 36
6887 0 36
6888 0 37
6889 0 37
6890 0 37
6891 0 36
6892 0 37
6893 0 37
6894 0 36
6895 0 36
6896 0 36
6897 0 36
6898 0 35
6899 0 35
6900 0 35
6901 0 37
6902 0 36
6903 0 37
6904 0 36
6905 0 36
6906 0 37
6907 0 37
6908 0 36
6909 0 36
6910 0 36
6911 0 37
6912 0 36
6913 0 37
6914 0 36
6915 0 37
6916 0 37
6917 0 37
6918 0 36
6919 0 36
6920 0 37
6921 0 37
6922 0 35
6923 0 36
6924 0 37
6925 0 36
6926 0 37
6927 0 37
6928 0 35
6929 0 36
6930 0 37
6931 0 36
6932 0 35
6933 0 36
6934 0 35
6935 0 35
6936 0 35
6937 0 35
6938 0 37
6939 0 36
6940 0 37
6941 0 36
6942 0 36
6943 0 36
6944 0 36
6945 0 36
6946 0 36
6947 0 36
6948 0 37
6949 0 36
6950 0 37
6951 0 36
6952 0 36
6953 0 36
6954 0 36
6955 0 36
6956 0 36
6957 0 36
6958 0 36
6959 0 35
6960 0 36
6961 0 37
6962 0 35
6963 0 35
6964 0 35
6965 0 35
6966 0 35
6967 0 35
6968 0 35
6969 0 35
6970 0 35
6971 0 35
6972 0 35
6973 0 35
6974 0 36
6975 0 37
6976 0 37
6977 0 35
6978 0 36
6979 0 37
6980 0 36
6981 0 35
6982 0 36
6983 0 35
6984 0 35
6985 0 35
6986 0 35
6987 0 37
6988 0 36
6989 0 37
6990 0 36
6991 0 36
6992 0 36
6993 0 36
6994 0 36
6995 0 36
6996 0 36
6997 0 37
6998 0 36
6999 0 37
7000 0 36
7001 0 36
7002 0 36
7003 0 36
7004 0 36
7005 0 36
7006 0 36
7007 0 36
7008 0 35
7009 0 36
7010 0 37
7011 0 35
7012 0 35
7013 0 35
7014 0 35
7015 0 35
7016 0 35
7017 0 35
7018 0 35
7019 0 35
7020 0 35
7021 0 35
7022 0 35
7023 0 36
7024 0 36
7025 0 36
7026 0 36
7027 0 36
7028 0 36
7029 0 36
7030 0 36
7031 0 36
7032 0 36
7033 0 35
7034 0 35
7035 0 35
7036 0 36
7037 0 36
7038 0 36
7039 0 36
7040 0 35
7041 0 35
7042 0 35
7043 0 35
7044 0 36
7045 0 36
7046 0 36
7047 0 36
7048 0 36
7049 0 36
7050 0 36
7051 0 36
7052 0 36
7053 0 36
7054 0 35
7055 0 35
7056 0 35
7057 0 36
7058 0 36
7059 0 36
7060 0 36
7061 0 36
7062 0 36
7063 0 36
7064 0 36
7065 0 36
7066 0 36
7067 0 35
7068 0 35
7069 0 35
7070 0 36
7071 0 36
7072 0 36
7073 0 36
7074 0 35
7075 0 35
7076 0 35
7077 0 35
7078 0 36
7079 0 36
7080 0 36
7081 0 36
7082 0 36
7083 0 36
7084 0 36
7085 0 36
7086 0 36
7087 0 36
7088 0 35
7089 0 35
7090 0 35
7091 0 36
7092 0 36
7093 0 36
7094 0 36
7095 0 35
7096 0 35
7097 0 35
7098 0 35
7099 0 35
7100 0 35
7101 0 36
7102 0 36
7103 0 36
7104 0 36
7105 0 35
7106 0 35
7107 0 35
7108 0 35
7109 0 36
7110 0 36
7111 0 36
7112 0 35
7113 0 36
7114 0 36
7115 0 36
7116 0 36
7117 0 36
7118 0 35
7119 0 36
7120 0 36
7121 0 36
7122 0 35
7123 0 36
7124 0 35
7125 0 35
7126 0 35
7127 0 35
