0 0 40
1 0 40
2 0 40
3 0 40
4 0 40
5 0 39
6 0 40
7 0 40
8 0 39
9 0 39
10 0 40
11 0 40
12 0 40
13 0 40
14 0 40
15 0 39
16 0 40
17 0 40
18 0 39
19 0 39
20 0 39
21 0 40
22 0 40
23 0 39
24 0 39
25 0 39
26 0 39
27 0 39
28 0 39
29 0 39
30 0 39
31 0 39
32 0 39
33 0 39
34 0 40
35 0 40
36 0 39
37 0 39
38 0 39
39 0 40
40 0 40
41 0 39
42 0 39
43 0 39
44 0 39
45 0 39
46 0 39
47 0 39
48 0 39
49 0 39
50 0 39
51 0 39
52 0 40
53 0 40
54 0 40
55 0 40
56 0 40
57 0 39
58 0 40
59 0 40
60 0 39
61 0 39
62 0 40
63 0 40
64 0 40
65 0 40
66 0 40
67 0 39
68 0 40
69 0 40
70 0 39
71 0 39
72 0 39
73 0 40
74 0 40
75 0 39
76 0 39
77 0 39
78 0 39
79 0 39
80 0 39
81 0 39
82 0 39
83 0 39
84 0 39
85 0 39
86 0 40
87 0 40
88 0 39
89 0 39
90 0 39
91 0 40
92 0 40
93 0 39
94 0 39
95 0 40
96 0 40
97 0 40
98 0 39
99 0 39
100 0 39
101 0 39
102 0 39
103 0 39
104 0 40
105 0 40
106 0 40
107 0 39
108 0 39
109 0 38
110 0 40
111 0 40
112 0 39
113 0 39
114 0 39
115 0 40
116 0 40
117 0 39
118 0 39
119 0 40
120 0 40
121 0 40
122 0 39
123 0 39
124 0 39
125 0 39
126 0 39
127 0 39
128 0 39
129 0 39
130 0 39
131 0 39
132 0 39
133 0 38
134 0 39
135 0 39
136 0 38
137 0 38
138 0 39
139 0 39
140 0 39
141 0 39
142 0 39
143 0 38
144 0 39
145 0 39
146 0 39
147 0 39
148 0 39
149 0 38
150 0 39
151 0 39
152 0 38
153 0 38
154 0 39
155 0 39
156 0 39
157 0 39
158 0 39
159 0 38
160 0 39
161 0 39
162 0 38
163 0 38
164 0 38
165 0 39
166 0 39
167 0 38
168 0 38
169 0 39
170 0 39
171 0 39
172 0 39
173 0 39
174 0 39
175 0 39
176 0 39
177 0 38
178 0 40
179 0 40
180 0 39
181 0 39
182 0 39
183 0 40
184 0 40
185 0 39
186 0 39
187 0 40
188 0 40
189 0 40
190 0 39
191 0 39
192 0 39
193 0 39
194 0 39
195 0 39
196 0 40
197 0 40
198 0 40
199 0 39
200 0 39
201 0 38
202 0 40
203 0 40
204 0 39
205 0 39
206 0 39
207 0 40
208 0 40
209 0 39
210 0 39
211 0 40
212 0 40
213 0 40
214 0 39
215 0 39
216 0 39
217 0 39
218 0 39
219 0 39
220 0 39
221 0 39
222 0 39
223 0 39
224 0 39
225 0 38
226 0 39
227 0 39
228 0 38
229 0 38
230 0 39
231 0 39
232 0 39
233 0 39
234 0 39
235 0 38
236 0 39
237 0 39
238 0 38
239 0 38
240 0 38
241 0 39
242 0 39
243 0 38
244 0 38
245 0 39
246 0 39
247 0 38
248 0 38
249 0 38
250 0 39
251 0 39
252 0 38
253 0 38
254 0 38
255 0 38
256 0 38
257 0 39
258 0 39
259 0 39
260 0 39
261 0 38
262 0 38
263 0 40
264 0 40
265 0 40
266 0 40
267 0 40
268 0 39
269 0 40
270 0 40
271 0 39
272 0 39
273 0 40
274 0 40
275 0 40
276 0 40
277 0 40
278 0 39
279 0 40
280 0 40
281 0 39
282 0 39
283 0 39
284 0 40
285 0 40
286 0 39
287 0 39
288 0 39
289 0 39
290 0 39
291 0 39
292 0 39
293 0 39
294 0 39
295 0 39
296 0 39
297 0 40
298 0 40
299 0 39
300 0 39
301 0 39
302 0 40
303 0 40
304 0 39
305 0 39
306 0 39
307 0 39
308 0 39
309 0 39
310 0 39
311 0 39
312 0 39
313 0 39
314 0 39
315 0 40
316 0 40
317 0 40
318 0 40
319 0 40
320 0 39
321 0 40
322 0 40
323 0 39
324 0 39
325 0 40
326 0 40
327 0 40
328 0 40
329 0 40
330 0 39
331 0 40
332 0 40
333 0 39
334 0 39
335 0 39
336 0 40
337 0 40
338 0 39
339 0 39
340 0 39
341 0 39
342 0 39
343 0 39
344 0 39
345 0 39
346 0 39
347 0 39
348 0 39
349 0 40
350 0 40
351 0 39
352 0 39
353 0 39
354 0 40
355 0 40
356 0 39
357 0 39
358 0 40
359 0 40
360 0 40
361 0 39
362 0 39
363 0 39
364 0 39
365 0 39
366 0 39
367 0 40
368 0 40
369 0 40
370 0 39
371 0 39
372 0 38
373 0 40
374 0 40
375 0 39
376 0 39
377 0 39
378 0 40
379 0 40
380 0 39
381 0 39
382 0 40
383 0 40
384 0 40
385 0 39
386 0 39
387 0 39
388 0 39
389 0 39
390 0 39
391 0 39
392 0 39
393 0 39
394 0 39
395 0 39
396 0 38
397 0 39
398 0 39
399 0 38
400 0 38
401 0 39
402 0 39
403 0 39
404 0 39
405 0 39
406 0 38
407 0 39
408 0 39
409 0 39
410 0 39
411 0 39
412 0 38
413 0 39
414 0 39
415 0 38
416 0 38
417 0 39
418 0 39
419 0 39
420 0 39
421 0 39
422 0 38
423 0 39
424 0 39
425 0 38
426 0 38
427 0 38
428 0 39
429 0 39
430 0 38
431 0 38
432 0 39
433 0 39
434 0 39
435 0 39
436 0 39
437 0 39
438 0 39
439 0 39
440 0 38
441 0 40
442 0 40
443 0 39
444 0 39
445 0 39
446 0 40
447 0 40
448 0 39
449 0 39
450 0 40
451 0 40
452 0 40
453 0 39
454 0 39
455 0 39
456 0 39
457 0 39
458 0 39
459 0 40
460 0 40
461 0 40
462 0 39
463 0 39
464 0 38
465 0 40
466 0 40
467 0 39
468 0 39
469 0 39
470 0 40
471 0 40
472 0 39
473 0 39
474 0 40
475 0 40
476 0 40
477 0 39
478 0 39
479 0 39
480 0 39
481 0 39
482 0 39
483 0 40
484 0 40
485 0 40
486 0 40
487 0 40
488 0 39
489 0 40
490 0 40
491 0 39
492 0 39
493 0 40
494 0 40
495 0 40
496 0 40
497 0 40
498 0 39
499 0 39
500 0 39
501 0 39
502 0 39
503 0 38
504 0 39
505 0 39
506 0 39
507 0 39
508 0 39
509 0 39
510 0 39
511 0 39
512 0 38
513 0 39
514 0 39
515 0 39
516 0 39
517 0 39
518 0 39
519 0 39
520 0 39
521 0 39
522 0 39
523 0 39
524 0 39
525 0 39
526 0 40
527 0 40
528 0 40
529 0 40
530 0 40
531 0 39
532 0 40
533 0 40
534 0 39
535 0 39
536 0 40
537 0 40
538 0 40
539 0 40
540 0 40
541 0 39
542 0 39
543 0 39
544 0 38
545 0 38
546 0 38
547 0 39
548 0 39
549 0 38
550 0 38
551 0 39
552 0 39
553 0 39
554 0 39
555 0 39
556 0 39
557 0 38
558 0 38
559 0 37
560 0 40
561 0 40
562 0 39
563 0 39
564 0 39
565 0 40
566 0 40
567 0 39
568 0 39
569 0 40
570 0 40
571 0 40
572 0 39
573 0 39
574 0 39
575 0 39
576 0 39
577 0 39
578 0 40
579 0 40
580 0 40
581 0 39
582 0 39
583 0 38
584 0 40
585 0 40
586 0 39
587 0 39
588 0 39
589 0 40
590 0 40
591 0 39
592 0 39
593 0 40
594 0 40
595 0 40
596 0 39
597 0 39
598 0 39
599 0 39
600 0 39
601 0 39
602 0 40
603 0 40
604 0 40
605 0 40
606 0 40
607 0 39
608 0 40
609 0 40
610 0 39
611 0 39
612 0 40
613 0 40
614 0 40
615 0 40
616 0 40
617 0 39
618 0 39
619 0 39
620 0 39
621 0 39
622 0 38
623 0 39
624 0 39
625 0 39
626 0 39
627 0 39
628 0 39
629 0 39
630 0 39
631 0 38
632 0 39
633 0 39
634 0 39
635 0 39
636 0 39
637 0 39
638 0 39
639 0 39
640 0 39
641 0 39
642 0 39
643 0 39
644 0 39
645 0 39
646 0 39
647 0 39
648 0 39
649 0 39
650 0 38
651 0 39
652 0 39
653 0 38
654 0 38
655 0 39
656 0 39
657 0 39
658 0 39
659 0 39
660 0 38
661 0 39
662 0 39
663 0 39
664 0 39
665 0 38
666 0 39
667 0 39
668 0 39
669 0 39
670 0 39
671 0 39
672 0 39
673 0 39
674 0 39
675 0 39
676 0 38
677 0 38
678 0 37
679 0 39
680 0 39
681 0 39
682 0 39
683 0 39
684 0 39
685 0 39
686 0 39
687 0 39
688 0 38
689 0 38
690 0 39
691 0 38
692 0 38
693 0 38
694 0 38
695 0 37
696 0 37
697 0 39
698 0 39
699 0 39
700 0 39
701 0 39
702 0 38
703 0 39
704 0 39
705 0 38
706 0 38
707 0 39
708 0 39
709 0 39
710 0 39
711 0 39
712 0 38
713 0 39
714 0 39
715 0 39
716 0 39
717 0 38
718 0 39
719 0 39
720 0 39
721 0 39
722 0 39
723 0 39
724 0 39
725 0 39
726 0 39
727 0 39
728 0 38
729 0 38
730 0 37
731 0 39
732 0 39
733 0 39
734 0 39
735 0 39
736 0 38
737 0 39
738 0 39
739 0 38
740 0 38
741 0 39
742 0 39
743 0 39
744 0 39
745 0 39
746 0 38
747 0 39
748 0 39
749 0 39
750 0 39
751 0 38
752 0 39
753 0 39
754 0 39
755 0 39
756 0 39
757 0 39
758 0 39
759 0 39
760 0 39
761 0 39
762 0 38
763 0 38
764 0 37
765 0 39
766 0 39
767 0 39
768 0 39
769 0 39
770 0 39
771 0 39
772 0 39
773 0 39
774 0 38
775 0 38
776 0 39
777 0 38
778 0 38
779 0 38
780 0 38
781 0 37
782 0 37
783 0 39
784 0 39
785 0 39
786 0 39
787 0 39
788 0 38
789 0 39
790 0 39
791 0 38
792 0 38
793 0 39
794 0 39
795 0 39
796 0 39
797 0 39
798 0 38
799 0 39
800 0 39
801 0 39
802 0 39
803 0 38
804 0 39
805 0 39
806 0 39
807 0 39
808 0 39
809 0 39
810 0 39
811 0 39
812 0 39
813 0 39
814 0 38
815 0 38
816 0 37
817 0 39
818 0 39
819 0 38
820 0 38
821 0 38
822 0 39
823 0 39
824 0 38
825 0 38
826 0 39
827 0 39
828 0 39
829 0 38
830 0 38
831 0 38
832 0 38
833 0 38
834 0 38
835 0 39
836 0 39
837 0 39
838 0 38
839 0 38
840 0 37
841 0 39
842 0 39
843 0 38
844 0 38
845 0 38
846 0 39
847 0 39
848 0 38
849 0 38
850 0 39
851 0 39
852 0 39
853 0 38
854 0 38
855 0 38
856 0 38
857 0 38
858 0 38
859 0 39
860 0 39
861 0 39
862 0 39
863 0 39
864 0 38
865 0 39
866 0 39
867 0 38
868 0 38
869 0 39
870 0 39
871 0 39
872 0 39
873 0 39
874 0 38
875 0 39
876 0 39
877 0 39
878 0 39
879 0 39
880 0 38
881 0 39
882 0 39
883 0 38
884 0 38
885 0 39
886 0 39
887 0 39
888 0 39
889 0 39
890 0 38
891 0 39
892 0 39
893 0 37
894 0 37
895 0 38
896 0 39
897 0 39
898 0 37
899 0 37
900 0 39
901 0 39
902 0 39
903 0 39
904 0 39
905 0 39
906 0 38
907 0 38
908 0 38
909 0 40
910 0 40
911 0 39
912 0 39
913 0 39
914 0 40
915 0 40
916 0 39
917 0 39
918 0 40
919 0 40
920 0 40
921 0 39
922 0 39
923 0 39
924 0 39
925 0 39
926 0 39
927 0 40
928 0 40
929 0 40
930 0 39
931 0 39
932 0 38
933 0 40
934 0 40
935 0 39
936 0 39
937 0 39
938 0 40
939 0 40
940 0 39
941 0 39
942 0 40
943 0 40
944 0 40
945 0 39
946 0 39
947 0 39
948 0 39
949 0 39
950 0 39
951 0 40
952 0 40
953 0 40
954 0 40
955 0 40
956 0 39
957 0 40
958 0 40
959 0 39
960 0 39
961 0 40
962 0 40
963 0 40
964 0 40
965 0 40
966 0 39
967 0 39
968 0 39
969 0 39
970 0 39
971 0 38
972 0 39
973 0 39
974 0 39
975 0 39
976 0 39
977 0 39
978 0 39
979 0 39
980 0 38
981 0 39
982 0 39
983 0 39
984 0 39
985 0 39
986 0 39
987 0 39
988 0 39
989 0 39
990 0 39
991 0 39
992 0 39
993 0 39
994 0 40
995 0 40
996 0 40
997 0 40
998 0 40
999 0 39
1000 0 40
1001 0 40
1002 0 39
1003 0 39
1004 0 40
1005 0 40
1006 0 40
1007 0 40
1008 0 40
1009 0 39
1010 0 39
1011 0 39
1012 0 39
1013 0 39
1014 0 38
1015 0 39
1016 0 39
1017 0 39
1018 0 39
1019 0 39
1020 0 39
1021 0 39
1022 0 39
1023 0 39
1024 0 39
1025 0 38
1026 0 38
1027 0 37
1028 0 40
1029 0 40
1030 0 39
1031 0 39
1032 0 39
1033 0 40
1034 0 40
1035 0 39
1036 0 39
1037 0 40
1038 0 40
1039 0 40
1040 0 39
1041 0 39
1042 0 39
1043 0 39
1044 0 39
1045 0 39
1046 0 40
1047 0 40
1048 0 40
1049 0 39
1050 0 39
1051 0 38
1052 0 40
1053 0 40
1054 0 39
1055 0 39
1056 0 39
1057 0 40
1058 0 40
1059 0 39
1060 0 39
1061 0 40
1062 0 40
1063 0 40
1064 0 39
1065 0 39
1066 0 39
1067 0 39
1068 0 39
1069 0 39
1070 0 40
1071 0 40
1072 0 40
1073 0 40
1074 0 40
1075 0 39
1076 0 40
1077 0 40
1078 0 39
1079 0 39
1080 0 40
1081 0 40
1082 0 40
1083 0 40
1084 0 40
1085 0 39
1086 0 39
1087 0 39
1088 0 39
1089 0 39
1090 0 38
1091 0 39
1092 0 39
1093 0 39
1094 0 39
1095 0 39
1096 0 39
1097 0 39
1098 0 39
1099 0 38
1100 0 39
1101 0 39
1102 0 39
1103 0 39
1104 0 39
1105 0 39
1106 0 39
1107 0 39
1108 0 39
1109 0 39
1110 0 39
1111 0 39
1112 0 39
1113 0 39
1114 0 39
1115 0 39
1116 0 39
1117 0 39
1118 0 38
1119 0 39
1120 0 39
1121 0 38
1122 0 38
1123 0 39
1124 0 39
1125 0 39
1126 0 39
1127 0 39
1128 0 38
1129 0 39
1130 0 39
1131 0 38
1132 0 38
1133 0 38
1134 0 39
1135 0 39
1136 0 38
1137 0 38
1138 0 38
1139 0 39
1140 0 38
1141 0 38
1142 0 39
1143 0 38
1144 0 38
1145 0 38
1146 0 38
1147 0 39
1148 0 39
1149 0 38
1150 0 38
1151 0 38
1152 0 39
1153 0 39
1154 0 38
1155 0 38
1156 0 38
1157 0 38
1158 0 38
1159 0 38
1160 0 38
1161 0 38
1162 0 38
1163 0 38
1164 0 38
1165 0 39
1166 0 39
1167 0 39
1168 0 39
1169 0 39
1170 0 38
1171 0 39
1172 0 39
1173 0 38
1174 0 38
1175 0 39
1176 0 39
1177 0 39
1178 0 39
1179 0 39
1180 0 38
1181 0 39
1182 0 39
1183 0 39
1184 0 39
1185 0 38
1186 0 39
1187 0 39
1188 0 39
1189 0 39
1190 0 38
1191 0 39
1192 0 38
1193 0 38
1194 0 39
1195 0 38
1196 0 38
1197 0 38
1198 0 38
1199 0 39
1200 0 39
1201 0 38
1202 0 38
1203 0 38
1204 0 39
1205 0 39
1206 0 38
1207 0 38
1208 0 39
1209 0 39
1210 0 39
1211 0 38
1212 0 38
1213 0 38
1214 0 38
1215 0 38
1216 0 38
1217 0 39
1218 0 39
1219 0 39
1220 0 38
1221 0 38
1222 0 37
1223 0 39
1224 0 39
1225 0 38
1226 0 38
1227 0 38
1228 0 39
1229 0 39
1230 0 38
1231 0 38
1232 0 39
1233 0 39
1234 0 39
1235 0 38
1236 0 38
1237 0 38
1238 0 38
1239 0 38
1240 0 38
1241 0 39
1242 0 39
1243 0 38
1244 0 38
1245 0 38
1246 0 39
1247 0 39
1248 0 38
1249 0 38
1250 0 39
1251 0 39
1252 0 39
1253 0 38
1254 0 38
1255 0 38
1256 0 38
1257 0 38
1258 0 38
1259 0 39
1260 0 39
1261 0 39
1262 0 38
1263 0 38
1264 0 37
1265 0 39
1266 0 39
1267 0 38
1268 0 38
1269 0 38
1270 0 39
1271 0 39
1272 0 38
1273 0 38
1274 0 39
1275 0 39
1276 0 39
1277 0 38
1278 0 38
1279 0 38
1280 0 38
1281 0 38
1282 0 38
1283 0 38
1284 0 38
1285 0 38
1286 0 38
1287 0 38
1288 0 37
1289 0 38
1290 0 38
1291 0 37
1292 0 37
1293 0 38
1294 0 38
1295 0 38
1296 0 38
1297 0 38
1298 0 37
1299 0 39
1300 0 39
1301 0 37
1302 0 37
1303 0 38
1304 0 39
1305 0 39
1306 0 37
1307 0 37
1308 0 39
1309 0 39
1310 0 37
1311 0 37
1312 0 38
1313 0 39
1314 0 39
1315 0 37
1316 0 37
1317 0 37
1318 0 37
1319 0 37
1320 0 38
1321 0 38
1322 0 38
1323 0 38
1324 0 38
1325 0 38
1326 0 40
1327 0 40
1328 0 40
1329 0 40
1330 0 40
1331 0 39
1332 0 40
1333 0 40
1334 0 39
1335 0 39
1336 0 40
1337 0 40
1338 0 40
1339 0 40
1340 0 40
1341 0 39
1342 0 40
1343 0 40
1344 0 39
1345 0 39
1346 0 39
1347 0 40
1348 0 40
1349 0 39
1350 0 39
1351 0 39
1352 0 39
1353 0 39
1354 0 39
1355 0 39
1356 0 39
1357 0 39
1358 0 39
1359 0 39
1360 0 40
1361 0 40
1362 0 39
1363 0 39
1364 0 39
1365 0 40
1366 0 40
1367 0 39
1368 0 39
1369 0 39
1370 0 39
1371 0 39
1372 0 39
1373 0 39
1374 0 39
1375 0 39
1376 0 39
1377 0 39
1378 0 40
1379 0 40
1380 0 40
1381 0 40
1382 0 40
1383 0 39
1384 0 40
1385 0 40
1386 0 39
1387 0 39
1388 0 40
1389 0 40
1390 0 40
1391 0 40
1392 0 40
1393 0 39
1394 0 40
1395 0 40
1396 0 39
1397 0 39
1398 0 39
1399 0 40
1400 0 40
1401 0 39
1402 0 39
1403 0 39
1404 0 39
1405 0 39
1406 0 39
1407 0 39
1408 0 39
1409 0 39
1410 0 39
1411 0 39
1412 0 40
1413 0 40
1414 0 39
1415 0 39
1416 0 39
1417 0 40
1418 0 40
1419 0 39
1420 0 39
1421 0 40
1422 0 40
1423 0 40
1424 0 39
1425 0 39
1426 0 39
1427 0 39
1428 0 39
1429 0 39
1430 0 40
1431 0 40
1432 0 40
1433 0 39
1434 0 39
1435 0 38
1436 0 40
1437 0 40
1438 0 39
1439 0 39
1440 0 39
1441 0 40
1442 0 40
1443 0 39
1444 0 39
1445 0 40
1446 0 40
1447 0 40
1448 0 39
1449 0 39
1450 0 39
1451 0 39
1452 0 39
1453 0 39
1454 0 39
1455 0 39
1456 0 39
1457 0 39
1458 0 39
1459 0 38
1460 0 39
1461 0 39
1462 0 38
1463 0 38
1464 0 39
1465 0 39
1466 0 39
1467 0 39
1468 0 39
1469 0 38
1470 0 39
1471 0 39
1472 0 39
1473 0 39
1474 0 39
1475 0 38
1476 0 39
1477 0 39
1478 0 38
1479 0 38
1480 0 39
1481 0 39
1482 0 39
1483 0 39
1484 0 39
1485 0 38
1486 0 39
1487 0 39
1488 0 38
1489 0 38
1490 0 38
1491 0 39
1492 0 39
1493 0 38
1494 0 38
1495 0 39
1496 0 39
1497 0 39
1498 0 39
1499 0 39
1500 0 39
1501 0 39
1502 0 39
1503 0 38
1504 0 40
1505 0 40
1506 0 39
1507 0 39
1508 0 39
1509 0 40
1510 0 40
1511 0 39
1512 0 39
1513 0 40
1514 0 40
1515 0 40
1516 0 39
1517 0 39
1518 0 39
1519 0 39
1520 0 39
1521 0 39
1522 0 40
1523 0 40
1524 0 40
1525 0 39
1526 0 39
1527 0 38
1528 0 40
1529 0 40
1530 0 39
1531 0 39
1532 0 39
1533 0 40
1534 0 40
1535 0 39
1536 0 39
1537 0 40
1538 0 40
1539 0 40
1540 0 39
1541 0 39
1542 0 39
1543 0 39
1544 0 39
1545 0 39
1546 0 39
1547 0 39
1548 0 39
1549 0 39
1550 0 39
1551 0 38
1552 0 39
1553 0 39
1554 0 38
1555 0 38
1556 0 39
1557 0 39
1558 0 39
1559 0 39
1560 0 39
1561 0 38
1562 0 39
1563 0 39
1564 0 38
1565 0 38
1566 0 38
1567 0 39
1568 0 39
1569 0 38
1570 0 38
1571 0 39
1572 0 39
1573 0 38
1574 0 38
1575 0 38
1576 0 39
1577 0 39
1578 0 38
1579 0 38
1580 0 38
1581 0 38
1582 0 38
1583 0 39
1584 0 39
1585 0 39
1586 0 39
1587 0 38
1588 0 38
1589 0 40
1590 0 40
1591 0 40
1592 0 40
1593 0 40
1594 0 39
1595 0 40
1596 0 40
1597 0 39
1598 0 39
1599 0 40
1600 0 40
1601 0 40
1602 0 40
1603 0 40
1604 0 39
1605 0 40
1606 0 40
1607 0 39
1608 0 39
1609 0 39
1610 0 40
1611 0 40
1612 0 39
1613 0 39
1614 0 39
1615 0 39
1616 0 39
1617 0 39
1618 0 39
1619 0 39
1620 0 39
1621 0 39
1622 0 39
1623 0 40
1624 0 40
1625 0 39
1626 0 39
1627 0 39
1628 0 40
1629 0 40
1630 0 39
1631 0 39
1632 0 39
1633 0 39
1634 0 39
1635 0 39
1636 0 39
1637 0 39
1638 0 39
1639 0 39
1640 0 39
1641 0 40
1642 0 40
1643 0 40
1644 0 40
1645 0 40
1646 0 39
1647 0 40
1648 0 40
1649 0 39
1650 0 39
1651 0 40
1652 0 40
1653 0 40
1654 0 40
1655 0 40
1656 0 39
1657 0 40
1658 0 40
1659 0 39
1660 0 39
1661 0 39
1662 0 40
1663 0 40
1664 0 39
1665 0 39
1666 0 39
1667 0 39
1668 0 39
1669 0 39
1670 0 39
1671 0 39
1672 0 39
1673 0 39
1674 0 39
1675 0 40
1676 0 40
1677 0 39
1678 0 39
1679 0 39
1680 0 40
1681 0 40
1682 0 39
1683 0 39
1684 0 40
1685 0 40
1686 0 40
1687 0 39
1688 0 39
1689 0 39
1690 0 39
1691 0 39
1692 0 39
1693 0 40
1694 0 40
1695 0 40
1696 0 39
1697 0 39
1698 0 38
1699 0 40
1700 0 40
1701 0 39
1702 0 39
1703 0 39
1704 0 40
1705 0 40
1706 0 39
1707 0 39
1708 0 40
1709 0 40
1710 0 40
1711 0 39
1712 0 39
1713 0 39
1714 0 39
1715 0 39
1716 0 39
1717 0 39
1718 0 39
1719 0 39
1720 0 39
1721 0 39
1722 0 38
1723 0 39
1724 0 39
1725 0 38
1726 0 38
1727 0 39
1728 0 39
1729 0 39
1730 0 39
1731 0 39
1732 0 38
1733 0 39
1734 0 39
1735 0 39
1736 0 39
1737 0 39
1738 0 38
1739 0 39
1740 0 39
1741 0 38
1742 0 38
1743 0 39
1744 0 39
1745 0 39
1746 0 39
1747 0 39
1748 0 38
1749 0 39
1750 0 39
1751 0 38
1752 0 38
1753 0 38
1754 0 39
1755 0 39
1756 0 38
1757 0 38
1758 0 39
1759 0 39
1760 0 39
1761 0 39
1762 0 39
1763 0 39
1764 0 39
1765 0 39
1766 0 38
1767 0 40
1768 0 40
1769 0 39
1770 0 39
1771 0 39
1772 0 40
1773 0 40
1774 0 39
1775 0 39
1776 0 40
1777 0 40
1778 0 40
1779 0 39
1780 0 39
1781 0 39
1782 0 39
1783 0 39
1784 0 39
1785 0 40
1786 0 40
1787 0 40
1788 0 39
1789 0 39
1790 0 38
1791 0 40
1792 0 40
1793 0 39
1794 0 39
1795 0 39
1796 0 40
1797 0 40
1798 0 39
1799 0 39
1800 0 40
1801 0 40
1802 0 40
1803 0 39
1804 0 39
1805 0 39
1806 0 39
1807 0 39
1808 0 39
1809 0 40
1810 0 40
1811 0 40
1812 0 40
1813 0 40
1814 0 39
1815 0 40
1816 0 40
1817 0 39
1818 0 39
1819 0 40
1820 0 40
1821 0 40
1822 0 40
1823 0 40
1824 0 39
1825 0 39
1826 0 39
1827 0 39
1828 0 39
1829 0 39
1830 0 39
1831 0 39
1832 0 39
1833 0 39
1834 0 39
1835 0 39
1836 0 39
1837 0 39
1838 0 39
1839 0 39
1840 0 39
1841 0 39
1842 0 39
1843 0 39
1844 0 39
1845 0 39
1846 0 39
1847 0 39
1848 0 39
1849 0 39
1850 0 39
1851 0 39
1852 0 40
1853 0 40
1854 0 40
1855 0 40
1856 0 40
1857 0 39
1858 0 40
1859 0 40
1860 0 39
1861 0 39
1862 0 40
1863 0 40
1864 0 40
1865 0 40
1866 0 40
1867 0 39
1868 0 39
1869 0 39
1870 0 38
1871 0 38
1872 0 38
1873 0 39
1874 0 39
1875 0 38
1876 0 38
1877 0 39
1878 0 39
1879 0 39
1880 0 39
1881 0 39
1882 0 39
1883 0 38
1884 0 38
1885 0 37
1886 0 40
1887 0 40
1888 0 39
1889 0 39
1890 0 39
1891 0 40
1892 0 40
1893 0 39
1894 0 39
1895 0 40
1896 0 40
1897 0 40
1898 0 39
1899 0 39
1900 0 39
1901 0 39
1902 0 39
1903 0 39
1904 0 40
1905 0 40
1906 0 40
1907 0 39
1908 0 39
1909 0 38
1910 0 40
1911 0 40
1912 0 39
1913 0 39
1914 0 39
1915 0 40
1916 0 40
1917 0 39
1918 0 39
1919 0 40
1920 0 40
1921 0 40
1922 0 39
1923 0 39
1924 0 39
1925 0 39
1926 0 39
1927 0 39
1928 0 40
1929 0 40
1930 0 40
1931 0 40
1932 0 40
1933 0 39
1934 0 40
1935 0 40
1936 0 39
1937 0 39
1938 0 40
1939 0 40
1940 0 40
1941 0 40
1942 0 40
1943 0 39
1944 0 39
1945 0 39
1946 0 39
1947 0 39
1948 0 39
1949 0 39
1950 0 39
1951 0 39
1952 0 39
1953 0 39
1954 0 39
1955 0 39
1956 0 39
1957 0 39
1958 0 39
1959 0 39
1960 0 39
1961 0 39
1962 0 39
1963 0 39
1964 0 39
1965 0 39
1966 0 39
1967 0 39
1968 0 39
1969 0 39
1970 0 39
1971 0 39
1972 0 39
1973 0 39
1974 0 39
1975 0 39
1976 0 38
1977 0 39
1978 0 39
1979 0 38
1980 0 38
1981 0 39
1982 0 39
1983 0 39
1984 0 39
1985 0 39
1986 0 38
1987 0 39
1988 0 39
1989 0 39
1990 0 39
1991 0 38
1992 0 39
1993 0 39
1994 0 39
1995 0 39
1996 0 39
1997 0 39
1998 0 39
1999 0 39
2000 0 39
2001 0 39
2002 0 38
2003 0 38
2004 0 37
2005 0 39
2006 0 39
2007 0 39
2008 0 39
2009 0 39
2010 0 39
2011 0 39
2012 0 39
2013 0 39
2014 0 38
2015 0 38
2016 0 39
2017 0 38
2018 0 38
2019 0 38
2020 0 38
2021 0 37
2022 0 37
2023 0 39
2024 0 39
2025 0 39
2026 0 39
2027 0 39
2028 0 38
2029 0 39
2030 0 39
2031 0 38
2032 0 38
2033 0 39
2034 0 39
2035 0 39
2036 0 39
2037 0 39
2038 0 38
2039 0 39
2040 0 39
2041 0 39
2042 0 39
2043 0 38
2044 0 39
2045 0 39
2046 0 39
2047 0 39
2048 0 39
2049 0 39
2050 0 39
2051 0 39
2052 0 39
2053 0 39
2054 0 38
2055 0 38
2056 0 37
2057 0 39
2058 0 39
2059 0 39
2060 0 39
2061 0 39
2062 0 38
2063 0 39
2064 0 39
2065 0 38
2066 0 38
2067 0 39
2068 0 39
2069 0 39
2070 0 39
2071 0 39
2072 0 38
2073 0 39
2074 0 39
2075 0 39
2076 0 39
2077 0 38
2078 0 39
2079 0 39
2080 0 39
2081 0 39
2082 0 39
2083 0 39
2084 0 39
2085 0 39
2086 0 39
2087 0 39
2088 0 38
2089 0 38
2090 0 37
2091 0 39
2092 0 39
2093 0 39
2094 0 39
2095 0 39
2096 0 39
2097 0 39
2098 0 39
2099 0 39
2100 0 38
2101 0 38
2102 0 39
2103 0 38
2104 0 38
2105 0 38
2106 0 38
2107 0 37
2108 0 37
2109 0 39
2110 0 39
2111 0 39
2112 0 39
2113 0 39
2114 0 38
2115 0 39
2116 0 39
2117 0 38
2118 0 38
2119 0 39
2120 0 39
2121 0 39
2122 0 39
2123 0 39
2124 0 38
2125 0 39
2126 0 39
2127 0 39
2128 0 39
2129 0 38
2130 0 39
2131 0 39
2132 0 39
2133 0 39
2134 0 39
2135 0 39
2136 0 39
2137 0 39
2138 0 39
2139 0 39
2140 0 38
2141 0 38
2142 0 37
2143 0 39
2144 0 39
2145 0 38
2146 0 38
2147 0 38
2148 0 39
2149 0 39
2150 0 38
2151 0 38
2152 0 39
2153 0 39
2154 0 39
2155 0 38
2156 0 38
2157 0 38
2158 0 38
2159 0 38
2160 0 38
2161 0 39
2162 0 39
2163 0 39
2164 0 38
2165 0 38
2166 0 37
2167 0 39
2168 0 39
2169 0 38
2170 0 38
2171 0 38
2172 0 39
2173 0 39
2174 0 38
2175 0 38
2176 0 39
2177 0 39
2178 0 39
2179 0 38
2180 0 38
2181 0 38
2182 0 38
2183 0 38
2184 0 38
2185 0 39
2186 0 39
2187 0 39
2188 0 39
2189 0 39
2190 0 38
2191 0 39
2192 0 39
2193 0 38
2194 0 38
2195 0 39
2196 0 39
2197 0 39
2198 0 39
2199 0 39
2200 0 38
2201 0 39
2202 0 39
2203 0 39
2204 0 39
2205 0 39
2206 0 38
2207 0 39
2208 0 39
2209 0 38
2210 0 38
2211 0 39
2212 0 39
2213 0 39
2214 0 39
2215 0 39
2216 0 38
2217 0 39
2218 0 39
2219 0 37
2220 0 37
2221 0 38
2222 0 39
2223 0 39
2224 0 37
2225 0 37
2226 0 39
2227 0 39
2228 0 39
2229 0 39
2230 0 39
2231 0 39
2232 0 38
2233 0 38
2234 0 38
2235 0 40
2236 0 40
2237 0 40
2238 0 39
2239 0 40
2240 0 39
2241 0 40
2242 0 40
2243 0 40
2244 0 39
2245 0 40
2246 0 39
2247 0 39
2248 0 40
2249 0 39
2250 0 39
2251 0 39
2252 0 39
2253 0 39
2254 0 39
2255 0 39
2256 0 40
2257 0 39
2258 0 39
2259 0 40
2260 0 39
2261 0 39
2262 0 39
2263 0 39
2264 0 39
2265 0 39
2266 0 40
2267 0 40
2268 0 40
2269 0 39
2270 0 40
2271 0 39
2272 0 40
2273 0 40
2274 0 40
2275 0 39
2276 0 40
2277 0 39
2278 0 39
2279 0 40
2280 0 39
2281 0 39
2282 0 39
2283 0 39
2284 0 39
2285 0 39
2286 0 39
2287 0 40
2288 0 39
2289 0 39
2290 0 40
2291 0 39
2292 0 40
2293 0 40
2294 0 39
2295 0 39
2296 0 39
2297 0 40
2298 0 40
2299 0 39
2300 0 38
2301 0 40
2302 0 39
2303 0 39
2304 0 40
2305 0 39
2306 0 40
2307 0 40
2308 0 39
2309 0 39
2310 0 39
2311 0 39
2312 0 39
2313 0 39
2314 0 38
2315 0 39
2316 0 38
2317 0 39
2318 0 39
2319 0 39
2320 0 38
2321 0 39
2322 0 39
2323 0 39
2324 0 38
2325 0 39
2326 0 38
2327 0 39
2328 0 39
2329 0 39
2330 0 38
2331 0 39
2332 0 38
2333 0 38
2334 0 39
2335 0 38
2336 0 39
2337 0 39
2338 0 39
2339 0 39
2340 0 39
2341 0 38
2342 0 40
2343 0 39
2344 0 39
2345 0 40
2346 0 39
2347 0 40
2348 0 40
2349 0 39
2350 0 39
2351 0 39
2352 0 40
2353 0 40
2354 0 39
2355 0 38
2356 0 40
2357 0 39
2358 0 39
2359 0 40
2360 0 39
2361 0 40
2362 0 40
2363 0 39
2364 0 39
2365 0 39
2366 0 39
2367 0 39
2368 0 39
2369 0 38
2370 0 39
2371 0 38
2372 0 39
2373 0 39
2374 0 39
2375 0 38
2376 0 39
2377 0 38
2378 0 38
2379 0 39
2380 0 38
2381 0 39
2382 0 38
2383 0 38
2384 0 39
2385 0 38
2386 0 38
2387 0 38
2388 0 39
2389 0 39
2390 0 38
2391 0 40
2392 0 40
2393 0 40
2394 0 39
2395 0 40
2396 0 39
2397 0 40
2398 0 40
2399 0 40
2400 0 39
2401 0 40
2402 0 39
2403 0 39
2404 0 40
2405 0 39
2406 0 39
2407 0 39
2408 0 39
2409 0 39
2410 0 39
2411 0 39
2412 0 40
2413 0 39
2414 0 39
2415 0 40
2416 0 39
2417 0 39
2418 0 39
2419 0 39
2420 0 39
2421 0 39
2422 0 40
2423 0 40
2424 0 40
2425 0 39
2426 0 40
2427 0 39
2428 0 40
2429 0 40
2430 0 40
2431 0 39
2432 0 40
2433 0 39
2434 0 39
2435 0 40
2436 0 39
2437 0 39
2438 0 39
2439 0 39
2440 0 39
2441 0 39
2442 0 39
2443 0 40
2444 0 39
2445 0 39
2446 0 40
2447 0 39
2448 0 40
2449 0 40
2450 0 39
2451 0 39
2452 0 39
2453 0 40
2454 0 40
2455 0 39
2456 0 38
2457 0 40
2458 0 39
2459 0 39
2460 0 40
2461 0 39
2462 0 40
2463 0 40
2464 0 39
2465 0 39
2466 0 39
2467 0 39
2468 0 39
2469 0 39
2470 0 38
2471 0 39
2472 0 38
2473 0 39
2474 0 39
2475 0 39
2476 0 38
2477 0 39
2478 0 39
2479 0 39
2480 0 38
2481 0 39
2482 0 38
2483 0 39
2484 0 39
2485 0 39
2486 0 38
2487 0 39
2488 0 38
2489 0 38
2490 0 39
2491 0 38
2492 0 39
2493 0 39
2494 0 39
2495 0 39
2496 0 39
2497 0 38
2498 0 40
2499 0 39
2500 0 39
2501 0 40
2502 0 39
2503 0 40
2504 0 40
2505 0 39
2506 0 39
2507 0 39
2508 0 40
2509 0 40
2510 0 39
2511 0 38
2512 0 40
2513 0 39
2514 0 39
2515 0 40
2516 0 39
2517 0 40
2518 0 40
2519 0 39
2520 0 39
2521 0 39
2522 0 40
2523 0 40
2524 0 40
2525 0 39
2526 0 40
2527 0 39
2528 0 40
2529 0 40
2530 0 40
2531 0 39
2532 0 39
2533 0 39
2534 0 38
2535 0 39
2536 0 39
2537 0 39
2538 0 39
2539 0 38
2540 0 39
2541 0 39
2542 0 39
2543 0 39
2544 0 39
2545 0 39
2546 0 39
2547 0 40
2548 0 40
2549 0 40
2550 0 39
2551 0 40
2552 0 39
2553 0 40
2554 0 40
2555 0 40
2556 0 39
2557 0 39
2558 0 38
2559 0 38
2560 0 39
2561 0 38
2562 0 39
2563 0 39
2564 0 39
2565 0 39
2566 0 38
2567 0 37
2568 0 40
2569 0 39
2570 0 39
2571 0 40
2572 0 39
2573 0 40
2574 0 40
2575 0 39
2576 0 39
2577 0 39
2578 0 40
2579 0 40
2580 0 39
2581 0 38
2582 0 40
2583 0 39
2584 0 39
2585 0 40
2586 0 39
2587 0 40
2588 0 40
2589 0 39
2590 0 39
2591 0 39
2592 0 40
2593 0 40
2594 0 40
2595 0 39
2596 0 40
2597 0 39
2598 0 40
2599 0 40
2600 0 40
2601 0 39
2602 0 39
2603 0 39
2604 0 38
2605 0 39
2606 0 39
2607 0 39
2608 0 39
2609 0 38
2610 0 39
2611 0 39
2612 0 39
2613 0 39
2614 0 39
2615 0 39
2616 0 39
2617 0 39
2618 0 39
2619 0 39
2620 0 38
2621 0 39
2622 0 38
2623 0 39
2624 0 39
2625 0 39
2626 0 38
2627 0 39
2628 0 39
2629 0 38
2630 0 39
2631 0 39
2632 0 39
2633 0 39
2634 0 39
2635 0 39
2636 0 38
2637 0 37
2638 0 39
2639 0 39
2640 0 39
2641 0 39
2642 0 39
2643 0 38
2644 0 39
2645 0 38
2646 0 38
2647 0 37
2648 0 39
2649 0 39
2650 0 39
2651 0 38
2652 0 39
2653 0 38
2654 0 39
2655 0 39
2656 0 39
2657 0 38
2658 0 39
2659 0 39
2660 0 38
2661 0 39
2662 0 39
2663 0 39
2664 0 39
2665 0 39
2666 0 39
2667 0 38
2668 0 37
2669 0 39
2670 0 39
2671 0 39
2672 0 38
2673 0 39
2674 0 38
2675 0 39
2676 0 39
2677 0 39
2678 0 38
2679 0 39
2680 0 39
2681 0 38
2682 0 39
2683 0 39
2684 0 39
2685 0 39
2686 0 39
2687 0 39
2688 0 38
2689 0 37
2690 0 39
2691 0 39
2692 0 39
2693 0 39
2694 0 39
2695 0 38
2696 0 39
2697 0 38
2698 0 38
2699 0 37
2700 0 39
2701 0 39
2702 0 39
2703 0 38
2704 0 39
2705 0 38
2706 0 39
2707 0 39
2708 0 39
2709 0 38
2710 0 39
2711 0 39
2712 0 38
2713 0 39
2714 0 39
2715 0 39
2716 0 39
2717 0 39
2718 0 39
2719 0 38
2720 0 37
2721 0 39
2722 0 38
2723 0 38
2724 0 39
2725 0 38
2726 0 39
2727 0 39
2728 0 38
2729 0 38
2730 0 38
2731 0 39
2732 0 39
2733 0 38
2734 0 37
2735 0 39
2736 0 38
2737 0 38
2738 0 39
2739 0 38
2740 0 39
2741 0 39
2742 0 38
2743 0 38
2744 0 38
2745 0 39
2746 0 39
2747 0 39
2748 0 38
2749 0 39
2750 0 38
2751 0 39
2752 0 39
2753 0 39
2754 0 38
2755 0 39
2756 0 39
2757 0 39
2758 0 38
2759 0 39
2760 0 38
2761 0 39
2762 0 39
2763 0 39
2764 0 38
2765 0 39
2766 0 37
2767 0 38
2768 0 39
2769 0 37
2770 0 39
2771 0 39
2772 0 39
2773 0 39
2774 0 38
2775 0 38
2776 0 40
2777 0 39
2778 0 39
2779 0 40
2780 0 39
2781 0 40
2782 0 40
2783 0 39
2784 0 39
2785 0 39
2786 0 40
2787 0 40
2788 0 39
2789 0 38
2790 0 40
2791 0 39
2792 0 39
2793 0 40
2794 0 39
2795 0 40
2796 0 40
2797 0 39
2798 0 39
2799 0 39
2800 0 40
2801 0 40
2802 0 40
2803 0 39
2804 0 40
2805 0 39
2806 0 40
2807 0 40
2808 0 40
2809 0 39
2810 0 39
2811 0 39
2812 0 38
2813 0 39
2814 0 39
2815 0 39
2816 0 39
2817 0 38
2818 0 39
2819 0 39
2820 0 39
2821 0 39
2822 0 39
2823 0 39
2824 0 39
2825 0 40
2826 0 40
2827 0 40
2828 0 39
2829 0 40
2830 0 39
2831 0 40
2832 0 40
2833 0 40
2834 0 39
2835 0 39
2836 0 39
2837 0 38
2838 0 39
2839 0 39
2840 0 39
2841 0 39
2842 0 39
2843 0 39
2844 0 38
2845 0 37
2846 0 40
2847 0 39
2848 0 39
2849 0 40
2850 0 39
2851 0 40
2852 0 40
2853 0 39
2854 0 39
2855 0 39
2856 0 40
2857 0 40
2858 0 39
2859 0 38
2860 0 40
2861 0 39
2862 0 39
2863 0 40
2864 0 39
2865 0 40
2866 0 40
2867 0 39
2868 0 39
2869 0 39
2870 0 40
2871 0 40
2872 0 40
2873 0 39
2874 0 40
2875 0 39
2876 0 40
2877 0 40
2878 0 40
2879 0 39
2880 0 39
2881 0 39
2882 0 38
2883 0 39
2884 0 39
2885 0 39
2886 0 39
2887 0 38
2888 0 39
2889 0 39
2890 0 39
2891 0 39
2892 0 39
2893 0 39
2894 0 39
2895 0 39
2896 0 39
2897 0 39
2898 0 38
2899 0 39
2900 0 38
2901 0 39
2902 0 39
2903 0 39
2904 0 38
2905 0 39
2906 0 38
2907 0 38
2908 0 39
2909 0 38
2910 0 38
2911 0 38
2912 0 38
2913 0 38
2914 0 38
2915 0 38
2916 0 39
2917 0 38
2918 0 38
2919 0 39
2920 0 38
2921 0 38
2922 0 38
2923 0 38
2924 0 38
2925 0 38
2926 0 39
2927 0 39
2928 0 39
2929 0 38
2930 0 39
2931 0 38
2932 0 39
2933 0 39
2934 0 39
2935 0 38
2936 0 39
2937 0 39
2938 0 38
2939 0 39
2940 0 39
2941 0 38
2942 0 38
2943 0 38
2944 0 38
2945 0 38
2946 0 38
2947 0 39
2948 0 38
2949 0 38
2950 0 39
2951 0 38
2952 0 39
2953 0 39
2954 0 38
2955 0 38
2956 0 38
2957 0 39
2958 0 39
2959 0 38
2960 0 37
2961 0 39
2962 0 38
2963 0 38
2964 0 39
2965 0 38
2966 0 39
2967 0 39
2968 0 38
2969 0 38
2970 0 38
2971 0 39
2972 0 38
2973 0 38
2974 0 39
2975 0 38
2976 0 39
2977 0 39
2978 0 38
2979 0 38
2980 0 38
2981 0 39
2982 0 39
2983 0 38
2984 0 37
2985 0 39
2986 0 38
2987 0 38
2988 0 39
2989 0 38
2990 0 39
2991 0 39
2992 0 38
2993 0 38
2994 0 38
2995 0 38
2996 0 38
2997 0 38
2998 0 37
2999 0 38
3000 0 37
3001 0 38
3002 0 38
3003 0 38
3004 0 37
3005 0 39
3006 0 37
3007 0 38
3008 0 39
3009 0 37
3010 0 39
3011 0 37
3012 0 38
3013 0 39
3014 0 37
3015 0 37
3016 0 37
3017 0 38
3018 0 38
3019 0 38
3020 0 40
3021 0 40
3022 0 40
3023 0 39
3024 0 40
3025 0 39
3026 0 40
3027 0 40
3028 0 40
3029 0 39
3030 0 40
3031 0 39
3032 0 39
3033 0 40
3034 0 39
3035 0 39
3036 0 39
3037 0 39
3038 0 39
3039 0 39
3040 0 39
3041 0 40
3042 0 39
3043 0 39
3044 0 40
3045 0 39
3046 0 39
3047 0 39
3048 0 39
3049 0 39
3050 0 39
3051 0 40
3052 0 40
3053 0 40
3054 0 39
3055 0 40
3056 0 39
3057 0 40
3058 0 40
3059 0 40
3060 0 39
3061 0 40
3062 0 39
3063 0 39
3064 0 40
3065 0 39
3066 0 39
3067 0 39
3068 0 39
3069 0 39
3070 0 39
3071 0 39
3072 0 40
3073 0 39
3074 0 39
3075 0 40
3076 0 39
3077 0 40
3078 0 40
3079 0 39
3080 0 39
3081 0 39
3082 0 40
3083 0 40
3084 0 39
3085 0 38
3086 0 40
3087 0 39
3088 0 39
3089 0 40
3090 0 39
3091 0 40
3092 0 40
3093 0 39
3094 0 39
3095 0 39
3096 0 39
3097 0 39
3098 0 39
3099 0 38
3100 0 39
3101 0 38
3102 0 39
3103 0 39
3104 0 39
3105 0 38
3106 0 39
3107 0 39
3108 0 39
3109 0 38
3110 0 39
3111 0 38
3112 0 39
3113 0 39
3114 0 39
3115 0 38
3116 0 39
3117 0 38
3118 0 38
3119 0 39
3120 0 38
3121 0 39
3122 0 39
3123 0 39
3124 0 39
3125 0 39
3126 0 38
3127 0 40
3128 0 39
3129 0 39
3130 0 40
3131 0 39
3132 0 40
3133 0 40
3134 0 39
3135 0 39
3136 0 39
3137 0 40
3138 0 40
3139 0 39
3140 0 38
3141 0 40
3142 0 39
3143 0 39
3144 0 40
3145 0 39
3146 0 40
3147 0 40
3148 0 39
3149 0 39
3150 0 39
3151 0 39
3152 0 39
3153 0 39
3154 0 38
3155 0 39
3156 0 38
3157 0 39
3158 0 39
3159 0 39
3160 0 38
3161 0 39
3162 0 38
3163 0 38
3164 0 39
3165 0 38
3166 0 39
3167 0 38
3168 0 38
3169 0 39
3170 0 38
3171 0 38
3172 0 38
3173 0 39
3174 0 39
3175 0 38
3176 0 40
3177 0 40
3178 0 40
3179 0 39
3180 0 40
3181 0 39
3182 0 40
3183 0 40
3184 0 40
3185 0 39
3186 0 40
3187 0 39
3188 0 39
3189 0 40
3190 0 39
3191 0 39
3192 0 39
3193 0 39
3194 0 39
3195 0 39
3196 0 39
3197 0 40
3198 0 39
3199 0 39
3200 0 40
3201 0 39
3202 0 39
3203 0 39
3204 0 39
3205 0 39
3206 0 39
3207 0 40
3208 0 40
3209 0 40
3210 0 39
3211 0 40
3212 0 39
3213 0 40
3214 0 40
3215 0 40
3216 0 39
3217 0 40
3218 0 39
3219 0 39
3220 0 40
3221 0 39
3222 0 39
3223 0 39
3224 0 39
3225 0 39
3226 0 39
3227 0 39
3228 0 40
3229 0 39
3230 0 39
3231 0 40
3232 0 39
3233 0 40
3234 0 40
3235 0 39
3236 0 39
3237 0 39
3238 0 40
3239 0 40
3240 0 39
3241 0 38
3242 0 40
3243 0 39
3244 0 39
3245 0 40
3246 0 39
3247 0 40
3248 0 40
3249 0 39
3250 0 39
3251 0 39
3252 0 39
3253 0 39
3254 0 39
3255 0 38
3256 0 39
3257 0 38
3258 0 39
3259 0 39
3260 0 39
3261 0 38
3262 0 39
3263 0 39
3264 0 39
3265 0 38
3266 0 39
3267 0 38
3268 0 39
3269 0 39
3270 0 39
3271 0 38
3272 0 39
3273 0 38
3274 0 38
3275 0 39
3276 0 38
3277 0 39
3278 0 39
3279 0 39
3280 0 39
3281 0 39
3282 0 38
3283 0 40
3284 0 39
3285 0 39
3286 0 40
3287 0 39
3288 0 40
3289 0 40
3290 0 39
3291 0 39
3292 0 39
3293 0 40
3294 0 40
3295 0 39
3296 0 38
3297 0 40
3298 0 39
3299 0 39
3300 0 40
3301 0 39
3302 0 40
3303 0 40
3304 0 39
3305 0 39
3306 0 39
3307 0 40
3308 0 40
3309 0 40
3310 0 39
3311 0 40
3312 0 39
3313 0 40
3314 0 40
3315 0 40
3316 0 39
3317 0 39
3318 0 39
3319 0 39
3320 0 39
3321 0 39
3322 0 39
3323 0 39
3324 0 39
3325 0 39
3326 0 39
3327 0 39
3328 0 39
3329 0 39
3330 0 39
3331 0 39
3332 0 40
3333 0 40
3334 0 40
3335 0 39
3336 0 40
3337 0 39
3338 0 40
3339 0 40
3340 0 40
3341 0 39
3342 0 39
3343 0 38
3344 0 38
3345 0 39
3346 0 38
3347 0 39
3348 0 39
3349 0 39
3350 0 39
3351 0 38
3352 0 37
3353 0 40
3354 0 39
3355 0 39
3356 0 40
3357 0 39
3358 0 40
3359 0 40
3360 0 39
3361 0 39
3362 0 39
3363 0 40
3364 0 40
3365 0 39
3366 0 38
3367 0 40
3368 0 39
3369 0 39
3370 0 40
3371 0 39
3372 0 40
3373 0 40
3374 0 39
3375 0 39
3376 0 39
3377 0 40
3378 0 40
3379 0 40
3380 0 39
3381 0 40
3382 0 39
3383 0 40
3384 0 40
3385 0 40
3386 0 39
3387 0 39
3388 0 39
3389 0 39
3390 0 39
3391 0 39
3392 0 39
3393 0 39
3394 0 39
3395 0 39
3396 0 39
3397 0 39
3398 0 39
3399 0 39
3400 0 39
3401 0 39
3402 0 39
3403 0 39
3404 0 39
3405 0 38
3406 0 39
3407 0 38
3408 0 39
3409 0 39
3410 0 39
3411 0 38
3412 0 39
3413 0 39
3414 0 38
3415 0 39
3416 0 39
3417 0 39
3418 0 39
3419 0 39
3420 0 39
3421 0 38
3422 0 37
3423 0 39
3424 0 39
3425 0 39
3426 0 39
3427 0 39
3428 0 38
3429 0 39
3430 0 38
3431 0 38
3432 0 37
3433 0 39
3434 0 39
3435 0 39
3436 0 38
3437 0 39
3438 0 38
3439 0 39
3440 0 39
3441 0 39
3442 0 38
3443 0 39
3444 0 39
3445 0 38
3446 0 39
3447 0 39
3448 0 39
3449 0 39
3450 0 39
3451 0 39
3452 0 38
3453 0 37
3454 0 39
3455 0 39
3456 0 39
3457 0 38
3458 0 39
3459 0 38
3460 0 39
3461 0 39
3462 0 39
3463 0 38
3464 0 39
3465 0 39
3466 0 38
3467 0 39
3468 0 39
3469 0 39
3470 0 39
3471 0 39
3472 0 39
3473 0 38
3474 0 37
3475 0 39
3476 0 39
3477 0 39
3478 0 39
3479 0 39
3480 0 38
3481 0 39
3482 0 38
3483 0 38
3484 0 37
3485 0 39
3486 0 39
3487 0 39
3488 0 38
3489 0 39
3490 0 38
3491 0 39
3492 0 39
3493 0 39
3494 0 38
3495 0 39
3496 0 39
3497 0 38
3498 0 39
3499 0 39
3500 0 39
3501 0 39
3502 0 39
3503 0 39
3504 0 38
3505 0 37
3506 0 39
3507 0 38
3508 0 38
3509 0 39
3510 0 38
3511 0 39
3512 0 39
3513 0 38
3514 0 38
3515 0 38
3516 0 39
3517 0 39
3518 0 38
3519 0 37
3520 0 39
3521 0 38
3522 0 38
3523 0 39
3524 0 38
3525 0 39
3526 0 39
3527 0 38
3528 0 38
3529 0 38
3530 0 39
3531 0 39
3532 0 39
3533 0 38
3534 0 39
3535 0 38
3536 0 39
3537 0 39
3538 0 39
3539 0 38
3540 0 39
3541 0 39
3542 0 39
3543 0 38
3544 0 39
3545 0 38
3546 0 39
3547 0 39
3548 0 39
3549 0 38
3550 0 39
3551 0 37
3552 0 38
3553 0 39
3554 0 37
3555 0 39
3556 0 39
3557 0 39
3558 0 39
3559 0 38
3560 0 38
3561 0 40
3562 0 39
3563 0 40
3564 0 39
3565 0 39
3566 0 39
3567 0 39
3568 0 39
3569 0 39
3570 0 39
3571 0 39
3572 0 40
3573 0 39
3574 0 40
3575 0 39
3576 0 39
3577 0 39
3578 0 39
3579 0 39
3580 0 39
3581 0 40
3582 0 39
3583 0 40
3584 0 39
3585 0 39
3586 0 40
3587 0 39
3588 0 39
3589 0 38
3590 0 39
3591 0 39
3592 0 38
3593 0 39
3594 0 38
3595 0 38
3596 0 39
3597 0 39
3598 0 39
3599 0 39
3600 0 40
3601 0 39
3602 0 40
3603 0 39
3604 0 39
3605 0 40
3606 0 39
3607 0 39
3608 0 38
3609 0 39
3610 0 38
3611 0 38
3612 0 38
3613 0 38
3614 0 38
3615 0 38
3616 0 40
3617 0 39
3618 0 40
3619 0 39
3620 0 39
3621 0 39
3622 0 39
3623 0 39
3624 0 39
3625 0 39
3626 0 39
3627 0 40
3628 0 39
3629 0 40
3630 0 39
3631 0 39
3632 0 39
3633 0 39
3634 0 39
3635 0 39
3636 0 40
3637 0 39
3638 0 40
3639 0 39
3640 0 39
3641 0 40
3642 0 39
3643 0 39
3644 0 38
3645 0 39
3646 0 39
3647 0 38
3648 0 39
3649 0 38
3650 0 38
3651 0 39
3652 0 39
3653 0 39
3654 0 39
3655 0 40
3656 0 39
3657 0 40
3658 0 39
3659 0 39
3660 0 40
3661 0 39
3662 0 40
3663 0 39
3664 0 40
3665 0 39
3666 0 39
3667 0 39
3668 0 39
3669 0 39
3670 0 39
3671 0 40
3672 0 39
3673 0 40
3674 0 38
3675 0 38
3676 0 39
3677 0 39
3678 0 39
3679 0 39
3680 0 40
3681 0 39
3682 0 40
3683 0 39
3684 0 39
3685 0 40
3686 0 39
3687 0 40
3688 0 39
3689 0 40
3690 0 39
3691 0 39
3692 0 39
3693 0 39
3694 0 39
3695 0 39
3696 0 39
3697 0 38
3698 0 39
3699 0 39
3700 0 39
3701 0 39
3702 0 39
3703 0 39
3704 0 39
3705 0 38
3706 0 37
3707 0 39
3708 0 38
3709 0 39
3710 0 39
3711 0 39
3712 0 39
3713 0 39
3714 0 39
3715 0 38
3716 0 39
3717 0 39
3718 0 39
3719 0 39
3720 0 39
3721 0 39
3722 0 39
3723 0 38
3724 0 37
3725 0 39
3726 0 38
3727 0 39
3728 0 39
3729 0 39
3730 0 39
3731 0 39
3732 0 38
3733 0 38
3734 0 39
3735 0 38
3736 0 39
3737 0 38
3738 0 38
3739 0 39
3740 0 38
3741 0 39
3742 0 38
3743 0 39
3744 0 39
3745 0 38
3746 0 39
3747 0 37
3748 0 37
3749 0 39
3750 0 39
3751 0 39
3752 0 39
3753 0 40
3754 0 39
3755 0 40
3756 0 39
3757 0 39
3758 0 40
3759 0 39
3760 0 40
3761 0 39
3762 0 40
3763 0 39
3764 0 39
3765 0 39
3766 0 39
3767 0 39
3768 0 39
3769 0 40
3770 0 39
3771 0 40
3772 0 39
3773 0 39
3774 0 39
3775 0 39
3776 0 39
3777 0 39
3778 0 40
3779 0 39
3780 0 40
3781 0 39
3782 0 39
3783 0 40
3784 0 39
3785 0 40
3786 0 39
3787 0 40
3788 0 39
3789 0 39
3790 0 39
3791 0 39
3792 0 39
3793 0 39
3794 0 39
3795 0 38
3796 0 39
3797 0 38
3798 0 38
3799 0 38
3800 0 38
3801 0 38
3802 0 38
3803 0 38
3804 0 38
3805 0 39
3806 0 38
3807 0 39
3808 0 39
3809 0 39
3810 0 38
3811 0 38
3812 0 38
3813 0 38
3814 0 39
3815 0 38
3816 0 39
3817 0 38
3818 0 38
3819 0 39
3820 0 38
3821 0 38
3822 0 38
3823 0 39
3824 0 38
3825 0 39
3826 0 38
3827 0 38
3828 0 39
3829 0 38
3830 0 38
3831 0 37
3832 0 38
3833 0 37
3834 0 37
3835 0 37
3836 0 37
3837 0 37
3838 0 38
3839 0 40
3840 0 39
3841 0 40
3842 0 39
3843 0 39
3844 0 39
3845 0 39
3846 0 39
3847 0 39
3848 0 39
3849 0 39
3850 0 40
3851 0 39
3852 0 40
3853 0 39
3854 0 39
3855 0 39
3856 0 39
3857 0 39
3858 0 39
3859 0 40
3860 0 39
3861 0 40
3862 0 39
3863 0 39
3864 0 40
3865 0 39
3866 0 39
3867 0 38
3868 0 39
3869 0 39
3870 0 38
3871 0 39
3872 0 38
3873 0 38
3874 0 39
3875 0 39
3876 0 39
3877 0 39
3878 0 40
3879 0 39
3880 0 40
3881 0 39
3882 0 39
3883 0 40
3884 0 39
3885 0 39
3886 0 38
3887 0 39
3888 0 38
3889 0 38
3890 0 38
3891 0 38
3892 0 38
3893 0 38
3894 0 40
3895 0 39
3896 0 40
3897 0 39
3898 0 39
3899 0 39
3900 0 39
3901 0 39
3902 0 39
3903 0 39
3904 0 39
3905 0 40
3906 0 39
3907 0 40
3908 0 39
3909 0 39
3910 0 39
3911 0 39
3912 0 39
3913 0 39
3914 0 40
3915 0 39
3916 0 40
3917 0 39
3918 0 39
3919 0 40
3920 0 39
3921 0 39
3922 0 38
3923 0 39
3924 0 39
3925 0 38
3926 0 39
3927 0 38
3928 0 38
3929 0 39
3930 0 39
3931 0 39
3932 0 39
3933 0 40
3934 0 39
3935 0 40
3936 0 39
3937 0 39
3938 0 40
3939 0 39
3940 0 40
3941 0 39
3942 0 40
3943 0 39
3944 0 39
3945 0 39
3946 0 39
3947 0 39
3948 0 39
3949 0 40
3950 0 39
3951 0 40
3952 0 38
3953 0 38
3954 0 39
3955 0 39
3956 0 39
3957 0 39
3958 0 40
3959 0 39
3960 0 40
3961 0 39
3962 0 39
3963 0 40
3964 0 39
3965 0 40
3966 0 39
3967 0 40
3968 0 39
3969 0 39
3970 0 39
3971 0 39
3972 0 39
3973 0 39
3974 0 39
3975 0 38
3976 0 39
3977 0 39
3978 0 39
3979 0 39
3980 0 39
3981 0 39
3982 0 39
3983 0 38
3984 0 37
3985 0 39
3986 0 38
3987 0 39
3988 0 39
3989 0 39
3990 0 39
3991 0 39
3992 0 39
3993 0 38
3994 0 39
3995 0 39
3996 0 39
3997 0 39
3998 0 39
3999 0 39
4000 0 39
4001 0 38
4002 0 37
4003 0 39
4004 0 38
4005 0 39
4006 0 39
4007 0 39
4008 0 39
4009 0 39
4010 0 38
4011 0 38
4012 0 39
4013 0 38
4014 0 39
4015 0 38
4016 0 38
4017 0 39
4018 0 38
4019 0 39
4020 0 38
4021 0 39
4022 0 39
4023 0 38
4024 0 39
4025 0 37
4026 0 37
4027 0 39
4028 0 39
4029 0 39
4030 0 39
4031 0 39
4032 0 39
4033 0 39
4034 0 38
4035 0 39
4036 0 39
4037 0 38
4038 0 38
4039 0 39
4040 0 39
4041 0 39
4042 0 39
4043 0 39
4044 0 38
4045 0 39
4046 0 39
4047 0 39
4048 0 39
4049 0 38
4050 0 39
4051 0 39
4052 0 39
4053 0 39
4054 0 39
4055 0 39
4056 0 39
4057 0 39
4058 0 39
4059 0 39
4060 0 38
4061 0 38
4062 0 37
4063 0 39
4064 0 39
4065 0 39
4066 0 39
4067 0 39
4068 0 39
4069 0 39
4070 0 39
4071 0 39
4072 0 38
4073 0 38
4074 0 39
4075 0 38
4076 0 38
4077 0 38
4078 0 38
4079 0 37
4080 0 37
4081 0 39
4082 0 39
4083 0 39
4084 0 39
4085 0 39
4086 0 38
4087 0 39
4088 0 39
4089 0 38
4090 0 38
4091 0 39
4092 0 39
4093 0 39
4094 0 39
4095 0 39
4096 0 38
4097 0 39
4098 0 39
4099 0 39
4100 0 39
4101 0 38
4102 0 39
4103 0 39
4104 0 39
4105 0 39
4106 0 39
4107 0 39
4108 0 39
4109 0 39
4110 0 39
4111 0 39
4112 0 38
4113 0 38
4114 0 37
4115 0 39
4116 0 39
4117 0 39
4118 0 39
4119 0 39
4120 0 38
4121 0 39
4122 0 39
4123 0 38
4124 0 38
4125 0 39
4126 0 39
4127 0 39
4128 0 39
4129 0 39
4130 0 38
4131 0 39
4132 0 39
4133 0 39
4134 0 39
4135 0 38
4136 0 39
4137 0 39
4138 0 39
4139 0 39
4140 0 39
4141 0 39
4142 0 39
4143 0 39
4144 0 39
4145 0 39
4146 0 38
4147 0 38
4148 0 37
4149 0 39
4150 0 39
4151 0 39
4152 0 39
4153 0 39
4154 0 39
4155 0 39
4156 0 39
4157 0 39
4158 0 38
4159 0 38
4160 0 39
4161 0 38
4162 0 38
4163 0 38
4164 0 38
4165 0 37
4166 0 37
4167 0 39
4168 0 39
4169 0 39
4170 0 39
4171 0 39
4172 0 38
4173 0 39
4174 0 39
4175 0 38
4176 0 38
4177 0 39
4178 0 39
4179 0 39
4180 0 39
4181 0 39
4182 0 38
4183 0 39
4184 0 39
4185 0 39
4186 0 39
4187 0 38
4188 0 39
4189 0 39
4190 0 39
4191 0 39
4192 0 39
4193 0 39
4194 0 39
4195 0 39
4196 0 39
4197 0 39
4198 0 38
4199 0 38
4200 0 37
4201 0 39
4202 0 39
4203 0 38
4204 0 38
4205 0 38
4206 0 39
4207 0 39
4208 0 38
4209 0 38
4210 0 39
4211 0 39
4212 0 39
4213 0 38
4214 0 38
4215 0 38
4216 0 38
4217 0 38
4218 0 38
4219 0 39
4220 0 39
4221 0 39
4222 0 38
4223 0 38
4224 0 37
4225 0 39
4226 0 39
4227 0 38
4228 0 38
4229 0 38
4230 0 39
4231 0 39
4232 0 38
4233 0 38
4234 0 39
4235 0 39
4236 0 39
4237 0 38
4238 0 38
4239 0 38
4240 0 38
4241 0 38
4242 0 38
4243 0 39
4244 0 39
4245 0 39
4246 0 39
4247 0 39
4248 0 38
4249 0 39
4250 0 39
4251 0 38
4252 0 38
4253 0 39
4254 0 39
4255 0 39
4256 0 39
4257 0 39
4258 0 38
4259 0 39
4260 0 39
4261 0 39
4262 0 39
4263 0 39
4264 0 38
4265 0 39
4266 0 39
4267 0 38
4268 0 38
4269 0 39
4270 0 39
4271 0 39
4272 0 39
4273 0 39
4274 0 38
4275 0 39
4276 0 39
4277 0 37
4278 0 37
4279 0 38
4280 0 39
4281 0 39
4282 0 37
4283 0 37
4284 0 39
4285 0 39
4286 0 39
4287 0 39
4288 0 39
4289 0 39
4290 0 38
4291 0 38
4292 0 38
4293 0 40
4294 0 39
4295 0 40
4296 0 39
4297 0 39
4298 0 39
4299 0 39
4300 0 39
4301 0 39
4302 0 39
4303 0 39
4304 0 40
4305 0 39
4306 0 40
4307 0 39
4308 0 39
4309 0 39
4310 0 39
4311 0 39
4312 0 39
4313 0 40
4314 0 39
4315 0 40
4316 0 39
4317 0 39
4318 0 40
4319 0 39
4320 0 39
4321 0 38
4322 0 39
4323 0 39
4324 0 38
4325 0 39
4326 0 38
4327 0 38
4328 0 39
4329 0 39
4330 0 39
4331 0 39
4332 0 40
4333 0 39
4334 0 40
4335 0 39
4336 0 39
4337 0 40
4338 0 39
4339 0 39
4340 0 38
4341 0 39
4342 0 38
4343 0 38
4344 0 38
4345 0 38
4346 0 38
4347 0 38
4348 0 40
4349 0 39
4350 0 40
4351 0 39
4352 0 39
4353 0 39
4354 0 39
4355 0 39
4356 0 39
4357 0 39
4358 0 39
4359 0 40
4360 0 39
4361 0 40
4362 0 39
4363 0 39
4364 0 39
4365 0 39
4366 0 39
4367 0 39
4368 0 40
4369 0 39
4370 0 40
4371 0 39
4372 0 39
4373 0 40
4374 0 39
4375 0 39
4376 0 38
4377 0 39
4378 0 39
4379 0 38
4380 0 39
4381 0 38
4382 0 38
4383 0 39
4384 0 39
4385 0 39
4386 0 39
4387 0 40
4388 0 39
4389 0 40
4390 0 39
4391 0 39
4392 0 40
4393 0 39
4394 0 40
4395 0 39
4396 0 40
4397 0 39
4398 0 39
4399 0 39
4400 0 39
4401 0 39
4402 0 39
4403 0 40
4404 0 39
4405 0 40
4406 0 38
4407 0 38
4408 0 39
4409 0 39
4410 0 39
4411 0 39
4412 0 40
4413 0 39
4414 0 40
4415 0 39
4416 0 39
4417 0 40
4418 0 39
4419 0 40
4420 0 39
4421 0 40
4422 0 39
4423 0 39
4424 0 39
4425 0 39
4426 0 39
4427 0 39
4428 0 39
4429 0 38
4430 0 39
4431 0 39
4432 0 39
4433 0 39
4434 0 39
4435 0 39
4436 0 39
4437 0 38
4438 0 37
4439 0 39
4440 0 38
4441 0 39
4442 0 39
4443 0 39
4444 0 39
4445 0 39
4446 0 39
4447 0 38
4448 0 39
4449 0 39
4450 0 39
4451 0 39
4452 0 39
4453 0 39
4454 0 39
4455 0 38
4456 0 37
4457 0 39
4458 0 38
4459 0 39
4460 0 39
4461 0 39
4462 0 39
4463 0 39
4464 0 38
4465 0 38
4466 0 39
4467 0 38
4468 0 39
4469 0 38
4470 0 38
4471 0 39
4472 0 38
4473 0 39
4474 0 38
4475 0 39
4476 0 39
4477 0 38
4478 0 39
4479 0 37
4480 0 37
4481 0 39
4482 0 39
4483 0 39
4484 0 39
4485 0 40
4486 0 39
4487 0 40
4488 0 39
4489 0 39
4490 0 40
4491 0 39
4492 0 40
4493 0 39
4494 0 40
4495 0 39
4496 0 39
4497 0 39
4498 0 39
4499 0 39
4500 0 39
4501 0 40
4502 0 39
4503 0 40
4504 0 39
4505 0 39
4506 0 39
4507 0 39
4508 0 39
4509 0 39
4510 0 40
4511 0 39
4512 0 40
4513 0 39
4514 0 39
4515 0 40
4516 0 39
4517 0 40
4518 0 39
4519 0 40
4520 0 39
4521 0 39
4522 0 39
4523 0 39
4524 0 39
4525 0 39
4526 0 39
4527 0 38
4528 0 39
4529 0 38
4530 0 38
4531 0 39
4532 0 39
4533 0 38
4534 0 38
4535 0 38
4536 0 38
4537 0 39
4538 0 38
4539 0 39
4540 0 39
4541 0 39
4542 0 39
4543 0 39
4544 0 38
4545 0 38
4546 0 39
4547 0 38
4548 0 39
4549 0 38
4550 0 38
4551 0 39
4552 0 38
4553 0 38
4554 0 38
4555 0 39
4556 0 38
4557 0 39
4558 0 38
4559 0 38
4560 0 39
4561 0 38
4562 0 38
4563 0 37
4564 0 38
4565 0 37
4566 0 37
4567 0 37
4568 0 37
4569 0 37
4570 0 38
4571 0 40
4572 0 39
4573 0 40
4574 0 39
4575 0 39
4576 0 39
4577 0 39
4578 0 39
4579 0 39
4580 0 39
4581 0 39
4582 0 40
4583 0 39
4584 0 40
4585 0 39
4586 0 39
4587 0 39
4588 0 39
4589 0 39
4590 0 39
4591 0 40
4592 0 39
4593 0 40
4594 0 39
4595 0 39
4596 0 40
4597 0 39
4598 0 39
4599 0 38
4600 0 39
4601 0 39
4602 0 38
4603 0 39
4604 0 38
4605 0 38
4606 0 39
4607 0 39
4608 0 39
4609 0 39
4610 0 40
4611 0 39
4612 0 40
4613 0 39
4614 0 39
4615 0 40
4616 0 39
4617 0 39
4618 0 38
4619 0 39
4620 0 38
4621 0 38
4622 0 38
4623 0 38
4624 0 38
4625 0 38
4626 0 40
4627 0 39
4628 0 40
4629 0 39
4630 0 39
4631 0 39
4632 0 39
4633 0 39
4634 0 39
4635 0 39
4636 0 39
4637 0 40
4638 0 39
4639 0 40
4640 0 39
4641 0 39
4642 0 39
4643 0 39
4644 0 39
4645 0 39
4646 0 40
4647 0 39
4648 0 40
4649 0 39
4650 0 39
4651 0 40
4652 0 39
4653 0 39
4654 0 38
4655 0 39
4656 0 39
4657 0 38
4658 0 39
4659 0 38
4660 0 38
4661 0 39
4662 0 39
4663 0 39
4664 0 39
4665 0 40
4666 0 39
4667 0 40
4668 0 39
4669 0 39
4670 0 40
4671 0 39
4672 0 40
4673 0 39
4674 0 40
4675 0 39
4676 0 39
4677 0 39
4678 0 39
4679 0 39
4680 0 39
4681 0 40
4682 0 39
4683 0 40
4684 0 38
4685 0 38
4686 0 39
4687 0 39
4688 0 39
4689 0 39
4690 0 40
4691 0 39
4692 0 40
4693 0 39
4694 0 39
4695 0 40
4696 0 39
4697 0 40
4698 0 39
4699 0 40
4700 0 39
4701 0 39
4702 0 39
4703 0 39
4704 0 39
4705 0 39
4706 0 39
4707 0 38
4708 0 39
4709 0 39
4710 0 39
4711 0 39
4712 0 39
4713 0 39
4714 0 39
4715 0 38
4716 0 37
4717 0 39
4718 0 38
4719 0 39
4720 0 39
4721 0 39
4722 0 39
4723 0 39
4724 0 39
4725 0 38
4726 0 39
4727 0 39
4728 0 39
4729 0 39
4730 0 39
4731 0 39
4732 0 39
4733 0 38
4734 0 37
4735 0 39
4736 0 38
4737 0 39
4738 0 39
4739 0 39
4740 0 39
4741 0 39
4742 0 38
4743 0 38
4744 0 39
4745 0 38
4746 0 39
4747 0 38
4748 0 38
4749 0 39
4750 0 38
4751 0 39
4752 0 38
4753 0 39
4754 0 39
4755 0 38
4756 0 39
4757 0 37
4758 0 37
4759 0 39
4760 0 39
4761 0 39
4762 0 39
4763 0 39
4764 0 39
4765 0 39
4766 0 39
4767 0 39
4768 0 39
4769 0 39
4770 0 39
4771 0 38
4772 0 39
4773 0 38
4774 0 38
4775 0 38
4776 0 38
4777 0 38
4778 0 38
4779 0 39
4780 0 38
4781 0 39
4782 0 38
4783 0 38
4784 0 38
4785 0 38
4786 0 39
4787 0 39
4788 0 39
4789 0 39
4790 0 39
4791 0 39
4792 0 39
4793 0 39
4794 0 39
4795 0 39
4796 0 38
4797 0 39
4798 0 38
4799 0 38
4800 0 38
4801 0 38
4802 0 38
4803 0 38
4804 0 39
4805 0 38
4806 0 39
4807 0 39
4808 0 39
4809 0 38
4810 0 38
4811 0 39
4812 0 39
4813 0 38
4814 0 37
4815 0 39
4816 0 38
4817 0 39
4818 0 39
4819 0 39
4820 0 38
4821 0 38
4822 0 38
4823 0 38
4824 0 38
4825 0 37
4826 0 39
4827 0 38
4828 0 38
4829 0 38
4830 0 37
4831 0 38
4832 0 38
4833 0 38
4834 0 37
4835 0 39
4836 0 38
4837 0 38
4838 0 38
4839 0 37
4840 0 38
4841 0 37
4842 0 38
4843 0 38
4844 0 38
4845 0 38
4846 0 38
4847 0 38
4848 0 38
4849 0 39
4850 0 38
4851 0 39
4852 0 39
4853 0 39
4854 0 38
4855 0 38
4856 0 39
4857 0 39
4858 0 38
4859 0 37
4860 0 39
4861 0 38
4862 0 39
4863 0 39
4864 0 39
4865 0 38
4866 0 38
4867 0 38
4868 0 38
4869 0 38
4870 0 38
4871 0 38
4872 0 38
4873 0 38
4874 0 38
4875 0 38
4876 0 38
4877 0 37
4878 0 38
4879 0 38
4880 0 37
4881 0 38
4882 0 37
4883 0 37
4884 0 38
4885 0 38
4886 0 39
4887 0 39
4888 0 39
4889 0 39
4890 0 39
4891 0 39
4892 0 39
4893 0 39
4894 0 39
4895 0 39
4896 0 38
4897 0 39
4898 0 38
4899 0 38
4900 0 38
4901 0 38
4902 0 38
4903 0 38
4904 0 39
4905 0 38
4906 0 39
4907 0 38
4908 0 38
4909 0 38
4910 0 38
4911 0 39
4912 0 39
4913 0 39
4914 0 39
4915 0 39
4916 0 39
4917 0 39
4918 0 39
4919 0 39
4920 0 39
4921 0 38
4922 0 39
4923 0 38
4924 0 38
4925 0 38
4926 0 38
4927 0 38
4928 0 38
4929 0 39
4930 0 38
4931 0 39
4932 0 39
4933 0 39
4934 0 39
4935 0 39
4936 0 39
4937 0 39
4938 0 38
4939 0 37
4940 0 39
4941 0 38
4942 0 39
4943 0 39
4944 0 39
4945 0 39
4946 0 39
4947 0 38
4948 0 38
4949 0 38
4950 0 37
4951 0 39
4952 0 38
4953 0 38
4954 0 38
4955 0 37
4956 0 38
4957 0 38
4958 0 38
4959 0 37
4960 0 39
4961 0 38
4962 0 38
4963 0 38
4964 0 37
4965 0 38
4966 0 37
4967 0 38
4968 0 38
4969 0 38
4970 0 38
4971 0 38
4972 0 38
4973 0 38
4974 0 39
4975 0 39
4976 0 39
4977 0 39
4978 0 39
4979 0 38
4980 0 38
4981 0 39
4982 0 39
4983 0 38
4984 0 38
4985 0 39
4986 0 39
4987 0 39
4988 0 39
4989 0 39
4990 0 38
4991 0 38
4992 0 39
4993 0 39
4994 0 39
4995 0 39
4996 0 39
4997 0 39
4998 0 39
4999 0 39
5000 0 39
5001 0 38
5002 0 37
5003 0 38
5004 0 38
5005 0 37
5006 0 38
5007 0 38
5008 0 38
5009 0 38
5010 0 38
5011 0 39
5012 0 39
5013 0 39
5014 0 39
5015 0 39
5016 0 39
5017 0 39
5018 0 39
5019 0 39
5020 0 38
5021 0 38
5022 0 38
5023 0 38
5024 0 38
5025 0 38
5026 0 38
5027 0 37
5028 0 38
5029 0 39
5030 0 39
5031 0 39
5032 0 39
5033 0 39
5034 0 38
5035 0 38
5036 0 39
5037 0 39
5038 0 38
5039 0 38
5040 0 39
5041 0 39
5042 0 39
5043 0 39
5044 0 39
5045 0 38
5046 0 38
5047 0 39
5048 0 39
5049 0 39
5050 0 39
5051 0 39
5052 0 39
5053 0 39
5054 0 39
5055 0 39
5056 0 38
5057 0 37
5058 0 38
5059 0 38
5060 0 37
5061 0 38
5062 0 38
5063 0 38
5064 0 38
5065 0 38
5066 0 39
5067 0 39
5068 0 39
5069 0 39
5070 0 39
5071 0 38
5072 0 38
5073 0 39
5074 0 39
5075 0 38
5076 0 38
5077 0 39
5078 0 39
5079 0 39
5080 0 39
5081 0 39
5082 0 38
5083 0 38
5084 0 39
5085 0 39
5086 0 39
5087 0 39
5088 0 39
5089 0 39
5090 0 39
5091 0 39
5092 0 39
5093 0 38
5094 0 37
5095 0 38
5096 0 38
5097 0 37
5098 0 38
5099 0 38
5100 0 38
5101 0 38
5102 0 38
5103 0 39
5104 0 39
5105 0 39
5106 0 39
5107 0 39
5108 0 39
5109 0 39
5110 0 39
5111 0 39
5112 0 38
5113 0 38
5114 0 38
5115 0 38
5116 0 38
5117 0 38
5118 0 38
5119 0 37
5120 0 38
5121 0 39
5122 0 39
5123 0 39
5124 0 39
5125 0 39
5126 0 38
5127 0 38
5128 0 39
5129 0 39
5130 0 38
5131 0 38
5132 0 39
5133 0 39
5134 0 39
5135 0 39
5136 0 39
5137 0 38
5138 0 38
5139 0 39
5140 0 39
5141 0 39
5142 0 39
5143 0 39
5144 0 39
5145 0 39
5146 0 39
5147 0 39
5148 0 38
5149 0 37
5150 0 38
5151 0 38
5152 0 37
5153 0 38
5154 0 38
5155 0 38
5156 0 38
5157 0 38
5158 0 39
5159 0 39
5160 0 38
5161 0 38
5162 0 38
5163 0 39
5164 0 39
5165 0 38
5166 0 38
5167 0 38
5168 0 37
5169 0 38
5170 0 37
5171 0 37
5172 0 37
5173 0 37
5174 0 37
5175 0 38
5176 0 38
5177 0 37
5178 0 38
5179 0 38
5180 0 38
5181 0 37
5182 0 37
5183 0 39
5184 0 39
5185 0 38
5186 0 38
5187 0 38
5188 0 39
5189 0 39
5190 0 38
5191 0 38
5192 0 38
5193 0 37
5194 0 38
5195 0 37
5196 0 37
5197 0 37
5198 0 37
5199 0 37
5200 0 38
5201 0 39
5202 0 38
5203 0 39
5204 0 39
5205 0 39
5206 0 37
5207 0 37
5208 0 39
5209 0 39
5210 0 38
5211 0 38
5212 0 39
5213 0 38
5214 0 39
5215 0 39
5216 0 39
5217 0 37
5218 0 37
5219 0 39
5220 0 38
5221 0 39
5222 0 39
5223 0 39
5224 0 37
5225 0 37
5226 0 39
5227 0 39
5228 0 38
5229 0 38
5230 0 39
5231 0 38
5232 0 39
5233 0 39
5234 0 39
5235 0 37
5236 0 37
5237 0 38
5238 0 38
5239 0 37
5240 0 38
5241 0 37
5242 0 38
5243 0 38
5244 0 37
5245 0 38
5246 0 38
5247 0 38
5248 0 38
5249 0 38
5250 0 38
5251 0 38
5252 0 38
5253 0 38
5254 0 38
5255 0 38
5256 0 40
5257 0 40
5258 0 40
5259 0 39
5260 0 40
5261 0 40
5262 0 40
5263 0 39
5264 0 40
5265 0 39
5266 0 39
5267 0 39
5268 0 39
5269 0 40
5270 0 39
5271 0 40
5272 0 39
5273 0 39
5274 0 39
5275 0 39
5276 0 39
5277 0 40
5278 0 40
5279 0 40
5280 0 39
5281 0 40
5282 0 40
5283 0 40
5284 0 39
5285 0 40
5286 0 39
5287 0 39
5288 0 39
5289 0 39
5290 0 40
5291 0 39
5292 0 40
5293 0 39
5294 0 40
5295 0 39
5296 0 39
5297 0 39
5298 0 40
5299 0 39
5300 0 40
5301 0 39
5302 0 40
5303 0 39
5304 0 40
5305 0 39
5306 0 39
5307 0 39
5308 0 39
5309 0 39
5310 0 39
5311 0 38
5312 0 39
5313 0 39
5314 0 39
5315 0 39
5316 0 39
5317 0 38
5318 0 39
5319 0 39
5320 0 39
5321 0 38
5322 0 39
5323 0 38
5324 0 39
5325 0 39
5326 0 39
5327 0 40
5328 0 39
5329 0 40
5330 0 39
5331 0 40
5332 0 39
5333 0 39
5334 0 39
5335 0 40
5336 0 39
5337 0 40
5338 0 39
5339 0 40
5340 0 39
5341 0 40
5342 0 39
5343 0 39
5344 0 39
5345 0 39
5346 0 39
5347 0 39
5348 0 38
5349 0 39
5350 0 39
5351 0 39
5352 0 38
5353 0 39
5354 0 38
5355 0 39
5356 0 38
5357 0 39
5358 0 38
5359 0 38
5360 0 39
5361 0 39
5362 0 38
5363 0 40
5364 0 40
5365 0 40
5366 0 39
5367 0 40
5368 0 40
5369 0 40
5370 0 39
5371 0 40
5372 0 39
5373 0 39
5374 0 39
5375 0 39
5376 0 40
5377 0 39
5378 0 40
5379 0 39
5380 0 39
5381 0 39
5382 0 39
5383 0 39
5384 0 40
5385 0 40
5386 0 40
5387 0 39
5388 0 40
5389 0 40
5390 0 40
5391 0 39
5392 0 40
5393 0 39
5394 0 39
5395 0 39
5396 0 39
5397 0 40
5398 0 39
5399 0 40
5400 0 39
5401 0 40
5402 0 39
5403 0 39
5404 0 39
5405 0 40
5406 0 39
5407 0 40
5408 0 39
5409 0 40
5410 0 39
5411 0 40
5412 0 39
5413 0 39
5414 0 39
5415 0 39
5416 0 39
5417 0 39
5418 0 38
5419 0 39
5420 0 39
5421 0 39
5422 0 39
5423 0 39
5424 0 38
5425 0 39
5426 0 39
5427 0 39
5428 0 38
5429 0 39
5430 0 38
5431 0 39
5432 0 39
5433 0 39
5434 0 40
5435 0 39
5436 0 40
5437 0 39
5438 0 40
5439 0 39
5440 0 39
5441 0 39
5442 0 40
5443 0 39
5444 0 40
5445 0 39
5446 0 40
5447 0 39
5448 0 40
5449 0 39
5450 0 39
5451 0 39
5452 0 40
5453 0 40
5454 0 40
5455 0 39
5456 0 40
5457 0 40
5458 0 39
5459 0 39
5460 0 39
5461 0 39
5462 0 39
5463 0 39
5464 0 39
5465 0 39
5466 0 39
5467 0 39
5468 0 39
5469 0 39
5470 0 40
5471 0 40
5472 0 40
5473 0 39
5474 0 40
5475 0 40
5476 0 39
5477 0 38
5478 0 39
5479 0 38
5480 0 39
5481 0 39
5482 0 38
5483 0 40
5484 0 39
5485 0 40
5486 0 39
5487 0 40
5488 0 39
5489 0 39
5490 0 39
5491 0 40
5492 0 39
5493 0 40
5494 0 39
5495 0 40
5496 0 39
5497 0 40
5498 0 39
5499 0 39
5500 0 39
5501 0 40
5502 0 40
5503 0 40
5504 0 39
5505 0 40
5506 0 40
5507 0 39
5508 0 39
5509 0 39
5510 0 39
5511 0 39
5512 0 39
5513 0 39
5514 0 39
5515 0 39
5516 0 39
5517 0 39
5518 0 39
5519 0 39
5520 0 39
5521 0 39
5522 0 38
5523 0 39
5524 0 39
5525 0 39
5526 0 39
5527 0 39
5528 0 39
5529 0 39
5530 0 39
5531 0 38
5532 0 39
5533 0 39
5534 0 39
5535 0 39
5536 0 38
5537 0 38
5538 0 38
5539 0 37
5540 0 39
5541 0 39
5542 0 39
5543 0 38
5544 0 39
5545 0 39
5546 0 39
5547 0 39
5548 0 39
5549 0 39
5550 0 39
5551 0 39
5552 0 38
5553 0 39
5554 0 39
5555 0 39
5556 0 38
5557 0 39
5558 0 39
5559 0 39
5560 0 39
5561 0 39
5562 0 39
5563 0 39
5564 0 39
5565 0 38
5566 0 39
5567 0 39
5568 0 39
5569 0 39
5570 0 38
5571 0 38
5572 0 38
5573 0 37
5574 0 39
5575 0 39
5576 0 39
5577 0 38
5578 0 39
5579 0 39
5580 0 39
5581 0 39
5582 0 39
5583 0 39
5584 0 39
5585 0 39
5586 0 38
5587 0 39
5588 0 38
5589 0 39
5590 0 38
5591 0 39
5592 0 38
5593 0 38
5594 0 38
5595 0 39
5596 0 38
5597 0 39
5598 0 38
5599 0 39
5600 0 38
5601 0 39
5602 0 38
5603 0 38
5604 0 38
5605 0 39
5606 0 39
5607 0 39
5608 0 38
5609 0 39
5610 0 39
5611 0 39
5612 0 39
5613 0 39
5614 0 38
5615 0 39
5616 0 39
5617 0 39
5618 0 37
5619 0 39
5620 0 37
5621 0 39
5622 0 39
5623 0 38
5624 0 40
5625 0 39
5626 0 40
5627 0 39
5628 0 40
5629 0 39
5630 0 39
5631 0 39
5632 0 40
5633 0 39
5634 0 40
5635 0 39
5636 0 40
5637 0 39
5638 0 40
5639 0 39
5640 0 39
5641 0 39
5642 0 40
5643 0 40
5644 0 40
5645 0 39
5646 0 40
5647 0 40
5648 0 39
5649 0 39
5650 0 39
5651 0 39
5652 0 39
5653 0 39
5654 0 39
5655 0 39
5656 0 39
5657 0 39
5658 0 39
5659 0 39
5660 0 40
5661 0 40
5662 0 40
5663 0 39
5664 0 40
5665 0 40
5666 0 39
5667 0 39
5668 0 39
5669 0 39
5670 0 39
5671 0 39
5672 0 38
5673 0 40
5674 0 39
5675 0 40
5676 0 39
5677 0 40
5678 0 39
5679 0 39
5680 0 39
5681 0 40
5682 0 39
5683 0 40
5684 0 39
5685 0 40
5686 0 39
5687 0 40
5688 0 39
5689 0 39
5690 0 39
5691 0 40
5692 0 40
5693 0 40
5694 0 39
5695 0 40
5696 0 40
5697 0 39
5698 0 39
5699 0 39
5700 0 39
5701 0 39
5702 0 39
5703 0 39
5704 0 39
5705 0 39
5706 0 39
5707 0 39
5708 0 39
5709 0 39
5710 0 39
5711 0 39
5712 0 38
5713 0 39
5714 0 39
5715 0 39
5716 0 38
5717 0 39
5718 0 38
5719 0 39
5720 0 39
5721 0 38
5722 0 39
5723 0 38
5724 0 39
5725 0 38
5726 0 38
5727 0 38
5728 0 38
5729 0 38
5730 0 39
5731 0 39
5732 0 39
5733 0 38
5734 0 39
5735 0 39
5736 0 39
5737 0 39
5738 0 39
5739 0 39
5740 0 39
5741 0 39
5742 0 38
5743 0 39
5744 0 38
5745 0 39
5746 0 38
5747 0 39
5748 0 38
5749 0 38
5750 0 38
5751 0 39
5752 0 38
5753 0 39
5754 0 38
5755 0 39
5756 0 38
5757 0 39
5758 0 38
5759 0 38
5760 0 38
5761 0 39
5762 0 38
5763 0 39
5764 0 38
5765 0 39
5766 0 38
5767 0 38
5768 0 38
5769 0 39
5770 0 38
5771 0 39
5772 0 38
5773 0 39
5774 0 38
5775 0 39
5776 0 38
5777 0 38
5778 0 38
5779 0 38
5780 0 38
5781 0 38
5782 0 37
5783 0 38
5784 0 38
5785 0 39
5786 0 37
5787 0 39
5788 0 37
5789 0 39
5790 0 37
5791 0 39
5792 0 37
5793 0 37
5794 0 38
5795 0 38
5796 0 38
5797 0 40
5798 0 40
5799 0 40
5800 0 39
5801 0 40
5802 0 40
5803 0 40
5804 0 39
5805 0 40
5806 0 39
5807 0 39
5808 0 39
5809 0 39
5810 0 40
5811 0 39
5812 0 40
5813 0 39
5814 0 39
5815 0 39
5816 0 39
5817 0 39
5818 0 40
5819 0 40
5820 0 40
5821 0 39
5822 0 40
5823 0 40
5824 0 40
5825 0 39
5826 0 40
5827 0 39
5828 0 39
5829 0 39
5830 0 39
5831 0 40
5832 0 39
5833 0 40
5834 0 39
5835 0 40
5836 0 39
5837 0 39
5838 0 39
5839 0 40
5840 0 39
5841 0 40
5842 0 39
5843 0 40
5844 0 39
5845 0 40
5846 0 39
5847 0 39
5848 0 39
5849 0 39
5850 0 39
5851 0 39
5852 0 38
5853 0 39
5854 0 39
5855 0 39
5856 0 39
5857 0 39
5858 0 38
5859 0 39
5860 0 39
5861 0 39
5862 0 38
5863 0 39
5864 0 38
5865 0 39
5866 0 39
5867 0 39
5868 0 40
5869 0 39
5870 0 40
5871 0 39
5872 0 40
5873 0 39
5874 0 39
5875 0 39
5876 0 40
5877 0 39
5878 0 40
5879 0 39
5880 0 40
5881 0 39
5882 0 40
5883 0 39
5884 0 39
5885 0 39
5886 0 39
5887 0 39
5888 0 39
5889 0 38
5890 0 39
5891 0 39
5892 0 39
5893 0 38
5894 0 39
5895 0 38
5896 0 39
5897 0 38
5898 0 39
5899 0 38
5900 0 38
5901 0 39
5902 0 39
5903 0 38
5904 0 40
5905 0 40
5906 0 40
5907 0 39
5908 0 40
5909 0 40
5910 0 40
5911 0 39
5912 0 40
5913 0 39
5914 0 39
5915 0 39
5916 0 39
5917 0 40
5918 0 39
5919 0 40
5920 0 39
5921 0 39
5922 0 39
5923 0 39
5924 0 39
5925 0 40
5926 0 40
5927 0 40
5928 0 39
5929 0 40
5930 0 40
5931 0 40
5932 0 39
5933 0 40
5934 0 39
5935 0 39
5936 0 39
5937 0 39
5938 0 40
5939 0 39
5940 0 40
5941 0 39
5942 0 40
5943 0 39
5944 0 39
5945 0 39
5946 0 40
5947 0 39
5948 0 40
5949 0 39
5950 0 40
5951 0 39
5952 0 40
5953 0 39
5954 0 39
5955 0 39
5956 0 39
5957 0 39
5958 0 39
5959 0 38
5960 0 39
5961 0 39
5962 0 39
5963 0 39
5964 0 39
5965 0 38
5966 0 39
5967 0 39
5968 0 39
5969 0 38
5970 0 39
5971 0 38
5972 0 39
5973 0 39
5974 0 39
5975 0 40
5976 0 39
5977 0 40
5978 0 39
5979 0 40
5980 0 39
5981 0 39
5982 0 39
5983 0 40
5984 0 39
5985 0 40
5986 0 39
5987 0 40
5988 0 39
5989 0 40
5990 0 39
5991 0 39
5992 0 39
5993 0 40
5994 0 40
5995 0 40
5996 0 39
5997 0 40
5998 0 40
5999 0 39
6000 0 39
6001 0 39
6002 0 39
6003 0 39
6004 0 39
6005 0 39
6006 0 39
6007 0 39
6008 0 39
6009 0 39
6010 0 39
6011 0 40
6012 0 40
6013 0 40
6014 0 39
6015 0 40
6016 0 40
6017 0 39
6018 0 38
6019 0 39
6020 0 38
6021 0 39
6022 0 39
6023 0 38
6024 0 40
6025 0 39
6026 0 40
6027 0 39
6028 0 40
6029 0 39
6030 0 39
6031 0 39
6032 0 40
6033 0 39
6034 0 40
6035 0 39
6036 0 40
6037 0 39
6038 0 40
6039 0 39
6040 0 39
6041 0 39
6042 0 40
6043 0 40
6044 0 40
6045 0 39
6046 0 40
6047 0 40
6048 0 39
6049 0 39
6050 0 39
6051 0 39
6052 0 39
6053 0 39
6054 0 39
6055 0 39
6056 0 39
6057 0 39
6058 0 39
6059 0 39
6060 0 39
6061 0 39
6062 0 39
6063 0 38
6064 0 39
6065 0 39
6066 0 39
6067 0 39
6068 0 39
6069 0 39
6070 0 39
6071 0 39
6072 0 38
6073 0 39
6074 0 39
6075 0 39
6076 0 39
6077 0 38
6078 0 38
6079 0 38
6080 0 37
6081 0 39
6082 0 39
6083 0 39
6084 0 38
6085 0 39
6086 0 39
6087 0 39
6088 0 39
6089 0 39
6090 0 39
6091 0 39
6092 0 39
6093 0 38
6094 0 39
6095 0 39
6096 0 39
6097 0 38
6098 0 39
6099 0 39
6100 0 39
6101 0 39
6102 0 39
6103 0 39
6104 0 39
6105 0 39
6106 0 38
6107 0 39
6108 0 39
6109 0 39
6110 0 39
6111 0 38
6112 0 38
6113 0 38
6114 0 37
6115 0 39
6116 0 39
6117 0 39
6118 0 38
6119 0 39
6120 0 39
6121 0 39
6122 0 39
6123 0 39
6124 0 39
6125 0 39
6126 0 39
6127 0 38
6128 0 39
6129 0 38
6130 0 39
6131 0 38
6132 0 39
6133 0 38
6134 0 38
6135 0 38
6136 0 39
6137 0 38
6138 0 39
6139 0 38
6140 0 39
6141 0 38
6142 0 39
6143 0 38
6144 0 38
6145 0 38
6146 0 39
6147 0 39
6148 0 39
6149 0 38
6150 0 39
6151 0 39
6152 0 39
6153 0 39
6154 0 39
6155 0 38
6156 0 39
6157 0 39
6158 0 39
6159 0 37
6160 0 39
6161 0 37
6162 0 39
6163 0 39
6164 0 38
6165 0 40
6166 0 39
6167 0 40
6168 0 39
6169 0 39
6170 0 39
6171 0 39
6172 0 39
6173 0 39
6174 0 39
6175 0 40
6176 0 39
6177 0 40
6178 0 39
6179 0 39
6180 0 39
6181 0 39
6182 0 39
6183 0 39
6184 0 40
6185 0 40
6186 0 38
6187 0 39
6188 0 40
6189 0 39
6190 0 38
6191 0 39
6192 0 38
6193 0 39
6194 0 38
6195 0 39
6196 0 38
6197 0 38
6198 0 39
6199 0 39
6200 0 38
6201 0 39
6202 0 40
6203 0 40
6204 0 38
6205 0 39
6206 0 40
6207 0 39
6208 0 38
6209 0 39
6210 0 38
6211 0 38
6212 0 38
6213 0 38
6214 0 40
6215 0 39
6216 0 40
6217 0 39
6218 0 39
6219 0 39
6220 0 39
6221 0 39
6222 0 39
6223 0 39
6224 0 40
6225 0 39
6226 0 40
6227 0 39
6228 0 39
6229 0 39
6230 0 39
6231 0 39
6232 0 39
6233 0 40
6234 0 40
6235 0 38
6236 0 39
6237 0 40
6238 0 39
6239 0 38
6240 0 39
6241 0 38
6242 0 39
6243 0 38
6244 0 39
6245 0 38
6246 0 38
6247 0 39
6248 0 39
6249 0 38
6250 0 39
6251 0 40
6252 0 40
6253 0 38
6254 0 39
6255 0 40
6256 0 40
6257 0 39
6258 0 40
6259 0 39
6260 0 38
6261 0 38
6262 0 39
6263 0 40
6264 0 39
6265 0 40
6266 0 39
6267 0 38
6268 0 39
6269 0 39
6270 0 37
6271 0 39
6272 0 40
6273 0 40
6274 0 38
6275 0 39
6276 0 40
6277 0 40
6278 0 39
6279 0 40
6280 0 39
6281 0 38
6282 0 38
6283 0 39
6284 0 39
6285 0 38
6286 0 39
6287 0 38
6288 0 38
6289 0 39
6290 0 39
6291 0 37
6292 0 39
6293 0 39
6294 0 39
6295 0 38
6296 0 39
6297 0 38
6298 0 38
6299 0 39
6300 0 39
6301 0 37
6302 0 39
6303 0 38
6304 0 39
6305 0 38
6306 0 38
6307 0 39
6308 0 39
6309 0 37
6310 0 39
6311 0 39
6312 0 39
6313 0 38
6314 0 39
6315 0 38
6316 0 38
6317 0 39
6318 0 39
6319 0 37
6320 0 38
6321 0 39
6322 0 39
6323 0 37
6324 0 38
6325 0 39
6326 0 39
6327 0 38
6328 0 39
6329 0 38
6330 0 39
6331 0 38
6332 0 39
6333 0 38
6334 0 38
6335 0 39
6336 0 39
6337 0 38
6338 0 39
6339 0 40
6340 0 40
6341 0 38
6342 0 39
6343 0 40
6344 0 40
6345 0 39
6346 0 40
6347 0 39
6348 0 38
6349 0 38
6350 0 39
6351 0 40
6352 0 39
6353 0 40
6354 0 39
6355 0 38
6356 0 39
6357 0 39
6358 0 37
6359 0 39
6360 0 40
6361 0 40
6362 0 38
6363 0 39
6364 0 40
6365 0 40
6366 0 39
6367 0 40
6368 0 39
6369 0 38
6370 0 38
6371 0 39
6372 0 39
6373 0 38
6374 0 39
6375 0 38
6376 0 38
6377 0 38
6378 0 38
6379 0 38
6380 0 38
6381 0 38
6382 0 39
6383 0 38
6384 0 39
6385 0 38
6386 0 38
6387 0 38
6388 0 38
6389 0 38
6390 0 38
6391 0 39
6392 0 39
6393 0 37
6394 0 38
6395 0 39
6396 0 38
6397 0 39
6398 0 39
6399 0 37
6400 0 38
6401 0 39
6402 0 38
6403 0 37
6404 0 38
6405 0 37
6406 0 38
6407 0 38
6408 0 37
6409 0 40
6410 0 39
6411 0 40
6412 0 39
6413 0 39
6414 0 39
6415 0 39
6416 0 39
6417 0 39
6418 0 39
6419 0 40
6420 0 39
6421 0 40
6422 0 39
6423 0 39
6424 0 39
6425 0 39
6426 0 39
6427 0 39
6428 0 40
6429 0 40
6430 0 38
6431 0 39
6432 0 40
6433 0 39
6434 0 38
6435 0 39
6436 0 38
6437 0 39
6438 0 38
6439 0 39
6440 0 38
6441 0 38
6442 0 39
6443 0 39
6444 0 38
6445 0 39
6446 0 40
6447 0 40
6448 0 38
6449 0 39
6450 0 40
6451 0 39
6452 0 38
6453 0 39
6454 0 38
6455 0 38
6456 0 38
6457 0 38
6458 0 40
6459 0 39
6460 0 40
6461 0 39
6462 0 39
6463 0 39
6464 0 39
6465 0 39
6466 0 39
6467 0 39
6468 0 40
6469 0 39
6470 0 40
6471 0 39
6472 0 39
6473 0 39
6474 0 39
6475 0 39
6476 0 39
6477 0 40
6478 0 40
6479 0 38
6480 0 39
6481 0 40
6482 0 39
6483 0 38
6484 0 39
6485 0 38
6486 0 39
6487 0 38
6488 0 39
6489 0 38
6490 0 38
6491 0 39
6492 0 39
6493 0 38
6494 0 39
6495 0 40
6496 0 40
6497 0 38
6498 0 39
6499 0 40
6500 0 40
6501 0 39
6502 0 40
6503 0 39
6504 0 39
6505 0 39
6506 0 39
6507 0 40
6508 0 39
6509 0 40
6510 0 39
6511 0 38
6512 0 39
6513 0 39
6514 0 37
6515 0 39
6516 0 40
6517 0 40
6518 0 38
6519 0 39
6520 0 40
6521 0 40
6522 0 39
6523 0 40
6524 0 39
6525 0 39
6526 0 39
6527 0 39
6528 0 39
6529 0 38
6530 0 39
6531 0 38
6532 0 38
6533 0 39
6534 0 39
6535 0 37
6536 0 39
6537 0 39
6538 0 39
6539 0 38
6540 0 39
6541 0 38
6542 0 38
6543 0 39
6544 0 39
6545 0 37
6546 0 39
6547 0 38
6548 0 39
6549 0 38
6550 0 38
6551 0 39
6552 0 39
6553 0 37
6554 0 39
6555 0 39
6556 0 39
6557 0 38
6558 0 39
6559 0 38
6560 0 38
6561 0 39
6562 0 39
6563 0 37
6564 0 38
6565 0 39
6566 0 39
6567 0 37
6568 0 38
6569 0 39
6570 0 39
6571 0 38
6572 0 39
6573 0 38
6574 0 39
6575 0 38
6576 0 39
6577 0 38
6578 0 38
6579 0 39
6580 0 39
6581 0 38
6582 0 39
6583 0 39
6584 0 39
6585 0 39
6586 0 39
6587 0 39
6588 0 39
6589 0 39
6590 0 39
6591 0 39
6592 0 38
6593 0 38
6594 0 38
6595 0 39
6596 0 39
6597 0 39
6598 0 39
6599 0 38
6600 0 38
6601 0 38
6602 0 38
6603 0 39
6604 0 39
6605 0 39
6606 0 39
6607 0 39
6608 0 39
6609 0 39
6610 0 39
6611 0 39
6612 0 39
6613 0 38
6614 0 38
6615 0 38
6616 0 39
6617 0 39
6618 0 39
6619 0 39
6620 0 39
6621 0 39
6622 0 39
6623 0 39
6624 0 39
6625 0 38
6626 0 39
6627 0 39
6628 0 39
6629 0 39
6630 0 39
6631 0 39
6632 0 39
6633 0 39
6634 0 38
6635 0 39
6636 0 39
6637 0 37
6638 0 38
6639 0 39
6640 0 38
6641 0 39
6642 0 39
6643 0 37
6644 0 38
6645 0 39
6646 0 38
6647 0 38
6648 0 38
6649 0 38
6650 0 38
6651 0 38
6652 0 37
6653 0 39
6654 0 39
6655 0 39
6656 0 39
6657 0 39
6658 0 39
6659 0 39
6660 0 39
6661 0 39
6662 0 39
6663 0 39
6664 0 39
6665 0 39
6666 0 39
6667 0 39
6668 0 39
6669 0 39
6670 0 39
6671 0 38
6672 0 38
6673 0 38
6674 0 38
6675 0 38
6676 0 39
6677 0 38
6678 0 38
6679 0 38
6680 0 38
6681 0 38
6682 0 38
6683 0 38
6684 0 38
6685 0 37
6686 0 37
6687 0 37
6688 0 38
6689 0 39
6690 0 39
6691 0 39
6692 0 39
6693 0 39
6694 0 39
6695 0 39
6696 0 39
6697 0 39
6698 0 39
6699 0 38
6700 0 38
6701 0 38
6702 0 39
6703 0 39
6704 0 39
6705 0 39
6706 0 38
6707 0 38
6708 0 38
6709 0 38
6710 0 39
6711 0 39
6712 0 39
6713 0 39
6714 0 39
6715 0 39
6716 0 39
6717 0 39
6718 0 39
6719 0 39
6720 0 38
6721 0 38
6722 0 38
6723 0 39
6724 0 39
6725 0 39
6726 0 39
6727 0 39
6728 0 39
6729 0 39
6730 0 39
6731 0 39
6732 0 38
6733 0 39
6734 0 39
6735 0 39
6736 0 39
6737 0 39
6738 0 39
6739 0 39
6740 0 39
6741 0 38
6742 0 39
6743 0 39
6744 0 37
6745 0 38
6746 0 39
6747 0 38
6748 0 39
6749 0 39
6750 0 37
6751 0 38
6752 0 39
6753 0 38
6754 0 38
6755 0 38
6756 0 38
6757 0 38
6758 0 38
6759 0 37
6760 0 39
6761 0 39
6762 0 39
6763 0 39
6764 0 39
6765 0 39
6766 0 39
6767 0 39
6768 0 39
6769 0 39
6770 0 38
6771 0 38
6772 0 38
6773 0 39
6774 0 39
6775 0 39
6776 0 39
6777 0 38
6778 0 38
6779 0 38
6780 0 38
6781 0 39
6782 0 39
6783 0 39
6784 0 39
6785 0 39
6786 0 39
6787 0 39
6788 0 39
6789 0 39
6790 0 39
6791 0 38
6792 0 38
6793 0 38
6794 0 39
6795 0 39
6796 0 39
6797 0 39
6798 0 39
6799 0 39
6800 0 39
6801 0 39
6802 0 39
6803 0 38
6804 0 39
6805 0 39
6806 0 39
6807 0 39
6808 0 39
6809 0 39
6810 0 39
6811 0 39
6812 0 38
6813 0 39
6814 0 39
6815 0 37
6816 0 38
6817 0 39
6818 0 38
6819 0 39
6820 0 39
6821 0 37
6822 0 38
6823 0 39
6824 0 38
6825 0 38
6826 0 38
6827 0 38
6828 0 38
6829 0 38
6830 0 37
6831 0 39
6832 0 39
6833 0 39
6834 0 39
6835 0 39
6836 0 39
6837 0 39
6838 0 39
6839 0 39
6840 0 39
6841 0 39
6842 0 39
6843 0 39
6844 0 39
6845 0 39
6846 0 39
6847 0 39
6848 0 39
6849 0 38
6850 0 38
6851 0 38
6852 0 38
6853 0 38
6854 0 39
6855 0 38
6856 0 38
6857 0 38
6858 0 38
6859 0 38
6860 0 38
6861 0 38
6862 0 38
6863 0 37
6864 0 37
6865 0 37
6866 0 38
6867 0 39
6868 0 39
6869 0 39
6870 0 39
6871 0 39
6872 0 39
6873 0 39
6874 0 39
6875 0 39
6876 0 39
6877 0 38
6878 0 38
6879 0 38
6880 0 39
6881 0 39
6882 0 39
6883 0 39
6884 0 38
6885 0 38
6886 0 38
6887 0 38
6888 0 39
6889 0 39
6890 0 39
6891 0 39
6892 0 39
6893 0 39
6894 0 39
6895 0 39
6896 0 39
6897 0 39
6898 0 38
6899 0 38
6900 0 38
6901 0 39
6902 0 39
6903 0 39
6904 0 39
6905 0 39
6906 0 39
6907 0 39
6908 0 39
6909 0 39
6910 0 38
6911 0 39
6912 0 39
6913 0 39
6914 0 39
6915 0 39
6916 0 39
6917 0 39
6918 0 39
6919 0 38
6920 0 39
6921 0 39
6922 0 37
6923 0 38
6924 0 39
6925 0 38
6926 0 39
6927 0 39
6928 0 37
6929 0 38
6930 0 39
6931 0 38
6932 0 38
6933 0 38
6934 0 38
6935 0 38
6936 0 38
6937 0 37
6938 0 39
6939 0 39
6940 0 39
6941 0 39
6942 0 38
6943 0 38
6944 0 38
6945 0 38
6946 0 38
6947 0 38
6948 0 39
6949 0 39
6950 0 39
6951 0 39
6952 0 38
6953 0 38
6954 0 38
6955 0 38
6956 0 38
6957 0 39
6958 0 39
6959 0 37
6960 0 38
6961 0 39
6962 0 38
6963 0 37
6964 0 38
6965 0 37
6966 0 38
6967 0 37
6968 0 38
6969 0 37
6970 0 37
6971 0 38
6972 0 38
6973 0 38
6974 0 38
6975 0 39
6976 0 39
6977 0 37
6978 0 38
6979 0 39
6980 0 38
6981 0 38
6982 0 38
6983 0 38
6984 0 37
6985 0 37
6986 0 37
6987 0 39
6988 0 39
6989 0 39
6990 0 39
6991 0 38
6992 0 38
6993 0 38
6994 0 38
6995 0 38
6996 0 38
6997 0 39
6998 0 39
6999 0 39
7000 0 39
7001 0 38
7002 0 38
7003 0 38
7004 0 38
7005 0 38
7006 0 39
7007 0 39
7008 0 37
7009 0 38
7010 0 39
7011 0 38
7012 0 37
7013 0 38
7014 0 37
7015 0 38
7016 0 37
7017 0 38
7018 0 37
7019 0 37
7020 0 38
7021 0 38
7022 0 38
7023 0 39
7024 0 39
7025 0 39
7026 0 38
7027 0 39
7028 0 39
7029 0 39
7030 0 39
7031 0 39
7032 0 39
7033 0 37
7034 0 37
7035 0 38
7036 0 39
7037 0 39
7038 0 39
7039 0 39
7040 0 38
7041 0 38
7042 0 38
7043 0 38
7044 0 39
7045 0 39
7046 0 39
7047 0 38
7048 0 39
7049 0 39
7050 0 39
7051 0 39
7052 0 39
7053 0 39
7054 0 37
7055 0 37
7056 0 38
7057 0 39
7058 0 39
7059 0 39
7060 0 38
7061 0 39
7062 0 39
7063 0 39
7064 0 39
7065 0 39
7066 0 39
7067 0 37
7068 0 37
7069 0 38
7070 0 39
7071 0 39
7072 0 39
7073 0 39
7074 0 38
7075 0 38
7076 0 38
7077 0 38
7078 0 39
7079 0 39
7080 0 39
7081 0 38
7082 0 39
7083 0 39
7084 0 39
7085 0 39
7086 0 39
7087 0 39
7088 0 37
7089 0 37
7090 0 38
7091 0 39
7092 0 38
7093 0 39
7094 0 38
7095 0 37
7096 0 37
7097 0 37
7098 0 38
7099 0 37
7100 0 38
7101 0 39
7102 0 38
7103 0 39
7104 0 38
7105 0 37
7106 0 37
7107 0 37
7108 0 38
7109 0 38
7110 0 39
7111 0 39
7112 0 38
7113 0 38
7114 0 39
7115 0 38
7116 0 39
7117 0 39
7118 0 38
7119 0 38
7120 0 39
7121 0 38
7122 0 38
7123 0 38
7124 0 38
7125 0 38
7126 0 38
7127 0 38
