0 0 42
1 0 42
2 0 42
3 0 42
4 0 42
5 0 41
6 0 42
7 0 42
8 0 41
9 0 41
10 0 42
11 0 42
12 0 42
13 0 42
14 0 42
15 0 41
16 0 42
17 0 42
18 0 41
19 0 41
20 0 41
21 0 42
22 0 42
23 0 41
24 0 41
25 0 41
26 0 41
27 0 41
28 0 41
29 0 41
30 0 41
31 0 41
32 0 42
33 0 41
34 0 42
35 0 42
36 0 41
37 0 41
38 0 42
39 0 42
40 0 42
41 0 41
42 0 41
43 0 41
44 0 41
45 0 42
46 0 41
47 0 41
48 0 41
49 0 41
50 0 41
51 0 41
52 0 42
53 0 43
54 0 42
55 0 42
56 0 42
57 0 41
58 0 42
59 0 42
60 0 42
61 0 42
62 0 42
63 0 43
64 0 42
65 0 42
66 0 42
67 0 41
68 0 42
69 0 43
70 0 41
71 0 41
72 0 41
73 0 42
74 0 43
75 0 41
76 0 41
77 0 41
78 0 41
79 0 41
80 0 41
81 0 41
82 0 41
83 0 41
84 0 42
85 0 41
86 0 42
87 0 42
88 0 41
89 0 41
90 0 41
91 0 42
92 0 43
93 0 41
94 0 41
95 0 42
96 0 42
97 0 42
98 0 41
99 0 41
100 0 41
101 0 41
102 0 41
103 0 41
104 0 42
105 0 42
106 0 42
107 0 41
108 0 41
109 0 40
110 0 42
111 0 42
112 0 41
113 0 41
114 0 41
115 0 42
116 0 43
117 0 41
118 0 41
119 0 42
120 0 42
121 0 42
122 0 41
123 0 41
124 0 41
125 0 41
126 0 41
127 0 41
128 0 41
129 0 41
130 0 41
131 0 41
132 0 41
133 0 40
134 0 41
135 0 41
136 0 40
137 0 40
138 0 41
139 0 41
140 0 41
141 0 41
142 0 41
143 0 40
144 0 41
145 0 41
146 0 41
147 0 41
148 0 41
149 0 40
150 0 41
151 0 41
152 0 40
153 0 40
154 0 41
155 0 41
156 0 41
157 0 41
158 0 41
159 0 40
160 0 41
161 0 41
162 0 40
163 0 40
164 0 40
165 0 42
166 0 42
167 0 40
168 0 40
169 0 41
170 0 41
171 0 41
172 0 41
173 0 41
174 0 41
175 0 41
176 0 41
177 0 41
178 0 42
179 0 43
180 0 41
181 0 41
182 0 41
183 0 42
184 0 43
185 0 41
186 0 41
187 0 42
188 0 42
189 0 42
190 0 41
191 0 41
192 0 41
193 0 41
194 0 41
195 0 41
196 0 42
197 0 43
198 0 42
199 0 42
200 0 42
201 0 41
202 0 42
203 0 43
204 0 41
205 0 41
206 0 41
207 0 42
208 0 43
209 0 41
210 0 41
211 0 42
212 0 42
213 0 42
214 0 41
215 0 41
216 0 41
217 0 41
218 0 41
219 0 41
220 0 41
221 0 41
222 0 41
223 0 41
224 0 41
225 0 41
226 0 41
227 0 41
228 0 40
229 0 40
230 0 41
231 0 41
232 0 41
233 0 42
234 0 42
235 0 41
236 0 41
237 0 41
238 0 40
239 0 40
240 0 41
241 0 41
242 0 41
243 0 40
244 0 40
245 0 41
246 0 41
247 0 40
248 0 40
249 0 41
250 0 41
251 0 41
252 0 40
253 0 40
254 0 40
255 0 40
256 0 41
257 0 41
258 0 41
259 0 41
260 0 41
261 0 41
262 0 41
263 0 42
264 0 42
265 0 43
266 0 42
267 0 42
268 0 41
269 0 43
270 0 43
271 0 41
272 0 41
273 0 42
274 0 42
275 0 43
276 0 42
277 0 42
278 0 41
279 0 42
280 0 42
281 0 41
282 0 41
283 0 41
284 0 42
285 0 42
286 0 41
287 0 41
288 0 41
289 0 41
290 0 41
291 0 41
292 0 41
293 0 41
294 0 41
295 0 42
296 0 41
297 0 42
298 0 42
299 0 41
300 0 41
301 0 42
302 0 42
303 0 42
304 0 41
305 0 41
306 0 41
307 0 41
308 0 42
309 0 42
310 0 42
311 0 42
312 0 42
313 0 41
314 0 41
315 0 43
316 0 43
317 0 43
318 0 42
319 0 42
320 0 41
321 0 43
322 0 43
323 0 42
324 0 42
325 0 43
326 0 43
327 0 43
328 0 42
329 0 42
330 0 41
331 0 42
332 0 43
333 0 41
334 0 41
335 0 41
336 0 42
337 0 43
338 0 41
339 0 41
340 0 41
341 0 41
342 0 41
343 0 41
344 0 41
345 0 41
346 0 41
347 0 42
348 0 41
349 0 42
350 0 42
351 0 41
352 0 41
353 0 41
354 0 43
355 0 43
356 0 41
357 0 41
358 0 42
359 0 42
360 0 42
361 0 41
362 0 41
363 0 41
364 0 41
365 0 41
366 0 41
367 0 42
368 0 42
369 0 42
370 0 41
371 0 41
372 0 40
373 0 42
374 0 42
375 0 41
376 0 41
377 0 41
378 0 43
379 0 43
380 0 41
381 0 41
382 0 42
383 0 42
384 0 43
385 0 41
386 0 41
387 0 41
388 0 41
389 0 41
390 0 41
391 0 41
392 0 41
393 0 41
394 0 41
395 0 41
396 0 40
397 0 41
398 0 41
399 0 40
400 0 40
401 0 41
402 0 41
403 0 41
404 0 41
405 0 41
406 0 40
407 0 41
408 0 41
409 0 41
410 0 41
411 0 41
412 0 40
413 0 41
414 0 41
415 0 40
416 0 40
417 0 41
418 0 41
419 0 41
420 0 41
421 0 41
422 0 40
423 0 41
424 0 41
425 0 40
426 0 40
427 0 40
428 0 42
429 0 42
430 0 40
431 0 40
432 0 41
433 0 41
434 0 41
435 0 41
436 0 41
437 0 41
438 0 41
439 0 41
440 0 41
441 0 42
442 0 42
443 0 41
444 0 41
445 0 41
446 0 42
447 0 42
448 0 41
449 0 41
450 0 42
451 0 42
452 0 42
453 0 41
454 0 41
455 0 41
456 0 41
457 0 41
458 0 41
459 0 42
460 0 42
461 0 42
462 0 41
463 0 41
464 0 40
465 0 42
466 0 42
467 0 41
468 0 41
469 0 41
470 0 43
471 0 43
472 0 41
473 0 41
474 0 42
475 0 42
476 0 42
477 0 41
478 0 41
479 0 41
480 0 41
481 0 41
482 0 41
483 0 42
484 0 42
485 0 42
486 0 42
487 0 42
488 0 41
489 0 42
490 0 42
491 0 41
492 0 41
493 0 42
494 0 42
495 0 42
496 0 42
497 0 42
498 0 41
499 0 41
500 0 41
501 0 41
502 0 41
503 0 41
504 0 41
505 0 41
506 0 41
507 0 41
508 0 41
509 0 41
510 0 41
511 0 41
512 0 41
513 0 41
514 0 41
515 0 41
516 0 41
517 0 41
518 0 41
519 0 41
520 0 41
521 0 41
522 0 41
523 0 41
524 0 41
525 0 41
526 0 42
527 0 42
528 0 42
529 0 42
530 0 42
531 0 41
532 0 42
533 0 42
534 0 41
535 0 41
536 0 42
537 0 42
538 0 42
539 0 42
540 0 42
541 0 41
542 0 41
543 0 41
544 0 41
545 0 41
546 0 41
547 0 41
548 0 41
549 0 41
550 0 41
551 0 41
552 0 41
553 0 41
554 0 41
555 0 41
556 0 41
557 0 40
558 0 40
559 0 40
560 0 42
561 0 42
562 0 41
563 0 41
564 0 41
565 0 42
566 0 42
567 0 41
568 0 41
569 0 42
570 0 42
571 0 42
572 0 41
573 0 41
574 0 41
575 0 41
576 0 41
577 0 41
578 0 42
579 0 42
580 0 42
581 0 41
582 0 41
583 0 40
584 0 42
585 0 42
586 0 41
587 0 41
588 0 41
589 0 43
590 0 43
591 0 41
592 0 41
593 0 42
594 0 42
595 0 42
596 0 41
597 0 41
598 0 41
599 0 41
600 0 41
601 0 41
602 0 42
603 0 42
604 0 42
605 0 42
606 0 42
607 0 41
608 0 42
609 0 42
610 0 41
611 0 41
612 0 42
613 0 42
614 0 42
615 0 42
616 0 42
617 0 41
618 0 41
619 0 41
620 0 41
621 0 41
622 0 41
623 0 41
624 0 41
625 0 41
626 0 41
627 0 41
628 0 41
629 0 41
630 0 41
631 0 41
632 0 41
633 0 41
634 0 41
635 0 41
636 0 41
637 0 41
638 0 41
639 0 41
640 0 41
641 0 41
642 0 41
643 0 41
644 0 41
645 0 41
646 0 41
647 0 41
648 0 41
649 0 41
650 0 40
651 0 41
652 0 41
653 0 40
654 0 40
655 0 41
656 0 41
657 0 41
658 0 41
659 0 41
660 0 40
661 0 41
662 0 41
663 0 41
664 0 41
665 0 41
666 0 41
667 0 41
668 0 41
669 0 41
670 0 41
671 0 41
672 0 41
673 0 41
674 0 41
675 0 41
676 0 40
677 0 40
678 0 40
679 0 41
680 0 41
681 0 41
682 0 41
683 0 42
684 0 41
685 0 41
686 0 41
687 0 41
688 0 41
689 0 41
690 0 42
691 0 40
692 0 40
693 0 40
694 0 40
695 0 40
696 0 40
697 0 41
698 0 41
699 0 41
700 0 41
701 0 41
702 0 40
703 0 41
704 0 41
705 0 40
706 0 40
707 0 41
708 0 41
709 0 41
710 0 41
711 0 41
712 0 40
713 0 41
714 0 41
715 0 41
716 0 41
717 0 41
718 0 41
719 0 41
720 0 41
721 0 41
722 0 41
723 0 41
724 0 41
725 0 41
726 0 41
727 0 41
728 0 40
729 0 40
730 0 40
731 0 41
732 0 41
733 0 41
734 0 41
735 0 41
736 0 40
737 0 41
738 0 41
739 0 40
740 0 40
741 0 41
742 0 41
743 0 41
744 0 41
745 0 41
746 0 40
747 0 41
748 0 41
749 0 41
750 0 41
751 0 41
752 0 41
753 0 41
754 0 41
755 0 41
756 0 41
757 0 41
758 0 41
759 0 41
760 0 41
761 0 41
762 0 40
763 0 40
764 0 40
765 0 41
766 0 41
767 0 41
768 0 41
769 0 42
770 0 41
771 0 41
772 0 41
773 0 41
774 0 41
775 0 41
776 0 42
777 0 40
778 0 40
779 0 40
780 0 40
781 0 40
782 0 40
783 0 41
784 0 41
785 0 41
786 0 41
787 0 41
788 0 40
789 0 41
790 0 41
791 0 40
792 0 40
793 0 41
794 0 41
795 0 41
796 0 41
797 0 41
798 0 40
799 0 41
800 0 41
801 0 41
802 0 41
803 0 41
804 0 41
805 0 41
806 0 41
807 0 41
808 0 41
809 0 41
810 0 41
811 0 41
812 0 41
813 0 41
814 0 40
815 0 40
816 0 40
817 0 41
818 0 41
819 0 40
820 0 40
821 0 41
822 0 41
823 0 41
824 0 40
825 0 40
826 0 41
827 0 41
828 0 41
829 0 40
830 0 40
831 0 40
832 0 40
833 0 40
834 0 40
835 0 41
836 0 41
837 0 41
838 0 40
839 0 40
840 0 40
841 0 42
842 0 42
843 0 40
844 0 40
845 0 41
846 0 42
847 0 42
848 0 40
849 0 40
850 0 41
851 0 41
852 0 42
853 0 40
854 0 40
855 0 40
856 0 40
857 0 40
858 0 40
859 0 41
860 0 41
861 0 41
862 0 41
863 0 41
864 0 40
865 0 41
866 0 41
867 0 40
868 0 40
869 0 41
870 0 41
871 0 41
872 0 41
873 0 41
874 0 40
875 0 41
876 0 41
877 0 41
878 0 41
879 0 41
880 0 40
881 0 41
882 0 41
883 0 40
884 0 40
885 0 41
886 0 41
887 0 41
888 0 41
889 0 41
890 0 40
891 0 41
892 0 41
893 0 40
894 0 40
895 0 40
896 0 41
897 0 41
898 0 40
899 0 40
900 0 41
901 0 41
902 0 41
903 0 41
904 0 41
905 0 41
906 0 41
907 0 41
908 0 40
909 0 42
910 0 42
911 0 41
912 0 41
913 0 41
914 0 43
915 0 43
916 0 41
917 0 41
918 0 42
919 0 42
920 0 42
921 0 41
922 0 41
923 0 41
924 0 41
925 0 41
926 0 41
927 0 42
928 0 43
929 0 42
930 0 41
931 0 41
932 0 40
933 0 42
934 0 42
935 0 41
936 0 41
937 0 41
938 0 43
939 0 43
940 0 41
941 0 41
942 0 42
943 0 42
944 0 42
945 0 41
946 0 41
947 0 41
948 0 41
949 0 41
950 0 41
951 0 42
952 0 42
953 0 42
954 0 42
955 0 42
956 0 41
957 0 42
958 0 42
959 0 41
960 0 41
961 0 42
962 0 42
963 0 42
964 0 42
965 0 42
966 0 41
967 0 41
968 0 41
969 0 41
970 0 41
971 0 41
972 0 41
973 0 41
974 0 41
975 0 41
976 0 41
977 0 41
978 0 41
979 0 41
980 0 41
981 0 41
982 0 41
983 0 41
984 0 41
985 0 41
986 0 41
987 0 41
988 0 41
989 0 41
990 0 41
991 0 41
992 0 41
993 0 41
994 0 42
995 0 43
996 0 42
997 0 42
998 0 42
999 0 41
1000 0 43
1001 0 43
1002 0 42
1003 0 42
1004 0 42
1005 0 43
1006 0 42
1007 0 42
1008 0 42
1009 0 41
1010 0 42
1011 0 42
1012 0 42
1013 0 42
1014 0 41
1015 0 42
1016 0 42
1017 0 42
1018 0 42
1019 0 41
1020 0 42
1021 0 41
1022 0 41
1023 0 42
1024 0 41
1025 0 41
1026 0 41
1027 0 40
1028 0 42
1029 0 42
1030 0 41
1031 0 41
1032 0 41
1033 0 43
1034 0 43
1035 0 41
1036 0 41
1037 0 42
1038 0 42
1039 0 42
1040 0 41
1041 0 41
1042 0 41
1043 0 41
1044 0 41
1045 0 41
1046 0 42
1047 0 43
1048 0 42
1049 0 41
1050 0 41
1051 0 40
1052 0 42
1053 0 42
1054 0 41
1055 0 41
1056 0 41
1057 0 43
1058 0 43
1059 0 41
1060 0 41
1061 0 42
1062 0 42
1063 0 42
1064 0 41
1065 0 41
1066 0 41
1067 0 41
1068 0 41
1069 0 41
1070 0 42
1071 0 42
1072 0 42
1073 0 42
1074 0 42
1075 0 41
1076 0 42
1077 0 42
1078 0 41
1079 0 41
1080 0 42
1081 0 42
1082 0 42
1083 0 42
1084 0 42
1085 0 41
1086 0 41
1087 0 41
1088 0 41
1089 0 41
1090 0 41
1091 0 41
1092 0 41
1093 0 41
1094 0 41
1095 0 41
1096 0 41
1097 0 41
1098 0 41
1099 0 41
1100 0 41
1101 0 41
1102 0 41
1103 0 41
1104 0 41
1105 0 41
1106 0 41
1107 0 41
1108 0 41
1109 0 41
1110 0 41
1111 0 41
1112 0 41
1113 0 41
1114 0 42
1115 0 41
1116 0 41
1117 0 41
1118 0 40
1119 0 41
1120 0 41
1121 0 41
1122 0 41
1123 0 41
1124 0 42
1125 0 41
1126 0 41
1127 0 41
1128 0 40
1129 0 41
1130 0 41
1131 0 41
1132 0 41
1133 0 41
1134 0 41
1135 0 41
1136 0 41
1137 0 41
1138 0 41
1139 0 42
1140 0 41
1141 0 41
1142 0 42
1143 0 41
1144 0 41
1145 0 41
1146 0 40
1147 0 41
1148 0 41
1149 0 41
1150 0 41
1151 0 41
1152 0 41
1153 0 41
1154 0 41
1155 0 41
1156 0 41
1157 0 41
1158 0 41
1159 0 40
1160 0 40
1161 0 40
1162 0 40
1163 0 40
1164 0 40
1165 0 41
1166 0 42
1167 0 41
1168 0 41
1169 0 41
1170 0 40
1171 0 41
1172 0 41
1173 0 41
1174 0 41
1175 0 41
1176 0 42
1177 0 41
1178 0 41
1179 0 41
1180 0 40
1181 0 42
1182 0 42
1183 0 42
1184 0 42
1185 0 41
1186 0 42
1187 0 42
1188 0 42
1189 0 42
1190 0 41
1191 0 42
1192 0 41
1193 0 41
1194 0 42
1195 0 41
1196 0 41
1197 0 41
1198 0 40
1199 0 41
1200 0 42
1201 0 40
1202 0 40
1203 0 40
1204 0 41
1205 0 42
1206 0 40
1207 0 40
1208 0 41
1209 0 41
1210 0 41
1211 0 40
1212 0 40
1213 0 40
1214 0 40
1215 0 40
1216 0 40
1217 0 41
1218 0 42
1219 0 41
1220 0 41
1221 0 41
1222 0 40
1223 0 41
1224 0 42
1225 0 40
1226 0 40
1227 0 40
1228 0 41
1229 0 42
1230 0 40
1231 0 40
1232 0 41
1233 0 41
1234 0 41
1235 0 40
1236 0 40
1237 0 40
1238 0 40
1239 0 40
1240 0 40
1241 0 41
1242 0 42
1243 0 40
1244 0 40
1245 0 40
1246 0 41
1247 0 42
1248 0 40
1249 0 40
1250 0 41
1251 0 41
1252 0 41
1253 0 40
1254 0 40
1255 0 40
1256 0 40
1257 0 40
1258 0 40
1259 0 41
1260 0 42
1261 0 41
1262 0 41
1263 0 41
1264 0 40
1265 0 41
1266 0 42
1267 0 40
1268 0 40
1269 0 40
1270 0 41
1271 0 42
1272 0 40
1273 0 40
1274 0 41
1275 0 41
1276 0 41
1277 0 40
1278 0 40
1279 0 40
1280 0 40
1281 0 40
1282 0 40
1283 0 40
1284 0 41
1285 0 40
1286 0 40
1287 0 40
1288 0 40
1289 0 40
1290 0 40
1291 0 40
1292 0 40
1293 0 40
1294 0 41
1295 0 40
1296 0 41
1297 0 41
1298 0 40
1299 0 41
1300 0 41
1301 0 40
1302 0 40
1303 0 40
1304 0 41
1305 0 41
1306 0 40
1307 0 40
1308 0 41
1309 0 41
1310 0 40
1311 0 40
1312 0 40
1313 0 41
1314 0 41
1315 0 40
1316 0 40
1317 0 40
1318 0 40
1319 0 40
1320 0 41
1321 0 41
1322 0 41
1323 0 41
1324 0 40
1325 0 40
1326 0 42
1327 0 42
1328 0 42
1329 0 42
1330 0 42
1331 0 42
1332 0 42
1333 0 42
1334 0 41
1335 0 41
1336 0 42
1337 0 42
1338 0 42
1339 0 43
1340 0 43
1341 0 42
1342 0 42
1343 0 43
1344 0 41
1345 0 41
1346 0 41
1347 0 42
1348 0 43
1349 0 41
1350 0 41
1351 0 41
1352 0 41
1353 0 41
1354 0 41
1355 0 41
1356 0 41
1357 0 41
1358 0 42
1359 0 41
1360 0 43
1361 0 43
1362 0 41
1363 0 41
1364 0 42
1365 0 43
1366 0 43
1367 0 41
1368 0 41
1369 0 41
1370 0 41
1371 0 42
1372 0 41
1373 0 41
1374 0 41
1375 0 41
1376 0 41
1377 0 41
1378 0 42
1379 0 43
1380 0 42
1381 0 42
1382 0 42
1383 0 42
1384 0 42
1385 0 42
1386 0 42
1387 0 42
1388 0 42
1389 0 43
1390 0 42
1391 0 43
1392 0 43
1393 0 42
1394 0 42
1395 0 43
1396 0 41
1397 0 41
1398 0 41
1399 0 42
1400 0 43
1401 0 41
1402 0 41
1403 0 41
1404 0 41
1405 0 41
1406 0 41
1407 0 41
1408 0 41
1409 0 41
1410 0 42
1411 0 41
1412 0 42
1413 0 42
1414 0 41
1415 0 41
1416 0 41
1417 0 42
1418 0 43
1419 0 41
1420 0 41
1421 0 42
1422 0 42
1423 0 42
1424 0 41
1425 0 41
1426 0 41
1427 0 41
1428 0 41
1429 0 41
1430 0 42
1431 0 42
1432 0 42
1433 0 41
1434 0 41
1435 0 40
1436 0 42
1437 0 42
1438 0 41
1439 0 41
1440 0 41
1441 0 42
1442 0 43
1443 0 41
1444 0 41
1445 0 42
1446 0 42
1447 0 42
1448 0 41
1449 0 41
1450 0 41
1451 0 41
1452 0 41
1453 0 41
1454 0 41
1455 0 41
1456 0 41
1457 0 41
1458 0 41
1459 0 40
1460 0 41
1461 0 41
1462 0 40
1463 0 40
1464 0 41
1465 0 41
1466 0 41
1467 0 41
1468 0 41
1469 0 40
1470 0 41
1471 0 41
1472 0 41
1473 0 41
1474 0 41
1475 0 40
1476 0 41
1477 0 41
1478 0 40
1479 0 40
1480 0 41
1481 0 41
1482 0 41
1483 0 41
1484 0 41
1485 0 40
1486 0 41
1487 0 41
1488 0 40
1489 0 40
1490 0 40
1491 0 42
1492 0 42
1493 0 40
1494 0 40
1495 0 41
1496 0 41
1497 0 41
1498 0 41
1499 0 41
1500 0 41
1501 0 41
1502 0 41
1503 0 41
1504 0 42
1505 0 43
1506 0 41
1507 0 41
1508 0 41
1509 0 42
1510 0 43
1511 0 41
1512 0 41
1513 0 42
1514 0 42
1515 0 42
1516 0 41
1517 0 41
1518 0 41
1519 0 41
1520 0 41
1521 0 41
1522 0 42
1523 0 43
1524 0 42
1525 0 42
1526 0 42
1527 0 41
1528 0 42
1529 0 43
1530 0 41
1531 0 41
1532 0 41
1533 0 42
1534 0 43
1535 0 41
1536 0 41
1537 0 42
1538 0 42
1539 0 42
1540 0 41
1541 0 41
1542 0 41
1543 0 41
1544 0 41
1545 0 41
1546 0 41
1547 0 41
1548 0 41
1549 0 41
1550 0 41
1551 0 41
1552 0 41
1553 0 41
1554 0 40
1555 0 40
1556 0 41
1557 0 41
1558 0 41
1559 0 42
1560 0 42
1561 0 41
1562 0 42
1563 0 42
1564 0 40
1565 0 40
1566 0 41
1567 0 42
1568 0 42
1569 0 40
1570 0 40
1571 0 42
1572 0 42
1573 0 40
1574 0 40
1575 0 41
1576 0 42
1577 0 42
1578 0 40
1579 0 40
1580 0 40
1581 0 40
1582 0 41
1583 0 41
1584 0 41
1585 0 41
1586 0 41
1587 0 41
1588 0 41
1589 0 42
1590 0 42
1591 0 43
1592 0 43
1593 0 43
1594 0 42
1595 0 43
1596 0 43
1597 0 41
1598 0 41
1599 0 42
1600 0 42
1601 0 43
1602 0 43
1603 0 43
1604 0 42
1605 0 42
1606 0 43
1607 0 41
1608 0 41
1609 0 41
1610 0 42
1611 0 43
1612 0 41
1613 0 41
1614 0 41
1615 0 41
1616 0 41
1617 0 41
1618 0 41
1619 0 41
1620 0 41
1621 0 42
1622 0 41
1623 0 43
1624 0 43
1625 0 41
1626 0 41
1627 0 42
1628 0 43
1629 0 43
1630 0 41
1631 0 41
1632 0 41
1633 0 41
1634 0 42
1635 0 42
1636 0 42
1637 0 42
1638 0 42
1639 0 41
1640 0 41
1641 0 43
1642 0 43
1643 0 43
1644 0 43
1645 0 43
1646 0 42
1647 0 43
1648 0 43
1649 0 42
1650 0 42
1651 0 43
1652 0 43
1653 0 43
1654 0 43
1655 0 43
1656 0 42
1657 0 42
1658 0 43
1659 0 41
1660 0 41
1661 0 41
1662 0 42
1663 0 43
1664 0 41
1665 0 41
1666 0 41
1667 0 41
1668 0 41
1669 0 41
1670 0 41
1671 0 41
1672 0 41
1673 0 42
1674 0 41
1675 0 42
1676 0 42
1677 0 41
1678 0 41
1679 0 41
1680 0 43
1681 0 43
1682 0 41
1683 0 41
1684 0 42
1685 0 42
1686 0 42
1687 0 41
1688 0 41
1689 0 41
1690 0 41
1691 0 41
1692 0 41
1693 0 42
1694 0 42
1695 0 42
1696 0 41
1697 0 41
1698 0 40
1699 0 42
1700 0 42
1701 0 41
1702 0 41
1703 0 41
1704 0 43
1705 0 43
1706 0 41
1707 0 41
1708 0 42
1709 0 42
1710 0 43
1711 0 41
1712 0 41
1713 0 41
1714 0 41
1715 0 41
1716 0 41
1717 0 41
1718 0 41
1719 0 41
1720 0 41
1721 0 41
1722 0 40
1723 0 41
1724 0 41
1725 0 40
1726 0 40
1727 0 41
1728 0 41
1729 0 41
1730 0 41
1731 0 41
1732 0 40
1733 0 41
1734 0 41
1735 0 41
1736 0 41
1737 0 41
1738 0 40
1739 0 41
1740 0 41
1741 0 40
1742 0 40
1743 0 41
1744 0 41
1745 0 41
1746 0 41
1747 0 41
1748 0 40
1749 0 41
1750 0 41
1751 0 40
1752 0 40
1753 0 40
1754 0 42
1755 0 42
1756 0 40
1757 0 40
1758 0 41
1759 0 41
1760 0 41
1761 0 41
1762 0 41
1763 0 41
1764 0 41
1765 0 41
1766 0 41
1767 0 42
1768 0 42
1769 0 41
1770 0 41
1771 0 42
1772 0 42
1773 0 42
1774 0 41
1775 0 41
1776 0 42
1777 0 42
1778 0 42
1779 0 41
1780 0 41
1781 0 41
1782 0 41
1783 0 41
1784 0 41
1785 0 42
1786 0 42
1787 0 42
1788 0 41
1789 0 41
1790 0 41
1791 0 43
1792 0 43
1793 0 41
1794 0 41
1795 0 42
1796 0 43
1797 0 43
1798 0 41
1799 0 41
1800 0 42
1801 0 42
1802 0 43
1803 0 41
1804 0 41
1805 0 41
1806 0 41
1807 0 41
1808 0 41
1809 0 42
1810 0 42
1811 0 42
1812 0 42
1813 0 42
1814 0 41
1815 0 42
1816 0 42
1817 0 41
1818 0 41
1819 0 42
1820 0 42
1821 0 42
1822 0 42
1823 0 42
1824 0 41
1825 0 41
1826 0 41
1827 0 41
1828 0 41
1829 0 42
1830 0 41
1831 0 41
1832 0 41
1833 0 41
1834 0 41
1835 0 41
1836 0 41
1837 0 41
1838 0 42
1839 0 41
1840 0 41
1841 0 41
1842 0 41
1843 0 41
1844 0 41
1845 0 42
1846 0 41
1847 0 41
1848 0 41
1849 0 41
1850 0 41
1851 0 41
1852 0 42
1853 0 42
1854 0 42
1855 0 42
1856 0 42
1857 0 41
1858 0 42
1859 0 42
1860 0 41
1861 0 41
1862 0 42
1863 0 42
1864 0 42
1865 0 42
1866 0 42
1867 0 41
1868 0 41
1869 0 41
1870 0 41
1871 0 41
1872 0 41
1873 0 41
1874 0 41
1875 0 41
1876 0 41
1877 0 41
1878 0 41
1879 0 41
1880 0 41
1881 0 41
1882 0 41
1883 0 40
1884 0 40
1885 0 40
1886 0 42
1887 0 42
1888 0 41
1889 0 41
1890 0 42
1891 0 42
1892 0 42
1893 0 41
1894 0 41
1895 0 42
1896 0 42
1897 0 42
1898 0 41
1899 0 41
1900 0 41
1901 0 41
1902 0 41
1903 0 41
1904 0 42
1905 0 42
1906 0 42
1907 0 41
1908 0 41
1909 0 41
1910 0 43
1911 0 43
1912 0 41
1913 0 41
1914 0 42
1915 0 43
1916 0 43
1917 0 41
1918 0 41
1919 0 42
1920 0 42
1921 0 43
1922 0 41
1923 0 41
1924 0 41
1925 0 41
1926 0 41
1927 0 41
1928 0 42
1929 0 42
1930 0 43
1931 0 42
1932 0 42
1933 0 42
1934 0 42
1935 0 42
1936 0 41
1937 0 41
1938 0 42
1939 0 42
1940 0 43
1941 0 43
1942 0 43
1943 0 42
1944 0 41
1945 0 41
1946 0 41
1947 0 41
1948 0 42
1949 0 41
1950 0 41
1951 0 41
1952 0 41
1953 0 41
1954 0 41
1955 0 41
1956 0 41
1957 0 42
1958 0 41
1959 0 41
1960 0 41
1961 0 41
1962 0 41
1963 0 41
1964 0 42
1965 0 41
1966 0 41
1967 0 41
1968 0 41
1969 0 41
1970 0 41
1971 0 41
1972 0 41
1973 0 41
1974 0 41
1975 0 41
1976 0 40
1977 0 41
1978 0 41
1979 0 40
1980 0 40
1981 0 41
1982 0 41
1983 0 41
1984 0 41
1985 0 41
1986 0 40
1987 0 41
1988 0 41
1989 0 41
1990 0 41
1991 0 41
1992 0 41
1993 0 41
1994 0 41
1995 0 41
1996 0 41
1997 0 41
1998 0 41
1999 0 41
2000 0 41
2001 0 41
2002 0 40
2003 0 40
2004 0 40
2005 0 41
2006 0 41
2007 0 41
2008 0 41
2009 0 42
2010 0 41
2011 0 41
2012 0 41
2013 0 41
2014 0 41
2015 0 41
2016 0 42
2017 0 40
2018 0 40
2019 0 40
2020 0 40
2021 0 40
2022 0 40
2023 0 41
2024 0 41
2025 0 41
2026 0 41
2027 0 41
2028 0 40
2029 0 41
2030 0 41
2031 0 40
2032 0 40
2033 0 41
2034 0 41
2035 0 41
2036 0 41
2037 0 41
2038 0 40
2039 0 41
2040 0 41
2041 0 41
2042 0 41
2043 0 41
2044 0 41
2045 0 41
2046 0 41
2047 0 41
2048 0 41
2049 0 41
2050 0 41
2051 0 41
2052 0 41
2053 0 41
2054 0 40
2055 0 40
2056 0 40
2057 0 41
2058 0 41
2059 0 41
2060 0 41
2061 0 41
2062 0 40
2063 0 41
2064 0 41
2065 0 40
2066 0 40
2067 0 41
2068 0 41
2069 0 41
2070 0 41
2071 0 41
2072 0 40
2073 0 41
2074 0 41
2075 0 41
2076 0 41
2077 0 41
2078 0 41
2079 0 41
2080 0 41
2081 0 41
2082 0 41
2083 0 41
2084 0 41
2085 0 41
2086 0 41
2087 0 41
2088 0 40
2089 0 40
2090 0 40
2091 0 41
2092 0 41
2093 0 41
2094 0 41
2095 0 42
2096 0 41
2097 0 41
2098 0 41
2099 0 41
2100 0 41
2101 0 41
2102 0 42
2103 0 40
2104 0 40
2105 0 40
2106 0 40
2107 0 40
2108 0 40
2109 0 41
2110 0 41
2111 0 41
2112 0 41
2113 0 41
2114 0 40
2115 0 41
2116 0 41
2117 0 40
2118 0 40
2119 0 41
2120 0 41
2121 0 41
2122 0 41
2123 0 41
2124 0 40
2125 0 41
2126 0 41
2127 0 41
2128 0 41
2129 0 41
2130 0 41
2131 0 41
2132 0 41
2133 0 41
2134 0 41
2135 0 41
2136 0 41
2137 0 41
2138 0 41
2139 0 41
2140 0 40
2141 0 40
2142 0 40
2143 0 41
2144 0 41
2145 0 40
2146 0 40
2147 0 41
2148 0 41
2149 0 41
2150 0 40
2151 0 40
2152 0 41
2153 0 41
2154 0 41
2155 0 40
2156 0 40
2157 0 40
2158 0 40
2159 0 40
2160 0 40
2161 0 41
2162 0 41
2163 0 41
2164 0 40
2165 0 40
2166 0 40
2167 0 42
2168 0 42
2169 0 40
2170 0 40
2171 0 41
2172 0 42
2173 0 42
2174 0 40
2175 0 40
2176 0 41
2177 0 41
2178 0 42
2179 0 40
2180 0 40
2181 0 40
2182 0 40
2183 0 40
2184 0 40
2185 0 41
2186 0 41
2187 0 41
2188 0 41
2189 0 41
2190 0 40
2191 0 41
2192 0 41
2193 0 40
2194 0 40
2195 0 41
2196 0 41
2197 0 41
2198 0 41
2199 0 41
2200 0 40
2201 0 41
2202 0 41
2203 0 41
2204 0 41
2205 0 41
2206 0 40
2207 0 41
2208 0 41
2209 0 40
2210 0 40
2211 0 41
2212 0 41
2213 0 41
2214 0 41
2215 0 41
2216 0 40
2217 0 41
2218 0 41
2219 0 40
2220 0 40
2221 0 40
2222 0 41
2223 0 41
2224 0 40
2225 0 40
2226 0 41
2227 0 41
2228 0 41
2229 0 41
2230 0 41
2231 0 41
2232 0 41
2233 0 41
2234 0 40
2235 0 42
2236 0 42
2237 0 42
2238 0 41
2239 0 42
2240 0 41
2241 0 42
2242 0 42
2243 0 42
2244 0 41
2245 0 42
2246 0 41
2247 0 41
2248 0 42
2249 0 41
2250 0 41
2251 0 41
2252 0 41
2253 0 41
2254 0 41
2255 0 41
2256 0 42
2257 0 41
2258 0 42
2259 0 42
2260 0 41
2261 0 41
2262 0 42
2263 0 41
2264 0 41
2265 0 41
2266 0 42
2267 0 42
2268 0 42
2269 0 41
2270 0 42
2271 0 42
2272 0 42
2273 0 42
2274 0 42
2275 0 41
2276 0 42
2277 0 41
2278 0 41
2279 0 42
2280 0 41
2281 0 41
2282 0 41
2283 0 41
2284 0 41
2285 0 41
2286 0 41
2287 0 42
2288 0 41
2289 0 41
2290 0 42
2291 0 41
2292 0 42
2293 0 42
2294 0 41
2295 0 41
2296 0 41
2297 0 42
2298 0 42
2299 0 41
2300 0 40
2301 0 42
2302 0 41
2303 0 41
2304 0 42
2305 0 41
2306 0 42
2307 0 42
2308 0 41
2309 0 41
2310 0 41
2311 0 41
2312 0 41
2313 0 41
2314 0 40
2315 0 41
2316 0 40
2317 0 41
2318 0 41
2319 0 41
2320 0 40
2321 0 41
2322 0 41
2323 0 41
2324 0 40
2325 0 41
2326 0 40
2327 0 41
2328 0 41
2329 0 41
2330 0 40
2331 0 41
2332 0 40
2333 0 40
2334 0 42
2335 0 40
2336 0 41
2337 0 41
2338 0 41
2339 0 41
2340 0 41
2341 0 41
2342 0 42
2343 0 41
2344 0 41
2345 0 42
2346 0 41
2347 0 42
2348 0 42
2349 0 41
2350 0 41
2351 0 41
2352 0 42
2353 0 42
2354 0 42
2355 0 41
2356 0 42
2357 0 41
2358 0 41
2359 0 42
2360 0 41
2361 0 42
2362 0 42
2363 0 41
2364 0 41
2365 0 41
2366 0 41
2367 0 41
2368 0 41
2369 0 41
2370 0 41
2371 0 40
2372 0 41
2373 0 41
2374 0 42
2375 0 41
2376 0 41
2377 0 40
2378 0 41
2379 0 41
2380 0 40
2381 0 41
2382 0 40
2383 0 41
2384 0 41
2385 0 40
2386 0 40
2387 0 41
2388 0 41
2389 0 41
2390 0 41
2391 0 42
2392 0 43
2393 0 42
2394 0 41
2395 0 43
2396 0 41
2397 0 42
2398 0 43
2399 0 42
2400 0 41
2401 0 42
2402 0 41
2403 0 41
2404 0 42
2405 0 41
2406 0 41
2407 0 41
2408 0 41
2409 0 41
2410 0 41
2411 0 41
2412 0 42
2413 0 41
2414 0 42
2415 0 42
2416 0 41
2417 0 41
2418 0 42
2419 0 42
2420 0 42
2421 0 41
2422 0 43
2423 0 43
2424 0 42
2425 0 41
2426 0 43
2427 0 42
2428 0 43
2429 0 43
2430 0 42
2431 0 41
2432 0 42
2433 0 41
2434 0 41
2435 0 42
2436 0 41
2437 0 41
2438 0 41
2439 0 41
2440 0 41
2441 0 41
2442 0 41
2443 0 42
2444 0 41
2445 0 41
2446 0 43
2447 0 41
2448 0 42
2449 0 42
2450 0 41
2451 0 41
2452 0 41
2453 0 42
2454 0 42
2455 0 41
2456 0 40
2457 0 42
2458 0 41
2459 0 41
2460 0 43
2461 0 41
2462 0 42
2463 0 43
2464 0 41
2465 0 41
2466 0 41
2467 0 41
2468 0 41
2469 0 41
2470 0 40
2471 0 41
2472 0 40
2473 0 41
2474 0 41
2475 0 41
2476 0 40
2477 0 41
2478 0 41
2479 0 41
2480 0 40
2481 0 41
2482 0 40
2483 0 41
2484 0 41
2485 0 41
2486 0 40
2487 0 41
2488 0 40
2489 0 40
2490 0 42
2491 0 40
2492 0 41
2493 0 41
2494 0 41
2495 0 41
2496 0 41
2497 0 41
2498 0 42
2499 0 41
2500 0 41
2501 0 42
2502 0 41
2503 0 42
2504 0 42
2505 0 41
2506 0 41
2507 0 41
2508 0 42
2509 0 42
2510 0 41
2511 0 40
2512 0 42
2513 0 41
2514 0 41
2515 0 43
2516 0 41
2517 0 42
2518 0 42
2519 0 41
2520 0 41
2521 0 41
2522 0 42
2523 0 42
2524 0 42
2525 0 41
2526 0 42
2527 0 41
2528 0 42
2529 0 42
2530 0 42
2531 0 41
2532 0 41
2533 0 41
2534 0 41
2535 0 41
2536 0 41
2537 0 41
2538 0 41
2539 0 41
2540 0 41
2541 0 41
2542 0 41
2543 0 41
2544 0 41
2545 0 41
2546 0 41
2547 0 42
2548 0 42
2549 0 42
2550 0 41
2551 0 42
2552 0 41
2553 0 42
2554 0 42
2555 0 42
2556 0 41
2557 0 41
2558 0 41
2559 0 41
2560 0 41
2561 0 41
2562 0 41
2563 0 41
2564 0 41
2565 0 41
2566 0 40
2567 0 40
2568 0 42
2569 0 41
2570 0 41
2571 0 42
2572 0 41
2573 0 42
2574 0 42
2575 0 41
2576 0 41
2577 0 41
2578 0 42
2579 0 42
2580 0 41
2581 0 40
2582 0 42
2583 0 41
2584 0 41
2585 0 43
2586 0 41
2587 0 42
2588 0 42
2589 0 41
2590 0 41
2591 0 41
2592 0 42
2593 0 42
2594 0 42
2595 0 41
2596 0 42
2597 0 41
2598 0 42
2599 0 42
2600 0 42
2601 0 41
2602 0 41
2603 0 41
2604 0 41
2605 0 41
2606 0 41
2607 0 41
2608 0 41
2609 0 41
2610 0 41
2611 0 41
2612 0 41
2613 0 41
2614 0 41
2615 0 41
2616 0 41
2617 0 41
2618 0 41
2619 0 41
2620 0 40
2621 0 41
2622 0 40
2623 0 41
2624 0 41
2625 0 41
2626 0 40
2627 0 41
2628 0 41
2629 0 41
2630 0 41
2631 0 41
2632 0 41
2633 0 41
2634 0 41
2635 0 41
2636 0 40
2637 0 40
2638 0 41
2639 0 41
2640 0 42
2641 0 41
2642 0 41
2643 0 41
2644 0 42
2645 0 40
2646 0 40
2647 0 40
2648 0 41
2649 0 41
2650 0 41
2651 0 40
2652 0 41
2653 0 40
2654 0 41
2655 0 41
2656 0 41
2657 0 40
2658 0 41
2659 0 41
2660 0 41
2661 0 41
2662 0 41
2663 0 41
2664 0 41
2665 0 41
2666 0 41
2667 0 40
2668 0 40
2669 0 41
2670 0 41
2671 0 41
2672 0 40
2673 0 41
2674 0 40
2675 0 41
2676 0 41
2677 0 41
2678 0 40
2679 0 41
2680 0 41
2681 0 41
2682 0 41
2683 0 41
2684 0 41
2685 0 41
2686 0 41
2687 0 41
2688 0 40
2689 0 40
2690 0 41
2691 0 41
2692 0 42
2693 0 41
2694 0 41
2695 0 41
2696 0 42
2697 0 40
2698 0 40
2699 0 40
2700 0 41
2701 0 41
2702 0 41
2703 0 40
2704 0 41
2705 0 40
2706 0 41
2707 0 41
2708 0 41
2709 0 40
2710 0 41
2711 0 41
2712 0 41
2713 0 41
2714 0 41
2715 0 41
2716 0 41
2717 0 41
2718 0 41
2719 0 40
2720 0 40
2721 0 41
2722 0 40
2723 0 41
2724 0 41
2725 0 40
2726 0 41
2727 0 41
2728 0 40
2729 0 40
2730 0 40
2731 0 41
2732 0 41
2733 0 40
2734 0 40
2735 0 42
2736 0 40
2737 0 41
2738 0 42
2739 0 40
2740 0 41
2741 0 42
2742 0 40
2743 0 40
2744 0 40
2745 0 41
2746 0 41
2747 0 41
2748 0 40
2749 0 41
2750 0 40
2751 0 41
2752 0 41
2753 0 41
2754 0 40
2755 0 41
2756 0 41
2757 0 41
2758 0 40
2759 0 41
2760 0 40
2761 0 41
2762 0 41
2763 0 41
2764 0 40
2765 0 41
2766 0 40
2767 0 40
2768 0 41
2769 0 40
2770 0 41
2771 0 41
2772 0 41
2773 0 41
2774 0 41
2775 0 40
2776 0 42
2777 0 41
2778 0 41
2779 0 43
2780 0 41
2781 0 42
2782 0 42
2783 0 41
2784 0 41
2785 0 41
2786 0 42
2787 0 42
2788 0 41
2789 0 40
2790 0 42
2791 0 41
2792 0 41
2793 0 43
2794 0 41
2795 0 42
2796 0 42
2797 0 41
2798 0 41
2799 0 41
2800 0 42
2801 0 42
2802 0 42
2803 0 41
2804 0 42
2805 0 41
2806 0 42
2807 0 42
2808 0 42
2809 0 41
2810 0 41
2811 0 41
2812 0 41
2813 0 41
2814 0 41
2815 0 41
2816 0 41
2817 0 41
2818 0 41
2819 0 41
2820 0 41
2821 0 41
2822 0 41
2823 0 41
2824 0 41
2825 0 42
2826 0 42
2827 0 42
2828 0 41
2829 0 43
2830 0 42
2831 0 42
2832 0 42
2833 0 42
2834 0 41
2835 0 42
2836 0 42
2837 0 41
2838 0 42
2839 0 42
2840 0 41
2841 0 41
2842 0 41
2843 0 41
2844 0 41
2845 0 40
2846 0 42
2847 0 41
2848 0 41
2849 0 43
2850 0 41
2851 0 42
2852 0 42
2853 0 41
2854 0 41
2855 0 41
2856 0 42
2857 0 42
2858 0 41
2859 0 40
2860 0 42
2861 0 41
2862 0 41
2863 0 43
2864 0 41
2865 0 42
2866 0 42
2867 0 41
2868 0 41
2869 0 41
2870 0 42
2871 0 42
2872 0 42
2873 0 41
2874 0 42
2875 0 41
2876 0 42
2877 0 42
2878 0 42
2879 0 41
2880 0 41
2881 0 41
2882 0 41
2883 0 41
2884 0 41
2885 0 41
2886 0 41
2887 0 41
2888 0 41
2889 0 41
2890 0 41
2891 0 41
2892 0 41
2893 0 41
2894 0 41
2895 0 41
2896 0 41
2897 0 41
2898 0 40
2899 0 41
2900 0 41
2901 0 41
2902 0 41
2903 0 41
2904 0 40
2905 0 41
2906 0 41
2907 0 41
2908 0 41
2909 0 41
2910 0 41
2911 0 41
2912 0 41
2913 0 41
2914 0 41
2915 0 40
2916 0 41
2917 0 41
2918 0 41
2919 0 41
2920 0 41
2921 0 41
2922 0 41
2923 0 40
2924 0 40
2925 0 40
2926 0 41
2927 0 41
2928 0 41
2929 0 40
2930 0 41
2931 0 41
2932 0 41
2933 0 41
2934 0 41
2935 0 40
2936 0 42
2937 0 42
2938 0 41
2939 0 42
2940 0 42
2941 0 41
2942 0 41
2943 0 41
2944 0 41
2945 0 41
2946 0 40
2947 0 41
2948 0 40
2949 0 40
2950 0 41
2951 0 40
2952 0 41
2953 0 41
2954 0 40
2955 0 40
2956 0 40
2957 0 41
2958 0 41
2959 0 41
2960 0 40
2961 0 41
2962 0 40
2963 0 40
2964 0 41
2965 0 40
2966 0 41
2967 0 41
2968 0 40
2969 0 40
2970 0 40
2971 0 41
2972 0 40
2973 0 40
2974 0 41
2975 0 40
2976 0 41
2977 0 41
2978 0 40
2979 0 40
2980 0 40
2981 0 41
2982 0 41
2983 0 41
2984 0 40
2985 0 41
2986 0 40
2987 0 40
2988 0 41
2989 0 40
2990 0 41
2991 0 41
2992 0 40
2993 0 40
2994 0 40
2995 0 40
2996 0 40
2997 0 40
2998 0 40
2999 0 40
3000 0 40
3001 0 40
3002 0 40
3003 0 41
3004 0 40
3005 0 41
3006 0 40
3007 0 40
3008 0 41
3009 0 40
3010 0 41
3011 0 40
3012 0 40
3013 0 41
3014 0 40
3015 0 40
3016 0 40
3017 0 41
3018 0 41
3019 0 40
3020 0 42
3021 0 42
3022 0 42
3023 0 42
3024 0 42
3025 0 41
3026 0 42
3027 0 42
3028 0 43
3029 0 42
3030 0 42
3031 0 41
3032 0 41
3033 0 42
3034 0 41
3035 0 41
3036 0 41
3037 0 41
3038 0 41
3039 0 41
3040 0 41
3041 0 43
3042 0 41
3043 0 42
3044 0 43
3045 0 41
3046 0 41
3047 0 42
3048 0 41
3049 0 41
3050 0 41
3051 0 42
3052 0 42
3053 0 42
3054 0 42
3055 0 42
3056 0 42
3057 0 42
3058 0 42
3059 0 43
3060 0 42
3061 0 42
3062 0 41
3063 0 41
3064 0 42
3065 0 41
3066 0 41
3067 0 41
3068 0 41
3069 0 41
3070 0 41
3071 0 41
3072 0 42
3073 0 41
3074 0 41
3075 0 42
3076 0 41
3077 0 42
3078 0 42
3079 0 41
3080 0 41
3081 0 41
3082 0 42
3083 0 42
3084 0 41
3085 0 40
3086 0 42
3087 0 41
3088 0 41
3089 0 42
3090 0 41
3091 0 42
3092 0 42
3093 0 41
3094 0 41
3095 0 41
3096 0 41
3097 0 41
3098 0 41
3099 0 40
3100 0 41
3101 0 40
3102 0 41
3103 0 41
3104 0 41
3105 0 40
3106 0 41
3107 0 41
3108 0 41
3109 0 40
3110 0 41
3111 0 40
3112 0 41
3113 0 41
3114 0 41
3115 0 40
3116 0 41
3117 0 40
3118 0 40
3119 0 42
3120 0 40
3121 0 41
3122 0 41
3123 0 41
3124 0 41
3125 0 41
3126 0 41
3127 0 42
3128 0 41
3129 0 41
3130 0 42
3131 0 41
3132 0 42
3133 0 42
3134 0 41
3135 0 41
3136 0 41
3137 0 42
3138 0 42
3139 0 42
3140 0 41
3141 0 42
3142 0 41
3143 0 41
3144 0 42
3145 0 41
3146 0 42
3147 0 42
3148 0 41
3149 0 41
3150 0 41
3151 0 41
3152 0 41
3153 0 41
3154 0 41
3155 0 41
3156 0 40
3157 0 41
3158 0 41
3159 0 42
3160 0 41
3161 0 42
3162 0 40
3163 0 41
3164 0 42
3165 0 40
3166 0 42
3167 0 40
3168 0 41
3169 0 42
3170 0 40
3171 0 40
3172 0 41
3173 0 41
3174 0 41
3175 0 41
3176 0 42
3177 0 43
3178 0 43
3179 0 42
3180 0 43
3181 0 41
3182 0 42
3183 0 43
3184 0 43
3185 0 42
3186 0 42
3187 0 41
3188 0 41
3189 0 42
3190 0 41
3191 0 41
3192 0 41
3193 0 41
3194 0 41
3195 0 41
3196 0 41
3197 0 43
3198 0 41
3199 0 42
3200 0 43
3201 0 41
3202 0 41
3203 0 42
3204 0 42
3205 0 42
3206 0 41
3207 0 43
3208 0 43
3209 0 43
3210 0 42
3211 0 43
3212 0 42
3213 0 43
3214 0 43
3215 0 43
3216 0 42
3217 0 42
3218 0 41
3219 0 41
3220 0 42
3221 0 41
3222 0 41
3223 0 41
3224 0 41
3225 0 41
3226 0 41
3227 0 41
3228 0 42
3229 0 41
3230 0 41
3231 0 43
3232 0 41
3233 0 42
3234 0 42
3235 0 41
3236 0 41
3237 0 41
3238 0 42
3239 0 42
3240 0 41
3241 0 40
3242 0 42
3243 0 41
3244 0 41
3245 0 43
3246 0 41
3247 0 42
3248 0 43
3249 0 41
3250 0 41
3251 0 41
3252 0 41
3253 0 41
3254 0 41
3255 0 40
3256 0 41
3257 0 40
3258 0 41
3259 0 41
3260 0 41
3261 0 40
3262 0 41
3263 0 41
3264 0 41
3265 0 40
3266 0 41
3267 0 40
3268 0 41
3269 0 41
3270 0 41
3271 0 40
3272 0 41
3273 0 40
3274 0 40
3275 0 42
3276 0 40
3277 0 41
3278 0 41
3279 0 41
3280 0 41
3281 0 41
3282 0 41
3283 0 42
3284 0 41
3285 0 42
3286 0 42
3287 0 41
3288 0 42
3289 0 42
3290 0 41
3291 0 41
3292 0 41
3293 0 42
3294 0 42
3295 0 41
3296 0 41
3297 0 43
3298 0 41
3299 0 42
3300 0 43
3301 0 41
3302 0 42
3303 0 43
3304 0 41
3305 0 41
3306 0 41
3307 0 42
3308 0 42
3309 0 42
3310 0 41
3311 0 42
3312 0 41
3313 0 42
3314 0 42
3315 0 42
3316 0 41
3317 0 41
3318 0 41
3319 0 42
3320 0 41
3321 0 41
3322 0 41
3323 0 41
3324 0 42
3325 0 41
3326 0 41
3327 0 41
3328 0 42
3329 0 41
3330 0 41
3331 0 41
3332 0 42
3333 0 42
3334 0 42
3335 0 41
3336 0 42
3337 0 41
3338 0 42
3339 0 42
3340 0 42
3341 0 41
3342 0 41
3343 0 41
3344 0 41
3345 0 41
3346 0 41
3347 0 41
3348 0 41
3349 0 41
3350 0 41
3351 0 40
3352 0 40
3353 0 42
3354 0 41
3355 0 42
3356 0 42
3357 0 41
3358 0 42
3359 0 42
3360 0 41
3361 0 41
3362 0 41
3363 0 42
3364 0 42
3365 0 41
3366 0 41
3367 0 43
3368 0 41
3369 0 42
3370 0 43
3371 0 41
3372 0 42
3373 0 43
3374 0 41
3375 0 41
3376 0 41
3377 0 42
3378 0 43
3379 0 42
3380 0 42
3381 0 42
3382 0 41
3383 0 42
3384 0 43
3385 0 43
3386 0 42
3387 0 41
3388 0 41
3389 0 42
3390 0 41
3391 0 41
3392 0 41
3393 0 41
3394 0 42
3395 0 41
3396 0 41
3397 0 41
3398 0 42
3399 0 41
3400 0 41
3401 0 41
3402 0 41
3403 0 41
3404 0 41
3405 0 40
3406 0 41
3407 0 40
3408 0 41
3409 0 41
3410 0 41
3411 0 40
3412 0 41
3413 0 41
3414 0 41
3415 0 41
3416 0 41
3417 0 41
3418 0 41
3419 0 41
3420 0 41
3421 0 40
3422 0 40
3423 0 41
3424 0 41
3425 0 42
3426 0 41
3427 0 41
3428 0 41
3429 0 42
3430 0 40
3431 0 40
3432 0 40
3433 0 41
3434 0 41
3435 0 41
3436 0 40
3437 0 41
3438 0 40
3439 0 41
3440 0 41
3441 0 41
3442 0 40
3443 0 41
3444 0 41
3445 0 41
3446 0 41
3447 0 41
3448 0 41
3449 0 41
3450 0 41
3451 0 41
3452 0 40
3453 0 40
3454 0 41
3455 0 41
3456 0 41
3457 0 40
3458 0 41
3459 0 40
3460 0 41
3461 0 41
3462 0 41
3463 0 40
3464 0 41
3465 0 41
3466 0 41
3467 0 41
3468 0 41
3469 0 41
3470 0 41
3471 0 41
3472 0 41
3473 0 40
3474 0 40
3475 0 41
3476 0 41
3477 0 42
3478 0 41
3479 0 41
3480 0 41
3481 0 42
3482 0 40
3483 0 40
3484 0 40
3485 0 41
3486 0 41
3487 0 41
3488 0 40
3489 0 41
3490 0 40
3491 0 41
3492 0 41
3493 0 41
3494 0 40
3495 0 41
3496 0 41
3497 0 41
3498 0 41
3499 0 41
3500 0 41
3501 0 41
3502 0 41
3503 0 41
3504 0 40
3505 0 40
3506 0 41
3507 0 40
3508 0 41
3509 0 41
3510 0 40
3511 0 41
3512 0 41
3513 0 40
3514 0 40
3515 0 40
3516 0 41
3517 0 41
3518 0 40
3519 0 40
3520 0 42
3521 0 40
3522 0 41
3523 0 42
3524 0 40
3525 0 41
3526 0 42
3527 0 40
3528 0 40
3529 0 40
3530 0 41
3531 0 41
3532 0 41
3533 0 40
3534 0 41
3535 0 40
3536 0 41
3537 0 41
3538 0 41
3539 0 40
3540 0 41
3541 0 41
3542 0 41
3543 0 40
3544 0 41
3545 0 40
3546 0 41
3547 0 41
3548 0 41
3549 0 40
3550 0 41
3551 0 40
3552 0 40
3553 0 41
3554 0 40
3555 0 41
3556 0 41
3557 0 41
3558 0 41
3559 0 41
3560 0 40
3561 0 42
3562 0 41
3563 0 42
3564 0 41
3565 0 41
3566 0 41
3567 0 41
3568 0 41
3569 0 41
3570 0 41
3571 0 41
3572 0 42
3573 0 42
3574 0 42
3575 0 41
3576 0 41
3577 0 41
3578 0 41
3579 0 41
3580 0 41
3581 0 42
3582 0 41
3583 0 42
3584 0 41
3585 0 41
3586 0 42
3587 0 41
3588 0 41
3589 0 40
3590 0 41
3591 0 41
3592 0 40
3593 0 41
3594 0 40
3595 0 40
3596 0 41
3597 0 41
3598 0 41
3599 0 41
3600 0 42
3601 0 41
3602 0 42
3603 0 41
3604 0 41
3605 0 42
3606 0 41
3607 0 41
3608 0 40
3609 0 41
3610 0 40
3611 0 40
3612 0 40
3613 0 40
3614 0 40
3615 0 41
3616 0 42
3617 0 41
3618 0 42
3619 0 41
3620 0 41
3621 0 41
3622 0 41
3623 0 41
3624 0 41
3625 0 41
3626 0 41
3627 0 43
3628 0 42
3629 0 43
3630 0 41
3631 0 41
3632 0 41
3633 0 41
3634 0 41
3635 0 41
3636 0 42
3637 0 41
3638 0 42
3639 0 41
3640 0 41
3641 0 42
3642 0 41
3643 0 41
3644 0 40
3645 0 41
3646 0 41
3647 0 40
3648 0 41
3649 0 40
3650 0 40
3651 0 41
3652 0 41
3653 0 41
3654 0 41
3655 0 42
3656 0 41
3657 0 42
3658 0 41
3659 0 41
3660 0 42
3661 0 41
3662 0 42
3663 0 41
3664 0 42
3665 0 41
3666 0 41
3667 0 41
3668 0 41
3669 0 41
3670 0 41
3671 0 42
3672 0 41
3673 0 42
3674 0 41
3675 0 41
3676 0 41
3677 0 41
3678 0 41
3679 0 41
3680 0 42
3681 0 41
3682 0 42
3683 0 41
3684 0 41
3685 0 42
3686 0 41
3687 0 42
3688 0 41
3689 0 42
3690 0 41
3691 0 41
3692 0 41
3693 0 41
3694 0 41
3695 0 41
3696 0 41
3697 0 40
3698 0 41
3699 0 41
3700 0 41
3701 0 41
3702 0 41
3703 0 41
3704 0 41
3705 0 41
3706 0 40
3707 0 41
3708 0 40
3709 0 41
3710 0 41
3711 0 41
3712 0 41
3713 0 41
3714 0 41
3715 0 40
3716 0 41
3717 0 41
3718 0 41
3719 0 41
3720 0 41
3721 0 41
3722 0 41
3723 0 41
3724 0 40
3725 0 41
3726 0 40
3727 0 41
3728 0 41
3729 0 41
3730 0 41
3731 0 41
3732 0 40
3733 0 40
3734 0 41
3735 0 40
3736 0 41
3737 0 40
3738 0 40
3739 0 41
3740 0 40
3741 0 41
3742 0 40
3743 0 41
3744 0 41
3745 0 40
3746 0 41
3747 0 40
3748 0 40
3749 0 41
3750 0 41
3751 0 41
3752 0 41
3753 0 42
3754 0 41
3755 0 42
3756 0 41
3757 0 41
3758 0 42
3759 0 41
3760 0 42
3761 0 41
3762 0 42
3763 0 41
3764 0 41
3765 0 41
3766 0 41
3767 0 41
3768 0 41
3769 0 42
3770 0 42
3771 0 42
3772 0 42
3773 0 42
3774 0 41
3775 0 41
3776 0 41
3777 0 41
3778 0 42
3779 0 41
3780 0 42
3781 0 41
3782 0 41
3783 0 42
3784 0 41
3785 0 42
3786 0 41
3787 0 42
3788 0 41
3789 0 41
3790 0 41
3791 0 41
3792 0 41
3793 0 41
3794 0 41
3795 0 41
3796 0 41
3797 0 41
3798 0 41
3799 0 41
3800 0 41
3801 0 41
3802 0 41
3803 0 41
3804 0 40
3805 0 41
3806 0 41
3807 0 41
3808 0 42
3809 0 42
3810 0 41
3811 0 41
3812 0 40
3813 0 40
3814 0 41
3815 0 40
3816 0 41
3817 0 40
3818 0 40
3819 0 41
3820 0 40
3821 0 40
3822 0 40
3823 0 41
3824 0 40
3825 0 41
3826 0 40
3827 0 40
3828 0 41
3829 0 40
3830 0 40
3831 0 40
3832 0 40
3833 0 40
3834 0 40
3835 0 40
3836 0 40
3837 0 40
3838 0 40
3839 0 42
3840 0 41
3841 0 42
3842 0 41
3843 0 41
3844 0 41
3845 0 41
3846 0 41
3847 0 41
3848 0 41
3849 0 41
3850 0 42
3851 0 42
3852 0 42
3853 0 41
3854 0 41
3855 0 41
3856 0 41
3857 0 41
3858 0 41
3859 0 42
3860 0 41
3861 0 42
3862 0 41
3863 0 41
3864 0 42
3865 0 41
3866 0 41
3867 0 40
3868 0 41
3869 0 41
3870 0 40
3871 0 41
3872 0 40
3873 0 40
3874 0 41
3875 0 41
3876 0 41
3877 0 41
3878 0 42
3879 0 41
3880 0 42
3881 0 41
3882 0 41
3883 0 42
3884 0 41
3885 0 41
3886 0 40
3887 0 41
3888 0 40
3889 0 40
3890 0 40
3891 0 40
3892 0 40
3893 0 41
3894 0 42
3895 0 41
3896 0 42
3897 0 41
3898 0 41
3899 0 41
3900 0 41
3901 0 41
3902 0 41
3903 0 41
3904 0 41
3905 0 43
3906 0 42
3907 0 43
3908 0 41
3909 0 41
3910 0 41
3911 0 41
3912 0 41
3913 0 41
3914 0 42
3915 0 41
3916 0 42
3917 0 41
3918 0 41
3919 0 42
3920 0 41
3921 0 41
3922 0 40
3923 0 41
3924 0 41
3925 0 40
3926 0 41
3927 0 40
3928 0 40
3929 0 41
3930 0 41
3931 0 41
3932 0 41
3933 0 42
3934 0 41
3935 0 42
3936 0 41
3937 0 41
3938 0 42
3939 0 41
3940 0 42
3941 0 41
3942 0 42
3943 0 41
3944 0 41
3945 0 41
3946 0 41
3947 0 41
3948 0 41
3949 0 42
3950 0 41
3951 0 42
3952 0 41
3953 0 41
3954 0 41
3955 0 41
3956 0 41
3957 0 41
3958 0 42
3959 0 41
3960 0 42
3961 0 41
3962 0 41
3963 0 42
3964 0 41
3965 0 42
3966 0 41
3967 0 42
3968 0 41
3969 0 41
3970 0 41
3971 0 41
3972 0 41
3973 0 41
3974 0 41
3975 0 40
3976 0 41
3977 0 41
3978 0 41
3979 0 41
3980 0 41
3981 0 41
3982 0 41
3983 0 41
3984 0 40
3985 0 41
3986 0 40
3987 0 41
3988 0 41
3989 0 41
3990 0 41
3991 0 41
3992 0 41
3993 0 40
3994 0 41
3995 0 41
3996 0 41
3997 0 41
3998 0 41
3999 0 41
4000 0 41
4001 0 41
4002 0 40
4003 0 41
4004 0 40
4005 0 41
4006 0 41
4007 0 41
4008 0 41
4009 0 41
4010 0 40
4011 0 40
4012 0 41
4013 0 40
4014 0 41
4015 0 40
4016 0 40
4017 0 41
4018 0 40
4019 0 41
4020 0 40
4021 0 41
4022 0 41
4023 0 40
4024 0 41
4025 0 40
4026 0 40
4027 0 41
4028 0 41
4029 0 41
4030 0 41
4031 0 41
4032 0 41
4033 0 41
4034 0 40
4035 0 41
4036 0 41
4037 0 40
4038 0 40
4039 0 41
4040 0 41
4041 0 41
4042 0 41
4043 0 41
4044 0 40
4045 0 41
4046 0 41
4047 0 41
4048 0 41
4049 0 41
4050 0 41
4051 0 41
4052 0 41
4053 0 41
4054 0 41
4055 0 41
4056 0 41
4057 0 41
4058 0 41
4059 0 41
4060 0 40
4061 0 40
4062 0 40
4063 0 41
4064 0 41
4065 0 41
4066 0 41
4067 0 42
4068 0 41
4069 0 41
4070 0 41
4071 0 41
4072 0 41
4073 0 41
4074 0 42
4075 0 40
4076 0 40
4077 0 40
4078 0 40
4079 0 40
4080 0 40
4081 0 41
4082 0 41
4083 0 41
4084 0 41
4085 0 41
4086 0 40
4087 0 41
4088 0 41
4089 0 40
4090 0 40
4091 0 41
4092 0 41
4093 0 41
4094 0 41
4095 0 41
4096 0 40
4097 0 41
4098 0 41
4099 0 41
4100 0 41
4101 0 41
4102 0 41
4103 0 41
4104 0 41
4105 0 41
4106 0 41
4107 0 41
4108 0 41
4109 0 41
4110 0 41
4111 0 41
4112 0 40
4113 0 40
4114 0 40
4115 0 41
4116 0 41
4117 0 41
4118 0 41
4119 0 41
4120 0 40
4121 0 41
4122 0 41
4123 0 40
4124 0 40
4125 0 41
4126 0 41
4127 0 41
4128 0 41
4129 0 41
4130 0 40
4131 0 41
4132 0 41
4133 0 41
4134 0 41
4135 0 41
4136 0 41
4137 0 41
4138 0 41
4139 0 41
4140 0 41
4141 0 41
4142 0 41
4143 0 41
4144 0 41
4145 0 41
4146 0 40
4147 0 40
4148 0 40
4149 0 41
4150 0 41
4151 0 41
4152 0 41
4153 0 42
4154 0 41
4155 0 41
4156 0 41
4157 0 41
4158 0 41
4159 0 41
4160 0 42
4161 0 40
4162 0 40
4163 0 40
4164 0 40
4165 0 40
4166 0 40
4167 0 41
4168 0 41
4169 0 41
4170 0 41
4171 0 41
4172 0 40
4173 0 41
4174 0 41
4175 0 40
4176 0 40
4177 0 41
4178 0 41
4179 0 41
4180 0 41
4181 0 41
4182 0 40
4183 0 41
4184 0 41
4185 0 41
4186 0 41
4187 0 41
4188 0 41
4189 0 41
4190 0 41
4191 0 41
4192 0 41
4193 0 41
4194 0 41
4195 0 41
4196 0 41
4197 0 41
4198 0 40
4199 0 40
4200 0 40
4201 0 41
4202 0 41
4203 0 40
4204 0 40
4205 0 41
4206 0 41
4207 0 41
4208 0 40
4209 0 40
4210 0 41
4211 0 41
4212 0 41
4213 0 40
4214 0 40
4215 0 40
4216 0 40
4217 0 40
4218 0 40
4219 0 41
4220 0 41
4221 0 41
4222 0 40
4223 0 40
4224 0 40
4225 0 42
4226 0 42
4227 0 40
4228 0 40
4229 0 41
4230 0 42
4231 0 42
4232 0 40
4233 0 40
4234 0 41
4235 0 41
4236 0 42
4237 0 40
4238 0 40
4239 0 40
4240 0 40
4241 0 40
4242 0 40
4243 0 41
4244 0 41
4245 0 41
4246 0 41
4247 0 41
4248 0 40
4249 0 41
4250 0 41
4251 0 40
4252 0 40
4253 0 41
4254 0 41
4255 0 41
4256 0 41
4257 0 41
4258 0 40
4259 0 41
4260 0 41
4261 0 41
4262 0 41
4263 0 41
4264 0 40
4265 0 41
4266 0 41
4267 0 40
4268 0 40
4269 0 41
4270 0 41
4271 0 41
4272 0 41
4273 0 41
4274 0 40
4275 0 41
4276 0 41
4277 0 40
4278 0 40
4279 0 40
4280 0 41
4281 0 41
4282 0 40
4283 0 40
4284 0 41
4285 0 41
4286 0 41
4287 0 41
4288 0 41
4289 0 41
4290 0 41
4291 0 41
4292 0 40
4293 0 42
4294 0 41
4295 0 42
4296 0 41
4297 0 41
4298 0 41
4299 0 41
4300 0 41
4301 0 41
4302 0 41
4303 0 41
4304 0 43
4305 0 42
4306 0 43
4307 0 41
4308 0 41
4309 0 41
4310 0 41
4311 0 41
4312 0 41
4313 0 42
4314 0 41
4315 0 42
4316 0 41
4317 0 41
4318 0 42
4319 0 41
4320 0 41
4321 0 40
4322 0 41
4323 0 41
4324 0 40
4325 0 41
4326 0 40
4327 0 40
4328 0 41
4329 0 41
4330 0 41
4331 0 41
4332 0 42
4333 0 41
4334 0 43
4335 0 41
4336 0 41
4337 0 42
4338 0 41
4339 0 41
4340 0 40
4341 0 41
4342 0 40
4343 0 40
4344 0 40
4345 0 40
4346 0 40
4347 0 41
4348 0 42
4349 0 41
4350 0 42
4351 0 41
4352 0 41
4353 0 41
4354 0 41
4355 0 41
4356 0 41
4357 0 41
4358 0 41
4359 0 43
4360 0 42
4361 0 43
4362 0 41
4363 0 41
4364 0 41
4365 0 41
4366 0 41
4367 0 41
4368 0 42
4369 0 41
4370 0 42
4371 0 41
4372 0 41
4373 0 42
4374 0 41
4375 0 41
4376 0 40
4377 0 41
4378 0 41
4379 0 40
4380 0 41
4381 0 40
4382 0 40
4383 0 41
4384 0 41
4385 0 41
4386 0 41
4387 0 42
4388 0 41
4389 0 42
4390 0 41
4391 0 41
4392 0 42
4393 0 41
4394 0 42
4395 0 41
4396 0 42
4397 0 41
4398 0 41
4399 0 41
4400 0 41
4401 0 41
4402 0 41
4403 0 42
4404 0 41
4405 0 42
4406 0 41
4407 0 41
4408 0 41
4409 0 41
4410 0 41
4411 0 41
4412 0 42
4413 0 41
4414 0 42
4415 0 41
4416 0 41
4417 0 42
4418 0 41
4419 0 42
4420 0 41
4421 0 42
4422 0 41
4423 0 41
4424 0 41
4425 0 41
4426 0 41
4427 0 41
4428 0 41
4429 0 40
4430 0 41
4431 0 41
4432 0 41
4433 0 41
4434 0 41
4435 0 41
4436 0 41
4437 0 41
4438 0 40
4439 0 41
4440 0 40
4441 0 41
4442 0 41
4443 0 41
4444 0 41
4445 0 41
4446 0 41
4447 0 40
4448 0 41
4449 0 41
4450 0 41
4451 0 41
4452 0 41
4453 0 41
4454 0 41
4455 0 41
4456 0 40
4457 0 41
4458 0 40
4459 0 41
4460 0 41
4461 0 41
4462 0 41
4463 0 41
4464 0 40
4465 0 40
4466 0 41
4467 0 40
4468 0 41
4469 0 40
4470 0 40
4471 0 41
4472 0 40
4473 0 41
4474 0 40
4475 0 41
4476 0 41
4477 0 40
4478 0 41
4479 0 40
4480 0 40
4481 0 41
4482 0 41
4483 0 41
4484 0 41
4485 0 42
4486 0 41
4487 0 43
4488 0 41
4489 0 41
4490 0 42
4491 0 41
4492 0 42
4493 0 41
4494 0 42
4495 0 41
4496 0 41
4497 0 41
4498 0 41
4499 0 41
4500 0 41
4501 0 43
4502 0 42
4503 0 43
4504 0 42
4505 0 42
4506 0 42
4507 0 42
4508 0 41
4509 0 41
4510 0 42
4511 0 41
4512 0 43
4513 0 41
4514 0 41
4515 0 42
4516 0 41
4517 0 42
4518 0 41
4519 0 42
4520 0 41
4521 0 41
4522 0 41
4523 0 41
4524 0 41
4525 0 41
4526 0 42
4527 0 41
4528 0 42
4529 0 41
4530 0 41
4531 0 42
4532 0 42
4533 0 41
4534 0 41
4535 0 41
4536 0 40
4537 0 42
4538 0 41
4539 0 42
4540 0 42
4541 0 42
4542 0 42
4543 0 42
4544 0 40
4545 0 40
4546 0 41
4547 0 40
4548 0 42
4549 0 40
4550 0 40
4551 0 41
4552 0 40
4553 0 40
4554 0 40
4555 0 41
4556 0 40
4557 0 42
4558 0 40
4559 0 40
4560 0 41
4561 0 40
4562 0 41
4563 0 40
4564 0 41
4565 0 40
4566 0 40
4567 0 40
4568 0 40
4569 0 40
4570 0 40
4571 0 42
4572 0 41
4573 0 42
4574 0 41
4575 0 41
4576 0 41
4577 0 41
4578 0 41
4579 0 41
4580 0 41
4581 0 41
4582 0 43
4583 0 42
4584 0 43
4585 0 41
4586 0 41
4587 0 41
4588 0 41
4589 0 41
4590 0 41
4591 0 42
4592 0 41
4593 0 42
4594 0 41
4595 0 41
4596 0 42
4597 0 41
4598 0 41
4599 0 40
4600 0 41
4601 0 41
4602 0 40
4603 0 41
4604 0 40
4605 0 40
4606 0 41
4607 0 41
4608 0 41
4609 0 41
4610 0 42
4611 0 41
4612 0 43
4613 0 41
4614 0 41
4615 0 42
4616 0 41
4617 0 41
4618 0 40
4619 0 41
4620 0 40
4621 0 40
4622 0 40
4623 0 40
4624 0 40
4625 0 41
4626 0 42
4627 0 41
4628 0 42
4629 0 41
4630 0 41
4631 0 41
4632 0 41
4633 0 41
4634 0 41
4635 0 41
4636 0 41
4637 0 43
4638 0 42
4639 0 43
4640 0 41
4641 0 41
4642 0 41
4643 0 41
4644 0 41
4645 0 41
4646 0 42
4647 0 41
4648 0 42
4649 0 41
4650 0 41
4651 0 42
4652 0 41
4653 0 41
4654 0 40
4655 0 41
4656 0 41
4657 0 40
4658 0 41
4659 0 40
4660 0 40
4661 0 41
4662 0 41
4663 0 41
4664 0 41
4665 0 42
4666 0 41
4667 0 42
4668 0 41
4669 0 41
4670 0 42
4671 0 41
4672 0 42
4673 0 41
4674 0 42
4675 0 41
4676 0 41
4677 0 41
4678 0 41
4679 0 41
4680 0 41
4681 0 42
4682 0 41
4683 0 42
4684 0 41
4685 0 41
4686 0 41
4687 0 41
4688 0 41
4689 0 41
4690 0 42
4691 0 41
4692 0 42
4693 0 41
4694 0 41
4695 0 42
4696 0 41
4697 0 42
4698 0 41
4699 0 42
4700 0 41
4701 0 41
4702 0 41
4703 0 41
4704 0 41
4705 0 41
4706 0 41
4707 0 40
4708 0 41
4709 0 41
4710 0 41
4711 0 41
4712 0 41
4713 0 41
4714 0 41
4715 0 41
4716 0 40
4717 0 41
4718 0 40
4719 0 41
4720 0 41
4721 0 41
4722 0 41
4723 0 41
4724 0 41
4725 0 40
4726 0 41
4727 0 41
4728 0 41
4729 0 41
4730 0 41
4731 0 41
4732 0 41
4733 0 41
4734 0 40
4735 0 41
4736 0 40
4737 0 41
4738 0 41
4739 0 41
4740 0 41
4741 0 41
4742 0 40
4743 0 40
4744 0 41
4745 0 40
4746 0 41
4747 0 40
4748 0 40
4749 0 41
4750 0 40
4751 0 41
4752 0 40
4753 0 41
4754 0 41
4755 0 40
4756 0 41
4757 0 40
4758 0 40
4759 0 41
4760 0 41
4761 0 41
4762 0 41
4763 0 41
4764 0 41
4765 0 42
4766 0 41
4767 0 41
4768 0 41
4769 0 41
4770 0 41
4771 0 40
4772 0 41
4773 0 40
4774 0 40
4775 0 40
4776 0 40
4777 0 40
4778 0 41
4779 0 41
4780 0 41
4781 0 41
4782 0 41
4783 0 41
4784 0 41
4785 0 41
4786 0 41
4787 0 41
4788 0 41
4789 0 41
4790 0 42
4791 0 41
4792 0 41
4793 0 41
4794 0 41
4795 0 41
4796 0 40
4797 0 41
4798 0 40
4799 0 40
4800 0 40
4801 0 40
4802 0 40
4803 0 41
4804 0 41
4805 0 40
4806 0 41
4807 0 41
4808 0 41
4809 0 41
4810 0 41
4811 0 41
4812 0 41
4813 0 41
4814 0 40
4815 0 41
4816 0 40
4817 0 41
4818 0 41
4819 0 41
4820 0 41
4821 0 41
4822 0 40
4823 0 40
4824 0 41
4825 0 40
4826 0 42
4827 0 40
4828 0 40
4829 0 41
4830 0 40
4831 0 40
4832 0 40
4833 0 41
4834 0 40
4835 0 42
4836 0 40
4837 0 40
4838 0 41
4839 0 40
4840 0 41
4841 0 40
4842 0 41
4843 0 40
4844 0 40
4845 0 40
4846 0 40
4847 0 40
4848 0 40
4849 0 41
4850 0 40
4851 0 41
4852 0 41
4853 0 41
4854 0 41
4855 0 41
4856 0 41
4857 0 41
4858 0 41
4859 0 40
4860 0 41
4861 0 40
4862 0 41
4863 0 41
4864 0 41
4865 0 41
4866 0 41
4867 0 40
4868 0 40
4869 0 41
4870 0 40
4871 0 41
4872 0 40
4873 0 40
4874 0 41
4875 0 40
4876 0 40
4877 0 40
4878 0 40
4879 0 40
4880 0 40
4881 0 40
4882 0 40
4883 0 40
4884 0 40
4885 0 40
4886 0 42
4887 0 42
4888 0 41
4889 0 41
4890 0 42
4891 0 42
4892 0 42
4893 0 41
4894 0 41
4895 0 41
4896 0 40
4897 0 41
4898 0 40
4899 0 40
4900 0 40
4901 0 40
4902 0 40
4903 0 41
4904 0 41
4905 0 41
4906 0 41
4907 0 41
4908 0 41
4909 0 41
4910 0 41
4911 0 42
4912 0 42
4913 0 41
4914 0 41
4915 0 42
4916 0 42
4917 0 42
4918 0 41
4919 0 41
4920 0 41
4921 0 40
4922 0 41
4923 0 40
4924 0 40
4925 0 40
4926 0 40
4927 0 40
4928 0 41
4929 0 42
4930 0 41
4931 0 42
4932 0 41
4933 0 41
4934 0 42
4935 0 42
4936 0 41
4937 0 41
4938 0 41
4939 0 40
4940 0 42
4941 0 41
4942 0 42
4943 0 42
4944 0 42
4945 0 42
4946 0 42
4947 0 40
4948 0 40
4949 0 41
4950 0 40
4951 0 42
4952 0 40
4953 0 40
4954 0 41
4955 0 40
4956 0 40
4957 0 40
4958 0 41
4959 0 40
4960 0 42
4961 0 40
4962 0 40
4963 0 41
4964 0 40
4965 0 41
4966 0 40
4967 0 41
4968 0 40
4969 0 40
4970 0 40
4971 0 40
4972 0 40
4973 0 40
4974 0 41
4975 0 41
4976 0 42
4977 0 41
4978 0 41
4979 0 40
4980 0 40
4981 0 41
4982 0 41
4983 0 40
4984 0 41
4985 0 41
4986 0 41
4987 0 42
4988 0 41
4989 0 41
4990 0 40
4991 0 40
4992 0 41
4993 0 41
4994 0 41
4995 0 41
4996 0 41
4997 0 41
4998 0 41
4999 0 41
5000 0 41
5001 0 40
5002 0 40
5003 0 40
5004 0 40
5005 0 40
5006 0 40
5007 0 40
5008 0 40
5009 0 40
5010 0 40
5011 0 41
5012 0 41
5013 0 41
5014 0 41
5015 0 42
5016 0 41
5017 0 41
5018 0 41
5019 0 41
5020 0 41
5021 0 40
5022 0 41
5023 0 40
5024 0 40
5025 0 40
5026 0 40
5027 0 40
5028 0 40
5029 0 41
5030 0 41
5031 0 42
5032 0 41
5033 0 41
5034 0 40
5035 0 40
5036 0 41
5037 0 41
5038 0 40
5039 0 41
5040 0 41
5041 0 41
5042 0 42
5043 0 41
5044 0 41
5045 0 40
5046 0 40
5047 0 41
5048 0 41
5049 0 41
5050 0 41
5051 0 41
5052 0 41
5053 0 41
5054 0 41
5055 0 41
5056 0 40
5057 0 40
5058 0 40
5059 0 40
5060 0 40
5061 0 40
5062 0 40
5063 0 40
5064 0 40
5065 0 40
5066 0 41
5067 0 41
5068 0 42
5069 0 41
5070 0 41
5071 0 40
5072 0 40
5073 0 41
5074 0 41
5075 0 40
5076 0 41
5077 0 41
5078 0 41
5079 0 42
5080 0 41
5081 0 41
5082 0 40
5083 0 40
5084 0 41
5085 0 41
5086 0 41
5087 0 41
5088 0 41
5089 0 41
5090 0 41
5091 0 41
5092 0 41
5093 0 40
5094 0 40
5095 0 40
5096 0 40
5097 0 40
5098 0 40
5099 0 40
5100 0 40
5101 0 40
5102 0 40
5103 0 41
5104 0 41
5105 0 41
5106 0 41
5107 0 42
5108 0 41
5109 0 41
5110 0 41
5111 0 41
5112 0 41
5113 0 40
5114 0 41
5115 0 40
5116 0 40
5117 0 40
5118 0 40
5119 0 40
5120 0 40
5121 0 41
5122 0 41
5123 0 42
5124 0 41
5125 0 41
5126 0 40
5127 0 40
5128 0 41
5129 0 41
5130 0 40
5131 0 41
5132 0 41
5133 0 41
5134 0 42
5135 0 41
5136 0 41
5137 0 40
5138 0 40
5139 0 41
5140 0 41
5141 0 41
5142 0 41
5143 0 41
5144 0 41
5145 0 41
5146 0 41
5147 0 41
5148 0 40
5149 0 40
5150 0 40
5151 0 40
5152 0 40
5153 0 40
5154 0 40
5155 0 40
5156 0 40
5157 0 40
5158 0 41
5159 0 41
5160 0 40
5161 0 41
5162 0 41
5163 0 41
5164 0 41
5165 0 40
5166 0 41
5167 0 40
5168 0 40
5169 0 40
5170 0 40
5171 0 40
5172 0 40
5173 0 40
5174 0 40
5175 0 40
5176 0 40
5177 0 40
5178 0 40
5179 0 40
5180 0 40
5181 0 40
5182 0 40
5183 0 41
5184 0 41
5185 0 40
5186 0 41
5187 0 41
5188 0 41
5189 0 41
5190 0 40
5191 0 41
5192 0 41
5193 0 40
5194 0 41
5195 0 40
5196 0 40
5197 0 40
5198 0 40
5199 0 40
5200 0 40
5201 0 41
5202 0 41
5203 0 41
5204 0 41
5205 0 41
5206 0 40
5207 0 40
5208 0 41
5209 0 41
5210 0 40
5211 0 40
5212 0 41
5213 0 41
5214 0 41
5215 0 41
5216 0 41
5217 0 40
5218 0 40
5219 0 41
5220 0 41
5221 0 41
5222 0 41
5223 0 41
5224 0 40
5225 0 40
5226 0 41
5227 0 41
5228 0 40
5229 0 40
5230 0 41
5231 0 41
5232 0 41
5233 0 41
5234 0 41
5235 0 40
5236 0 40
5237 0 41
5238 0 41
5239 0 40
5240 0 40
5241 0 40
5242 0 41
5243 0 41
5244 0 40
5245 0 40
5246 0 41
5247 0 40
5248 0 41
5249 0 41
5250 0 40
5251 0 41
5252 0 40
5253 0 40
5254 0 40
5255 0 40
5256 0 42
5257 0 42
5258 0 42
5259 0 41
5260 0 42
5261 0 42
5262 0 42
5263 0 41
5264 0 42
5265 0 41
5266 0 41
5267 0 41
5268 0 42
5269 0 42
5270 0 41
5271 0 42
5272 0 41
5273 0 41
5274 0 41
5275 0 41
5276 0 41
5277 0 43
5278 0 42
5279 0 42
5280 0 42
5281 0 43
5282 0 42
5283 0 43
5284 0 41
5285 0 43
5286 0 41
5287 0 41
5288 0 41
5289 0 42
5290 0 42
5291 0 41
5292 0 43
5293 0 41
5294 0 42
5295 0 41
5296 0 41
5297 0 41
5298 0 42
5299 0 41
5300 0 42
5301 0 41
5302 0 43
5303 0 41
5304 0 42
5305 0 41
5306 0 41
5307 0 41
5308 0 41
5309 0 41
5310 0 41
5311 0 40
5312 0 41
5313 0 41
5314 0 41
5315 0 41
5316 0 41
5317 0 40
5318 0 41
5319 0 41
5320 0 41
5321 0 40
5322 0 42
5323 0 40
5324 0 41
5325 0 41
5326 0 41
5327 0 43
5328 0 41
5329 0 43
5330 0 41
5331 0 42
5332 0 41
5333 0 41
5334 0 41
5335 0 43
5336 0 42
5337 0 43
5338 0 41
5339 0 43
5340 0 41
5341 0 42
5342 0 41
5343 0 41
5344 0 41
5345 0 41
5346 0 41
5347 0 41
5348 0 40
5349 0 41
5350 0 42
5351 0 41
5352 0 40
5353 0 41
5354 0 40
5355 0 41
5356 0 40
5357 0 41
5358 0 40
5359 0 40
5360 0 41
5361 0 41
5362 0 41
5363 0 42
5364 0 42
5365 0 43
5366 0 41
5367 0 42
5368 0 42
5369 0 42
5370 0 41
5371 0 42
5372 0 41
5373 0 41
5374 0 41
5375 0 42
5376 0 42
5377 0 41
5378 0 42
5379 0 41
5380 0 41
5381 0 42
5382 0 42
5383 0 41
5384 0 43
5385 0 42
5386 0 43
5387 0 42
5388 0 43
5389 0 42
5390 0 43
5391 0 41
5392 0 43
5393 0 41
5394 0 41
5395 0 41
5396 0 42
5397 0 42
5398 0 41
5399 0 43
5400 0 41
5401 0 42
5402 0 41
5403 0 41
5404 0 41
5405 0 42
5406 0 41
5407 0 42
5408 0 41
5409 0 43
5410 0 41
5411 0 42
5412 0 41
5413 0 41
5414 0 41
5415 0 41
5416 0 41
5417 0 41
5418 0 40
5419 0 41
5420 0 41
5421 0 41
5422 0 41
5423 0 41
5424 0 40
5425 0 41
5426 0 41
5427 0 41
5428 0 40
5429 0 42
5430 0 40
5431 0 41
5432 0 41
5433 0 41
5434 0 42
5435 0 41
5436 0 42
5437 0 41
5438 0 42
5439 0 41
5440 0 41
5441 0 41
5442 0 42
5443 0 41
5444 0 42
5445 0 41
5446 0 43
5447 0 41
5448 0 42
5449 0 41
5450 0 41
5451 0 41
5452 0 42
5453 0 42
5454 0 42
5455 0 41
5456 0 42
5457 0 42
5458 0 41
5459 0 41
5460 0 41
5461 0 41
5462 0 41
5463 0 41
5464 0 41
5465 0 41
5466 0 41
5467 0 41
5468 0 41
5469 0 41
5470 0 42
5471 0 42
5472 0 42
5473 0 41
5474 0 42
5475 0 42
5476 0 41
5477 0 41
5478 0 41
5479 0 41
5480 0 41
5481 0 41
5482 0 40
5483 0 42
5484 0 41
5485 0 42
5486 0 41
5487 0 42
5488 0 41
5489 0 41
5490 0 41
5491 0 42
5492 0 41
5493 0 42
5494 0 41
5495 0 43
5496 0 41
5497 0 42
5498 0 41
5499 0 41
5500 0 41
5501 0 42
5502 0 42
5503 0 42
5504 0 41
5505 0 42
5506 0 42
5507 0 41
5508 0 41
5509 0 41
5510 0 41
5511 0 41
5512 0 41
5513 0 41
5514 0 41
5515 0 41
5516 0 41
5517 0 41
5518 0 41
5519 0 41
5520 0 41
5521 0 41
5522 0 40
5523 0 41
5524 0 41
5525 0 41
5526 0 41
5527 0 41
5528 0 41
5529 0 41
5530 0 41
5531 0 40
5532 0 41
5533 0 41
5534 0 41
5535 0 41
5536 0 41
5537 0 40
5538 0 40
5539 0 40
5540 0 41
5541 0 41
5542 0 41
5543 0 40
5544 0 41
5545 0 41
5546 0 41
5547 0 41
5548 0 41
5549 0 41
5550 0 41
5551 0 41
5552 0 40
5553 0 41
5554 0 41
5555 0 41
5556 0 40
5557 0 41
5558 0 41
5559 0 41
5560 0 41
5561 0 41
5562 0 41
5563 0 41
5564 0 41
5565 0 40
5566 0 41
5567 0 41
5568 0 41
5569 0 41
5570 0 41
5571 0 40
5572 0 40
5573 0 40
5574 0 41
5575 0 41
5576 0 41
5577 0 40
5578 0 41
5579 0 41
5580 0 41
5581 0 41
5582 0 41
5583 0 41
5584 0 41
5585 0 41
5586 0 40
5587 0 41
5588 0 40
5589 0 41
5590 0 40
5591 0 41
5592 0 40
5593 0 40
5594 0 40
5595 0 41
5596 0 40
5597 0 42
5598 0 40
5599 0 42
5600 0 40
5601 0 41
5602 0 40
5603 0 40
5604 0 40
5605 0 41
5606 0 41
5607 0 41
5608 0 40
5609 0 41
5610 0 41
5611 0 41
5612 0 41
5613 0 41
5614 0 40
5615 0 41
5616 0 41
5617 0 41
5618 0 40
5619 0 41
5620 0 40
5621 0 41
5622 0 41
5623 0 41
5624 0 42
5625 0 41
5626 0 43
5627 0 41
5628 0 42
5629 0 41
5630 0 41
5631 0 41
5632 0 43
5633 0 41
5634 0 42
5635 0 41
5636 0 43
5637 0 41
5638 0 42
5639 0 41
5640 0 41
5641 0 41
5642 0 42
5643 0 42
5644 0 42
5645 0 41
5646 0 42
5647 0 42
5648 0 41
5649 0 41
5650 0 41
5651 0 41
5652 0 41
5653 0 41
5654 0 41
5655 0 41
5656 0 41
5657 0 41
5658 0 41
5659 0 41
5660 0 43
5661 0 42
5662 0 43
5663 0 42
5664 0 43
5665 0 42
5666 0 42
5667 0 42
5668 0 42
5669 0 42
5670 0 42
5671 0 42
5672 0 41
5673 0 42
5674 0 41
5675 0 43
5676 0 41
5677 0 42
5678 0 41
5679 0 41
5680 0 41
5681 0 43
5682 0 41
5683 0 42
5684 0 41
5685 0 43
5686 0 41
5687 0 42
5688 0 41
5689 0 41
5690 0 41
5691 0 42
5692 0 42
5693 0 42
5694 0 41
5695 0 42
5696 0 42
5697 0 41
5698 0 41
5699 0 41
5700 0 41
5701 0 41
5702 0 41
5703 0 41
5704 0 41
5705 0 41
5706 0 41
5707 0 41
5708 0 41
5709 0 42
5710 0 41
5711 0 41
5712 0 41
5713 0 42
5714 0 41
5715 0 41
5716 0 41
5717 0 41
5718 0 41
5719 0 42
5720 0 42
5721 0 41
5722 0 41
5723 0 41
5724 0 41
5725 0 41
5726 0 41
5727 0 40
5728 0 40
5729 0 40
5730 0 42
5731 0 41
5732 0 41
5733 0 41
5734 0 42
5735 0 41
5736 0 42
5737 0 42
5738 0 42
5739 0 42
5740 0 42
5741 0 42
5742 0 41
5743 0 42
5744 0 40
5745 0 42
5746 0 40
5747 0 41
5748 0 40
5749 0 40
5750 0 40
5751 0 42
5752 0 41
5753 0 42
5754 0 40
5755 0 42
5756 0 40
5757 0 41
5758 0 40
5759 0 40
5760 0 40
5761 0 42
5762 0 40
5763 0 42
5764 0 40
5765 0 41
5766 0 40
5767 0 40
5768 0 40
5769 0 42
5770 0 41
5771 0 42
5772 0 40
5773 0 42
5774 0 40
5775 0 41
5776 0 40
5777 0 40
5778 0 40
5779 0 41
5780 0 40
5781 0 40
5782 0 40
5783 0 41
5784 0 41
5785 0 41
5786 0 40
5787 0 41
5788 0 40
5789 0 41
5790 0 40
5791 0 41
5792 0 40
5793 0 40
5794 0 41
5795 0 41
5796 0 40
5797 0 42
5798 0 42
5799 0 42
5800 0 41
5801 0 42
5802 0 43
5803 0 43
5804 0 41
5805 0 43
5806 0 41
5807 0 41
5808 0 41
5809 0 42
5810 0 43
5811 0 41
5812 0 43
5813 0 41
5814 0 41
5815 0 41
5816 0 41
5817 0 41
5818 0 43
5819 0 42
5820 0 42
5821 0 42
5822 0 43
5823 0 43
5824 0 43
5825 0 41
5826 0 43
5827 0 41
5828 0 41
5829 0 41
5830 0 42
5831 0 42
5832 0 41
5833 0 43
5834 0 41
5835 0 42
5836 0 41
5837 0 41
5838 0 41
5839 0 42
5840 0 41
5841 0 42
5842 0 41
5843 0 43
5844 0 41
5845 0 42
5846 0 41
5847 0 41
5848 0 41
5849 0 41
5850 0 41
5851 0 41
5852 0 40
5853 0 41
5854 0 41
5855 0 41
5856 0 41
5857 0 41
5858 0 40
5859 0 41
5860 0 41
5861 0 41
5862 0 40
5863 0 42
5864 0 40
5865 0 41
5866 0 41
5867 0 41
5868 0 43
5869 0 41
5870 0 43
5871 0 41
5872 0 42
5873 0 41
5874 0 41
5875 0 41
5876 0 43
5877 0 42
5878 0 43
5879 0 41
5880 0 43
5881 0 41
5882 0 42
5883 0 41
5884 0 41
5885 0 41
5886 0 41
5887 0 41
5888 0 41
5889 0 40
5890 0 41
5891 0 42
5892 0 42
5893 0 40
5894 0 42
5895 0 40
5896 0 42
5897 0 40
5898 0 42
5899 0 40
5900 0 40
5901 0 41
5902 0 41
5903 0 41
5904 0 42
5905 0 43
5906 0 43
5907 0 41
5908 0 42
5909 0 43
5910 0 43
5911 0 41
5912 0 43
5913 0 41
5914 0 41
5915 0 41
5916 0 42
5917 0 43
5918 0 41
5919 0 43
5920 0 41
5921 0 41
5922 0 42
5923 0 42
5924 0 41
5925 0 43
5926 0 43
5927 0 43
5928 0 42
5929 0 43
5930 0 43
5931 0 43
5932 0 41
5933 0 43
5934 0 41
5935 0 41
5936 0 41
5937 0 42
5938 0 42
5939 0 41
5940 0 43
5941 0 41
5942 0 42
5943 0 41
5944 0 41
5945 0 41
5946 0 42
5947 0 41
5948 0 42
5949 0 41
5950 0 43
5951 0 41
5952 0 42
5953 0 41
5954 0 41
5955 0 41
5956 0 41
5957 0 41
5958 0 41
5959 0 40
5960 0 41
5961 0 41
5962 0 41
5963 0 41
5964 0 41
5965 0 40
5966 0 41
5967 0 41
5968 0 41
5969 0 40
5970 0 42
5971 0 40
5972 0 41
5973 0 41
5974 0 41
5975 0 42
5976 0 41
5977 0 42
5978 0 41
5979 0 42
5980 0 41
5981 0 41
5982 0 41
5983 0 42
5984 0 41
5985 0 43
5986 0 41
5987 0 43
5988 0 41
5989 0 42
5990 0 41
5991 0 41
5992 0 41
5993 0 42
5994 0 42
5995 0 42
5996 0 41
5997 0 42
5998 0 42
5999 0 41
6000 0 41
6001 0 41
6002 0 41
6003 0 41
6004 0 41
6005 0 41
6006 0 41
6007 0 41
6008 0 41
6009 0 41
6010 0 41
6011 0 42
6012 0 42
6013 0 42
6014 0 41
6015 0 42
6016 0 42
6017 0 41
6018 0 41
6019 0 41
6020 0 41
6021 0 41
6022 0 41
6023 0 40
6024 0 42
6025 0 41
6026 0 42
6027 0 41
6028 0 42
6029 0 41
6030 0 41
6031 0 41
6032 0 42
6033 0 41
6034 0 43
6035 0 41
6036 0 43
6037 0 41
6038 0 42
6039 0 41
6040 0 41
6041 0 41
6042 0 42
6043 0 42
6044 0 42
6045 0 41
6046 0 42
6047 0 43
6048 0 41
6049 0 41
6050 0 41
6051 0 41
6052 0 41
6053 0 41
6054 0 41
6055 0 41
6056 0 41
6057 0 41
6058 0 41
6059 0 41
6060 0 41
6061 0 41
6062 0 41
6063 0 40
6064 0 41
6065 0 41
6066 0 41
6067 0 41
6068 0 41
6069 0 41
6070 0 41
6071 0 41
6072 0 40
6073 0 41
6074 0 41
6075 0 41
6076 0 41
6077 0 41
6078 0 40
6079 0 40
6080 0 40
6081 0 41
6082 0 41
6083 0 41
6084 0 40
6085 0 41
6086 0 41
6087 0 41
6088 0 41
6089 0 41
6090 0 41
6091 0 41
6092 0 41
6093 0 40
6094 0 41
6095 0 41
6096 0 41
6097 0 40
6098 0 41
6099 0 41
6100 0 41
6101 0 41
6102 0 41
6103 0 41
6104 0 41
6105 0 41
6106 0 40
6107 0 41
6108 0 41
6109 0 41
6110 0 41
6111 0 41
6112 0 40
6113 0 40
6114 0 40
6115 0 41
6116 0 41
6117 0 41
6118 0 40
6119 0 41
6120 0 41
6121 0 41
6122 0 41
6123 0 41
6124 0 41
6125 0 41
6126 0 41
6127 0 40
6128 0 41
6129 0 40
6130 0 41
6131 0 40
6132 0 41
6133 0 40
6134 0 40
6135 0 40
6136 0 41
6137 0 40
6138 0 42
6139 0 40
6140 0 42
6141 0 40
6142 0 41
6143 0 40
6144 0 40
6145 0 40
6146 0 41
6147 0 41
6148 0 41
6149 0 40
6150 0 41
6151 0 41
6152 0 41
6153 0 41
6154 0 41
6155 0 40
6156 0 41
6157 0 41
6158 0 41
6159 0 40
6160 0 41
6161 0 40
6162 0 41
6163 0 41
6164 0 41
6165 0 42
6166 0 41
6167 0 42
6168 0 41
6169 0 41
6170 0 41
6171 0 41
6172 0 41
6173 0 42
6174 0 42
6175 0 42
6176 0 41
6177 0 42
6178 0 41
6179 0 41
6180 0 41
6181 0 41
6182 0 41
6183 0 41
6184 0 42
6185 0 42
6186 0 40
6187 0 41
6188 0 42
6189 0 41
6190 0 40
6191 0 41
6192 0 40
6193 0 41
6194 0 40
6195 0 41
6196 0 40
6197 0 40
6198 0 41
6199 0 41
6200 0 41
6201 0 41
6202 0 42
6203 0 42
6204 0 41
6205 0 41
6206 0 42
6207 0 41
6208 0 41
6209 0 41
6210 0 41
6211 0 41
6212 0 41
6213 0 41
6214 0 43
6215 0 41
6216 0 43
6217 0 41
6218 0 41
6219 0 41
6220 0 41
6221 0 41
6222 0 42
6223 0 42
6224 0 43
6225 0 41
6226 0 43
6227 0 41
6228 0 41
6229 0 41
6230 0 41
6231 0 41
6232 0 41
6233 0 42
6234 0 42
6235 0 40
6236 0 41
6237 0 43
6238 0 41
6239 0 40
6240 0 41
6241 0 40
6242 0 41
6243 0 40
6244 0 41
6245 0 40
6246 0 40
6247 0 41
6248 0 41
6249 0 41
6250 0 41
6251 0 42
6252 0 42
6253 0 40
6254 0 41
6255 0 42
6256 0 42
6257 0 41
6258 0 42
6259 0 41
6260 0 41
6261 0 41
6262 0 41
6263 0 42
6264 0 41
6265 0 42
6266 0 41
6267 0 41
6268 0 41
6269 0 41
6270 0 40
6271 0 41
6272 0 42
6273 0 42
6274 0 40
6275 0 41
6276 0 42
6277 0 42
6278 0 41
6279 0 42
6280 0 41
6281 0 41
6282 0 41
6283 0 41
6284 0 41
6285 0 40
6286 0 41
6287 0 40
6288 0 41
6289 0 41
6290 0 41
6291 0 40
6292 0 42
6293 0 42
6294 0 41
6295 0 40
6296 0 41
6297 0 40
6298 0 41
6299 0 41
6300 0 41
6301 0 40
6302 0 41
6303 0 40
6304 0 41
6305 0 40
6306 0 41
6307 0 41
6308 0 41
6309 0 40
6310 0 42
6311 0 42
6312 0 41
6313 0 40
6314 0 41
6315 0 40
6316 0 41
6317 0 41
6318 0 41
6319 0 40
6320 0 41
6321 0 41
6322 0 41
6323 0 40
6324 0 41
6325 0 42
6326 0 41
6327 0 40
6328 0 41
6329 0 40
6330 0 41
6331 0 40
6332 0 41
6333 0 40
6334 0 40
6335 0 41
6336 0 41
6337 0 40
6338 0 41
6339 0 42
6340 0 42
6341 0 40
6342 0 41
6343 0 42
6344 0 42
6345 0 41
6346 0 42
6347 0 41
6348 0 41
6349 0 41
6350 0 41
6351 0 42
6352 0 41
6353 0 42
6354 0 41
6355 0 41
6356 0 41
6357 0 41
6358 0 40
6359 0 41
6360 0 42
6361 0 42
6362 0 40
6363 0 41
6364 0 42
6365 0 42
6366 0 41
6367 0 42
6368 0 41
6369 0 41
6370 0 41
6371 0 41
6372 0 41
6373 0 40
6374 0 41
6375 0 40
6376 0 41
6377 0 41
6378 0 41
6379 0 40
6380 0 41
6381 0 41
6382 0 41
6383 0 40
6384 0 41
6385 0 40
6386 0 41
6387 0 41
6388 0 41
6389 0 40
6390 0 40
6391 0 41
6392 0 41
6393 0 40
6394 0 40
6395 0 41
6396 0 40
6397 0 41
6398 0 41
6399 0 40
6400 0 40
6401 0 41
6402 0 40
6403 0 40
6404 0 40
6405 0 40
6406 0 40
6407 0 40
6408 0 40
6409 0 42
6410 0 42
6411 0 42
6412 0 42
6413 0 41
6414 0 41
6415 0 41
6416 0 41
6417 0 42
6418 0 42
6419 0 42
6420 0 42
6421 0 42
6422 0 42
6423 0 41
6424 0 41
6425 0 41
6426 0 41
6427 0 41
6428 0 42
6429 0 42
6430 0 40
6431 0 41
6432 0 42
6433 0 41
6434 0 40
6435 0 41
6436 0 40
6437 0 41
6438 0 40
6439 0 41
6440 0 40
6441 0 40
6442 0 41
6443 0 41
6444 0 41
6445 0 41
6446 0 42
6447 0 42
6448 0 41
6449 0 41
6450 0 42
6451 0 41
6452 0 41
6453 0 41
6454 0 41
6455 0 41
6456 0 41
6457 0 41
6458 0 43
6459 0 42
6460 0 43
6461 0 42
6462 0 41
6463 0 41
6464 0 41
6465 0 41
6466 0 42
6467 0 42
6468 0 43
6469 0 42
6470 0 43
6471 0 42
6472 0 41
6473 0 41
6474 0 41
6475 0 41
6476 0 41
6477 0 42
6478 0 42
6479 0 40
6480 0 41
6481 0 43
6482 0 41
6483 0 40
6484 0 41
6485 0 40
6486 0 41
6487 0 40
6488 0 41
6489 0 40
6490 0 40
6491 0 41
6492 0 41
6493 0 41
6494 0 42
6495 0 42
6496 0 42
6497 0 41
6498 0 42
6499 0 43
6500 0 42
6501 0 41
6502 0 42
6503 0 41
6504 0 42
6505 0 42
6506 0 42
6507 0 42
6508 0 41
6509 0 42
6510 0 41
6511 0 41
6512 0 41
6513 0 41
6514 0 40
6515 0 42
6516 0 42
6517 0 42
6518 0 41
6519 0 42
6520 0 43
6521 0 43
6522 0 42
6523 0 43
6524 0 42
6525 0 42
6526 0 42
6527 0 42
6528 0 41
6529 0 40
6530 0 41
6531 0 40
6532 0 41
6533 0 41
6534 0 41
6535 0 40
6536 0 42
6537 0 42
6538 0 41
6539 0 40
6540 0 41
6541 0 40
6542 0 41
6543 0 41
6544 0 41
6545 0 40
6546 0 41
6547 0 40
6548 0 41
6549 0 40
6550 0 41
6551 0 41
6552 0 41
6553 0 40
6554 0 42
6555 0 42
6556 0 41
6557 0 40
6558 0 41
6559 0 40
6560 0 41
6561 0 41
6562 0 41
6563 0 40
6564 0 41
6565 0 41
6566 0 41
6567 0 40
6568 0 41
6569 0 42
6570 0 41
6571 0 40
6572 0 41
6573 0 40
6574 0 41
6575 0 40
6576 0 41
6577 0 40
6578 0 40
6579 0 41
6580 0 41
6581 0 40
6582 0 41
6583 0 41
6584 0 41
6585 0 41
6586 0 42
6587 0 41
6588 0 41
6589 0 41
6590 0 41
6591 0 41
6592 0 40
6593 0 40
6594 0 40
6595 0 41
6596 0 41
6597 0 41
6598 0 41
6599 0 40
6600 0 40
6601 0 40
6602 0 41
6603 0 41
6604 0 41
6605 0 41
6606 0 41
6607 0 42
6608 0 41
6609 0 41
6610 0 41
6611 0 41
6612 0 41
6613 0 40
6614 0 40
6615 0 40
6616 0 41
6617 0 41
6618 0 41
6619 0 41
6620 0 41
6621 0 41
6622 0 41
6623 0 41
6624 0 41
6625 0 41
6626 0 41
6627 0 41
6628 0 41
6629 0 41
6630 0 41
6631 0 41
6632 0 41
6633 0 41
6634 0 40
6635 0 41
6636 0 41
6637 0 40
6638 0 40
6639 0 41
6640 0 40
6641 0 41
6642 0 41
6643 0 40
6644 0 40
6645 0 41
6646 0 40
6647 0 40
6648 0 40
6649 0 40
6650 0 40
6651 0 40
6652 0 40
6653 0 41
6654 0 41
6655 0 41
6656 0 41
6657 0 41
6658 0 41
6659 0 41
6660 0 41
6661 0 42
6662 0 42
6663 0 41
6664 0 41
6665 0 41
6666 0 41
6667 0 41
6668 0 41
6669 0 41
6670 0 41
6671 0 41
6672 0 41
6673 0 41
6674 0 40
6675 0 41
6676 0 42
6677 0 40
6678 0 40
6679 0 40
6680 0 40
6681 0 40
6682 0 40
6683 0 40
6684 0 40
6685 0 40
6686 0 40
6687 0 40
6688 0 40
6689 0 41
6690 0 41
6691 0 41
6692 0 41
6693 0 42
6694 0 41
6695 0 41
6696 0 41
6697 0 41
6698 0 41
6699 0 40
6700 0 40
6701 0 40
6702 0 41
6703 0 41
6704 0 41
6705 0 41
6706 0 40
6707 0 40
6708 0 40
6709 0 41
6710 0 41
6711 0 41
6712 0 41
6713 0 41
6714 0 42
6715 0 41
6716 0 41
6717 0 41
6718 0 41
6719 0 41
6720 0 40
6721 0 40
6722 0 40
6723 0 41
6724 0 41
6725 0 41
6726 0 41
6727 0 41
6728 0 41
6729 0 41
6730 0 41
6731 0 41
6732 0 41
6733 0 41
6734 0 41
6735 0 41
6736 0 41
6737 0 41
6738 0 41
6739 0 41
6740 0 41
6741 0 40
6742 0 41
6743 0 41
6744 0 40
6745 0 40
6746 0 41
6747 0 40
6748 0 41
6749 0 41
6750 0 40
6751 0 40
6752 0 41
6753 0 40
6754 0 40
6755 0 40
6756 0 40
6757 0 40
6758 0 40
6759 0 40
6760 0 41
6761 0 41
6762 0 41
6763 0 41
6764 0 42
6765 0 41
6766 0 41
6767 0 41
6768 0 41
6769 0 41
6770 0 40
6771 0 40
6772 0 40
6773 0 41
6774 0 41
6775 0 41
6776 0 41
6777 0 40
6778 0 40
6779 0 40
6780 0 41
6781 0 41
6782 0 41
6783 0 41
6784 0 41
6785 0 42
6786 0 41
6787 0 41
6788 0 41
6789 0 41
6790 0 41
6791 0 40
6792 0 40
6793 0 40
6794 0 41
6795 0 41
6796 0 41
6797 0 41
6798 0 41
6799 0 41
6800 0 41
6801 0 41
6802 0 41
6803 0 41
6804 0 41
6805 0 41
6806 0 41
6807 0 41
6808 0 41
6809 0 41
6810 0 41
6811 0 41
6812 0 40
6813 0 41
6814 0 41
6815 0 40
6816 0 40
6817 0 41
6818 0 40
6819 0 41
6820 0 41
6821 0 40
6822 0 40
6823 0 41
6824 0 40
6825 0 40
6826 0 40
6827 0 40
6828 0 40
6829 0 40
6830 0 40
6831 0 41
6832 0 41
6833 0 41
6834 0 41
6835 0 41
6836 0 41
6837 0 41
6838 0 41
6839 0 42
6840 0 42
6841 0 41
6842 0 41
6843 0 41
6844 0 41
6845 0 41
6846 0 41
6847 0 41
6848 0 41
6849 0 41
6850 0 41
6851 0 41
6852 0 40
6853 0 41
6854 0 42
6855 0 40
6856 0 40
6857 0 40
6858 0 40
6859 0 40
6860 0 40
6861 0 40
6862 0 40
6863 0 40
6864 0 40
6865 0 40
6866 0 40
6867 0 41
6868 0 41
6869 0 41
6870 0 41
6871 0 42
6872 0 41
6873 0 41
6874 0 41
6875 0 41
6876 0 41
6877 0 40
6878 0 40
6879 0 40
6880 0 41
6881 0 41
6882 0 41
6883 0 41
6884 0 40
6885 0 40
6886 0 40
6887 0 41
6888 0 41
6889 0 41
6890 0 41
6891 0 41
6892 0 42
6893 0 41
6894 0 41
6895 0 41
6896 0 41
6897 0 41
6898 0 40
6899 0 40
6900 0 40
6901 0 41
6902 0 41
6903 0 41
6904 0 41
6905 0 41
6906 0 41
6907 0 41
6908 0 41
6909 0 41
6910 0 41
6911 0 41
6912 0 41
6913 0 41
6914 0 41
6915 0 41
6916 0 41
6917 0 41
6918 0 41
6919 0 40
6920 0 41
6921 0 41
6922 0 40
6923 0 40
6924 0 41
6925 0 40
6926 0 41
6927 0 41
6928 0 40
6929 0 40
6930 0 41
6931 0 40
6932 0 40
6933 0 40
6934 0 40
6935 0 40
6936 0 40
6937 0 40
6938 0 41
6939 0 41
6940 0 41
6941 0 41
6942 0 40
6943 0 40
6944 0 40
6945 0 41
6946 0 41
6947 0 41
6948 0 41
6949 0 41
6950 0 41
6951 0 41
6952 0 40
6953 0 40
6954 0 40
6955 0 41
6956 0 40
6957 0 41
6958 0 41
6959 0 40
6960 0 40
6961 0 41
6962 0 40
6963 0 40
6964 0 40
6965 0 40
6966 0 40
6967 0 40
6968 0 40
6969 0 40
6970 0 40
6971 0 40
6972 0 40
6973 0 40
6974 0 40
6975 0 41
6976 0 41
6977 0 40
6978 0 40
6979 0 41
6980 0 40
6981 0 40
6982 0 40
6983 0 40
6984 0 40
6985 0 40
6986 0 40
6987 0 42
6988 0 41
6989 0 42
6990 0 41
6991 0 40
6992 0 40
6993 0 40
6994 0 41
6995 0 41
6996 0 41
6997 0 42
6998 0 41
6999 0 42
7000 0 41
7001 0 40
7002 0 40
7003 0 40
7004 0 41
7005 0 41
7006 0 41
7007 0 41
7008 0 40
7009 0 41
7010 0 42
7011 0 40
7012 0 40
7013 0 40
7014 0 40
7015 0 40
7016 0 40
7017 0 40
7018 0 40
7019 0 40
7020 0 40
7021 0 40
7022 0 40
7023 0 41
7024 0 41
7025 0 41
7026 0 41
7027 0 41
7028 0 41
7029 0 41
7030 0 41
7031 0 41
7032 0 41
7033 0 40
7034 0 40
7035 0 40
7036 0 41
7037 0 41
7038 0 41
7039 0 41
7040 0 40
7041 0 40
7042 0 40
7043 0 40
7044 0 41
7045 0 41
7046 0 41
7047 0 41
7048 0 41
7049 0 41
7050 0 41
7051 0 41
7052 0 41
7053 0 41
7054 0 40
7055 0 40
7056 0 40
7057 0 41
7058 0 41
7059 0 41
7060 0 41
7061 0 41
7062 0 41
7063 0 41
7064 0 41
7065 0 41
7066 0 41
7067 0 40
7068 0 40
7069 0 40
7070 0 41
7071 0 41
7072 0 41
7073 0 41
7074 0 40
7075 0 40
7076 0 40
7077 0 40
7078 0 41
7079 0 41
7080 0 41
7081 0 41
7082 0 41
7083 0 41
7084 0 41
7085 0 41
7086 0 41
7087 0 41
7088 0 40
7089 0 40
7090 0 40
7091 0 41
7092 0 41
7093 0 41
7094 0 41
7095 0 40
7096 0 40
7097 0 40
7098 0 40
7099 0 40
7100 0 40
7101 0 41
7102 0 41
7103 0 41
7104 0 41
7105 0 40
7106 0 40
7107 0 40
7108 0 40
7109 0 41
7110 0 41
7111 0 41
7112 0 40
7113 0 41
7114 0 41
7115 0 41
7116 0 41
7117 0 41
7118 0 40
7119 0 41
7120 0 41
7121 0 41
7122 0 40
7123 0 41
7124 0 40
7125 0 40
7126 0 40
7127 0 40
