0 0 45
1 0 45
2 0 45
3 0 45
4 0 45
5 0 44
6 0 45
7 0 45
8 0 44
9 0 44
10 0 45
11 0 45
12 0 45
13 0 45
14 0 45
15 0 44
16 0 45
17 0 45
18 0 44
19 0 44
20 0 44
21 0 45
22 0 45
23 0 44
24 0 44
25 0 44
26 0 44
27 0 44
28 0 44
29 0 44
30 0 44
31 0 44
32 0 44
33 0 43
34 0 45
35 0 45
36 0 44
37 0 44
38 0 44
39 0 45
40 0 45
41 0 44
42 0 44
43 0 44
44 0 44
45 0 44
46 0 44
47 0 44
48 0 44
49 0 44
50 0 43
51 0 43
52 0 45
53 0 45
54 0 45
55 0 45
56 0 45
57 0 44
58 0 45
59 0 45
60 0 44
61 0 44
62 0 45
63 0 45
64 0 45
65 0 45
66 0 45
67 0 44
68 0 45
69 0 45
70 0 44
71 0 44
72 0 44
73 0 45
74 0 45
75 0 44
76 0 44
77 0 44
78 0 44
79 0 44
80 0 44
81 0 44
82 0 44
83 0 44
84 0 44
85 0 43
86 0 45
87 0 45
88 0 44
89 0 44
90 0 44
91 0 45
92 0 45
93 0 44
94 0 44
95 0 44
96 0 44
97 0 44
98 0 44
99 0 44
100 0 44
101 0 44
102 0 43
103 0 43
104 0 44
105 0 44
106 0 44
107 0 44
108 0 44
109 0 43
110 0 45
111 0 45
112 0 44
113 0 44
114 0 44
115 0 45
116 0 45
117 0 44
118 0 44
119 0 44
120 0 44
121 0 45
122 0 44
123 0 44
124 0 44
125 0 44
126 0 43
127 0 43
128 0 44
129 0 44
130 0 44
131 0 44
132 0 44
133 0 43
134 0 44
135 0 44
136 0 43
137 0 43
138 0 44
139 0 44
140 0 44
141 0 44
142 0 44
143 0 43
144 0 44
145 0 44
146 0 44
147 0 44
148 0 44
149 0 43
150 0 44
151 0 44
152 0 43
153 0 43
154 0 44
155 0 44
156 0 44
157 0 44
158 0 44
159 0 43
160 0 44
161 0 44
162 0 43
163 0 43
164 0 43
165 0 44
166 0 44
167 0 43
168 0 43
169 0 43
170 0 43
171 0 43
172 0 43
173 0 43
174 0 43
175 0 43
176 0 44
177 0 43
178 0 45
179 0 45
180 0 44
181 0 44
182 0 44
183 0 45
184 0 45
185 0 44
186 0 44
187 0 44
188 0 44
189 0 45
190 0 44
191 0 44
192 0 44
193 0 44
194 0 43
195 0 43
196 0 45
197 0 45
198 0 45
199 0 44
200 0 44
201 0 43
202 0 45
203 0 45
204 0 44
205 0 44
206 0 44
207 0 45
208 0 45
209 0 44
210 0 44
211 0 44
212 0 44
213 0 45
214 0 44
215 0 44
216 0 44
217 0 44
218 0 43
219 0 43
220 0 44
221 0 44
222 0 44
223 0 44
224 0 44
225 0 43
226 0 44
227 0 44
228 0 43
229 0 43
230 0 44
231 0 44
232 0 44
233 0 44
234 0 44
235 0 43
236 0 44
237 0 44
238 0 43
239 0 43
240 0 43
241 0 44
242 0 44
243 0 43
244 0 43
245 0 44
246 0 44
247 0 43
248 0 43
249 0 43
250 0 44
251 0 44
252 0 43
253 0 43
254 0 43
255 0 43
256 0 43
257 0 43
258 0 43
259 0 43
260 0 43
261 0 43
262 0 43
263 0 45
264 0 45
265 0 45
266 0 45
267 0 45
268 0 44
269 0 45
270 0 45
271 0 44
272 0 44
273 0 45
274 0 45
275 0 45
276 0 45
277 0 45
278 0 44
279 0 45
280 0 45
281 0 44
282 0 44
283 0 44
284 0 45
285 0 45
286 0 44
287 0 44
288 0 44
289 0 44
290 0 44
291 0 44
292 0 44
293 0 44
294 0 44
295 0 44
296 0 43
297 0 45
298 0 45
299 0 44
300 0 44
301 0 44
302 0 45
303 0 45
304 0 44
305 0 44
306 0 44
307 0 44
308 0 44
309 0 44
310 0 44
311 0 44
312 0 44
313 0 44
314 0 44
315 0 45
316 0 45
317 0 45
318 0 45
319 0 45
320 0 44
321 0 45
322 0 45
323 0 44
324 0 44
325 0 45
326 0 45
327 0 45
328 0 45
329 0 45
330 0 44
331 0 45
332 0 45
333 0 44
334 0 44
335 0 44
336 0 45
337 0 45
338 0 44
339 0 44
340 0 44
341 0 44
342 0 44
343 0 44
344 0 44
345 0 44
346 0 44
347 0 44
348 0 43
349 0 45
350 0 45
351 0 44
352 0 44
353 0 44
354 0 45
355 0 45
356 0 44
357 0 44
358 0 44
359 0 44
360 0 44
361 0 44
362 0 44
363 0 44
364 0 44
365 0 43
366 0 43
367 0 44
368 0 44
369 0 44
370 0 44
371 0 44
372 0 43
373 0 45
374 0 45
375 0 44
376 0 44
377 0 44
378 0 45
379 0 45
380 0 44
381 0 44
382 0 44
383 0 44
384 0 45
385 0 44
386 0 44
387 0 44
388 0 44
389 0 43
390 0 43
391 0 44
392 0 44
393 0 44
394 0 44
395 0 44
396 0 43
397 0 44
398 0 44
399 0 43
400 0 43
401 0 44
402 0 44
403 0 44
404 0 44
405 0 44
406 0 43
407 0 44
408 0 44
409 0 44
410 0 44
411 0 44
412 0 43
413 0 44
414 0 44
415 0 43
416 0 43
417 0 44
418 0 44
419 0 44
420 0 44
421 0 44
422 0 43
423 0 44
424 0 44
425 0 43
426 0 43
427 0 43
428 0 44
429 0 44
430 0 43
431 0 43
432 0 43
433 0 43
434 0 43
435 0 43
436 0 43
437 0 43
438 0 43
439 0 44
440 0 43
441 0 45
442 0 45
443 0 44
444 0 44
445 0 44
446 0 45
447 0 45
448 0 44
449 0 44
450 0 44
451 0 44
452 0 44
453 0 44
454 0 44
455 0 44
456 0 44
457 0 43
458 0 43
459 0 44
460 0 45
461 0 44
462 0 44
463 0 44
464 0 43
465 0 45
466 0 45
467 0 44
468 0 44
469 0 44
470 0 45
471 0 45
472 0 44
473 0 44
474 0 44
475 0 44
476 0 44
477 0 44
478 0 44
479 0 44
480 0 44
481 0 43
482 0 43
483 0 44
484 0 44
485 0 44
486 0 44
487 0 44
488 0 43
489 0 44
490 0 44
491 0 43
492 0 43
493 0 44
494 0 44
495 0 44
496 0 44
497 0 44
498 0 43
499 0 44
500 0 44
501 0 44
502 0 44
503 0 43
504 0 44
505 0 44
506 0 44
507 0 44
508 0 44
509 0 44
510 0 44
511 0 44
512 0 43
513 0 44
514 0 44
515 0 44
516 0 44
517 0 43
518 0 44
519 0 43
520 0 43
521 0 43
522 0 43
523 0 43
524 0 43
525 0 43
526 0 44
527 0 44
528 0 44
529 0 44
530 0 44
531 0 43
532 0 44
533 0 44
534 0 43
535 0 43
536 0 44
537 0 44
538 0 44
539 0 44
540 0 44
541 0 43
542 0 44
543 0 44
544 0 43
545 0 43
546 0 43
547 0 44
548 0 44
549 0 43
550 0 43
551 0 43
552 0 44
553 0 43
554 0 43
555 0 44
556 0 43
557 0 43
558 0 43
559 0 42
560 0 45
561 0 45
562 0 44
563 0 44
564 0 44
565 0 45
566 0 45
567 0 44
568 0 44
569 0 44
570 0 44
571 0 44
572 0 44
573 0 44
574 0 44
575 0 44
576 0 43
577 0 43
578 0 44
579 0 45
580 0 44
581 0 44
582 0 44
583 0 43
584 0 45
585 0 45
586 0 44
587 0 44
588 0 44
589 0 45
590 0 45
591 0 44
592 0 44
593 0 44
594 0 44
595 0 44
596 0 44
597 0 44
598 0 44
599 0 44
600 0 43
601 0 43
602 0 44
603 0 45
604 0 44
605 0 44
606 0 44
607 0 44
608 0 44
609 0 44
610 0 44
611 0 44
612 0 44
613 0 45
614 0 44
615 0 45
616 0 45
617 0 44
618 0 44
619 0 44
620 0 44
621 0 44
622 0 43
623 0 44
624 0 44
625 0 44
626 0 44
627 0 44
628 0 44
629 0 44
630 0 44
631 0 43
632 0 44
633 0 44
634 0 44
635 0 44
636 0 43
637 0 44
638 0 43
639 0 43
640 0 43
641 0 43
642 0 43
643 0 43
644 0 43
645 0 44
646 0 44
647 0 44
648 0 44
649 0 44
650 0 43
651 0 44
652 0 44
653 0 43
654 0 43
655 0 44
656 0 44
657 0 44
658 0 44
659 0 44
660 0 43
661 0 44
662 0 44
663 0 44
664 0 44
665 0 43
666 0 44
667 0 44
668 0 44
669 0 44
670 0 44
671 0 44
672 0 44
673 0 44
674 0 44
675 0 44
676 0 43
677 0 43
678 0 42
679 0 44
680 0 44
681 0 44
682 0 44
683 0 44
684 0 44
685 0 44
686 0 44
687 0 44
688 0 43
689 0 43
690 0 44
691 0 43
692 0 43
693 0 43
694 0 43
695 0 42
696 0 42
697 0 44
698 0 44
699 0 44
700 0 44
701 0 44
702 0 43
703 0 44
704 0 44
705 0 43
706 0 43
707 0 44
708 0 44
709 0 44
710 0 44
711 0 44
712 0 43
713 0 44
714 0 44
715 0 44
716 0 44
717 0 43
718 0 44
719 0 44
720 0 44
721 0 44
722 0 44
723 0 44
724 0 44
725 0 44
726 0 44
727 0 44
728 0 43
729 0 43
730 0 42
731 0 44
732 0 44
733 0 44
734 0 44
735 0 44
736 0 43
737 0 44
738 0 44
739 0 43
740 0 43
741 0 44
742 0 44
743 0 44
744 0 44
745 0 44
746 0 43
747 0 44
748 0 44
749 0 44
750 0 44
751 0 43
752 0 44
753 0 44
754 0 44
755 0 44
756 0 44
757 0 44
758 0 44
759 0 44
760 0 44
761 0 44
762 0 43
763 0 43
764 0 42
765 0 44
766 0 44
767 0 44
768 0 44
769 0 44
770 0 44
771 0 44
772 0 44
773 0 44
774 0 43
775 0 43
776 0 44
777 0 43
778 0 43
779 0 43
780 0 43
781 0 42
782 0 42
783 0 44
784 0 44
785 0 44
786 0 44
787 0 44
788 0 43
789 0 44
790 0 44
791 0 43
792 0 43
793 0 44
794 0 44
795 0 44
796 0 44
797 0 44
798 0 43
799 0 44
800 0 44
801 0 44
802 0 44
803 0 43
804 0 44
805 0 44
806 0 44
807 0 44
808 0 44
809 0 44
810 0 44
811 0 44
812 0 44
813 0 44
814 0 43
815 0 43
816 0 42
817 0 44
818 0 44
819 0 43
820 0 43
821 0 43
822 0 44
823 0 44
824 0 43
825 0 43
826 0 43
827 0 43
828 0 44
829 0 43
830 0 43
831 0 43
832 0 43
833 0 42
834 0 42
835 0 44
836 0 44
837 0 44
838 0 43
839 0 43
840 0 42
841 0 44
842 0 44
843 0 43
844 0 43
845 0 43
846 0 44
847 0 44
848 0 43
849 0 43
850 0 43
851 0 43
852 0 44
853 0 43
854 0 43
855 0 43
856 0 43
857 0 42
858 0 42
859 0 43
860 0 43
861 0 43
862 0 43
863 0 43
864 0 42
865 0 43
866 0 43
867 0 42
868 0 42
869 0 43
870 0 43
871 0 43
872 0 43
873 0 43
874 0 42
875 0 43
876 0 43
877 0 43
878 0 43
879 0 43
880 0 42
881 0 43
882 0 43
883 0 42
884 0 42
885 0 43
886 0 43
887 0 43
888 0 43
889 0 43
890 0 42
891 0 43
892 0 43
893 0 42
894 0 42
895 0 42
896 0 44
897 0 44
898 0 42
899 0 42
900 0 43
901 0 43
902 0 43
903 0 43
904 0 43
905 0 43
906 0 43
907 0 43
908 0 42
909 0 45
910 0 45
911 0 44
912 0 44
913 0 44
914 0 45
915 0 45
916 0 44
917 0 44
918 0 44
919 0 44
920 0 44
921 0 44
922 0 44
923 0 44
924 0 44
925 0 43
926 0 43
927 0 44
928 0 45
929 0 44
930 0 44
931 0 44
932 0 43
933 0 45
934 0 45
935 0 44
936 0 44
937 0 44
938 0 45
939 0 45
940 0 44
941 0 44
942 0 44
943 0 44
944 0 44
945 0 44
946 0 44
947 0 44
948 0 44
949 0 43
950 0 43
951 0 44
952 0 45
953 0 44
954 0 44
955 0 44
956 0 44
957 0 44
958 0 44
959 0 44
960 0 44
961 0 44
962 0 45
963 0 44
964 0 45
965 0 45
966 0 44
967 0 44
968 0 44
969 0 44
970 0 44
971 0 43
972 0 44
973 0 44
974 0 44
975 0 44
976 0 44
977 0 44
978 0 44
979 0 44
980 0 43
981 0 44
982 0 44
983 0 44
984 0 44
985 0 43
986 0 44
987 0 43
988 0 43
989 0 43
990 0 43
991 0 43
992 0 43
993 0 43
994 0 44
995 0 45
996 0 44
997 0 45
998 0 45
999 0 44
1000 0 45
1001 0 45
1002 0 44
1003 0 44
1004 0 44
1005 0 45
1006 0 44
1007 0 45
1008 0 45
1009 0 44
1010 0 44
1011 0 44
1012 0 44
1013 0 44
1014 0 43
1015 0 44
1016 0 44
1017 0 44
1018 0 44
1019 0 43
1020 0 44
1021 0 43
1022 0 43
1023 0 44
1024 0 43
1025 0 43
1026 0 43
1027 0 42
1028 0 45
1029 0 45
1030 0 44
1031 0 44
1032 0 44
1033 0 45
1034 0 45
1035 0 44
1036 0 44
1037 0 44
1038 0 44
1039 0 44
1040 0 44
1041 0 44
1042 0 44
1043 0 44
1044 0 43
1045 0 43
1046 0 44
1047 0 45
1048 0 44
1049 0 44
1050 0 44
1051 0 43
1052 0 45
1053 0 45
1054 0 44
1055 0 44
1056 0 44
1057 0 45
1058 0 45
1059 0 44
1060 0 44
1061 0 44
1062 0 44
1063 0 44
1064 0 44
1065 0 44
1066 0 44
1067 0 44
1068 0 43
1069 0 43
1070 0 44
1071 0 45
1072 0 44
1073 0 44
1074 0 44
1075 0 44
1076 0 44
1077 0 44
1078 0 44
1079 0 44
1080 0 44
1081 0 45
1082 0 44
1083 0 45
1084 0 45
1085 0 44
1086 0 44
1087 0 44
1088 0 44
1089 0 44
1090 0 43
1091 0 44
1092 0 44
1093 0 44
1094 0 44
1095 0 44
1096 0 44
1097 0 44
1098 0 44
1099 0 43
1100 0 44
1101 0 44
1102 0 44
1103 0 44
1104 0 43
1105 0 44
1106 0 43
1107 0 43
1108 0 43
1109 0 43
1110 0 43
1111 0 43
1112 0 43
1113 0 44
1114 0 44
1115 0 44
1116 0 44
1117 0 44
1118 0 43
1119 0 44
1120 0 44
1121 0 43
1122 0 43
1123 0 44
1124 0 44
1125 0 44
1126 0 44
1127 0 44
1128 0 43
1129 0 44
1130 0 44
1131 0 43
1132 0 43
1133 0 43
1134 0 44
1135 0 44
1136 0 43
1137 0 43
1138 0 43
1139 0 44
1140 0 43
1141 0 43
1142 0 44
1143 0 43
1144 0 43
1145 0 43
1146 0 42
1147 0 44
1148 0 44
1149 0 43
1150 0 43
1151 0 43
1152 0 44
1153 0 44
1154 0 43
1155 0 43
1156 0 43
1157 0 43
1158 0 43
1159 0 43
1160 0 43
1161 0 43
1162 0 43
1163 0 42
1164 0 42
1165 0 44
1166 0 44
1167 0 44
1168 0 44
1169 0 44
1170 0 43
1171 0 44
1172 0 44
1173 0 43
1174 0 43
1175 0 44
1176 0 44
1177 0 44
1178 0 44
1179 0 44
1180 0 43
1181 0 44
1182 0 44
1183 0 44
1184 0 44
1185 0 43
1186 0 44
1187 0 44
1188 0 44
1189 0 44
1190 0 43
1191 0 44
1192 0 43
1193 0 43
1194 0 44
1195 0 43
1196 0 43
1197 0 43
1198 0 42
1199 0 44
1200 0 44
1201 0 43
1202 0 43
1203 0 43
1204 0 44
1205 0 44
1206 0 43
1207 0 43
1208 0 43
1209 0 43
1210 0 44
1211 0 43
1212 0 43
1213 0 43
1214 0 43
1215 0 42
1216 0 42
1217 0 44
1218 0 44
1219 0 44
1220 0 43
1221 0 43
1222 0 42
1223 0 44
1224 0 44
1225 0 43
1226 0 43
1227 0 43
1228 0 44
1229 0 44
1230 0 43
1231 0 43
1232 0 43
1233 0 43
1234 0 44
1235 0 43
1236 0 43
1237 0 43
1238 0 43
1239 0 42
1240 0 42
1241 0 44
1242 0 44
1243 0 43
1244 0 43
1245 0 43
1246 0 44
1247 0 44
1248 0 43
1249 0 43
1250 0 43
1251 0 43
1252 0 44
1253 0 43
1254 0 43
1255 0 43
1256 0 43
1257 0 42
1258 0 42
1259 0 44
1260 0 44
1261 0 44
1262 0 43
1263 0 43
1264 0 42
1265 0 44
1266 0 44
1267 0 43
1268 0 43
1269 0 43
1270 0 44
1271 0 44
1272 0 43
1273 0 43
1274 0 43
1275 0 43
1276 0 44
1277 0 43
1278 0 43
1279 0 43
1280 0 43
1281 0 42
1282 0 42
1283 0 43
1284 0 43
1285 0 43
1286 0 43
1287 0 43
1288 0 42
1289 0 43
1290 0 43
1291 0 42
1292 0 42
1293 0 43
1294 0 43
1295 0 43
1296 0 43
1297 0 43
1298 0 42
1299 0 43
1300 0 44
1301 0 42
1302 0 42
1303 0 42
1304 0 43
1305 0 44
1306 0 42
1307 0 42
1308 0 43
1309 0 44
1310 0 42
1311 0 42
1312 0 42
1313 0 43
1314 0 44
1315 0 42
1316 0 42
1317 0 42
1318 0 42
1319 0 42
1320 0 43
1321 0 43
1322 0 43
1323 0 43
1324 0 42
1325 0 42
1326 0 45
1327 0 45
1328 0 45
1329 0 45
1330 0 45
1331 0 44
1332 0 45
1333 0 45
1334 0 44
1335 0 44
1336 0 45
1337 0 45
1338 0 45
1339 0 45
1340 0 45
1341 0 44
1342 0 45
1343 0 45
1344 0 44
1345 0 44
1346 0 44
1347 0 45
1348 0 45
1349 0 44
1350 0 44
1351 0 44
1352 0 44
1353 0 44
1354 0 44
1355 0 44
1356 0 44
1357 0 44
1358 0 44
1359 0 44
1360 0 45
1361 0 45
1362 0 44
1363 0 44
1364 0 44
1365 0 45
1366 0 45
1367 0 44
1368 0 44
1369 0 44
1370 0 44
1371 0 44
1372 0 44
1373 0 44
1374 0 44
1375 0 44
1376 0 43
1377 0 43
1378 0 45
1379 0 45
1380 0 45
1381 0 45
1382 0 45
1383 0 44
1384 0 45
1385 0 45
1386 0 44
1387 0 44
1388 0 45
1389 0 45
1390 0 45
1391 0 45
1392 0 45
1393 0 44
1394 0 45
1395 0 45
1396 0 44
1397 0 44
1398 0 44
1399 0 45
1400 0 45
1401 0 44
1402 0 44
1403 0 44
1404 0 44
1405 0 44
1406 0 44
1407 0 44
1408 0 44
1409 0 44
1410 0 44
1411 0 44
1412 0 45
1413 0 45
1414 0 44
1415 0 44
1416 0 44
1417 0 45
1418 0 45
1419 0 44
1420 0 44
1421 0 44
1422 0 44
1423 0 44
1424 0 44
1425 0 44
1426 0 44
1427 0 44
1428 0 43
1429 0 43
1430 0 44
1431 0 44
1432 0 44
1433 0 44
1434 0 44
1435 0 43
1436 0 45
1437 0 45
1438 0 44
1439 0 44
1440 0 44
1441 0 45
1442 0 45
1443 0 44
1444 0 44
1445 0 44
1446 0 44
1447 0 45
1448 0 44
1449 0 44
1450 0 44
1451 0 44
1452 0 43
1453 0 43
1454 0 44
1455 0 44
1456 0 44
1457 0 44
1458 0 44
1459 0 43
1460 0 44
1461 0 44
1462 0 43
1463 0 43
1464 0 44
1465 0 44
1466 0 44
1467 0 44
1468 0 44
1469 0 43
1470 0 44
1471 0 44
1472 0 44
1473 0 44
1474 0 44
1475 0 43
1476 0 44
1477 0 44
1478 0 43
1479 0 43
1480 0 44
1481 0 44
1482 0 44
1483 0 44
1484 0 44
1485 0 43
1486 0 44
1487 0 44
1488 0 43
1489 0 43
1490 0 43
1491 0 44
1492 0 44
1493 0 43
1494 0 43
1495 0 43
1496 0 43
1497 0 43
1498 0 43
1499 0 43
1500 0 43
1501 0 43
1502 0 44
1503 0 43
1504 0 45
1505 0 45
1506 0 44
1507 0 44
1508 0 44
1509 0 45
1510 0 45
1511 0 44
1512 0 44
1513 0 44
1514 0 44
1515 0 45
1516 0 44
1517 0 44
1518 0 44
1519 0 44
1520 0 43
1521 0 43
1522 0 45
1523 0 45
1524 0 45
1525 0 44
1526 0 44
1527 0 43
1528 0 45
1529 0 45
1530 0 44
1531 0 44
1532 0 44
1533 0 45
1534 0 45
1535 0 44
1536 0 44
1537 0 44
1538 0 44
1539 0 45
1540 0 44
1541 0 44
1542 0 44
1543 0 44
1544 0 43
1545 0 43
1546 0 44
1547 0 44
1548 0 44
1549 0 44
1550 0 44
1551 0 43
1552 0 44
1553 0 44
1554 0 43
1555 0 43
1556 0 44
1557 0 44
1558 0 44
1559 0 44
1560 0 44
1561 0 43
1562 0 44
1563 0 44
1564 0 43
1565 0 43
1566 0 43
1567 0 44
1568 0 44
1569 0 43
1570 0 43
1571 0 44
1572 0 44
1573 0 43
1574 0 43
1575 0 43
1576 0 44
1577 0 44
1578 0 43
1579 0 43
1580 0 43
1581 0 43
1582 0 43
1583 0 44
1584 0 44
1585 0 44
1586 0 44
1587 0 43
1588 0 43
1589 0 45
1590 0 45
1591 0 45
1592 0 45
1593 0 45
1594 0 44
1595 0 45
1596 0 45
1597 0 44
1598 0 44
1599 0 45
1600 0 45
1601 0 45
1602 0 45
1603 0 45
1604 0 44
1605 0 45
1606 0 45
1607 0 44
1608 0 44
1609 0 44
1610 0 45
1611 0 45
1612 0 44
1613 0 44
1614 0 44
1615 0 44
1616 0 44
1617 0 44
1618 0 44
1619 0 44
1620 0 44
1621 0 44
1622 0 44
1623 0 45
1624 0 45
1625 0 44
1626 0 44
1627 0 44
1628 0 45
1629 0 45
1630 0 44
1631 0 44
1632 0 44
1633 0 44
1634 0 44
1635 0 44
1636 0 44
1637 0 44
1638 0 44
1639 0 44
1640 0 44
1641 0 45
1642 0 45
1643 0 45
1644 0 45
1645 0 45
1646 0 44
1647 0 45
1648 0 45
1649 0 44
1650 0 44
1651 0 45
1652 0 45
1653 0 45
1654 0 45
1655 0 45
1656 0 44
1657 0 45
1658 0 45
1659 0 44
1660 0 44
1661 0 44
1662 0 45
1663 0 45
1664 0 44
1665 0 44
1666 0 44
1667 0 44
1668 0 44
1669 0 44
1670 0 44
1671 0 44
1672 0 44
1673 0 44
1674 0 44
1675 0 45
1676 0 45
1677 0 44
1678 0 44
1679 0 44
1680 0 45
1681 0 45
1682 0 44
1683 0 44
1684 0 44
1685 0 44
1686 0 44
1687 0 44
1688 0 44
1689 0 44
1690 0 44
1691 0 43
1692 0 43
1693 0 44
1694 0 44
1695 0 44
1696 0 44
1697 0 44
1698 0 43
1699 0 45
1700 0 45
1701 0 44
1702 0 44
1703 0 44
1704 0 45
1705 0 45
1706 0 44
1707 0 44
1708 0 44
1709 0 44
1710 0 45
1711 0 44
1712 0 44
1713 0 44
1714 0 44
1715 0 43
1716 0 43
1717 0 44
1718 0 44
1719 0 44
1720 0 44
1721 0 44
1722 0 43
1723 0 44
1724 0 44
1725 0 43
1726 0 43
1727 0 44
1728 0 44
1729 0 44
1730 0 44
1731 0 44
1732 0 43
1733 0 44
1734 0 44
1735 0 44
1736 0 44
1737 0 44
1738 0 43
1739 0 44
1740 0 44
1741 0 43
1742 0 43
1743 0 44
1744 0 44
1745 0 44
1746 0 44
1747 0 44
1748 0 43
1749 0 44
1750 0 44
1751 0 43
1752 0 43
1753 0 43
1754 0 44
1755 0 44
1756 0 43
1757 0 43
1758 0 43
1759 0 43
1760 0 43
1761 0 43
1762 0 43
1763 0 43
1764 0 43
1765 0 44
1766 0 43
1767 0 45
1768 0 45
1769 0 44
1770 0 44
1771 0 44
1772 0 45
1773 0 45
1774 0 44
1775 0 44
1776 0 44
1777 0 44
1778 0 45
1779 0 44
1780 0 44
1781 0 44
1782 0 44
1783 0 43
1784 0 43
1785 0 45
1786 0 45
1787 0 45
1788 0 44
1789 0 44
1790 0 43
1791 0 45
1792 0 45
1793 0 44
1794 0 44
1795 0 44
1796 0 45
1797 0 45
1798 0 44
1799 0 44
1800 0 44
1801 0 44
1802 0 45
1803 0 44
1804 0 44
1805 0 44
1806 0 44
1807 0 43
1808 0 43
1809 0 44
1810 0 44
1811 0 44
1812 0 44
1813 0 44
1814 0 43
1815 0 44
1816 0 44
1817 0 43
1818 0 43
1819 0 44
1820 0 44
1821 0 44
1822 0 44
1823 0 44
1824 0 43
1825 0 44
1826 0 44
1827 0 44
1828 0 44
1829 0 44
1830 0 44
1831 0 44
1832 0 44
1833 0 44
1834 0 44
1835 0 44
1836 0 44
1837 0 44
1838 0 44
1839 0 44
1840 0 44
1841 0 44
1842 0 44
1843 0 44
1844 0 44
1845 0 44
1846 0 43
1847 0 43
1848 0 43
1849 0 43
1850 0 43
1851 0 43
1852 0 44
1853 0 44
1854 0 44
1855 0 44
1856 0 44
1857 0 43
1858 0 44
1859 0 44
1860 0 43
1861 0 43
1862 0 44
1863 0 44
1864 0 44
1865 0 44
1866 0 44
1867 0 43
1868 0 44
1869 0 44
1870 0 43
1871 0 43
1872 0 43
1873 0 44
1874 0 44
1875 0 43
1876 0 43
1877 0 44
1878 0 44
1879 0 44
1880 0 44
1881 0 44
1882 0 44
1883 0 43
1884 0 43
1885 0 42
1886 0 45
1887 0 45
1888 0 44
1889 0 44
1890 0 44
1891 0 45
1892 0 45
1893 0 44
1894 0 44
1895 0 44
1896 0 44
1897 0 45
1898 0 44
1899 0 44
1900 0 44
1901 0 44
1902 0 43
1903 0 43
1904 0 45
1905 0 45
1906 0 45
1907 0 44
1908 0 44
1909 0 43
1910 0 45
1911 0 45
1912 0 44
1913 0 44
1914 0 44
1915 0 45
1916 0 45
1917 0 44
1918 0 44
1919 0 44
1920 0 44
1921 0 45
1922 0 44
1923 0 44
1924 0 44
1925 0 44
1926 0 43
1927 0 43
1928 0 45
1929 0 45
1930 0 45
1931 0 44
1932 0 44
1933 0 44
1934 0 44
1935 0 44
1936 0 44
1937 0 44
1938 0 45
1939 0 45
1940 0 45
1941 0 45
1942 0 45
1943 0 44
1944 0 44
1945 0 44
1946 0 44
1947 0 44
1948 0 44
1949 0 44
1950 0 44
1951 0 44
1952 0 44
1953 0 44
1954 0 44
1955 0 44
1956 0 44
1957 0 44
1958 0 44
1959 0 44
1960 0 44
1961 0 44
1962 0 44
1963 0 44
1964 0 44
1965 0 43
1966 0 43
1967 0 43
1968 0 43
1969 0 43
1970 0 43
1971 0 44
1972 0 44
1973 0 44
1974 0 44
1975 0 44
1976 0 43
1977 0 44
1978 0 44
1979 0 43
1980 0 43
1981 0 44
1982 0 44
1983 0 44
1984 0 44
1985 0 44
1986 0 43
1987 0 44
1988 0 44
1989 0 44
1990 0 44
1991 0 43
1992 0 44
1993 0 44
1994 0 44
1995 0 44
1996 0 44
1997 0 44
1998 0 44
1999 0 44
2000 0 44
2001 0 44
2002 0 43
2003 0 43
2004 0 42
2005 0 44
2006 0 44
2007 0 44
2008 0 44
2009 0 44
2010 0 44
2011 0 44
2012 0 44
2013 0 44
2014 0 43
2015 0 43
2016 0 44
2017 0 43
2018 0 43
2019 0 43
2020 0 43
2021 0 42
2022 0 42
2023 0 44
2024 0 44
2025 0 44
2026 0 44
2027 0 44
2028 0 43
2029 0 44
2030 0 44
2031 0 43
2032 0 43
2033 0 44
2034 0 44
2035 0 44
2036 0 44
2037 0 44
2038 0 43
2039 0 44
2040 0 44
2041 0 44
2042 0 44
2043 0 43
2044 0 44
2045 0 44
2046 0 44
2047 0 44
2048 0 44
2049 0 44
2050 0 44
2051 0 44
2052 0 44
2053 0 44
2054 0 43
2055 0 43
2056 0 42
2057 0 44
2058 0 44
2059 0 44
2060 0 44
2061 0 44
2062 0 43
2063 0 44
2064 0 44
2065 0 43
2066 0 43
2067 0 44
2068 0 44
2069 0 44
2070 0 44
2071 0 44
2072 0 43
2073 0 44
2074 0 44
2075 0 44
2076 0 44
2077 0 43
2078 0 44
2079 0 44
2080 0 44
2081 0 44
2082 0 44
2083 0 44
2084 0 44
2085 0 44
2086 0 44
2087 0 44
2088 0 43
2089 0 43
2090 0 42
2091 0 44
2092 0 44
2093 0 44
2094 0 44
2095 0 44
2096 0 44
2097 0 44
2098 0 44
2099 0 44
2100 0 43
2101 0 43
2102 0 44
2103 0 43
2104 0 43
2105 0 43
2106 0 43
2107 0 42
2108 0 42
2109 0 44
2110 0 44
2111 0 44
2112 0 44
2113 0 44
2114 0 43
2115 0 44
2116 0 44
2117 0 43
2118 0 43
2119 0 44
2120 0 44
2121 0 44
2122 0 44
2123 0 44
2124 0 43
2125 0 44
2126 0 44
2127 0 44
2128 0 44
2129 0 43
2130 0 44
2131 0 44
2132 0 44
2133 0 44
2134 0 44
2135 0 44
2136 0 44
2137 0 44
2138 0 44
2139 0 44
2140 0 43
2141 0 43
2142 0 42
2143 0 44
2144 0 44
2145 0 43
2146 0 43
2147 0 43
2148 0 44
2149 0 44
2150 0 43
2151 0 43
2152 0 43
2153 0 43
2154 0 44
2155 0 43
2156 0 43
2157 0 43
2158 0 43
2159 0 42
2160 0 42
2161 0 44
2162 0 44
2163 0 44
2164 0 43
2165 0 43
2166 0 42
2167 0 44
2168 0 44
2169 0 43
2170 0 43
2171 0 43
2172 0 44
2173 0 44
2174 0 43
2175 0 43
2176 0 43
2177 0 43
2178 0 44
2179 0 43
2180 0 43
2181 0 43
2182 0 43
2183 0 42
2184 0 42
2185 0 43
2186 0 43
2187 0 43
2188 0 43
2189 0 43
2190 0 42
2191 0 43
2192 0 43
2193 0 42
2194 0 42
2195 0 43
2196 0 43
2197 0 43
2198 0 43
2199 0 43
2200 0 42
2201 0 43
2202 0 43
2203 0 43
2204 0 43
2205 0 43
2206 0 42
2207 0 43
2208 0 43
2209 0 42
2210 0 42
2211 0 43
2212 0 43
2213 0 43
2214 0 43
2215 0 43
2216 0 42
2217 0 43
2218 0 43
2219 0 42
2220 0 42
2221 0 42
2222 0 44
2223 0 44
2224 0 42
2225 0 42
2226 0 43
2227 0 43
2228 0 43
2229 0 43
2230 0 43
2231 0 43
2232 0 43
2233 0 43
2234 0 42
2235 0 45
2236 0 45
2237 0 45
2238 0 44
2239 0 45
2240 0 44
2241 0 45
2242 0 45
2243 0 45
2244 0 44
2245 0 45
2246 0 44
2247 0 44
2248 0 45
2249 0 44
2250 0 44
2251 0 44
2252 0 44
2253 0 44
2254 0 44
2255 0 43
2256 0 45
2257 0 44
2258 0 44
2259 0 45
2260 0 44
2261 0 44
2262 0 44
2263 0 44
2264 0 44
2265 0 43
2266 0 45
2267 0 45
2268 0 45
2269 0 44
2270 0 45
2271 0 44
2272 0 45
2273 0 45
2274 0 45
2275 0 44
2276 0 45
2277 0 44
2278 0 44
2279 0 45
2280 0 44
2281 0 44
2282 0 44
2283 0 44
2284 0 44
2285 0 44
2286 0 43
2287 0 45
2288 0 44
2289 0 44
2290 0 45
2291 0 44
2292 0 44
2293 0 44
2294 0 44
2295 0 44
2296 0 43
2297 0 44
2298 0 44
2299 0 44
2300 0 43
2301 0 45
2302 0 44
2303 0 44
2304 0 45
2305 0 44
2306 0 44
2307 0 45
2308 0 44
2309 0 44
2310 0 43
2311 0 44
2312 0 44
2313 0 44
2314 0 43
2315 0 44
2316 0 43
2317 0 44
2318 0 44
2319 0 44
2320 0 43
2321 0 44
2322 0 44
2323 0 44
2324 0 43
2325 0 44
2326 0 43
2327 0 44
2328 0 44
2329 0 44
2330 0 43
2331 0 44
2332 0 43
2333 0 43
2334 0 44
2335 0 43
2336 0 43
2337 0 43
2338 0 43
2339 0 43
2340 0 43
2341 0 43
2342 0 45
2343 0 44
2344 0 44
2345 0 45
2346 0 44
2347 0 44
2348 0 45
2349 0 44
2350 0 44
2351 0 43
2352 0 45
2353 0 45
2354 0 44
2355 0 43
2356 0 45
2357 0 44
2358 0 44
2359 0 45
2360 0 44
2361 0 44
2362 0 45
2363 0 44
2364 0 44
2365 0 43
2366 0 44
2367 0 44
2368 0 44
2369 0 43
2370 0 44
2371 0 43
2372 0 44
2373 0 44
2374 0 44
2375 0 43
2376 0 44
2377 0 43
2378 0 43
2379 0 44
2380 0 43
2381 0 44
2382 0 43
2383 0 43
2384 0 44
2385 0 43
2386 0 43
2387 0 43
2388 0 43
2389 0 43
2390 0 43
2391 0 45
2392 0 45
2393 0 45
2394 0 44
2395 0 45
2396 0 44
2397 0 45
2398 0 45
2399 0 45
2400 0 44
2401 0 45
2402 0 44
2403 0 44
2404 0 45
2405 0 44
2406 0 44
2407 0 44
2408 0 44
2409 0 44
2410 0 44
2411 0 43
2412 0 45
2413 0 44
2414 0 44
2415 0 45
2416 0 44
2417 0 44
2418 0 44
2419 0 44
2420 0 44
2421 0 44
2422 0 45
2423 0 45
2424 0 45
2425 0 44
2426 0 45
2427 0 44
2428 0 45
2429 0 45
2430 0 45
2431 0 44
2432 0 45
2433 0 44
2434 0 44
2435 0 45
2436 0 44
2437 0 44
2438 0 44
2439 0 44
2440 0 44
2441 0 44
2442 0 43
2443 0 45
2444 0 44
2445 0 44
2446 0 45
2447 0 44
2448 0 44
2449 0 44
2450 0 44
2451 0 44
2452 0 43
2453 0 44
2454 0 44
2455 0 44
2456 0 43
2457 0 45
2458 0 44
2459 0 44
2460 0 45
2461 0 44
2462 0 44
2463 0 45
2464 0 44
2465 0 44
2466 0 43
2467 0 44
2468 0 44
2469 0 44
2470 0 43
2471 0 44
2472 0 43
2473 0 44
2474 0 44
2475 0 44
2476 0 43
2477 0 44
2478 0 44
2479 0 44
2480 0 43
2481 0 44
2482 0 43
2483 0 44
2484 0 44
2485 0 44
2486 0 43
2487 0 44
2488 0 43
2489 0 43
2490 0 44
2491 0 43
2492 0 43
2493 0 43
2494 0 43
2495 0 43
2496 0 43
2497 0 43
2498 0 45
2499 0 44
2500 0 44
2501 0 45
2502 0 44
2503 0 44
2504 0 44
2505 0 44
2506 0 44
2507 0 43
2508 0 44
2509 0 44
2510 0 44
2511 0 43
2512 0 45
2513 0 44
2514 0 44
2515 0 45
2516 0 44
2517 0 44
2518 0 44
2519 0 44
2520 0 44
2521 0 43
2522 0 44
2523 0 44
2524 0 44
2525 0 43
2526 0 44
2527 0 43
2528 0 44
2529 0 44
2530 0 44
2531 0 43
2532 0 44
2533 0 44
2534 0 43
2535 0 44
2536 0 44
2537 0 44
2538 0 44
2539 0 43
2540 0 44
2541 0 44
2542 0 43
2543 0 43
2544 0 43
2545 0 43
2546 0 43
2547 0 44
2548 0 44
2549 0 44
2550 0 43
2551 0 44
2552 0 43
2553 0 44
2554 0 44
2555 0 44
2556 0 43
2557 0 44
2558 0 43
2559 0 43
2560 0 44
2561 0 43
2562 0 43
2563 0 43
2564 0 43
2565 0 43
2566 0 43
2567 0 42
2568 0 45
2569 0 44
2570 0 44
2571 0 45
2572 0 44
2573 0 44
2574 0 44
2575 0 44
2576 0 44
2577 0 43
2578 0 44
2579 0 44
2580 0 44
2581 0 43
2582 0 45
2583 0 44
2584 0 44
2585 0 45
2586 0 44
2587 0 44
2588 0 44
2589 0 44
2590 0 44
2591 0 43
2592 0 44
2593 0 44
2594 0 44
2595 0 44
2596 0 44
2597 0 44
2598 0 44
2599 0 44
2600 0 45
2601 0 44
2602 0 44
2603 0 44
2604 0 43
2605 0 44
2606 0 44
2607 0 44
2608 0 44
2609 0 43
2610 0 44
2611 0 44
2612 0 43
2613 0 43
2614 0 43
2615 0 43
2616 0 43
2617 0 44
2618 0 44
2619 0 44
2620 0 43
2621 0 44
2622 0 43
2623 0 44
2624 0 44
2625 0 44
2626 0 43
2627 0 44
2628 0 44
2629 0 43
2630 0 44
2631 0 44
2632 0 44
2633 0 44
2634 0 44
2635 0 44
2636 0 43
2637 0 42
2638 0 44
2639 0 44
2640 0 44
2641 0 44
2642 0 44
2643 0 43
2644 0 44
2645 0 43
2646 0 43
2647 0 42
2648 0 44
2649 0 44
2650 0 44
2651 0 43
2652 0 44
2653 0 43
2654 0 44
2655 0 44
2656 0 44
2657 0 43
2658 0 44
2659 0 44
2660 0 43
2661 0 44
2662 0 44
2663 0 44
2664 0 44
2665 0 44
2666 0 44
2667 0 43
2668 0 42
2669 0 44
2670 0 44
2671 0 44
2672 0 43
2673 0 44
2674 0 43
2675 0 44
2676 0 44
2677 0 44
2678 0 43
2679 0 44
2680 0 44
2681 0 43
2682 0 44
2683 0 44
2684 0 44
2685 0 44
2686 0 44
2687 0 44
2688 0 43
2689 0 42
2690 0 44
2691 0 44
2692 0 44
2693 0 44
2694 0 44
2695 0 43
2696 0 44
2697 0 43
2698 0 43
2699 0 42
2700 0 44
2701 0 44
2702 0 44
2703 0 43
2704 0 44
2705 0 43
2706 0 44
2707 0 44
2708 0 44
2709 0 43
2710 0 44
2711 0 44
2712 0 43
2713 0 44
2714 0 44
2715 0 44
2716 0 44
2717 0 44
2718 0 44
2719 0 43
2720 0 42
2721 0 44
2722 0 43
2723 0 43
2724 0 44
2725 0 43
2726 0 43
2727 0 44
2728 0 43
2729 0 43
2730 0 42
2731 0 44
2732 0 44
2733 0 43
2734 0 42
2735 0 44
2736 0 43
2737 0 43
2738 0 44
2739 0 43
2740 0 43
2741 0 44
2742 0 43
2743 0 43
2744 0 42
2745 0 43
2746 0 43
2747 0 43
2748 0 42
2749 0 43
2750 0 42
2751 0 43
2752 0 43
2753 0 43
2754 0 42
2755 0 43
2756 0 43
2757 0 43
2758 0 42
2759 0 43
2760 0 42
2761 0 43
2762 0 43
2763 0 43
2764 0 42
2765 0 43
2766 0 42
2767 0 42
2768 0 44
2769 0 42
2770 0 43
2771 0 43
2772 0 43
2773 0 43
2774 0 43
2775 0 42
2776 0 45
2777 0 44
2778 0 44
2779 0 45
2780 0 44
2781 0 44
2782 0 44
2783 0 44
2784 0 44
2785 0 43
2786 0 44
2787 0 44
2788 0 44
2789 0 43
2790 0 45
2791 0 44
2792 0 44
2793 0 45
2794 0 44
2795 0 44
2796 0 44
2797 0 44
2798 0 44
2799 0 43
2800 0 44
2801 0 44
2802 0 44
2803 0 44
2804 0 44
2805 0 44
2806 0 44
2807 0 44
2808 0 45
2809 0 44
2810 0 44
2811 0 44
2812 0 43
2813 0 44
2814 0 44
2815 0 44
2816 0 44
2817 0 43
2818 0 44
2819 0 44
2820 0 43
2821 0 43
2822 0 43
2823 0 43
2824 0 43
2825 0 44
2826 0 44
2827 0 45
2828 0 44
2829 0 45
2830 0 44
2831 0 44
2832 0 44
2833 0 45
2834 0 44
2835 0 44
2836 0 44
2837 0 43
2838 0 44
2839 0 44
2840 0 43
2841 0 43
2842 0 43
2843 0 43
2844 0 43
2845 0 42
2846 0 45
2847 0 44
2848 0 44
2849 0 45
2850 0 44
2851 0 44
2852 0 44
2853 0 44
2854 0 44
2855 0 43
2856 0 44
2857 0 44
2858 0 44
2859 0 43
2860 0 45
2861 0 44
2862 0 44
2863 0 45
2864 0 44
2865 0 44
2866 0 44
2867 0 44
2868 0 44
2869 0 43
2870 0 44
2871 0 44
2872 0 44
2873 0 44
2874 0 44
2875 0 44
2876 0 44
2877 0 44
2878 0 45
2879 0 44
2880 0 44
2881 0 44
2882 0 43
2883 0 44
2884 0 44
2885 0 44
2886 0 44
2887 0 43
2888 0 44
2889 0 44
2890 0 43
2891 0 43
2892 0 43
2893 0 43
2894 0 43
2895 0 44
2896 0 44
2897 0 44
2898 0 43
2899 0 44
2900 0 43
2901 0 44
2902 0 44
2903 0 44
2904 0 43
2905 0 44
2906 0 43
2907 0 43
2908 0 44
2909 0 43
2910 0 43
2911 0 43
2912 0 43
2913 0 43
2914 0 43
2915 0 42
2916 0 44
2917 0 43
2918 0 43
2919 0 44
2920 0 43
2921 0 43
2922 0 43
2923 0 43
2924 0 43
2925 0 42
2926 0 44
2927 0 44
2928 0 44
2929 0 43
2930 0 44
2931 0 43
2932 0 44
2933 0 44
2934 0 44
2935 0 43
2936 0 44
2937 0 44
2938 0 43
2939 0 44
2940 0 44
2941 0 43
2942 0 43
2943 0 43
2944 0 43
2945 0 43
2946 0 42
2947 0 44
2948 0 43
2949 0 43
2950 0 44
2951 0 43
2952 0 43
2953 0 44
2954 0 43
2955 0 43
2956 0 42
2957 0 44
2958 0 44
2959 0 43
2960 0 42
2961 0 44
2962 0 43
2963 0 43
2964 0 44
2965 0 43
2966 0 43
2967 0 44
2968 0 43
2969 0 43
2970 0 42
2971 0 44
2972 0 43
2973 0 43
2974 0 44
2975 0 43
2976 0 43
2977 0 44
2978 0 43
2979 0 43
2980 0 42
2981 0 44
2982 0 44
2983 0 43
2984 0 42
2985 0 44
2986 0 43
2987 0 43
2988 0 44
2989 0 43
2990 0 43
2991 0 44
2992 0 43
2993 0 43
2994 0 42
2995 0 43
2996 0 43
2997 0 43
2998 0 42
2999 0 43
3000 0 42
3001 0 43
3002 0 43
3003 0 43
3004 0 42
3005 0 43
3006 0 42
3007 0 42
3008 0 43
3009 0 42
3010 0 43
3011 0 42
3012 0 42
3013 0 43
3014 0 42
3015 0 42
3016 0 42
3017 0 43
3018 0 43
3019 0 42
3020 0 45
3021 0 45
3022 0 45
3023 0 44
3024 0 45
3025 0 44
3026 0 45
3027 0 45
3028 0 45
3029 0 44
3030 0 45
3031 0 44
3032 0 44
3033 0 45
3034 0 44
3035 0 44
3036 0 44
3037 0 44
3038 0 44
3039 0 44
3040 0 44
3041 0 45
3042 0 44
3043 0 44
3044 0 45
3045 0 44
3046 0 44
3047 0 44
3048 0 44
3049 0 44
3050 0 43
3051 0 45
3052 0 45
3053 0 45
3054 0 44
3055 0 45
3056 0 44
3057 0 45
3058 0 45
3059 0 45
3060 0 44
3061 0 45
3062 0 44
3063 0 44
3064 0 45
3065 0 44
3066 0 44
3067 0 44
3068 0 44
3069 0 44
3070 0 44
3071 0 44
3072 0 45
3073 0 44
3074 0 44
3075 0 45
3076 0 44
3077 0 44
3078 0 44
3079 0 44
3080 0 44
3081 0 43
3082 0 44
3083 0 44
3084 0 44
3085 0 43
3086 0 45
3087 0 44
3088 0 44
3089 0 45
3090 0 44
3091 0 44
3092 0 45
3093 0 44
3094 0 44
3095 0 43
3096 0 44
3097 0 44
3098 0 44
3099 0 43
3100 0 44
3101 0 43
3102 0 44
3103 0 44
3104 0 44
3105 0 43
3106 0 44
3107 0 44
3108 0 44
3109 0 43
3110 0 44
3111 0 43
3112 0 44
3113 0 44
3114 0 44
3115 0 43
3116 0 44
3117 0 43
3118 0 43
3119 0 44
3120 0 43
3121 0 43
3122 0 43
3123 0 43
3124 0 43
3125 0 43
3126 0 43
3127 0 45
3128 0 44
3129 0 44
3130 0 45
3131 0 44
3132 0 44
3133 0 45
3134 0 44
3135 0 44
3136 0 43
3137 0 45
3138 0 45
3139 0 44
3140 0 43
3141 0 45
3142 0 44
3143 0 44
3144 0 45
3145 0 44
3146 0 44
3147 0 45
3148 0 44
3149 0 44
3150 0 43
3151 0 44
3152 0 44
3153 0 44
3154 0 43
3155 0 44
3156 0 43
3157 0 44
3158 0 44
3159 0 44
3160 0 43
3161 0 44
3162 0 43
3163 0 43
3164 0 44
3165 0 43
3166 0 44
3167 0 43
3168 0 43
3169 0 44
3170 0 43
3171 0 43
3172 0 43
3173 0 44
3174 0 44
3175 0 43
3176 0 45
3177 0 45
3178 0 45
3179 0 44
3180 0 45
3181 0 44
3182 0 45
3183 0 45
3184 0 45
3185 0 44
3186 0 45
3187 0 44
3188 0 44
3189 0 45
3190 0 44
3191 0 44
3192 0 44
3193 0 44
3194 0 44
3195 0 44
3196 0 44
3197 0 45
3198 0 44
3199 0 44
3200 0 45
3201 0 44
3202 0 44
3203 0 44
3204 0 44
3205 0 44
3206 0 44
3207 0 45
3208 0 45
3209 0 45
3210 0 44
3211 0 45
3212 0 44
3213 0 45
3214 0 45
3215 0 45
3216 0 44
3217 0 45
3218 0 44
3219 0 44
3220 0 45
3221 0 44
3222 0 44
3223 0 44
3224 0 44
3225 0 44
3226 0 44
3227 0 44
3228 0 45
3229 0 44
3230 0 44
3231 0 45
3232 0 44
3233 0 44
3234 0 44
3235 0 44
3236 0 44
3237 0 43
3238 0 44
3239 0 44
3240 0 44
3241 0 43
3242 0 45
3243 0 44
3244 0 44
3245 0 45
3246 0 44
3247 0 44
3248 0 45
3249 0 44
3250 0 44
3251 0 43
3252 0 44
3253 0 44
3254 0 44
3255 0 43
3256 0 44
3257 0 43
3258 0 44
3259 0 44
3260 0 44
3261 0 43
3262 0 44
3263 0 44
3264 0 44
3265 0 43
3266 0 44
3267 0 43
3268 0 44
3269 0 44
3270 0 44
3271 0 43
3272 0 44
3273 0 43
3274 0 43
3275 0 44
3276 0 43
3277 0 43
3278 0 43
3279 0 43
3280 0 43
3281 0 43
3282 0 43
3283 0 45
3284 0 44
3285 0 44
3286 0 45
3287 0 44
3288 0 44
3289 0 45
3290 0 44
3291 0 44
3292 0 43
3293 0 45
3294 0 45
3295 0 44
3296 0 43
3297 0 45
3298 0 44
3299 0 44
3300 0 45
3301 0 44
3302 0 44
3303 0 45
3304 0 44
3305 0 44
3306 0 43
3307 0 44
3308 0 44
3309 0 44
3310 0 43
3311 0 44
3312 0 43
3313 0 44
3314 0 44
3315 0 44
3316 0 43
3317 0 44
3318 0 44
3319 0 44
3320 0 44
3321 0 44
3322 0 44
3323 0 44
3324 0 44
3325 0 44
3326 0 44
3327 0 44
3328 0 44
3329 0 43
3330 0 43
3331 0 43
3332 0 44
3333 0 44
3334 0 44
3335 0 43
3336 0 44
3337 0 43
3338 0 44
3339 0 44
3340 0 44
3341 0 43
3342 0 44
3343 0 43
3344 0 43
3345 0 44
3346 0 43
3347 0 44
3348 0 44
3349 0 44
3350 0 44
3351 0 43
3352 0 42
3353 0 45
3354 0 44
3355 0 44
3356 0 45
3357 0 44
3358 0 44
3359 0 45
3360 0 44
3361 0 44
3362 0 43
3363 0 45
3364 0 45
3365 0 44
3366 0 43
3367 0 45
3368 0 44
3369 0 44
3370 0 45
3371 0 44
3372 0 44
3373 0 45
3374 0 44
3375 0 44
3376 0 43
3377 0 45
3378 0 45
3379 0 44
3380 0 44
3381 0 44
3382 0 44
3383 0 45
3384 0 45
3385 0 45
3386 0 44
3387 0 44
3388 0 44
3389 0 44
3390 0 44
3391 0 44
3392 0 44
3393 0 44
3394 0 44
3395 0 44
3396 0 44
3397 0 44
3398 0 44
3399 0 43
3400 0 43
3401 0 43
3402 0 44
3403 0 44
3404 0 44
3405 0 43
3406 0 44
3407 0 43
3408 0 44
3409 0 44
3410 0 44
3411 0 43
3412 0 44
3413 0 44
3414 0 43
3415 0 44
3416 0 44
3417 0 44
3418 0 44
3419 0 44
3420 0 44
3421 0 43
3422 0 42
3423 0 44
3424 0 44
3425 0 44
3426 0 44
3427 0 44
3428 0 43
3429 0 44
3430 0 43
3431 0 43
3432 0 42
3433 0 44
3434 0 44
3435 0 44
3436 0 43
3437 0 44
3438 0 43
3439 0 44
3440 0 44
3441 0 44
3442 0 43
3443 0 44
3444 0 44
3445 0 43
3446 0 44
3447 0 44
3448 0 44
3449 0 44
3450 0 44
3451 0 44
3452 0 43
3453 0 42
3454 0 44
3455 0 44
3456 0 44
3457 0 43
3458 0 44
3459 0 43
3460 0 44
3461 0 44
3462 0 44
3463 0 43
3464 0 44
3465 0 44
3466 0 43
3467 0 44
3468 0 44
3469 0 44
3470 0 44
3471 0 44
3472 0 44
3473 0 43
3474 0 42
3475 0 44
3476 0 44
3477 0 44
3478 0 44
3479 0 44
3480 0 43
3481 0 44
3482 0 43
3483 0 43
3484 0 42
3485 0 44
3486 0 44
3487 0 44
3488 0 43
3489 0 44
3490 0 43
3491 0 44
3492 0 44
3493 0 44
3494 0 43
3495 0 44
3496 0 44
3497 0 43
3498 0 44
3499 0 44
3500 0 44
3501 0 44
3502 0 44
3503 0 44
3504 0 43
3505 0 42
3506 0 44
3507 0 43
3508 0 43
3509 0 44
3510 0 43
3511 0 43
3512 0 44
3513 0 43
3514 0 43
3515 0 42
3516 0 44
3517 0 44
3518 0 43
3519 0 42
3520 0 44
3521 0 43
3522 0 43
3523 0 44
3524 0 43
3525 0 43
3526 0 44
3527 0 43
3528 0 43
3529 0 42
3530 0 43
3531 0 43
3532 0 43
3533 0 42
3534 0 43
3535 0 42
3536 0 43
3537 0 43
3538 0 43
3539 0 42
3540 0 43
3541 0 43
3542 0 43
3543 0 42
3544 0 43
3545 0 42
3546 0 43
3547 0 43
3548 0 43
3549 0 42
3550 0 43
3551 0 42
3552 0 42
3553 0 44
3554 0 42
3555 0 43
3556 0 43
3557 0 43
3558 0 43
3559 0 43
3560 0 42
3561 0 45
3562 0 44
3563 0 45
3564 0 44
3565 0 44
3566 0 44
3567 0 44
3568 0 44
3569 0 44
3570 0 44
3571 0 43
3572 0 45
3573 0 44
3574 0 45
3575 0 44
3576 0 44
3577 0 44
3578 0 44
3579 0 44
3580 0 44
3581 0 44
3582 0 43
3583 0 44
3584 0 44
3585 0 44
3586 0 44
3587 0 43
3588 0 44
3589 0 43
3590 0 44
3591 0 44
3592 0 43
3593 0 44
3594 0 43
3595 0 43
3596 0 43
3597 0 43
3598 0 44
3599 0 44
3600 0 44
3601 0 43
3602 0 45
3603 0 44
3604 0 44
3605 0 44
3606 0 43
3607 0 44
3608 0 43
3609 0 44
3610 0 43
3611 0 43
3612 0 43
3613 0 43
3614 0 43
3615 0 43
3616 0 45
3617 0 44
3618 0 45
3619 0 44
3620 0 44
3621 0 44
3622 0 44
3623 0 44
3624 0 44
3625 0 44
3626 0 44
3627 0 45
3628 0 44
3629 0 45
3630 0 44
3631 0 44
3632 0 44
3633 0 44
3634 0 44
3635 0 44
3636 0 44
3637 0 43
3638 0 44
3639 0 44
3640 0 44
3641 0 44
3642 0 43
3643 0 44
3644 0 43
3645 0 44
3646 0 44
3647 0 43
3648 0 44
3649 0 43
3650 0 43
3651 0 43
3652 0 43
3653 0 44
3654 0 44
3655 0 44
3656 0 43
3657 0 44
3658 0 44
3659 0 44
3660 0 44
3661 0 43
3662 0 44
3663 0 43
3664 0 44
3665 0 44
3666 0 44
3667 0 44
3668 0 44
3669 0 43
3670 0 43
3671 0 44
3672 0 43
3673 0 44
3674 0 43
3675 0 43
3676 0 43
3677 0 43
3678 0 44
3679 0 44
3680 0 44
3681 0 43
3682 0 44
3683 0 44
3684 0 44
3685 0 44
3686 0 43
3687 0 44
3688 0 44
3689 0 44
3690 0 44
3691 0 44
3692 0 44
3693 0 44
3694 0 43
3695 0 43
3696 0 44
3697 0 43
3698 0 44
3699 0 44
3700 0 44
3701 0 44
3702 0 44
3703 0 44
3704 0 44
3705 0 43
3706 0 42
3707 0 44
3708 0 43
3709 0 44
3710 0 44
3711 0 44
3712 0 44
3713 0 44
3714 0 44
3715 0 43
3716 0 44
3717 0 44
3718 0 44
3719 0 44
3720 0 44
3721 0 44
3722 0 44
3723 0 43
3724 0 42
3725 0 44
3726 0 43
3727 0 44
3728 0 44
3729 0 44
3730 0 44
3731 0 44
3732 0 43
3733 0 43
3734 0 43
3735 0 42
3736 0 44
3737 0 43
3738 0 43
3739 0 43
3740 0 42
3741 0 43
3742 0 42
3743 0 43
3744 0 43
3745 0 42
3746 0 43
3747 0 42
3748 0 42
3749 0 43
3750 0 43
3751 0 44
3752 0 44
3753 0 44
3754 0 43
3755 0 44
3756 0 44
3757 0 44
3758 0 44
3759 0 43
3760 0 44
3761 0 44
3762 0 44
3763 0 44
3764 0 44
3765 0 44
3766 0 44
3767 0 43
3768 0 43
3769 0 44
3770 0 44
3771 0 44
3772 0 44
3773 0 44
3774 0 43
3775 0 43
3776 0 44
3777 0 44
3778 0 44
3779 0 43
3780 0 44
3781 0 44
3782 0 44
3783 0 44
3784 0 43
3785 0 44
3786 0 44
3787 0 44
3788 0 44
3789 0 44
3790 0 44
3791 0 44
3792 0 43
3793 0 43
3794 0 44
3795 0 43
3796 0 44
3797 0 43
3798 0 43
3799 0 43
3800 0 43
3801 0 43
3802 0 43
3803 0 43
3804 0 42
3805 0 44
3806 0 43
3807 0 44
3808 0 44
3809 0 44
3810 0 43
3811 0 43
3812 0 43
3813 0 43
3814 0 43
3815 0 42
3816 0 44
3817 0 43
3818 0 43
3819 0 43
3820 0 42
3821 0 43
3822 0 43
3823 0 43
3824 0 42
3825 0 44
3826 0 43
3827 0 43
3828 0 43
3829 0 42
3830 0 43
3831 0 42
3832 0 43
3833 0 42
3834 0 42
3835 0 42
3836 0 42
3837 0 42
3838 0 42
3839 0 45
3840 0 44
3841 0 45
3842 0 44
3843 0 44
3844 0 44
3845 0 44
3846 0 44
3847 0 44
3848 0 44
3849 0 43
3850 0 45
3851 0 44
3852 0 45
3853 0 44
3854 0 44
3855 0 44
3856 0 44
3857 0 44
3858 0 44
3859 0 44
3860 0 43
3861 0 44
3862 0 44
3863 0 44
3864 0 44
3865 0 43
3866 0 44
3867 0 43
3868 0 44
3869 0 44
3870 0 43
3871 0 44
3872 0 43
3873 0 43
3874 0 43
3875 0 43
3876 0 44
3877 0 44
3878 0 44
3879 0 43
3880 0 45
3881 0 44
3882 0 44
3883 0 44
3884 0 43
3885 0 44
3886 0 43
3887 0 44
3888 0 43
3889 0 43
3890 0 43
3891 0 43
3892 0 43
3893 0 43
3894 0 45
3895 0 44
3896 0 45
3897 0 44
3898 0 44
3899 0 44
3900 0 44
3901 0 44
3902 0 44
3903 0 44
3904 0 44
3905 0 45
3906 0 44
3907 0 45
3908 0 44
3909 0 44
3910 0 44
3911 0 44
3912 0 44
3913 0 44
3914 0 44
3915 0 43
3916 0 44
3917 0 44
3918 0 44
3919 0 44
3920 0 43
3921 0 44
3922 0 43
3923 0 44
3924 0 44
3925 0 43
3926 0 44
3927 0 43
3928 0 43
3929 0 43
3930 0 43
3931 0 44
3932 0 44
3933 0 44
3934 0 43
3935 0 45
3936 0 44
3937 0 44
3938 0 44
3939 0 43
3940 0 44
3941 0 43
3942 0 44
3943 0 44
3944 0 44
3945 0 44
3946 0 44
3947 0 44
3948 0 43
3949 0 44
3950 0 43
3951 0 44
3952 0 43
3953 0 43
3954 0 44
3955 0 44
3956 0 44
3957 0 44
3958 0 44
3959 0 43
3960 0 45
3961 0 44
3962 0 44
3963 0 44
3964 0 43
3965 0 45
3966 0 44
3967 0 45
3968 0 44
3969 0 44
3970 0 44
3971 0 44
3972 0 44
3973 0 43
3974 0 44
3975 0 43
3976 0 44
3977 0 44
3978 0 44
3979 0 44
3980 0 44
3981 0 44
3982 0 44
3983 0 43
3984 0 42
3985 0 44
3986 0 43
3987 0 44
3988 0 44
3989 0 44
3990 0 44
3991 0 44
3992 0 44
3993 0 43
3994 0 44
3995 0 44
3996 0 44
3997 0 44
3998 0 44
3999 0 44
4000 0 44
4001 0 43
4002 0 42
4003 0 44
4004 0 43
4005 0 44
4006 0 44
4007 0 44
4008 0 44
4009 0 44
4010 0 43
4011 0 43
4012 0 43
4013 0 42
4014 0 44
4015 0 43
4016 0 43
4017 0 43
4018 0 42
4019 0 43
4020 0 42
4021 0 43
4022 0 43
4023 0 42
4024 0 43
4025 0 42
4026 0 42
4027 0 43
4028 0 43
4029 0 44
4030 0 44
4031 0 44
4032 0 44
4033 0 44
4034 0 43
4035 0 44
4036 0 44
4037 0 43
4038 0 43
4039 0 44
4040 0 44
4041 0 44
4042 0 44
4043 0 44
4044 0 43
4045 0 44
4046 0 44
4047 0 44
4048 0 44
4049 0 43
4050 0 44
4051 0 44
4052 0 44
4053 0 44
4054 0 44
4055 0 44
4056 0 44
4057 0 44
4058 0 44
4059 0 44
4060 0 43
4061 0 43
4062 0 42
4063 0 44
4064 0 44
4065 0 44
4066 0 44
4067 0 44
4068 0 44
4069 0 44
4070 0 44
4071 0 44
4072 0 43
4073 0 43
4074 0 44
4075 0 43
4076 0 43
4077 0 43
4078 0 43
4079 0 42
4080 0 42
4081 0 44
4082 0 44
4083 0 44
4084 0 44
4085 0 44
4086 0 43
4087 0 44
4088 0 44
4089 0 43
4090 0 43
4091 0 44
4092 0 44
4093 0 44
4094 0 44
4095 0 44
4096 0 43
4097 0 44
4098 0 44
4099 0 44
4100 0 44
4101 0 43
4102 0 44
4103 0 44
4104 0 44
4105 0 44
4106 0 44
4107 0 44
4108 0 44
4109 0 44
4110 0 44
4111 0 44
4112 0 43
4113 0 43
4114 0 42
4115 0 44
4116 0 44
4117 0 44
4118 0 44
4119 0 44
4120 0 43
4121 0 44
4122 0 44
4123 0 43
4124 0 43
4125 0 44
4126 0 44
4127 0 44
4128 0 44
4129 0 44
4130 0 43
4131 0 44
4132 0 44
4133 0 44
4134 0 44
4135 0 43
4136 0 44
4137 0 44
4138 0 44
4139 0 44
4140 0 44
4141 0 44
4142 0 44
4143 0 44
4144 0 44
4145 0 44
4146 0 43
4147 0 43
4148 0 42
4149 0 44
4150 0 44
4151 0 44
4152 0 44
4153 0 44
4154 0 44
4155 0 44
4156 0 44
4157 0 44
4158 0 43
4159 0 43
4160 0 44
4161 0 43
4162 0 43
4163 0 43
4164 0 43
4165 0 42
4166 0 42
4167 0 44
4168 0 44
4169 0 44
4170 0 44
4171 0 44
4172 0 43
4173 0 44
4174 0 44
4175 0 43
4176 0 43
4177 0 44
4178 0 44
4179 0 44
4180 0 44
4181 0 44
4182 0 43
4183 0 44
4184 0 44
4185 0 44
4186 0 44
4187 0 43
4188 0 44
4189 0 44
4190 0 44
4191 0 44
4192 0 44
4193 0 44
4194 0 44
4195 0 44
4196 0 44
4197 0 44
4198 0 43
4199 0 43
4200 0 42
4201 0 44
4202 0 44
4203 0 43
4204 0 43
4205 0 43
4206 0 44
4207 0 44
4208 0 43
4209 0 43
4210 0 43
4211 0 43
4212 0 44
4213 0 43
4214 0 43
4215 0 43
4216 0 43
4217 0 42
4218 0 42
4219 0 44
4220 0 44
4221 0 44
4222 0 43
4223 0 43
4224 0 42
4225 0 44
4226 0 44
4227 0 43
4228 0 43
4229 0 43
4230 0 44
4231 0 44
4232 0 43
4233 0 43
4234 0 43
4235 0 43
4236 0 44
4237 0 43
4238 0 43
4239 0 43
4240 0 43
4241 0 42
4242 0 42
4243 0 43
4244 0 43
4245 0 43
4246 0 43
4247 0 43
4248 0 42
4249 0 43
4250 0 43
4251 0 42
4252 0 42
4253 0 43
4254 0 43
4255 0 43
4256 0 43
4257 0 43
4258 0 42
4259 0 43
4260 0 43
4261 0 43
4262 0 43
4263 0 43
4264 0 42
4265 0 43
4266 0 43
4267 0 42
4268 0 42
4269 0 43
4270 0 43
4271 0 43
4272 0 43
4273 0 43
4274 0 42
4275 0 43
4276 0 43
4277 0 42
4278 0 42
4279 0 42
4280 0 44
4281 0 44
4282 0 42
4283 0 42
4284 0 43
4285 0 43
4286 0 43
4287 0 43
4288 0 43
4289 0 43
4290 0 43
4291 0 43
4292 0 42
4293 0 45
4294 0 44
4295 0 45
4296 0 44
4297 0 44
4298 0 44
4299 0 44
4300 0 44
4301 0 44
4302 0 44
4303 0 43
4304 0 45
4305 0 44
4306 0 45
4307 0 44
4308 0 44
4309 0 44
4310 0 44
4311 0 44
4312 0 44
4313 0 44
4314 0 43
4315 0 44
4316 0 44
4317 0 44
4318 0 44
4319 0 43
4320 0 44
4321 0 43
4322 0 44
4323 0 44
4324 0 43
4325 0 44
4326 0 43
4327 0 43
4328 0 43
4329 0 43
4330 0 44
4331 0 44
4332 0 44
4333 0 43
4334 0 45
4335 0 44
4336 0 44
4337 0 44
4338 0 43
4339 0 44
4340 0 43
4341 0 44
4342 0 43
4343 0 43
4344 0 43
4345 0 43
4346 0 43
4347 0 43
4348 0 45
4349 0 44
4350 0 45
4351 0 44
4352 0 44
4353 0 44
4354 0 44
4355 0 44
4356 0 44
4357 0 44
4358 0 44
4359 0 45
4360 0 44
4361 0 45
4362 0 44
4363 0 44
4364 0 44
4365 0 44
4366 0 44
4367 0 44
4368 0 44
4369 0 43
4370 0 44
4371 0 44
4372 0 44
4373 0 44
4374 0 43
4375 0 44
4376 0 43
4377 0 44
4378 0 44
4379 0 43
4380 0 44
4381 0 43
4382 0 43
4383 0 43
4384 0 43
4385 0 44
4386 0 44
4387 0 44
4388 0 43
4389 0 45
4390 0 44
4391 0 44
4392 0 44
4393 0 43
4394 0 44
4395 0 43
4396 0 44
4397 0 44
4398 0 44
4399 0 44
4400 0 44
4401 0 44
4402 0 43
4403 0 44
4404 0 43
4405 0 44
4406 0 43
4407 0 43
4408 0 44
4409 0 44
4410 0 44
4411 0 44
4412 0 44
4413 0 43
4414 0 45
4415 0 44
4416 0 44
4417 0 44
4418 0 43
4419 0 45
4420 0 44
4421 0 45
4422 0 44
4423 0 44
4424 0 44
4425 0 44
4426 0 44
4427 0 43
4428 0 44
4429 0 43
4430 0 44
4431 0 44
4432 0 44
4433 0 44
4434 0 44
4435 0 44
4436 0 44
4437 0 43
4438 0 42
4439 0 44
4440 0 43
4441 0 44
4442 0 44
4443 0 44
4444 0 44
4445 0 44
4446 0 44
4447 0 43
4448 0 44
4449 0 44
4450 0 44
4451 0 44
4452 0 44
4453 0 44
4454 0 44
4455 0 43
4456 0 42
4457 0 44
4458 0 43
4459 0 44
4460 0 44
4461 0 44
4462 0 44
4463 0 44
4464 0 43
4465 0 43
4466 0 43
4467 0 42
4468 0 44
4469 0 43
4470 0 43
4471 0 43
4472 0 42
4473 0 43
4474 0 42
4475 0 43
4476 0 43
4477 0 42
4478 0 43
4479 0 42
4480 0 42
4481 0 43
4482 0 43
4483 0 44
4484 0 44
4485 0 44
4486 0 43
4487 0 45
4488 0 44
4489 0 44
4490 0 44
4491 0 43
4492 0 45
4493 0 44
4494 0 45
4495 0 44
4496 0 44
4497 0 44
4498 0 44
4499 0 44
4500 0 43
4501 0 45
4502 0 44
4503 0 45
4504 0 44
4505 0 44
4506 0 44
4507 0 44
4508 0 44
4509 0 44
4510 0 44
4511 0 43
4512 0 45
4513 0 44
4514 0 44
4515 0 44
4516 0 43
4517 0 45
4518 0 44
4519 0 45
4520 0 44
4521 0 44
4522 0 44
4523 0 44
4524 0 44
4525 0 43
4526 0 44
4527 0 43
4528 0 44
4529 0 43
4530 0 43
4531 0 44
4532 0 44
4533 0 43
4534 0 43
4535 0 43
4536 0 42
4537 0 44
4538 0 43
4539 0 44
4540 0 44
4541 0 44
4542 0 44
4543 0 44
4544 0 43
4545 0 43
4546 0 43
4547 0 42
4548 0 44
4549 0 43
4550 0 43
4551 0 43
4552 0 42
4553 0 43
4554 0 43
4555 0 43
4556 0 42
4557 0 44
4558 0 43
4559 0 43
4560 0 43
4561 0 42
4562 0 43
4563 0 42
4564 0 43
4565 0 42
4566 0 42
4567 0 42
4568 0 42
4569 0 42
4570 0 42
4571 0 45
4572 0 44
4573 0 45
4574 0 44
4575 0 44
4576 0 44
4577 0 44
4578 0 44
4579 0 44
4580 0 44
4581 0 43
4582 0 45
4583 0 44
4584 0 45
4585 0 44
4586 0 44
4587 0 44
4588 0 44
4589 0 44
4590 0 44
4591 0 44
4592 0 43
4593 0 44
4594 0 44
4595 0 44
4596 0 44
4597 0 43
4598 0 44
4599 0 43
4600 0 44
4601 0 44
4602 0 43
4603 0 44
4604 0 43
4605 0 43
4606 0 43
4607 0 43
4608 0 44
4609 0 44
4610 0 44
4611 0 43
4612 0 45
4613 0 44
4614 0 44
4615 0 44
4616 0 43
4617 0 44
4618 0 43
4619 0 44
4620 0 43
4621 0 43
4622 0 43
4623 0 43
4624 0 43
4625 0 43
4626 0 45
4627 0 44
4628 0 45
4629 0 44
4630 0 44
4631 0 44
4632 0 44
4633 0 44
4634 0 44
4635 0 44
4636 0 44
4637 0 45
4638 0 44
4639 0 45
4640 0 44
4641 0 44
4642 0 44
4643 0 44
4644 0 44
4645 0 44
4646 0 44
4647 0 43
4648 0 44
4649 0 44
4650 0 44
4651 0 44
4652 0 43
4653 0 44
4654 0 43
4655 0 44
4656 0 44
4657 0 43
4658 0 44
4659 0 43
4660 0 43
4661 0 43
4662 0 43
4663 0 44
4664 0 44
4665 0 44
4666 0 43
4667 0 45
4668 0 44
4669 0 44
4670 0 44
4671 0 43
4672 0 44
4673 0 43
4674 0 44
4675 0 44
4676 0 44
4677 0 44
4678 0 44
4679 0 44
4680 0 43
4681 0 44
4682 0 43
4683 0 44
4684 0 43
4685 0 43
4686 0 44
4687 0 44
4688 0 44
4689 0 44
4690 0 44
4691 0 43
4692 0 45
4693 0 44
4694 0 44
4695 0 44
4696 0 43
4697 0 45
4698 0 44
4699 0 45
4700 0 44
4701 0 44
4702 0 44
4703 0 44
4704 0 44
4705 0 43
4706 0 44
4707 0 43
4708 0 44
4709 0 44
4710 0 44
4711 0 44
4712 0 44
4713 0 44
4714 0 44
4715 0 43
4716 0 42
4717 0 44
4718 0 43
4719 0 44
4720 0 44
4721 0 44
4722 0 44
4723 0 44
4724 0 44
4725 0 43
4726 0 44
4727 0 44
4728 0 44
4729 0 44
4730 0 44
4731 0 44
4732 0 44
4733 0 43
4734 0 42
4735 0 44
4736 0 43
4737 0 44
4738 0 44
4739 0 44
4740 0 44
4741 0 44
4742 0 43
4743 0 43
4744 0 43
4745 0 42
4746 0 44
4747 0 43
4748 0 43
4749 0 43
4750 0 42
4751 0 43
4752 0 42
4753 0 43
4754 0 43
4755 0 42
4756 0 43
4757 0 42
4758 0 42
4759 0 43
4760 0 43
4761 0 44
4762 0 44
4763 0 44
4764 0 43
4765 0 44
4766 0 44
4767 0 44
4768 0 44
4769 0 43
4770 0 44
4771 0 43
4772 0 44
4773 0 43
4774 0 43
4775 0 43
4776 0 43
4777 0 43
4778 0 43
4779 0 44
4780 0 43
4781 0 44
4782 0 43
4783 0 43
4784 0 43
4785 0 43
4786 0 44
4787 0 44
4788 0 44
4789 0 43
4790 0 44
4791 0 44
4792 0 44
4793 0 44
4794 0 43
4795 0 44
4796 0 43
4797 0 44
4798 0 43
4799 0 43
4800 0 43
4801 0 43
4802 0 43
4803 0 43
4804 0 44
4805 0 43
4806 0 44
4807 0 43
4808 0 43
4809 0 43
4810 0 43
4811 0 43
4812 0 43
4813 0 43
4814 0 42
4815 0 44
4816 0 43
4817 0 44
4818 0 44
4819 0 44
4820 0 43
4821 0 43
4822 0 43
4823 0 43
4824 0 43
4825 0 42
4826 0 44
4827 0 43
4828 0 43
4829 0 43
4830 0 42
4831 0 43
4832 0 43
4833 0 43
4834 0 42
4835 0 44
4836 0 43
4837 0 43
4838 0 43
4839 0 42
4840 0 43
4841 0 42
4842 0 43
4843 0 42
4844 0 42
4845 0 42
4846 0 42
4847 0 42
4848 0 42
4849 0 44
4850 0 43
4851 0 44
4852 0 44
4853 0 44
4854 0 43
4855 0 43
4856 0 44
4857 0 44
4858 0 43
4859 0 42
4860 0 44
4861 0 43
4862 0 44
4863 0 44
4864 0 44
4865 0 43
4866 0 43
4867 0 43
4868 0 43
4869 0 43
4870 0 42
4871 0 43
4872 0 43
4873 0 43
4874 0 43
4875 0 42
4876 0 43
4877 0 42
4878 0 43
4879 0 43
4880 0 42
4881 0 43
4882 0 42
4883 0 42
4884 0 42
4885 0 42
4886 0 44
4887 0 44
4888 0 44
4889 0 44
4890 0 44
4891 0 44
4892 0 44
4893 0 44
4894 0 44
4895 0 44
4896 0 43
4897 0 44
4898 0 43
4899 0 43
4900 0 43
4901 0 43
4902 0 43
4903 0 43
4904 0 44
4905 0 43
4906 0 44
4907 0 43
4908 0 43
4909 0 43
4910 0 43
4911 0 44
4912 0 44
4913 0 44
4914 0 44
4915 0 44
4916 0 44
4917 0 44
4918 0 44
4919 0 44
4920 0 44
4921 0 43
4922 0 44
4923 0 43
4924 0 43
4925 0 43
4926 0 43
4927 0 43
4928 0 43
4929 0 44
4930 0 43
4931 0 44
4932 0 43
4933 0 43
4934 0 44
4935 0 44
4936 0 43
4937 0 43
4938 0 43
4939 0 42
4940 0 44
4941 0 43
4942 0 44
4943 0 44
4944 0 44
4945 0 44
4946 0 44
4947 0 43
4948 0 43
4949 0 43
4950 0 42
4951 0 44
4952 0 43
4953 0 43
4954 0 43
4955 0 42
4956 0 43
4957 0 43
4958 0 43
4959 0 42
4960 0 44
4961 0 43
4962 0 43
4963 0 43
4964 0 42
4965 0 43
4966 0 42
4967 0 43
4968 0 42
4969 0 42
4970 0 42
4971 0 42
4972 0 42
4973 0 42
4974 0 44
4975 0 43
4976 0 44
4977 0 43
4978 0 43
4979 0 43
4980 0 43
4981 0 43
4982 0 43
4983 0 43
4984 0 43
4985 0 44
4986 0 44
4987 0 44
4988 0 43
4989 0 43
4990 0 43
4991 0 43
4992 0 43
4993 0 43
4994 0 43
4995 0 43
4996 0 43
4997 0 43
4998 0 43
4999 0 44
5000 0 43
5001 0 43
5002 0 42
5003 0 43
5004 0 43
5005 0 42
5006 0 43
5007 0 42
5008 0 42
5009 0 42
5010 0 42
5011 0 43
5012 0 43
5013 0 44
5014 0 43
5015 0 44
5016 0 43
5017 0 43
5018 0 44
5019 0 43
5020 0 43
5021 0 42
5022 0 43
5023 0 42
5024 0 42
5025 0 42
5026 0 42
5027 0 42
5028 0 42
5029 0 44
5030 0 43
5031 0 44
5032 0 43
5033 0 43
5034 0 43
5035 0 43
5036 0 43
5037 0 43
5038 0 43
5039 0 43
5040 0 44
5041 0 44
5042 0 44
5043 0 43
5044 0 43
5045 0 43
5046 0 43
5047 0 43
5048 0 43
5049 0 43
5050 0 43
5051 0 43
5052 0 43
5053 0 43
5054 0 44
5055 0 43
5056 0 43
5057 0 42
5058 0 43
5059 0 43
5060 0 42
5061 0 43
5062 0 42
5063 0 42
5064 0 42
5065 0 42
5066 0 44
5067 0 43
5068 0 44
5069 0 43
5070 0 43
5071 0 43
5072 0 43
5073 0 43
5074 0 43
5075 0 43
5076 0 43
5077 0 44
5078 0 44
5079 0 44
5080 0 43
5081 0 43
5082 0 43
5083 0 43
5084 0 43
5085 0 43
5086 0 43
5087 0 43
5088 0 43
5089 0 43
5090 0 43
5091 0 44
5092 0 43
5093 0 43
5094 0 42
5095 0 43
5096 0 43
5097 0 42
5098 0 43
5099 0 42
5100 0 42
5101 0 42
5102 0 42
5103 0 43
5104 0 43
5105 0 44
5106 0 43
5107 0 44
5108 0 43
5109 0 43
5110 0 44
5111 0 43
5112 0 43
5113 0 42
5114 0 43
5115 0 42
5116 0 42
5117 0 42
5118 0 42
5119 0 42
5120 0 42
5121 0 44
5122 0 43
5123 0 44
5124 0 43
5125 0 43
5126 0 43
5127 0 43
5128 0 43
5129 0 43
5130 0 43
5131 0 43
5132 0 44
5133 0 44
5134 0 44
5135 0 43
5136 0 43
5137 0 43
5138 0 43
5139 0 43
5140 0 43
5141 0 43
5142 0 43
5143 0 43
5144 0 43
5145 0 43
5146 0 44
5147 0 43
5148 0 43
5149 0 42
5150 0 43
5151 0 43
5152 0 42
5153 0 43
5154 0 42
5155 0 42
5156 0 42
5157 0 42
5158 0 43
5159 0 43
5160 0 43
5161 0 43
5162 0 43
5163 0 43
5164 0 43
5165 0 43
5166 0 43
5167 0 43
5168 0 42
5169 0 43
5170 0 42
5171 0 42
5172 0 42
5173 0 42
5174 0 42
5175 0 42
5176 0 43
5177 0 42
5178 0 43
5179 0 42
5180 0 42
5181 0 42
5182 0 42
5183 0 44
5184 0 44
5185 0 43
5186 0 43
5187 0 43
5188 0 44
5189 0 44
5190 0 43
5191 0 43
5192 0 43
5193 0 42
5194 0 43
5195 0 42
5196 0 42
5197 0 42
5198 0 42
5199 0 42
5200 0 42
5201 0 43
5202 0 43
5203 0 44
5204 0 43
5205 0 43
5206 0 42
5207 0 42
5208 0 43
5209 0 43
5210 0 42
5211 0 42
5212 0 43
5213 0 43
5214 0 44
5215 0 43
5216 0 43
5217 0 42
5218 0 42
5219 0 43
5220 0 43
5221 0 44
5222 0 43
5223 0 43
5224 0 42
5225 0 42
5226 0 43
5227 0 43
5228 0 42
5229 0 42
5230 0 43
5231 0 43
5232 0 44
5233 0 43
5234 0 43
5235 0 42
5236 0 42
5237 0 43
5238 0 43
5239 0 42
5240 0 42
5241 0 42
5242 0 43
5243 0 43
5244 0 42
5245 0 42
5246 0 43
5247 0 42
5248 0 43
5249 0 43
5250 0 42
5251 0 43
5252 0 42
5253 0 42
5254 0 42
5255 0 42
5256 0 45
5257 0 45
5258 0 45
5259 0 44
5260 0 45
5261 0 45
5262 0 45
5263 0 44
5264 0 45
5265 0 44
5266 0 44
5267 0 44
5268 0 44
5269 0 45
5270 0 44
5271 0 45
5272 0 44
5273 0 44
5274 0 44
5275 0 44
5276 0 43
5277 0 45
5278 0 45
5279 0 45
5280 0 44
5281 0 45
5282 0 45
5283 0 45
5284 0 44
5285 0 45
5286 0 44
5287 0 44
5288 0 44
5289 0 44
5290 0 45
5291 0 44
5292 0 45
5293 0 44
5294 0 44
5295 0 44
5296 0 44
5297 0 43
5298 0 44
5299 0 44
5300 0 45
5301 0 44
5302 0 45
5303 0 44
5304 0 44
5305 0 44
5306 0 44
5307 0 43
5308 0 44
5309 0 44
5310 0 44
5311 0 43
5312 0 44
5313 0 44
5314 0 44
5315 0 44
5316 0 44
5317 0 43
5318 0 44
5319 0 44
5320 0 44
5321 0 43
5322 0 44
5323 0 43
5324 0 43
5325 0 43
5326 0 44
5327 0 45
5328 0 44
5329 0 45
5330 0 44
5331 0 44
5332 0 44
5333 0 44
5334 0 43
5335 0 45
5336 0 44
5337 0 45
5338 0 44
5339 0 45
5340 0 44
5341 0 44
5342 0 44
5343 0 44
5344 0 43
5345 0 44
5346 0 44
5347 0 44
5348 0 43
5349 0 44
5350 0 44
5351 0 44
5352 0 43
5353 0 44
5354 0 43
5355 0 44
5356 0 43
5357 0 44
5358 0 43
5359 0 43
5360 0 43
5361 0 43
5362 0 43
5363 0 45
5364 0 45
5365 0 45
5366 0 44
5367 0 45
5368 0 45
5369 0 45
5370 0 44
5371 0 45
5372 0 44
5373 0 44
5374 0 44
5375 0 44
5376 0 45
5377 0 44
5378 0 45
5379 0 44
5380 0 44
5381 0 44
5382 0 44
5383 0 44
5384 0 45
5385 0 45
5386 0 45
5387 0 44
5388 0 45
5389 0 45
5390 0 45
5391 0 44
5392 0 45
5393 0 44
5394 0 44
5395 0 44
5396 0 44
5397 0 45
5398 0 44
5399 0 45
5400 0 44
5401 0 44
5402 0 44
5403 0 44
5404 0 43
5405 0 44
5406 0 44
5407 0 45
5408 0 44
5409 0 45
5410 0 44
5411 0 44
5412 0 44
5413 0 44
5414 0 43
5415 0 44
5416 0 44
5417 0 44
5418 0 43
5419 0 44
5420 0 44
5421 0 44
5422 0 44
5423 0 44
5424 0 43
5425 0 44
5426 0 44
5427 0 44
5428 0 43
5429 0 44
5430 0 43
5431 0 43
5432 0 43
5433 0 44
5434 0 45
5435 0 44
5436 0 45
5437 0 44
5438 0 44
5439 0 44
5440 0 44
5441 0 43
5442 0 45
5443 0 44
5444 0 45
5445 0 44
5446 0 45
5447 0 44
5448 0 44
5449 0 44
5450 0 44
5451 0 43
5452 0 44
5453 0 44
5454 0 44
5455 0 43
5456 0 44
5457 0 44
5458 0 44
5459 0 44
5460 0 44
5461 0 44
5462 0 44
5463 0 44
5464 0 44
5465 0 44
5466 0 44
5467 0 43
5468 0 43
5469 0 43
5470 0 44
5471 0 44
5472 0 44
5473 0 43
5474 0 44
5475 0 44
5476 0 44
5477 0 43
5478 0 44
5479 0 43
5480 0 44
5481 0 44
5482 0 43
5483 0 45
5484 0 44
5485 0 45
5486 0 44
5487 0 44
5488 0 44
5489 0 44
5490 0 43
5491 0 45
5492 0 44
5493 0 45
5494 0 44
5495 0 45
5496 0 44
5497 0 44
5498 0 44
5499 0 44
5500 0 43
5501 0 45
5502 0 44
5503 0 44
5504 0 44
5505 0 45
5506 0 45
5507 0 44
5508 0 44
5509 0 44
5510 0 44
5511 0 44
5512 0 44
5513 0 44
5514 0 44
5515 0 44
5516 0 43
5517 0 43
5518 0 43
5519 0 44
5520 0 44
5521 0 44
5522 0 43
5523 0 44
5524 0 44
5525 0 44
5526 0 44
5527 0 44
5528 0 44
5529 0 44
5530 0 44
5531 0 43
5532 0 44
5533 0 44
5534 0 44
5535 0 44
5536 0 43
5537 0 43
5538 0 43
5539 0 42
5540 0 44
5541 0 44
5542 0 44
5543 0 43
5544 0 44
5545 0 44
5546 0 44
5547 0 44
5548 0 44
5549 0 44
5550 0 44
5551 0 44
5552 0 43
5553 0 44
5554 0 44
5555 0 44
5556 0 43
5557 0 44
5558 0 44
5559 0 44
5560 0 44
5561 0 44
5562 0 44
5563 0 44
5564 0 44
5565 0 43
5566 0 44
5567 0 44
5568 0 44
5569 0 44
5570 0 43
5571 0 43
5572 0 43
5573 0 42
5574 0 44
5575 0 44
5576 0 44
5577 0 43
5578 0 44
5579 0 44
5580 0 44
5581 0 44
5582 0 44
5583 0 44
5584 0 44
5585 0 44
5586 0 43
5587 0 44
5588 0 43
5589 0 44
5590 0 43
5591 0 43
5592 0 43
5593 0 43
5594 0 42
5595 0 44
5596 0 43
5597 0 44
5598 0 43
5599 0 44
5600 0 43
5601 0 43
5602 0 43
5603 0 43
5604 0 42
5605 0 43
5606 0 43
5607 0 43
5608 0 42
5609 0 43
5610 0 43
5611 0 43
5612 0 43
5613 0 43
5614 0 42
5615 0 43
5616 0 43
5617 0 43
5618 0 42
5619 0 44
5620 0 42
5621 0 43
5622 0 43
5623 0 43
5624 0 45
5625 0 44
5626 0 45
5627 0 44
5628 0 44
5629 0 44
5630 0 44
5631 0 43
5632 0 45
5633 0 44
5634 0 45
5635 0 44
5636 0 45
5637 0 44
5638 0 44
5639 0 44
5640 0 44
5641 0 43
5642 0 45
5643 0 44
5644 0 44
5645 0 44
5646 0 45
5647 0 45
5648 0 44
5649 0 44
5650 0 44
5651 0 44
5652 0 44
5653 0 44
5654 0 44
5655 0 44
5656 0 44
5657 0 43
5658 0 43
5659 0 43
5660 0 45
5661 0 45
5662 0 45
5663 0 44
5664 0 45
5665 0 45
5666 0 44
5667 0 44
5668 0 44
5669 0 44
5670 0 44
5671 0 44
5672 0 43
5673 0 45
5674 0 44
5675 0 45
5676 0 44
5677 0 44
5678 0 44
5679 0 44
5680 0 43
5681 0 45
5682 0 44
5683 0 45
5684 0 44
5685 0 45
5686 0 44
5687 0 44
5688 0 44
5689 0 44
5690 0 43
5691 0 45
5692 0 44
5693 0 44
5694 0 44
5695 0 45
5696 0 45
5697 0 44
5698 0 44
5699 0 44
5700 0 44
5701 0 44
5702 0 44
5703 0 44
5704 0 44
5705 0 44
5706 0 43
5707 0 43
5708 0 43
5709 0 44
5710 0 44
5711 0 44
5712 0 43
5713 0 44
5714 0 44
5715 0 44
5716 0 43
5717 0 44
5718 0 43
5719 0 44
5720 0 44
5721 0 43
5722 0 44
5723 0 43
5724 0 44
5725 0 43
5726 0 43
5727 0 43
5728 0 43
5729 0 42
5730 0 44
5731 0 44
5732 0 44
5733 0 43
5734 0 44
5735 0 44
5736 0 44
5737 0 44
5738 0 44
5739 0 44
5740 0 44
5741 0 44
5742 0 43
5743 0 44
5744 0 43
5745 0 44
5746 0 43
5747 0 43
5748 0 43
5749 0 43
5750 0 42
5751 0 44
5752 0 43
5753 0 44
5754 0 43
5755 0 44
5756 0 43
5757 0 43
5758 0 43
5759 0 43
5760 0 42
5761 0 44
5762 0 43
5763 0 44
5764 0 43
5765 0 43
5766 0 43
5767 0 43
5768 0 42
5769 0 44
5770 0 43
5771 0 44
5772 0 43
5773 0 44
5774 0 43
5775 0 43
5776 0 43
5777 0 43
5778 0 42
5779 0 43
5780 0 43
5781 0 43
5782 0 42
5783 0 43
5784 0 43
5785 0 44
5786 0 42
5787 0 44
5788 0 42
5789 0 44
5790 0 42
5791 0 44
5792 0 42
5793 0 42
5794 0 43
5795 0 43
5796 0 42
5797 0 45
5798 0 45
5799 0 45
5800 0 44
5801 0 45
5802 0 45
5803 0 45
5804 0 44
5805 0 45
5806 0 44
5807 0 44
5808 0 44
5809 0 44
5810 0 45
5811 0 44
5812 0 45
5813 0 44
5814 0 44
5815 0 44
5816 0 44
5817 0 43
5818 0 45
5819 0 45
5820 0 45
5821 0 44
5822 0 45
5823 0 45
5824 0 45
5825 0 44
5826 0 45
5827 0 44
5828 0 44
5829 0 44
5830 0 44
5831 0 45
5832 0 44
5833 0 45
5834 0 44
5835 0 44
5836 0 44
5837 0 44
5838 0 43
5839 0 44
5840 0 44
5841 0 45
5842 0 44
5843 0 45
5844 0 44
5845 0 44
5846 0 44
5847 0 44
5848 0 43
5849 0 44
5850 0 44
5851 0 44
5852 0 43
5853 0 44
5854 0 44
5855 0 44
5856 0 44
5857 0 44
5858 0 43
5859 0 44
5860 0 44
5861 0 44
5862 0 43
5863 0 44
5864 0 43
5865 0 43
5866 0 43
5867 0 44
5868 0 45
5869 0 44
5870 0 45
5871 0 44
5872 0 44
5873 0 44
5874 0 44
5875 0 43
5876 0 45
5877 0 44
5878 0 45
5879 0 44
5880 0 45
5881 0 44
5882 0 44
5883 0 44
5884 0 44
5885 0 43
5886 0 44
5887 0 44
5888 0 44
5889 0 43
5890 0 44
5891 0 44
5892 0 44
5893 0 43
5894 0 44
5895 0 43
5896 0 44
5897 0 43
5898 0 44
5899 0 43
5900 0 43
5901 0 44
5902 0 44
5903 0 43
5904 0 45
5905 0 45
5906 0 45
5907 0 44
5908 0 45
5909 0 45
5910 0 45
5911 0 44
5912 0 45
5913 0 44
5914 0 44
5915 0 44
5916 0 44
5917 0 45
5918 0 44
5919 0 45
5920 0 44
5921 0 44
5922 0 44
5923 0 44
5924 0 44
5925 0 45
5926 0 45
5927 0 45
5928 0 44
5929 0 45
5930 0 45
5931 0 45
5932 0 44
5933 0 45
5934 0 44
5935 0 44
5936 0 44
5937 0 44
5938 0 45
5939 0 44
5940 0 45
5941 0 44
5942 0 44
5943 0 44
5944 0 44
5945 0 43
5946 0 44
5947 0 44
5948 0 45
5949 0 44
5950 0 45
5951 0 44
5952 0 44
5953 0 44
5954 0 44
5955 0 43
5956 0 44
5957 0 44
5958 0 44
5959 0 43
5960 0 44
5961 0 44
5962 0 44
5963 0 44
5964 0 44
5965 0 43
5966 0 44
5967 0 44
5968 0 44
5969 0 43
5970 0 44
5971 0 43
5972 0 43
5973 0 43
5974 0 44
5975 0 45
5976 0 44
5977 0 45
5978 0 44
5979 0 44
5980 0 44
5981 0 44
5982 0 43
5983 0 45
5984 0 44
5985 0 45
5986 0 44
5987 0 45
5988 0 44
5989 0 44
5990 0 44
5991 0 44
5992 0 43
5993 0 44
5994 0 44
5995 0 44
5996 0 43
5997 0 44
5998 0 44
5999 0 44
6000 0 44
6001 0 44
6002 0 44
6003 0 44
6004 0 44
6005 0 44
6006 0 44
6007 0 44
6008 0 43
6009 0 43
6010 0 43
6011 0 44
6012 0 44
6013 0 44
6014 0 43
6015 0 44
6016 0 44
6017 0 44
6018 0 43
6019 0 44
6020 0 43
6021 0 44
6022 0 44
6023 0 43
6024 0 45
6025 0 44
6026 0 45
6027 0 44
6028 0 44
6029 0 44
6030 0 44
6031 0 43
6032 0 45
6033 0 44
6034 0 45
6035 0 44
6036 0 45
6037 0 44
6038 0 44
6039 0 44
6040 0 44
6041 0 43
6042 0 45
6043 0 44
6044 0 44
6045 0 44
6046 0 45
6047 0 45
6048 0 44
6049 0 44
6050 0 44
6051 0 44
6052 0 44
6053 0 44
6054 0 44
6055 0 44
6056 0 44
6057 0 43
6058 0 43
6059 0 43
6060 0 44
6061 0 44
6062 0 44
6063 0 43
6064 0 44
6065 0 44
6066 0 44
6067 0 44
6068 0 44
6069 0 44
6070 0 44
6071 0 44
6072 0 43
6073 0 44
6074 0 44
6075 0 44
6076 0 44
6077 0 43
6078 0 43
6079 0 43
6080 0 42
6081 0 44
6082 0 44
6083 0 44
6084 0 43
6085 0 44
6086 0 44
6087 0 44
6088 0 44
6089 0 44
6090 0 44
6091 0 44
6092 0 44
6093 0 43
6094 0 44
6095 0 44
6096 0 44
6097 0 43
6098 0 44
6099 0 44
6100 0 44
6101 0 44
6102 0 44
6103 0 44
6104 0 44
6105 0 44
6106 0 43
6107 0 44
6108 0 44
6109 0 44
6110 0 44
6111 0 43
6112 0 43
6113 0 43
6114 0 42
6115 0 44
6116 0 44
6117 0 44
6118 0 43
6119 0 44
6120 0 44
6121 0 44
6122 0 44
6123 0 44
6124 0 44
6125 0 44
6126 0 44
6127 0 43
6128 0 44
6129 0 43
6130 0 44
6131 0 43
6132 0 43
6133 0 43
6134 0 43
6135 0 42
6136 0 44
6137 0 43
6138 0 44
6139 0 43
6140 0 44
6141 0 43
6142 0 43
6143 0 43
6144 0 43
6145 0 42
6146 0 43
6147 0 43
6148 0 43
6149 0 42
6150 0 43
6151 0 43
6152 0 43
6153 0 43
6154 0 43
6155 0 42
6156 0 43
6157 0 43
6158 0 43
6159 0 42
6160 0 44
6161 0 42
6162 0 43
6163 0 43
6164 0 43
6165 0 45
6166 0 44
6167 0 45
6168 0 44
6169 0 44
6170 0 44
6171 0 44
6172 0 43
6173 0 44
6174 0 44
6175 0 45
6176 0 44
6177 0 45
6178 0 44
6179 0 44
6180 0 44
6181 0 44
6182 0 43
6183 0 44
6184 0 44
6185 0 44
6186 0 43
6187 0 44
6188 0 45
6189 0 44
6190 0 43
6191 0 44
6192 0 43
6193 0 44
6194 0 43
6195 0 44
6196 0 43
6197 0 43
6198 0 43
6199 0 43
6200 0 43
6201 0 44
6202 0 45
6203 0 45
6204 0 43
6205 0 44
6206 0 45
6207 0 44
6208 0 43
6209 0 44
6210 0 43
6211 0 43
6212 0 43
6213 0 43
6214 0 45
6215 0 44
6216 0 45
6217 0 44
6218 0 44
6219 0 44
6220 0 44
6221 0 43
6222 0 44
6223 0 44
6224 0 45
6225 0 44
6226 0 45
6227 0 44
6228 0 44
6229 0 44
6230 0 44
6231 0 43
6232 0 44
6233 0 44
6234 0 44
6235 0 43
6236 0 44
6237 0 45
6238 0 44
6239 0 43
6240 0 44
6241 0 43
6242 0 44
6243 0 43
6244 0 44
6245 0 43
6246 0 43
6247 0 43
6248 0 43
6249 0 43
6250 0 44
6251 0 44
6252 0 44
6253 0 43
6254 0 44
6255 0 44
6256 0 44
6257 0 43
6258 0 44
6259 0 43
6260 0 43
6261 0 43
6262 0 43
6263 0 44
6264 0 43
6265 0 44
6266 0 43
6267 0 43
6268 0 43
6269 0 43
6270 0 42
6271 0 44
6272 0 44
6273 0 44
6274 0 43
6275 0 44
6276 0 44
6277 0 44
6278 0 44
6279 0 44
6280 0 44
6281 0 43
6282 0 43
6283 0 43
6284 0 44
6285 0 43
6286 0 44
6287 0 43
6288 0 43
6289 0 44
6290 0 44
6291 0 42
6292 0 44
6293 0 44
6294 0 44
6295 0 43
6296 0 44
6297 0 43
6298 0 43
6299 0 44
6300 0 44
6301 0 42
6302 0 44
6303 0 43
6304 0 44
6305 0 43
6306 0 43
6307 0 44
6308 0 44
6309 0 42
6310 0 44
6311 0 44
6312 0 44
6313 0 43
6314 0 44
6315 0 43
6316 0 43
6317 0 44
6318 0 44
6319 0 42
6320 0 43
6321 0 44
6322 0 44
6323 0 42
6324 0 43
6325 0 44
6326 0 43
6327 0 42
6328 0 43
6329 0 42
6330 0 43
6331 0 42
6332 0 43
6333 0 42
6334 0 42
6335 0 43
6336 0 43
6337 0 42
6338 0 44
6339 0 44
6340 0 44
6341 0 43
6342 0 44
6343 0 44
6344 0 44
6345 0 44
6346 0 44
6347 0 44
6348 0 43
6349 0 43
6350 0 43
6351 0 44
6352 0 44
6353 0 44
6354 0 44
6355 0 43
6356 0 43
6357 0 43
6358 0 42
6359 0 44
6360 0 44
6361 0 44
6362 0 43
6363 0 44
6364 0 44
6365 0 44
6366 0 44
6367 0 44
6368 0 44
6369 0 43
6370 0 43
6371 0 43
6372 0 44
6373 0 43
6374 0 44
6375 0 43
6376 0 43
6377 0 43
6378 0 43
6379 0 42
6380 0 43
6381 0 43
6382 0 44
6383 0 43
6384 0 44
6385 0 43
6386 0 43
6387 0 43
6388 0 43
6389 0 42
6390 0 43
6391 0 44
6392 0 44
6393 0 42
6394 0 43
6395 0 44
6396 0 43
6397 0 44
6398 0 44
6399 0 42
6400 0 43
6401 0 44
6402 0 43
6403 0 42
6404 0 43
6405 0 42
6406 0 42
6407 0 42
6408 0 42
6409 0 45
6410 0 44
6411 0 45
6412 0 44
6413 0 44
6414 0 44
6415 0 44
6416 0 44
6417 0 44
6418 0 44
6419 0 45
6420 0 44
6421 0 45
6422 0 44
6423 0 44
6424 0 44
6425 0 44
6426 0 44
6427 0 44
6428 0 44
6429 0 44
6430 0 43
6431 0 44
6432 0 45
6433 0 44
6434 0 43
6435 0 44
6436 0 43
6437 0 44
6438 0 43
6439 0 44
6440 0 43
6441 0 43
6442 0 43
6443 0 43
6444 0 43
6445 0 44
6446 0 45
6447 0 45
6448 0 43
6449 0 44
6450 0 45
6451 0 44
6452 0 43
6453 0 44
6454 0 43
6455 0 43
6456 0 43
6457 0 43
6458 0 45
6459 0 44
6460 0 45
6461 0 44
6462 0 44
6463 0 44
6464 0 44
6465 0 44
6466 0 44
6467 0 44
6468 0 45
6469 0 44
6470 0 45
6471 0 44
6472 0 44
6473 0 44
6474 0 44
6475 0 44
6476 0 44
6477 0 44
6478 0 44
6479 0 43
6480 0 44
6481 0 45
6482 0 44
6483 0 43
6484 0 44
6485 0 43
6486 0 44
6487 0 43
6488 0 44
6489 0 43
6490 0 43
6491 0 43
6492 0 43
6493 0 43
6494 0 44
6495 0 45
6496 0 45
6497 0 43
6498 0 44
6499 0 45
6500 0 44
6501 0 43
6502 0 44
6503 0 43
6504 0 44
6505 0 44
6506 0 44
6507 0 44
6508 0 43
6509 0 44
6510 0 43
6511 0 43
6512 0 44
6513 0 44
6514 0 42
6515 0 44
6516 0 45
6517 0 45
6518 0 43
6519 0 44
6520 0 45
6521 0 45
6522 0 44
6523 0 45
6524 0 44
6525 0 44
6526 0 44
6527 0 44
6528 0 44
6529 0 43
6530 0 44
6531 0 43
6532 0 43
6533 0 44
6534 0 44
6535 0 42
6536 0 44
6537 0 44
6538 0 44
6539 0 43
6540 0 44
6541 0 43
6542 0 43
6543 0 44
6544 0 44
6545 0 42
6546 0 44
6547 0 43
6548 0 44
6549 0 43
6550 0 43
6551 0 44
6552 0 44
6553 0 42
6554 0 44
6555 0 44
6556 0 44
6557 0 43
6558 0 44
6559 0 43
6560 0 43
6561 0 44
6562 0 44
6563 0 42
6564 0 43
6565 0 44
6566 0 44
6567 0 42
6568 0 43
6569 0 44
6570 0 43
6571 0 42
6572 0 43
6573 0 42
6574 0 43
6575 0 42
6576 0 43
6577 0 42
6578 0 42
6579 0 43
6580 0 43
6581 0 42
6582 0 44
6583 0 44
6584 0 44
6585 0 43
6586 0 44
6587 0 44
6588 0 44
6589 0 43
6590 0 44
6591 0 43
6592 0 43
6593 0 43
6594 0 43
6595 0 44
6596 0 43
6597 0 44
6598 0 43
6599 0 43
6600 0 43
6601 0 43
6602 0 43
6603 0 44
6604 0 44
6605 0 44
6606 0 44
6607 0 44
6608 0 44
6609 0 44
6610 0 43
6611 0 44
6612 0 43
6613 0 43
6614 0 43
6615 0 43
6616 0 44
6617 0 43
6618 0 44
6619 0 43
6620 0 43
6621 0 44
6622 0 44
6623 0 43
6624 0 43
6625 0 43
6626 0 44
6627 0 43
6628 0 44
6629 0 43
6630 0 44
6631 0 44
6632 0 44
6633 0 43
6634 0 43
6635 0 44
6636 0 44
6637 0 42
6638 0 43
6639 0 44
6640 0 43
6641 0 44
6642 0 44
6643 0 42
6644 0 43
6645 0 44
6646 0 43
6647 0 42
6648 0 43
6649 0 42
6650 0 42
6651 0 42
6652 0 42
6653 0 44
6654 0 43
6655 0 44
6656 0 43
6657 0 44
6658 0 44
6659 0 44
6660 0 43
6661 0 44
6662 0 44
6663 0 44
6664 0 43
6665 0 44
6666 0 43
6667 0 44
6668 0 44
6669 0 44
6670 0 43
6671 0 43
6672 0 43
6673 0 43
6674 0 42
6675 0 43
6676 0 44
6677 0 43
6678 0 42
6679 0 43
6680 0 42
6681 0 43
6682 0 42
6683 0 43
6684 0 42
6685 0 42
6686 0 42
6687 0 42
6688 0 42
6689 0 44
6690 0 44
6691 0 44
6692 0 43
6693 0 44
6694 0 44
6695 0 44
6696 0 43
6697 0 44
6698 0 43
6699 0 43
6700 0 43
6701 0 43
6702 0 44
6703 0 43
6704 0 44
6705 0 43
6706 0 43
6707 0 43
6708 0 43
6709 0 43
6710 0 44
6711 0 44
6712 0 44
6713 0 44
6714 0 44
6715 0 44
6716 0 44
6717 0 43
6718 0 44
6719 0 43
6720 0 43
6721 0 43
6722 0 43
6723 0 44
6724 0 43
6725 0 44
6726 0 43
6727 0 43
6728 0 44
6729 0 44
6730 0 43
6731 0 43
6732 0 43
6733 0 44
6734 0 43
6735 0 44
6736 0 43
6737 0 44
6738 0 44
6739 0 44
6740 0 43
6741 0 43
6742 0 44
6743 0 44
6744 0 42
6745 0 43
6746 0 44
6747 0 43
6748 0 44
6749 0 44
6750 0 42
6751 0 43
6752 0 44
6753 0 43
6754 0 42
6755 0 43
6756 0 42
6757 0 42
6758 0 42
6759 0 42
6760 0 44
6761 0 44
6762 0 44
6763 0 43
6764 0 44
6765 0 44
6766 0 44
6767 0 43
6768 0 44
6769 0 43
6770 0 43
6771 0 43
6772 0 43
6773 0 44
6774 0 43
6775 0 44
6776 0 43
6777 0 43
6778 0 43
6779 0 43
6780 0 43
6781 0 44
6782 0 44
6783 0 44
6784 0 44
6785 0 44
6786 0 44
6787 0 44
6788 0 43
6789 0 44
6790 0 43
6791 0 43
6792 0 43
6793 0 43
6794 0 44
6795 0 43
6796 0 44
6797 0 43
6798 0 43
6799 0 44
6800 0 44
6801 0 43
6802 0 43
6803 0 43
6804 0 44
6805 0 43
6806 0 44
6807 0 43
6808 0 44
6809 0 44
6810 0 44
6811 0 43
6812 0 43
6813 0 44
6814 0 44
6815 0 42
6816 0 43
6817 0 44
6818 0 43
6819 0 44
6820 0 44
6821 0 42
6822 0 43
6823 0 44
6824 0 43
6825 0 42
6826 0 43
6827 0 42
6828 0 42
6829 0 42
6830 0 42
6831 0 44
6832 0 43
6833 0 44
6834 0 43
6835 0 44
6836 0 44
6837 0 44
6838 0 43
6839 0 44
6840 0 44
6841 0 44
6842 0 43
6843 0 44
6844 0 43
6845 0 44
6846 0 44
6847 0 44
6848 0 43
6849 0 43
6850 0 43
6851 0 43
6852 0 42
6853 0 43
6854 0 44
6855 0 43
6856 0 42
6857 0 43
6858 0 42
6859 0 43
6860 0 42
6861 0 43
6862 0 42
6863 0 42
6864 0 42
6865 0 42
6866 0 42
6867 0 44
6868 0 44
6869 0 44
6870 0 43
6871 0 44
6872 0 44
6873 0 44
6874 0 43
6875 0 44
6876 0 43
6877 0 43
6878 0 43
6879 0 43
6880 0 44
6881 0 43
6882 0 44
6883 0 43
6884 0 43
6885 0 43
6886 0 43
6887 0 43
6888 0 44
6889 0 44
6890 0 44
6891 0 44
6892 0 44
6893 0 44
6894 0 44
6895 0 43
6896 0 44
6897 0 43
6898 0 43
6899 0 43
6900 0 43
6901 0 44
6902 0 43
6903 0 44
6904 0 43
6905 0 43
6906 0 44
6907 0 44
6908 0 43
6909 0 43
6910 0 43
6911 0 44
6912 0 43
6913 0 44
6914 0 43
6915 0 44
6916 0 44
6917 0 44
6918 0 43
6919 0 43
6920 0 44
6921 0 44
6922 0 42
6923 0 43
6924 0 44
6925 0 43
6926 0 44
6927 0 44
6928 0 42
6929 0 43
6930 0 44
6931 0 43
6932 0 42
6933 0 43
6934 0 42
6935 0 42
6936 0 42
6937 0 42
6938 0 44
6939 0 43
6940 0 44
6941 0 43
6942 0 43
6943 0 43
6944 0 43
6945 0 43
6946 0 43
6947 0 43
6948 0 44
6949 0 43
6950 0 44
6951 0 43
6952 0 43
6953 0 43
6954 0 43
6955 0 43
6956 0 43
6957 0 43
6958 0 43
6959 0 42
6960 0 43
6961 0 44
6962 0 43
6963 0 42
6964 0 43
6965 0 42
6966 0 43
6967 0 42
6968 0 43
6969 0 42
6970 0 42
6971 0 42
6972 0 42
6973 0 42
6974 0 43
6975 0 44
6976 0 44
6977 0 42
6978 0 43
6979 0 44
6980 0 43
6981 0 42
6982 0 43
6983 0 42
6984 0 42
6985 0 42
6986 0 42
6987 0 44
6988 0 44
6989 0 44
6990 0 44
6991 0 43
6992 0 43
6993 0 43
6994 0 43
6995 0 43
6996 0 43
6997 0 44
6998 0 44
6999 0 44
7000 0 44
7001 0 43
7002 0 43
7003 0 43
7004 0 43
7005 0 43
7006 0 43
7007 0 43
7008 0 42
7009 0 43
7010 0 44
7011 0 43
7012 0 42
7013 0 43
7014 0 42
7015 0 43
7016 0 42
7017 0 43
7018 0 42
7019 0 42
7020 0 42
7021 0 42
7022 0 42
7023 0 43
7024 0 43
7025 0 43
7026 0 43
7027 0 44
7028 0 43
7029 0 43
7030 0 43
7031 0 43
7032 0 43
7033 0 42
7034 0 42
7035 0 42
7036 0 43
7037 0 43
7038 0 43
7039 0 43
7040 0 42
7041 0 42
7042 0 42
7043 0 42
7044 0 43
7045 0 43
7046 0 43
7047 0 43
7048 0 44
7049 0 43
7050 0 43
7051 0 43
7052 0 43
7053 0 43
7054 0 42
7055 0 42
7056 0 42
7057 0 43
7058 0 43
7059 0 43
7060 0 43
7061 0 44
7062 0 43
7063 0 43
7064 0 43
7065 0 43
7066 0 43
7067 0 42
7068 0 42
7069 0 42
7070 0 43
7071 0 43
7072 0 43
7073 0 43
7074 0 42
7075 0 42
7076 0 42
7077 0 42
7078 0 43
7079 0 43
7080 0 43
7081 0 43
7082 0 44
7083 0 43
7084 0 43
7085 0 43
7086 0 43
7087 0 43
7088 0 42
7089 0 42
7090 0 42
7091 0 43
7092 0 43
7093 0 43
7094 0 43
7095 0 42
7096 0 42
7097 0 42
7098 0 42
7099 0 42
7100 0 42
7101 0 44
7102 0 43
7103 0 44
7104 0 43
7105 0 42
7106 0 42
7107 0 42
7108 0 42
7109 0 43
7110 0 43
7111 0 43
7112 0 42
7113 0 43
7114 0 43
7115 0 43
7116 0 43
7117 0 43
7118 0 42
7119 0 43
7120 0 43
7121 0 43
7122 0 42
7123 0 43
7124 0 42
7125 0 42
7126 0 42
7127 0 42
