0 0 47
1 0 47
2 0 47
3 0 47
4 0 47
5 0 46
6 0 47
7 0 47
8 0 46
9 0 46
10 0 47
11 0 47
12 0 47
13 0 47
14 0 47
15 0 46
16 0 47
17 0 47
18 0 46
19 0 46
20 0 46
21 0 47
22 0 47
23 0 46
24 0 46
25 0 46
26 0 46
27 0 46
28 0 46
29 0 46
30 0 46
31 0 46
32 0 46
33 0 46
34 0 47
35 0 47
36 0 46
37 0 46
38 0 46
39 0 47
40 0 47
41 0 46
42 0 46
43 0 46
44 0 46
45 0 46
46 0 46
47 0 46
48 0 46
49 0 46
50 0 46
51 0 46
52 0 47
53 0 47
54 0 47
55 0 47
56 0 47
57 0 46
58 0 47
59 0 47
60 0 46
61 0 46
62 0 47
63 0 47
64 0 47
65 0 47
66 0 47
67 0 46
68 0 47
69 0 47
70 0 46
71 0 46
72 0 46
73 0 47
74 0 47
75 0 46
76 0 46
77 0 46
78 0 46
79 0 46
80 0 46
81 0 46
82 0 46
83 0 46
84 0 46
85 0 46
86 0 47
87 0 47
88 0 46
89 0 46
90 0 46
91 0 47
92 0 47
93 0 46
94 0 46
95 0 47
96 0 47
97 0 47
98 0 46
99 0 46
100 0 46
101 0 46
102 0 46
103 0 46
104 0 47
105 0 47
106 0 47
107 0 46
108 0 46
109 0 45
110 0 47
111 0 47
112 0 46
113 0 46
114 0 46
115 0 47
116 0 47
117 0 46
118 0 46
119 0 47
120 0 47
121 0 47
122 0 46
123 0 46
124 0 46
125 0 46
126 0 46
127 0 46
128 0 46
129 0 46
130 0 46
131 0 46
132 0 46
133 0 45
134 0 46
135 0 46
136 0 45
137 0 45
138 0 46
139 0 46
140 0 46
141 0 46
142 0 46
143 0 45
144 0 46
145 0 46
146 0 46
147 0 46
148 0 46
149 0 45
150 0 46
151 0 46
152 0 45
153 0 45
154 0 46
155 0 46
156 0 46
157 0 46
158 0 46
159 0 45
160 0 46
161 0 46
162 0 45
163 0 45
164 0 45
165 0 46
166 0 46
167 0 45
168 0 45
169 0 46
170 0 46
171 0 46
172 0 46
173 0 46
174 0 46
175 0 46
176 0 46
177 0 45
178 0 47
179 0 47
180 0 46
181 0 46
182 0 46
183 0 47
184 0 47
185 0 46
186 0 46
187 0 47
188 0 47
189 0 47
190 0 46
191 0 46
192 0 46
193 0 46
194 0 46
195 0 46
196 0 47
197 0 47
198 0 47
199 0 46
200 0 46
201 0 45
202 0 47
203 0 47
204 0 46
205 0 46
206 0 46
207 0 47
208 0 47
209 0 46
210 0 46
211 0 47
212 0 47
213 0 47
214 0 46
215 0 46
216 0 46
217 0 46
218 0 46
219 0 46
220 0 46
221 0 46
222 0 46
223 0 46
224 0 46
225 0 45
226 0 46
227 0 46
228 0 45
229 0 45
230 0 46
231 0 46
232 0 46
233 0 46
234 0 46
235 0 45
236 0 46
237 0 46
238 0 45
239 0 45
240 0 45
241 0 46
242 0 46
243 0 45
244 0 45
245 0 46
246 0 46
247 0 45
248 0 45
249 0 45
250 0 46
251 0 46
252 0 45
253 0 45
254 0 45
255 0 45
256 0 45
257 0 46
258 0 46
259 0 46
260 0 46
261 0 45
262 0 45
263 0 47
264 0 47
265 0 47
266 0 47
267 0 47
268 0 46
269 0 47
270 0 47
271 0 46
272 0 46
273 0 47
274 0 47
275 0 47
276 0 47
277 0 47
278 0 46
279 0 47
280 0 47
281 0 46
282 0 46
283 0 46
284 0 47
285 0 47
286 0 46
287 0 46
288 0 46
289 0 46
290 0 46
291 0 46
292 0 46
293 0 46
294 0 46
295 0 46
296 0 46
297 0 47
298 0 47
299 0 46
300 0 46
301 0 46
302 0 47
303 0 47
304 0 46
305 0 46
306 0 46
307 0 46
308 0 46
309 0 46
310 0 46
311 0 46
312 0 46
313 0 46
314 0 46
315 0 47
316 0 47
317 0 47
318 0 47
319 0 47
320 0 46
321 0 47
322 0 47
323 0 46
324 0 46
325 0 47
326 0 47
327 0 47
328 0 47
329 0 47
330 0 46
331 0 47
332 0 47
333 0 46
334 0 46
335 0 46
336 0 47
337 0 47
338 0 46
339 0 46
340 0 46
341 0 46
342 0 46
343 0 46
344 0 46
345 0 46
346 0 46
347 0 46
348 0 46
349 0 47
350 0 47
351 0 46
352 0 46
353 0 46
354 0 47
355 0 47
356 0 46
357 0 46
358 0 47
359 0 47
360 0 47
361 0 46
362 0 46
363 0 46
364 0 46
365 0 46
366 0 46
367 0 47
368 0 47
369 0 47
370 0 46
371 0 46
372 0 45
373 0 47
374 0 47
375 0 46
376 0 46
377 0 46
378 0 47
379 0 47
380 0 46
381 0 46
382 0 47
383 0 47
384 0 47
385 0 46
386 0 46
387 0 46
388 0 46
389 0 46
390 0 46
391 0 46
392 0 46
393 0 46
394 0 46
395 0 46
396 0 45
397 0 46
398 0 46
399 0 45
400 0 45
401 0 46
402 0 46
403 0 46
404 0 46
405 0 46
406 0 45
407 0 46
408 0 46
409 0 46
410 0 46
411 0 46
412 0 45
413 0 46
414 0 46
415 0 45
416 0 45
417 0 46
418 0 46
419 0 46
420 0 46
421 0 46
422 0 45
423 0 46
424 0 46
425 0 45
426 0 45
427 0 45
428 0 46
429 0 46
430 0 45
431 0 45
432 0 46
433 0 46
434 0 46
435 0 46
436 0 46
437 0 46
438 0 46
439 0 46
440 0 45
441 0 47
442 0 47
443 0 46
444 0 46
445 0 46
446 0 47
447 0 47
448 0 46
449 0 46
450 0 47
451 0 47
452 0 47
453 0 46
454 0 46
455 0 46
456 0 46
457 0 46
458 0 46
459 0 47
460 0 47
461 0 47
462 0 46
463 0 46
464 0 45
465 0 47
466 0 47
467 0 46
468 0 46
469 0 46
470 0 47
471 0 47
472 0 46
473 0 46
474 0 47
475 0 47
476 0 47
477 0 46
478 0 46
479 0 46
480 0 46
481 0 46
482 0 46
483 0 47
484 0 47
485 0 47
486 0 47
487 0 47
488 0 46
489 0 47
490 0 47
491 0 46
492 0 46
493 0 47
494 0 47
495 0 47
496 0 47
497 0 47
498 0 46
499 0 46
500 0 46
501 0 46
502 0 46
503 0 46
504 0 46
505 0 46
506 0 46
507 0 46
508 0 46
509 0 46
510 0 46
511 0 46
512 0 46
513 0 46
514 0 46
515 0 46
516 0 46
517 0 46
518 0 46
519 0 46
520 0 46
521 0 46
522 0 46
523 0 46
524 0 46
525 0 46
526 0 47
527 0 47
528 0 47
529 0 47
530 0 47
531 0 46
532 0 47
533 0 47
534 0 46
535 0 46
536 0 47
537 0 47
538 0 47
539 0 47
540 0 47
541 0 46
542 0 46
543 0 46
544 0 46
545 0 46
546 0 46
547 0 46
548 0 46
549 0 46
550 0 46
551 0 46
552 0 46
553 0 46
554 0 46
555 0 46
556 0 46
557 0 45
558 0 45
559 0 45
560 0 47
561 0 47
562 0 46
563 0 46
564 0 46
565 0 47
566 0 47
567 0 46
568 0 46
569 0 47
570 0 47
571 0 47
572 0 46
573 0 46
574 0 46
575 0 46
576 0 46
577 0 46
578 0 47
579 0 47
580 0 47
581 0 46
582 0 46
583 0 45
584 0 47
585 0 47
586 0 46
587 0 46
588 0 46
589 0 47
590 0 47
591 0 46
592 0 46
593 0 47
594 0 47
595 0 47
596 0 46
597 0 46
598 0 46
599 0 46
600 0 46
601 0 46
602 0 47
603 0 47
604 0 47
605 0 47
606 0 47
607 0 46
608 0 47
609 0 47
610 0 46
611 0 46
612 0 47
613 0 47
614 0 47
615 0 47
616 0 47
617 0 46
618 0 46
619 0 46
620 0 46
621 0 46
622 0 46
623 0 46
624 0 46
625 0 46
626 0 46
627 0 46
628 0 46
629 0 46
630 0 46
631 0 46
632 0 46
633 0 46
634 0 46
635 0 46
636 0 46
637 0 46
638 0 46
639 0 46
640 0 46
641 0 46
642 0 46
643 0 46
644 0 46
645 0 46
646 0 46
647 0 46
648 0 46
649 0 46
650 0 45
651 0 46
652 0 46
653 0 45
654 0 45
655 0 46
656 0 46
657 0 46
658 0 46
659 0 46
660 0 45
661 0 46
662 0 46
663 0 46
664 0 46
665 0 46
666 0 46
667 0 46
668 0 46
669 0 46
670 0 46
671 0 46
672 0 46
673 0 46
674 0 46
675 0 46
676 0 45
677 0 45
678 0 45
679 0 46
680 0 46
681 0 46
682 0 46
683 0 46
684 0 46
685 0 46
686 0 46
687 0 46
688 0 46
689 0 46
690 0 46
691 0 45
692 0 45
693 0 45
694 0 45
695 0 45
696 0 45
697 0 46
698 0 46
699 0 46
700 0 46
701 0 46
702 0 45
703 0 46
704 0 46
705 0 45
706 0 45
707 0 46
708 0 46
709 0 46
710 0 46
711 0 46
712 0 45
713 0 46
714 0 46
715 0 46
716 0 46
717 0 46
718 0 46
719 0 46
720 0 46
721 0 46
722 0 46
723 0 46
724 0 46
725 0 46
726 0 46
727 0 46
728 0 45
729 0 45
730 0 45
731 0 46
732 0 46
733 0 46
734 0 46
735 0 46
736 0 45
737 0 46
738 0 46
739 0 45
740 0 45
741 0 46
742 0 46
743 0 46
744 0 46
745 0 46
746 0 45
747 0 46
748 0 46
749 0 46
750 0 46
751 0 46
752 0 46
753 0 46
754 0 46
755 0 46
756 0 46
757 0 46
758 0 46
759 0 46
760 0 46
761 0 46
762 0 45
763 0 45
764 0 45
765 0 46
766 0 46
767 0 46
768 0 46
769 0 46
770 0 46
771 0 46
772 0 46
773 0 46
774 0 46
775 0 46
776 0 46
777 0 45
778 0 45
779 0 45
780 0 45
781 0 45
782 0 45
783 0 46
784 0 46
785 0 46
786 0 46
787 0 46
788 0 45
789 0 46
790 0 46
791 0 45
792 0 45
793 0 46
794 0 46
795 0 46
796 0 46
797 0 46
798 0 45
799 0 46
800 0 46
801 0 46
802 0 46
803 0 46
804 0 46
805 0 46
806 0 46
807 0 46
808 0 46
809 0 46
810 0 46
811 0 46
812 0 46
813 0 46
814 0 45
815 0 45
816 0 45
817 0 46
818 0 46
819 0 45
820 0 45
821 0 45
822 0 46
823 0 46
824 0 45
825 0 45
826 0 46
827 0 46
828 0 46
829 0 45
830 0 45
831 0 45
832 0 45
833 0 45
834 0 45
835 0 46
836 0 46
837 0 46
838 0 45
839 0 45
840 0 44
841 0 46
842 0 46
843 0 45
844 0 45
845 0 45
846 0 46
847 0 46
848 0 45
849 0 45
850 0 46
851 0 46
852 0 46
853 0 45
854 0 45
855 0 45
856 0 45
857 0 45
858 0 45
859 0 46
860 0 46
861 0 46
862 0 46
863 0 46
864 0 45
865 0 46
866 0 46
867 0 45
868 0 45
869 0 46
870 0 46
871 0 46
872 0 46
873 0 46
874 0 45
875 0 46
876 0 46
877 0 46
878 0 46
879 0 46
880 0 45
881 0 46
882 0 46
883 0 45
884 0 45
885 0 46
886 0 46
887 0 46
888 0 46
889 0 46
890 0 45
891 0 46
892 0 46
893 0 45
894 0 45
895 0 45
896 0 46
897 0 46
898 0 45
899 0 45
900 0 46
901 0 46
902 0 46
903 0 46
904 0 46
905 0 46
906 0 45
907 0 45
908 0 45
909 0 47
910 0 47
911 0 46
912 0 46
913 0 46
914 0 47
915 0 47
916 0 46
917 0 46
918 0 47
919 0 47
920 0 47
921 0 46
922 0 46
923 0 46
924 0 46
925 0 46
926 0 46
927 0 47
928 0 47
929 0 47
930 0 46
931 0 46
932 0 45
933 0 47
934 0 47
935 0 46
936 0 46
937 0 46
938 0 47
939 0 47
940 0 46
941 0 46
942 0 47
943 0 47
944 0 47
945 0 46
946 0 46
947 0 46
948 0 46
949 0 46
950 0 46
951 0 47
952 0 47
953 0 47
954 0 47
955 0 47
956 0 46
957 0 47
958 0 47
959 0 46
960 0 46
961 0 47
962 0 47
963 0 47
964 0 47
965 0 47
966 0 46
967 0 46
968 0 46
969 0 46
970 0 46
971 0 46
972 0 46
973 0 46
974 0 46
975 0 46
976 0 46
977 0 46
978 0 46
979 0 46
980 0 46
981 0 46
982 0 46
983 0 46
984 0 46
985 0 46
986 0 46
987 0 46
988 0 46
989 0 46
990 0 46
991 0 46
992 0 46
993 0 46
994 0 47
995 0 47
996 0 47
997 0 47
998 0 47
999 0 46
1000 0 47
1001 0 47
1002 0 46
1003 0 46
1004 0 47
1005 0 47
1006 0 47
1007 0 47
1008 0 47
1009 0 46
1010 0 46
1011 0 46
1012 0 46
1013 0 46
1014 0 46
1015 0 46
1016 0 46
1017 0 46
1018 0 46
1019 0 46
1020 0 46
1021 0 46
1022 0 46
1023 0 46
1024 0 46
1025 0 45
1026 0 45
1027 0 45
1028 0 47
1029 0 47
1030 0 46
1031 0 46
1032 0 46
1033 0 47
1034 0 47
1035 0 46
1036 0 46
1037 0 47
1038 0 47
1039 0 47
1040 0 46
1041 0 46
1042 0 46
1043 0 46
1044 0 46
1045 0 46
1046 0 47
1047 0 47
1048 0 47
1049 0 46
1050 0 46
1051 0 45
1052 0 47
1053 0 47
1054 0 46
1055 0 46
1056 0 46
1057 0 47
1058 0 47
1059 0 46
1060 0 46
1061 0 47
1062 0 47
1063 0 47
1064 0 46
1065 0 46
1066 0 46
1067 0 46
1068 0 46
1069 0 46
1070 0 47
1071 0 47
1072 0 47
1073 0 47
1074 0 47
1075 0 46
1076 0 47
1077 0 47
1078 0 46
1079 0 46
1080 0 47
1081 0 47
1082 0 47
1083 0 47
1084 0 47
1085 0 46
1086 0 46
1087 0 46
1088 0 46
1089 0 46
1090 0 46
1091 0 46
1092 0 46
1093 0 46
1094 0 46
1095 0 46
1096 0 46
1097 0 46
1098 0 46
1099 0 46
1100 0 46
1101 0 46
1102 0 46
1103 0 46
1104 0 46
1105 0 46
1106 0 46
1107 0 46
1108 0 46
1109 0 46
1110 0 46
1111 0 46
1112 0 46
1113 0 46
1114 0 46
1115 0 46
1116 0 46
1117 0 46
1118 0 45
1119 0 46
1120 0 46
1121 0 45
1122 0 45
1123 0 46
1124 0 46
1125 0 46
1126 0 46
1127 0 46
1128 0 45
1129 0 46
1130 0 46
1131 0 46
1132 0 46
1133 0 46
1134 0 46
1135 0 46
1136 0 46
1137 0 46
1138 0 46
1139 0 46
1140 0 46
1141 0 46
1142 0 46
1143 0 46
1144 0 45
1145 0 45
1146 0 45
1147 0 46
1148 0 46
1149 0 46
1150 0 46
1151 0 46
1152 0 46
1153 0 46
1154 0 46
1155 0 46
1156 0 46
1157 0 46
1158 0 46
1159 0 45
1160 0 45
1161 0 45
1162 0 45
1163 0 45
1164 0 45
1165 0 46
1166 0 46
1167 0 46
1168 0 46
1169 0 46
1170 0 45
1171 0 46
1172 0 46
1173 0 45
1174 0 45
1175 0 46
1176 0 46
1177 0 46
1178 0 46
1179 0 46
1180 0 45
1181 0 46
1182 0 46
1183 0 46
1184 0 46
1185 0 46
1186 0 46
1187 0 46
1188 0 46
1189 0 46
1190 0 46
1191 0 46
1192 0 46
1193 0 46
1194 0 46
1195 0 46
1196 0 45
1197 0 45
1198 0 45
1199 0 46
1200 0 46
1201 0 45
1202 0 45
1203 0 45
1204 0 46
1205 0 46
1206 0 45
1207 0 45
1208 0 46
1209 0 46
1210 0 46
1211 0 45
1212 0 45
1213 0 45
1214 0 45
1215 0 45
1216 0 45
1217 0 46
1218 0 46
1219 0 46
1220 0 45
1221 0 45
1222 0 44
1223 0 46
1224 0 46
1225 0 45
1226 0 45
1227 0 45
1228 0 46
1229 0 46
1230 0 45
1231 0 45
1232 0 46
1233 0 46
1234 0 46
1235 0 45
1236 0 45
1237 0 45
1238 0 45
1239 0 45
1240 0 45
1241 0 46
1242 0 46
1243 0 45
1244 0 45
1245 0 45
1246 0 46
1247 0 46
1248 0 45
1249 0 45
1250 0 46
1251 0 46
1252 0 46
1253 0 45
1254 0 45
1255 0 45
1256 0 45
1257 0 45
1258 0 45
1259 0 46
1260 0 46
1261 0 46
1262 0 45
1263 0 45
1264 0 44
1265 0 46
1266 0 46
1267 0 45
1268 0 45
1269 0 45
1270 0 46
1271 0 46
1272 0 45
1273 0 45
1274 0 46
1275 0 46
1276 0 46
1277 0 45
1278 0 45
1279 0 45
1280 0 45
1281 0 45
1282 0 45
1283 0 45
1284 0 45
1285 0 45
1286 0 45
1287 0 45
1288 0 44
1289 0 45
1290 0 45
1291 0 44
1292 0 44
1293 0 45
1294 0 45
1295 0 45
1296 0 45
1297 0 45
1298 0 44
1299 0 46
1300 0 46
1301 0 45
1302 0 45
1303 0 45
1304 0 46
1305 0 46
1306 0 45
1307 0 45
1308 0 46
1309 0 46
1310 0 45
1311 0 45
1312 0 45
1313 0 46
1314 0 46
1315 0 45
1316 0 45
1317 0 45
1318 0 45
1319 0 45
1320 0 45
1321 0 45
1322 0 45
1323 0 45
1324 0 45
1325 0 45
1326 0 47
1327 0 47
1328 0 47
1329 0 47
1330 0 47
1331 0 46
1332 0 47
1333 0 47
1334 0 46
1335 0 46
1336 0 47
1337 0 47
1338 0 47
1339 0 47
1340 0 47
1341 0 46
1342 0 47
1343 0 47
1344 0 46
1345 0 46
1346 0 46
1347 0 47
1348 0 47
1349 0 46
1350 0 46
1351 0 46
1352 0 46
1353 0 46
1354 0 46
1355 0 46
1356 0 46
1357 0 46
1358 0 46
1359 0 46
1360 0 47
1361 0 47
1362 0 46
1363 0 46
1364 0 46
1365 0 47
1366 0 47
1367 0 46
1368 0 46
1369 0 46
1370 0 46
1371 0 46
1372 0 46
1373 0 46
1374 0 46
1375 0 46
1376 0 46
1377 0 46
1378 0 47
1379 0 47
1380 0 47
1381 0 47
1382 0 47
1383 0 46
1384 0 47
1385 0 47
1386 0 46
1387 0 46
1388 0 47
1389 0 47
1390 0 47
1391 0 47
1392 0 47
1393 0 46
1394 0 47
1395 0 47
1396 0 46
1397 0 46
1398 0 46
1399 0 47
1400 0 47
1401 0 46
1402 0 46
1403 0 46
1404 0 46
1405 0 46
1406 0 46
1407 0 46
1408 0 46
1409 0 46
1410 0 46
1411 0 46
1412 0 47
1413 0 47
1414 0 46
1415 0 46
1416 0 46
1417 0 47
1418 0 47
1419 0 46
1420 0 46
1421 0 47
1422 0 47
1423 0 47
1424 0 46
1425 0 46
1426 0 46
1427 0 46
1428 0 46
1429 0 46
1430 0 47
1431 0 47
1432 0 47
1433 0 46
1434 0 46
1435 0 45
1436 0 47
1437 0 47
1438 0 46
1439 0 46
1440 0 46
1441 0 47
1442 0 47
1443 0 46
1444 0 46
1445 0 47
1446 0 47
1447 0 47
1448 0 46
1449 0 46
1450 0 46
1451 0 46
1452 0 46
1453 0 46
1454 0 46
1455 0 46
1456 0 46
1457 0 46
1458 0 46
1459 0 45
1460 0 46
1461 0 46
1462 0 45
1463 0 45
1464 0 46
1465 0 46
1466 0 46
1467 0 46
1468 0 46
1469 0 45
1470 0 46
1471 0 46
1472 0 46
1473 0 46
1474 0 46
1475 0 45
1476 0 46
1477 0 46
1478 0 45
1479 0 45
1480 0 46
1481 0 46
1482 0 46
1483 0 46
1484 0 46
1485 0 45
1486 0 46
1487 0 46
1488 0 45
1489 0 45
1490 0 45
1491 0 46
1492 0 46
1493 0 45
1494 0 45
1495 0 46
1496 0 46
1497 0 46
1498 0 46
1499 0 46
1500 0 46
1501 0 46
1502 0 46
1503 0 45
1504 0 47
1505 0 47
1506 0 46
1507 0 46
1508 0 46
1509 0 47
1510 0 47
1511 0 46
1512 0 46
1513 0 47
1514 0 47
1515 0 47
1516 0 46
1517 0 46
1518 0 46
1519 0 46
1520 0 46
1521 0 46
1522 0 47
1523 0 47
1524 0 47
1525 0 46
1526 0 46
1527 0 45
1528 0 47
1529 0 47
1530 0 46
1531 0 46
1532 0 46
1533 0 47
1534 0 47
1535 0 46
1536 0 46
1537 0 47
1538 0 47
1539 0 47
1540 0 46
1541 0 46
1542 0 46
1543 0 46
1544 0 46
1545 0 46
1546 0 46
1547 0 46
1548 0 46
1549 0 46
1550 0 46
1551 0 45
1552 0 46
1553 0 46
1554 0 45
1555 0 45
1556 0 46
1557 0 46
1558 0 46
1559 0 46
1560 0 46
1561 0 45
1562 0 46
1563 0 46
1564 0 45
1565 0 45
1566 0 45
1567 0 46
1568 0 46
1569 0 45
1570 0 45
1571 0 46
1572 0 46
1573 0 45
1574 0 45
1575 0 45
1576 0 46
1577 0 46
1578 0 45
1579 0 45
1580 0 45
1581 0 45
1582 0 45
1583 0 46
1584 0 46
1585 0 46
1586 0 46
1587 0 45
1588 0 45
1589 0 47
1590 0 47
1591 0 47
1592 0 47
1593 0 47
1594 0 46
1595 0 47
1596 0 47
1597 0 46
1598 0 46
1599 0 47
1600 0 47
1601 0 47
1602 0 47
1603 0 47
1604 0 46
1605 0 47
1606 0 47
1607 0 46
1608 0 46
1609 0 46
1610 0 47
1611 0 47
1612 0 46
1613 0 46
1614 0 46
1615 0 46
1616 0 46
1617 0 46
1618 0 46
1619 0 46
1620 0 46
1621 0 46
1622 0 46
1623 0 47
1624 0 47
1625 0 46
1626 0 46
1627 0 46
1628 0 47
1629 0 47
1630 0 46
1631 0 46
1632 0 46
1633 0 46
1634 0 46
1635 0 46
1636 0 46
1637 0 46
1638 0 46
1639 0 46
1640 0 46
1641 0 47
1642 0 47
1643 0 47
1644 0 47
1645 0 47
1646 0 46
1647 0 47
1648 0 47
1649 0 46
1650 0 46
1651 0 47
1652 0 47
1653 0 47
1654 0 47
1655 0 47
1656 0 46
1657 0 47
1658 0 47
1659 0 46
1660 0 46
1661 0 46
1662 0 47
1663 0 47
1664 0 46
1665 0 46
1666 0 46
1667 0 46
1668 0 46
1669 0 46
1670 0 46
1671 0 46
1672 0 46
1673 0 46
1674 0 46
1675 0 47
1676 0 47
1677 0 46
1678 0 46
1679 0 46
1680 0 47
1681 0 47
1682 0 46
1683 0 46
1684 0 47
1685 0 47
1686 0 47
1687 0 46
1688 0 46
1689 0 46
1690 0 46
1691 0 46
1692 0 46
1693 0 47
1694 0 47
1695 0 47
1696 0 46
1697 0 46
1698 0 45
1699 0 47
1700 0 47
1701 0 46
1702 0 46
1703 0 46
1704 0 47
1705 0 47
1706 0 46
1707 0 46
1708 0 47
1709 0 47
1710 0 47
1711 0 46
1712 0 46
1713 0 46
1714 0 46
1715 0 46
1716 0 46
1717 0 46
1718 0 46
1719 0 46
1720 0 46
1721 0 46
1722 0 45
1723 0 46
1724 0 46
1725 0 45
1726 0 45
1727 0 46
1728 0 46
1729 0 46
1730 0 46
1731 0 46
1732 0 45
1733 0 46
1734 0 46
1735 0 46
1736 0 46
1737 0 46
1738 0 45
1739 0 46
1740 0 46
1741 0 45
1742 0 45
1743 0 46
1744 0 46
1745 0 46
1746 0 46
1747 0 46
1748 0 45
1749 0 46
1750 0 46
1751 0 45
1752 0 45
1753 0 45
1754 0 46
1755 0 46
1756 0 45
1757 0 45
1758 0 46
1759 0 46
1760 0 46
1761 0 46
1762 0 46
1763 0 46
1764 0 46
1765 0 46
1766 0 45
1767 0 47
1768 0 47
1769 0 46
1770 0 46
1771 0 46
1772 0 47
1773 0 47
1774 0 46
1775 0 46
1776 0 47
1777 0 47
1778 0 47
1779 0 46
1780 0 46
1781 0 46
1782 0 46
1783 0 46
1784 0 46
1785 0 47
1786 0 47
1787 0 47
1788 0 46
1789 0 46
1790 0 45
1791 0 47
1792 0 47
1793 0 46
1794 0 46
1795 0 46
1796 0 47
1797 0 47
1798 0 46
1799 0 46
1800 0 47
1801 0 47
1802 0 47
1803 0 46
1804 0 46
1805 0 46
1806 0 46
1807 0 46
1808 0 46
1809 0 47
1810 0 47
1811 0 47
1812 0 47
1813 0 47
1814 0 46
1815 0 47
1816 0 47
1817 0 46
1818 0 46
1819 0 47
1820 0 47
1821 0 47
1822 0 47
1823 0 47
1824 0 46
1825 0 46
1826 0 46
1827 0 46
1828 0 46
1829 0 46
1830 0 46
1831 0 46
1832 0 46
1833 0 46
1834 0 46
1835 0 46
1836 0 46
1837 0 46
1838 0 46
1839 0 46
1840 0 46
1841 0 46
1842 0 46
1843 0 46
1844 0 46
1845 0 46
1846 0 46
1847 0 46
1848 0 46
1849 0 46
1850 0 46
1851 0 46
1852 0 47
1853 0 47
1854 0 47
1855 0 47
1856 0 47
1857 0 46
1858 0 47
1859 0 47
1860 0 46
1861 0 46
1862 0 47
1863 0 47
1864 0 47
1865 0 47
1866 0 47
1867 0 46
1868 0 46
1869 0 46
1870 0 46
1871 0 46
1872 0 46
1873 0 46
1874 0 46
1875 0 46
1876 0 46
1877 0 46
1878 0 46
1879 0 46
1880 0 46
1881 0 46
1882 0 46
1883 0 45
1884 0 45
1885 0 45
1886 0 47
1887 0 47
1888 0 46
1889 0 46
1890 0 46
1891 0 47
1892 0 47
1893 0 46
1894 0 46
1895 0 47
1896 0 47
1897 0 47
1898 0 46
1899 0 46
1900 0 46
1901 0 46
1902 0 46
1903 0 46
1904 0 47
1905 0 47
1906 0 47
1907 0 46
1908 0 46
1909 0 45
1910 0 47
1911 0 47
1912 0 46
1913 0 46
1914 0 46
1915 0 47
1916 0 47
1917 0 46
1918 0 46
1919 0 47
1920 0 47
1921 0 47
1922 0 46
1923 0 46
1924 0 46
1925 0 46
1926 0 46
1927 0 46
1928 0 47
1929 0 47
1930 0 47
1931 0 47
1932 0 47
1933 0 46
1934 0 47
1935 0 47
1936 0 46
1937 0 46
1938 0 47
1939 0 47
1940 0 47
1941 0 47
1942 0 47
1943 0 46
1944 0 46
1945 0 46
1946 0 46
1947 0 46
1948 0 46
1949 0 46
1950 0 46
1951 0 46
1952 0 46
1953 0 46
1954 0 46
1955 0 46
1956 0 46
1957 0 46
1958 0 46
1959 0 46
1960 0 46
1961 0 46
1962 0 46
1963 0 46
1964 0 46
1965 0 46
1966 0 46
1967 0 46
1968 0 46
1969 0 46
1970 0 46
1971 0 46
1972 0 46
1973 0 46
1974 0 46
1975 0 46
1976 0 45
1977 0 46
1978 0 46
1979 0 45
1980 0 45
1981 0 46
1982 0 46
1983 0 46
1984 0 46
1985 0 46
1986 0 45
1987 0 46
1988 0 46
1989 0 46
1990 0 46
1991 0 46
1992 0 46
1993 0 46
1994 0 46
1995 0 46
1996 0 46
1997 0 46
1998 0 46
1999 0 46
2000 0 46
2001 0 46
2002 0 45
2003 0 45
2004 0 45
2005 0 46
2006 0 46
2007 0 46
2008 0 46
2009 0 46
2010 0 46
2011 0 46
2012 0 46
2013 0 46
2014 0 46
2015 0 46
2016 0 46
2017 0 45
2018 0 45
2019 0 45
2020 0 45
2021 0 45
2022 0 45
2023 0 46
2024 0 46
2025 0 46
2026 0 46
2027 0 46
2028 0 45
2029 0 46
2030 0 46
2031 0 45
2032 0 45
2033 0 46
2034 0 46
2035 0 46
2036 0 46
2037 0 46
2038 0 45
2039 0 46
2040 0 46
2041 0 46
2042 0 46
2043 0 46
2044 0 46
2045 0 46
2046 0 46
2047 0 46
2048 0 46
2049 0 46
2050 0 46
2051 0 46
2052 0 46
2053 0 46
2054 0 45
2055 0 45
2056 0 45
2057 0 46
2058 0 46
2059 0 46
2060 0 46
2061 0 46
2062 0 45
2063 0 46
2064 0 46
2065 0 45
2066 0 45
2067 0 46
2068 0 46
2069 0 46
2070 0 46
2071 0 46
2072 0 45
2073 0 46
2074 0 46
2075 0 46
2076 0 46
2077 0 46
2078 0 46
2079 0 46
2080 0 46
2081 0 46
2082 0 46
2083 0 46
2084 0 46
2085 0 46
2086 0 46
2087 0 46
2088 0 45
2089 0 45
2090 0 45
2091 0 46
2092 0 46
2093 0 46
2094 0 46
2095 0 46
2096 0 46
2097 0 46
2098 0 46
2099 0 46
2100 0 46
2101 0 46
2102 0 46
2103 0 45
2104 0 45
2105 0 45
2106 0 45
2107 0 45
2108 0 45
2109 0 46
2110 0 46
2111 0 46
2112 0 46
2113 0 46
2114 0 45
2115 0 46
2116 0 46
2117 0 45
2118 0 45
2119 0 46
2120 0 46
2121 0 46
2122 0 46
2123 0 46
2124 0 45
2125 0 46
2126 0 46
2127 0 46
2128 0 46
2129 0 46
2130 0 46
2131 0 46
2132 0 46
2133 0 46
2134 0 46
2135 0 46
2136 0 46
2137 0 46
2138 0 46
2139 0 46
2140 0 45
2141 0 45
2142 0 45
2143 0 46
2144 0 46
2145 0 45
2146 0 45
2147 0 45
2148 0 46
2149 0 46
2150 0 45
2151 0 45
2152 0 46
2153 0 46
2154 0 46
2155 0 45
2156 0 45
2157 0 45
2158 0 45
2159 0 45
2160 0 45
2161 0 46
2162 0 46
2163 0 46
2164 0 45
2165 0 45
2166 0 44
2167 0 46
2168 0 46
2169 0 45
2170 0 45
2171 0 45
2172 0 46
2173 0 46
2174 0 45
2175 0 45
2176 0 46
2177 0 46
2178 0 46
2179 0 45
2180 0 45
2181 0 45
2182 0 45
2183 0 45
2184 0 45
2185 0 46
2186 0 46
2187 0 46
2188 0 46
2189 0 46
2190 0 45
2191 0 46
2192 0 46
2193 0 45
2194 0 45
2195 0 46
2196 0 46
2197 0 46
2198 0 46
2199 0 46
2200 0 45
2201 0 46
2202 0 46
2203 0 46
2204 0 46
2205 0 46
2206 0 45
2207 0 46
2208 0 46
2209 0 45
2210 0 45
2211 0 46
2212 0 46
2213 0 46
2214 0 46
2215 0 46
2216 0 45
2217 0 46
2218 0 46
2219 0 45
2220 0 45
2221 0 45
2222 0 46
2223 0 46
2224 0 45
2225 0 45
2226 0 46
2227 0 46
2228 0 46
2229 0 46
2230 0 46
2231 0 46
2232 0 45
2233 0 45
2234 0 45
2235 0 47
2236 0 47
2237 0 47
2238 0 46
2239 0 47
2240 0 46
2241 0 47
2242 0 47
2243 0 47
2244 0 46
2245 0 47
2246 0 46
2247 0 46
2248 0 47
2249 0 46
2250 0 46
2251 0 46
2252 0 46
2253 0 46
2254 0 46
2255 0 46
2256 0 47
2257 0 46
2258 0 46
2259 0 47
2260 0 46
2261 0 46
2262 0 46
2263 0 46
2264 0 46
2265 0 46
2266 0 47
2267 0 47
2268 0 47
2269 0 46
2270 0 47
2271 0 46
2272 0 47
2273 0 47
2274 0 47
2275 0 46
2276 0 47
2277 0 46
2278 0 46
2279 0 47
2280 0 46
2281 0 46
2282 0 46
2283 0 46
2284 0 46
2285 0 46
2286 0 46
2287 0 47
2288 0 46
2289 0 46
2290 0 47
2291 0 46
2292 0 47
2293 0 47
2294 0 46
2295 0 46
2296 0 46
2297 0 47
2298 0 47
2299 0 46
2300 0 45
2301 0 47
2302 0 46
2303 0 46
2304 0 47
2305 0 46
2306 0 47
2307 0 47
2308 0 46
2309 0 46
2310 0 46
2311 0 46
2312 0 46
2313 0 46
2314 0 45
2315 0 46
2316 0 45
2317 0 46
2318 0 46
2319 0 46
2320 0 45
2321 0 46
2322 0 46
2323 0 46
2324 0 45
2325 0 46
2326 0 45
2327 0 46
2328 0 46
2329 0 46
2330 0 45
2331 0 46
2332 0 45
2333 0 45
2334 0 46
2335 0 45
2336 0 46
2337 0 46
2338 0 46
2339 0 46
2340 0 46
2341 0 45
2342 0 47
2343 0 46
2344 0 46
2345 0 47
2346 0 46
2347 0 47
2348 0 47
2349 0 46
2350 0 46
2351 0 46
2352 0 47
2353 0 47
2354 0 46
2355 0 45
2356 0 47
2357 0 46
2358 0 46
2359 0 47
2360 0 46
2361 0 47
2362 0 47
2363 0 46
2364 0 46
2365 0 46
2366 0 46
2367 0 46
2368 0 46
2369 0 45
2370 0 46
2371 0 45
2372 0 46
2373 0 46
2374 0 46
2375 0 45
2376 0 46
2377 0 45
2378 0 45
2379 0 46
2380 0 45
2381 0 46
2382 0 45
2383 0 45
2384 0 46
2385 0 45
2386 0 45
2387 0 45
2388 0 46
2389 0 46
2390 0 45
2391 0 47
2392 0 47
2393 0 47
2394 0 46
2395 0 47
2396 0 46
2397 0 47
2398 0 47
2399 0 47
2400 0 46
2401 0 47
2402 0 46
2403 0 46
2404 0 47
2405 0 46
2406 0 46
2407 0 46
2408 0 46
2409 0 46
2410 0 46
2411 0 46
2412 0 47
2413 0 46
2414 0 46
2415 0 47
2416 0 46
2417 0 46
2418 0 46
2419 0 46
2420 0 46
2421 0 46
2422 0 47
2423 0 47
2424 0 47
2425 0 46
2426 0 47
2427 0 46
2428 0 47
2429 0 47
2430 0 47
2431 0 46
2432 0 47
2433 0 46
2434 0 46
2435 0 47
2436 0 46
2437 0 46
2438 0 46
2439 0 46
2440 0 46
2441 0 46
2442 0 46
2443 0 47
2444 0 46
2445 0 46
2446 0 47
2447 0 46
2448 0 47
2449 0 47
2450 0 46
2451 0 46
2452 0 46
2453 0 47
2454 0 47
2455 0 46
2456 0 45
2457 0 47
2458 0 46
2459 0 46
2460 0 47
2461 0 46
2462 0 47
2463 0 47
2464 0 46
2465 0 46
2466 0 46
2467 0 46
2468 0 46
2469 0 46
2470 0 45
2471 0 46
2472 0 45
2473 0 46
2474 0 46
2475 0 46
2476 0 45
2477 0 46
2478 0 46
2479 0 46
2480 0 45
2481 0 46
2482 0 45
2483 0 46
2484 0 46
2485 0 46
2486 0 45
2487 0 46
2488 0 45
2489 0 45
2490 0 46
2491 0 45
2492 0 46
2493 0 46
2494 0 46
2495 0 46
2496 0 46
2497 0 45
2498 0 47
2499 0 46
2500 0 46
2501 0 47
2502 0 46
2503 0 47
2504 0 47
2505 0 46
2506 0 46
2507 0 46
2508 0 47
2509 0 47
2510 0 46
2511 0 45
2512 0 47
2513 0 46
2514 0 46
2515 0 47
2516 0 46
2517 0 47
2518 0 47
2519 0 46
2520 0 46
2521 0 46
2522 0 47
2523 0 47
2524 0 47
2525 0 46
2526 0 47
2527 0 46
2528 0 47
2529 0 47
2530 0 47
2531 0 46
2532 0 46
2533 0 46
2534 0 46
2535 0 46
2536 0 46
2537 0 46
2538 0 46
2539 0 46
2540 0 46
2541 0 46
2542 0 46
2543 0 46
2544 0 46
2545 0 46
2546 0 46
2547 0 47
2548 0 47
2549 0 47
2550 0 46
2551 0 47
2552 0 46
2553 0 47
2554 0 47
2555 0 47
2556 0 46
2557 0 46
2558 0 46
2559 0 46
2560 0 46
2561 0 46
2562 0 46
2563 0 46
2564 0 46
2565 0 46
2566 0 45
2567 0 45
2568 0 47
2569 0 46
2570 0 46
2571 0 47
2572 0 46
2573 0 47
2574 0 47
2575 0 46
2576 0 46
2577 0 46
2578 0 47
2579 0 47
2580 0 46
2581 0 45
2582 0 47
2583 0 46
2584 0 46
2585 0 47
2586 0 46
2587 0 47
2588 0 47
2589 0 46
2590 0 46
2591 0 46
2592 0 47
2593 0 47
2594 0 47
2595 0 46
2596 0 47
2597 0 46
2598 0 47
2599 0 47
2600 0 47
2601 0 46
2602 0 46
2603 0 46
2604 0 46
2605 0 46
2606 0 46
2607 0 46
2608 0 46
2609 0 46
2610 0 46
2611 0 46
2612 0 46
2613 0 46
2614 0 46
2615 0 46
2616 0 46
2617 0 46
2618 0 46
2619 0 46
2620 0 45
2621 0 46
2622 0 45
2623 0 46
2624 0 46
2625 0 46
2626 0 45
2627 0 46
2628 0 46
2629 0 46
2630 0 46
2631 0 46
2632 0 46
2633 0 46
2634 0 46
2635 0 46
2636 0 45
2637 0 45
2638 0 46
2639 0 46
2640 0 46
2641 0 46
2642 0 46
2643 0 46
2644 0 46
2645 0 45
2646 0 45
2647 0 45
2648 0 46
2649 0 46
2650 0 46
2651 0 45
2652 0 46
2653 0 45
2654 0 46
2655 0 46
2656 0 46
2657 0 45
2658 0 46
2659 0 46
2660 0 46
2661 0 46
2662 0 46
2663 0 46
2664 0 46
2665 0 46
2666 0 46
2667 0 45
2668 0 45
2669 0 46
2670 0 46
2671 0 46
2672 0 45
2673 0 46
2674 0 45
2675 0 46
2676 0 46
2677 0 46
2678 0 45
2679 0 46
2680 0 46
2681 0 46
2682 0 46
2683 0 46
2684 0 46
2685 0 46
2686 0 46
2687 0 46
2688 0 45
2689 0 45
2690 0 46
2691 0 46
2692 0 46
2693 0 46
2694 0 46
2695 0 46
2696 0 46
2697 0 45
2698 0 45
2699 0 45
2700 0 46
2701 0 46
2702 0 46
2703 0 45
2704 0 46
2705 0 45
2706 0 46
2707 0 46
2708 0 46
2709 0 45
2710 0 46
2711 0 46
2712 0 46
2713 0 46
2714 0 46
2715 0 46
2716 0 46
2717 0 46
2718 0 46
2719 0 45
2720 0 45
2721 0 46
2722 0 45
2723 0 45
2724 0 46
2725 0 45
2726 0 46
2727 0 46
2728 0 45
2729 0 45
2730 0 45
2731 0 46
2732 0 46
2733 0 45
2734 0 44
2735 0 46
2736 0 45
2737 0 45
2738 0 46
2739 0 45
2740 0 46
2741 0 46
2742 0 45
2743 0 45
2744 0 45
2745 0 46
2746 0 46
2747 0 46
2748 0 45
2749 0 46
2750 0 45
2751 0 46
2752 0 46
2753 0 46
2754 0 45
2755 0 46
2756 0 46
2757 0 46
2758 0 45
2759 0 46
2760 0 45
2761 0 46
2762 0 46
2763 0 46
2764 0 45
2765 0 46
2766 0 45
2767 0 45
2768 0 46
2769 0 45
2770 0 46
2771 0 46
2772 0 46
2773 0 46
2774 0 45
2775 0 45
2776 0 47
2777 0 46
2778 0 46
2779 0 47
2780 0 46
2781 0 47
2782 0 47
2783 0 46
2784 0 46
2785 0 46
2786 0 47
2787 0 47
2788 0 46
2789 0 45
2790 0 47
2791 0 46
2792 0 46
2793 0 47
2794 0 46
2795 0 47
2796 0 47
2797 0 46
2798 0 46
2799 0 46
2800 0 47
2801 0 47
2802 0 47
2803 0 46
2804 0 47
2805 0 46
2806 0 47
2807 0 47
2808 0 47
2809 0 46
2810 0 46
2811 0 46
2812 0 46
2813 0 46
2814 0 46
2815 0 46
2816 0 46
2817 0 46
2818 0 46
2819 0 46
2820 0 46
2821 0 46
2822 0 46
2823 0 46
2824 0 46
2825 0 47
2826 0 47
2827 0 47
2828 0 46
2829 0 47
2830 0 46
2831 0 47
2832 0 47
2833 0 47
2834 0 46
2835 0 46
2836 0 46
2837 0 46
2838 0 46
2839 0 46
2840 0 46
2841 0 46
2842 0 46
2843 0 46
2844 0 45
2845 0 45
2846 0 47
2847 0 46
2848 0 46
2849 0 47
2850 0 46
2851 0 47
2852 0 47
2853 0 46
2854 0 46
2855 0 46
2856 0 47
2857 0 47
2858 0 46
2859 0 45
2860 0 47
2861 0 46
2862 0 46
2863 0 47
2864 0 46
2865 0 47
2866 0 47
2867 0 46
2868 0 46
2869 0 46
2870 0 47
2871 0 47
2872 0 47
2873 0 46
2874 0 47
2875 0 46
2876 0 47
2877 0 47
2878 0 47
2879 0 46
2880 0 46
2881 0 46
2882 0 46
2883 0 46
2884 0 46
2885 0 46
2886 0 46
2887 0 46
2888 0 46
2889 0 46
2890 0 46
2891 0 46
2892 0 46
2893 0 46
2894 0 46
2895 0 46
2896 0 46
2897 0 46
2898 0 45
2899 0 46
2900 0 45
2901 0 46
2902 0 46
2903 0 46
2904 0 45
2905 0 46
2906 0 46
2907 0 46
2908 0 46
2909 0 46
2910 0 46
2911 0 46
2912 0 46
2913 0 46
2914 0 45
2915 0 45
2916 0 46
2917 0 46
2918 0 46
2919 0 46
2920 0 46
2921 0 46
2922 0 46
2923 0 45
2924 0 45
2925 0 45
2926 0 46
2927 0 46
2928 0 46
2929 0 45
2930 0 46
2931 0 45
2932 0 46
2933 0 46
2934 0 46
2935 0 45
2936 0 46
2937 0 46
2938 0 46
2939 0 46
2940 0 46
2941 0 46
2942 0 46
2943 0 46
2944 0 46
2945 0 45
2946 0 45
2947 0 46
2948 0 45
2949 0 45
2950 0 46
2951 0 45
2952 0 46
2953 0 46
2954 0 45
2955 0 45
2956 0 45
2957 0 46
2958 0 46
2959 0 45
2960 0 44
2961 0 46
2962 0 45
2963 0 45
2964 0 46
2965 0 45
2966 0 46
2967 0 46
2968 0 45
2969 0 45
2970 0 45
2971 0 46
2972 0 45
2973 0 45
2974 0 46
2975 0 45
2976 0 46
2977 0 46
2978 0 45
2979 0 45
2980 0 45
2981 0 46
2982 0 46
2983 0 45
2984 0 44
2985 0 46
2986 0 45
2987 0 45
2988 0 46
2989 0 45
2990 0 46
2991 0 46
2992 0 45
2993 0 45
2994 0 45
2995 0 45
2996 0 45
2997 0 45
2998 0 44
2999 0 45
3000 0 44
3001 0 45
3002 0 45
3003 0 45
3004 0 44
3005 0 46
3006 0 45
3007 0 45
3008 0 46
3009 0 45
3010 0 46
3011 0 45
3012 0 45
3013 0 46
3014 0 45
3015 0 45
3016 0 45
3017 0 45
3018 0 45
3019 0 45
3020 0 47
3021 0 47
3022 0 47
3023 0 46
3024 0 47
3025 0 46
3026 0 47
3027 0 47
3028 0 47
3029 0 46
3030 0 47
3031 0 46
3032 0 46
3033 0 47
3034 0 46
3035 0 46
3036 0 46
3037 0 46
3038 0 46
3039 0 46
3040 0 46
3041 0 47
3042 0 46
3043 0 46
3044 0 47
3045 0 46
3046 0 46
3047 0 46
3048 0 46
3049 0 46
3050 0 46
3051 0 47
3052 0 47
3053 0 47
3054 0 46
3055 0 47
3056 0 46
3057 0 47
3058 0 47
3059 0 47
3060 0 46
3061 0 47
3062 0 46
3063 0 46
3064 0 47
3065 0 46
3066 0 46
3067 0 46
3068 0 46
3069 0 46
3070 0 46
3071 0 46
3072 0 47
3073 0 46
3074 0 46
3075 0 47
3076 0 46
3077 0 47
3078 0 47
3079 0 46
3080 0 46
3081 0 46
3082 0 47
3083 0 47
3084 0 46
3085 0 45
3086 0 47
3087 0 46
3088 0 46
3089 0 47
3090 0 46
3091 0 47
3092 0 47
3093 0 46
3094 0 46
3095 0 46
3096 0 46
3097 0 46
3098 0 46
3099 0 45
3100 0 46
3101 0 45
3102 0 46
3103 0 46
3104 0 46
3105 0 45
3106 0 46
3107 0 46
3108 0 46
3109 0 45
3110 0 46
3111 0 45
3112 0 46
3113 0 46
3114 0 46
3115 0 45
3116 0 46
3117 0 45
3118 0 45
3119 0 46
3120 0 45
3121 0 46
3122 0 46
3123 0 46
3124 0 46
3125 0 46
3126 0 45
3127 0 47
3128 0 46
3129 0 46
3130 0 47
3131 0 46
3132 0 47
3133 0 47
3134 0 46
3135 0 46
3136 0 46
3137 0 47
3138 0 47
3139 0 46
3140 0 45
3141 0 47
3142 0 46
3143 0 46
3144 0 47
3145 0 46
3146 0 47
3147 0 47
3148 0 46
3149 0 46
3150 0 46
3151 0 46
3152 0 46
3153 0 46
3154 0 45
3155 0 46
3156 0 45
3157 0 46
3158 0 46
3159 0 46
3160 0 45
3161 0 46
3162 0 45
3163 0 45
3164 0 46
3165 0 45
3166 0 46
3167 0 45
3168 0 45
3169 0 46
3170 0 45
3171 0 45
3172 0 45
3173 0 46
3174 0 46
3175 0 45
3176 0 47
3177 0 47
3178 0 47
3179 0 46
3180 0 47
3181 0 46
3182 0 47
3183 0 47
3184 0 47
3185 0 46
3186 0 47
3187 0 46
3188 0 46
3189 0 47
3190 0 46
3191 0 46
3192 0 46
3193 0 46
3194 0 46
3195 0 46
3196 0 46
3197 0 47
3198 0 46
3199 0 46
3200 0 47
3201 0 46
3202 0 46
3203 0 46
3204 0 46
3205 0 46
3206 0 46
3207 0 47
3208 0 47
3209 0 47
3210 0 46
3211 0 47
3212 0 46
3213 0 47
3214 0 47
3215 0 47
3216 0 46
3217 0 47
3218 0 46
3219 0 46
3220 0 47
3221 0 46
3222 0 46
3223 0 46
3224 0 46
3225 0 46
3226 0 46
3227 0 46
3228 0 47
3229 0 46
3230 0 46
3231 0 47
3232 0 46
3233 0 47
3234 0 47
3235 0 46
3236 0 46
3237 0 46
3238 0 47
3239 0 47
3240 0 46
3241 0 45
3242 0 47
3243 0 46
3244 0 46
3245 0 47
3246 0 46
3247 0 47
3248 0 47
3249 0 46
3250 0 46
3251 0 46
3252 0 46
3253 0 46
3254 0 46
3255 0 45
3256 0 46
3257 0 45
3258 0 46
3259 0 46
3260 0 46
3261 0 45
3262 0 46
3263 0 46
3264 0 46
3265 0 45
3266 0 46
3267 0 45
3268 0 46
3269 0 46
3270 0 46
3271 0 45
3272 0 46
3273 0 45
3274 0 45
3275 0 46
3276 0 45
3277 0 46
3278 0 46
3279 0 46
3280 0 46
3281 0 46
3282 0 45
3283 0 47
3284 0 46
3285 0 46
3286 0 47
3287 0 46
3288 0 47
3289 0 47
3290 0 46
3291 0 46
3292 0 46
3293 0 47
3294 0 47
3295 0 46
3296 0 45
3297 0 47
3298 0 46
3299 0 46
3300 0 47
3301 0 46
3302 0 47
3303 0 47
3304 0 46
3305 0 46
3306 0 46
3307 0 47
3308 0 47
3309 0 47
3310 0 46
3311 0 47
3312 0 46
3313 0 47
3314 0 47
3315 0 47
3316 0 46
3317 0 46
3318 0 46
3319 0 46
3320 0 46
3321 0 46
3322 0 46
3323 0 46
3324 0 46
3325 0 46
3326 0 46
3327 0 46
3328 0 46
3329 0 46
3330 0 46
3331 0 46
3332 0 47
3333 0 47
3334 0 47
3335 0 46
3336 0 47
3337 0 46
3338 0 47
3339 0 47
3340 0 47
3341 0 46
3342 0 46
3343 0 46
3344 0 46
3345 0 46
3346 0 46
3347 0 46
3348 0 46
3349 0 46
3350 0 46
3351 0 45
3352 0 45
3353 0 47
3354 0 46
3355 0 46
3356 0 47
3357 0 46
3358 0 47
3359 0 47
3360 0 46
3361 0 46
3362 0 46
3363 0 47
3364 0 47
3365 0 46
3366 0 45
3367 0 47
3368 0 46
3369 0 46
3370 0 47
3371 0 46
3372 0 47
3373 0 47
3374 0 46
3375 0 46
3376 0 46
3377 0 47
3378 0 47
3379 0 47
3380 0 46
3381 0 47
3382 0 46
3383 0 47
3384 0 47
3385 0 47
3386 0 46
3387 0 46
3388 0 46
3389 0 46
3390 0 46
3391 0 46
3392 0 46
3393 0 46
3394 0 46
3395 0 46
3396 0 46
3397 0 46
3398 0 46
3399 0 46
3400 0 46
3401 0 46
3402 0 46
3403 0 46
3404 0 46
3405 0 45
3406 0 46
3407 0 45
3408 0 46
3409 0 46
3410 0 46
3411 0 45
3412 0 46
3413 0 46
3414 0 46
3415 0 46
3416 0 46
3417 0 46
3418 0 46
3419 0 46
3420 0 46
3421 0 45
3422 0 45
3423 0 46
3424 0 46
3425 0 46
3426 0 46
3427 0 46
3428 0 46
3429 0 46
3430 0 45
3431 0 45
3432 0 45
3433 0 46
3434 0 46
3435 0 46
3436 0 45
3437 0 46
3438 0 45
3439 0 46
3440 0 46
3441 0 46
3442 0 45
3443 0 46
3444 0 46
3445 0 46
3446 0 46
3447 0 46
3448 0 46
3449 0 46
3450 0 46
3451 0 46
3452 0 45
3453 0 45
3454 0 46
3455 0 46
3456 0 46
3457 0 45
3458 0 46
3459 0 45
3460 0 46
3461 0 46
3462 0 46
3463 0 45
3464 0 46
3465 0 46
3466 0 46
3467 0 46
3468 0 46
3469 0 46
3470 0 46
3471 0 46
3472 0 46
3473 0 45
3474 0 45
3475 0 46
3476 0 46
3477 0 46
3478 0 46
3479 0 46
3480 0 46
3481 0 46
3482 0 45
3483 0 45
3484 0 45
3485 0 46
3486 0 46
3487 0 46
3488 0 45
3489 0 46
3490 0 45
3491 0 46
3492 0 46
3493 0 46
3494 0 45
3495 0 46
3496 0 46
3497 0 46
3498 0 46
3499 0 46
3500 0 46
3501 0 46
3502 0 46
3503 0 46
3504 0 45
3505 0 45
3506 0 46
3507 0 45
3508 0 45
3509 0 46
3510 0 45
3511 0 46
3512 0 46
3513 0 45
3514 0 45
3515 0 45
3516 0 46
3517 0 46
3518 0 45
3519 0 44
3520 0 46
3521 0 45
3522 0 45
3523 0 46
3524 0 45
3525 0 46
3526 0 46
3527 0 45
3528 0 45
3529 0 45
3530 0 46
3531 0 46
3532 0 46
3533 0 45
3534 0 46
3535 0 45
3536 0 46
3537 0 46
3538 0 46
3539 0 45
3540 0 46
3541 0 46
3542 0 46
3543 0 45
3544 0 46
3545 0 45
3546 0 46
3547 0 46
3548 0 46
3549 0 45
3550 0 46
3551 0 45
3552 0 45
3553 0 46
3554 0 45
3555 0 46
3556 0 46
3557 0 46
3558 0 46
3559 0 45
3560 0 45
3561 0 47
3562 0 46
3563 0 47
3564 0 46
3565 0 46
3566 0 46
3567 0 46
3568 0 46
3569 0 46
3570 0 46
3571 0 46
3572 0 47
3573 0 46
3574 0 47
3575 0 46
3576 0 46
3577 0 46
3578 0 46
3579 0 46
3580 0 46
3581 0 47
3582 0 46
3583 0 47
3584 0 46
3585 0 46
3586 0 47
3587 0 46
3588 0 46
3589 0 45
3590 0 46
3591 0 46
3592 0 45
3593 0 46
3594 0 45
3595 0 45
3596 0 46
3597 0 46
3598 0 46
3599 0 46
3600 0 47
3601 0 46
3602 0 47
3603 0 46
3604 0 46
3605 0 47
3606 0 46
3607 0 46
3608 0 45
3609 0 46
3610 0 45
3611 0 45
3612 0 45
3613 0 45
3614 0 45
3615 0 45
3616 0 47
3617 0 46
3618 0 47
3619 0 46
3620 0 46
3621 0 46
3622 0 46
3623 0 46
3624 0 46
3625 0 46
3626 0 46
3627 0 47
3628 0 46
3629 0 47
3630 0 46
3631 0 46
3632 0 46
3633 0 46
3634 0 46
3635 0 46
3636 0 47
3637 0 46
3638 0 47
3639 0 46
3640 0 46
3641 0 47
3642 0 46
3643 0 46
3644 0 45
3645 0 46
3646 0 46
3647 0 45
3648 0 46
3649 0 45
3650 0 45
3651 0 46
3652 0 46
3653 0 46
3654 0 46
3655 0 47
3656 0 46
3657 0 47
3658 0 46
3659 0 46
3660 0 47
3661 0 46
3662 0 47
3663 0 46
3664 0 47
3665 0 46
3666 0 46
3667 0 46
3668 0 46
3669 0 46
3670 0 46
3671 0 47
3672 0 46
3673 0 47
3674 0 46
3675 0 46
3676 0 46
3677 0 46
3678 0 46
3679 0 46
3680 0 47
3681 0 46
3682 0 47
3683 0 46
3684 0 46
3685 0 47
3686 0 46
3687 0 47
3688 0 46
3689 0 47
3690 0 46
3691 0 46
3692 0 46
3693 0 46
3694 0 46
3695 0 46
3696 0 46
3697 0 45
3698 0 46
3699 0 46
3700 0 46
3701 0 46
3702 0 46
3703 0 46
3704 0 46
3705 0 46
3706 0 45
3707 0 46
3708 0 45
3709 0 46
3710 0 46
3711 0 46
3712 0 46
3713 0 46
3714 0 46
3715 0 45
3716 0 46
3717 0 46
3718 0 46
3719 0 46
3720 0 46
3721 0 46
3722 0 46
3723 0 46
3724 0 45
3725 0 46
3726 0 45
3727 0 46
3728 0 46
3729 0 46
3730 0 46
3731 0 46
3732 0 45
3733 0 45
3734 0 46
3735 0 45
3736 0 46
3737 0 45
3738 0 45
3739 0 46
3740 0 45
3741 0 46
3742 0 45
3743 0 46
3744 0 46
3745 0 45
3746 0 46
3747 0 45
3748 0 45
3749 0 46
3750 0 46
3751 0 46
3752 0 46
3753 0 47
3754 0 46
3755 0 47
3756 0 46
3757 0 46
3758 0 47
3759 0 46
3760 0 47
3761 0 46
3762 0 47
3763 0 46
3764 0 46
3765 0 46
3766 0 46
3767 0 46
3768 0 46
3769 0 47
3770 0 46
3771 0 47
3772 0 46
3773 0 46
3774 0 46
3775 0 46
3776 0 46
3777 0 46
3778 0 47
3779 0 46
3780 0 47
3781 0 46
3782 0 46
3783 0 47
3784 0 46
3785 0 47
3786 0 46
3787 0 47
3788 0 46
3789 0 46
3790 0 46
3791 0 46
3792 0 46
3793 0 46
3794 0 46
3795 0 45
3796 0 46
3797 0 46
3798 0 46
3799 0 46
3800 0 46
3801 0 46
3802 0 46
3803 0 46
3804 0 45
3805 0 46
3806 0 45
3807 0 46
3808 0 46
3809 0 46
3810 0 46
3811 0 46
3812 0 45
3813 0 45
3814 0 46
3815 0 45
3816 0 46
3817 0 45
3818 0 45
3819 0 46
3820 0 45
3821 0 45
3822 0 45
3823 0 46
3824 0 45
3825 0 46
3826 0 45
3827 0 45
3828 0 46
3829 0 45
3830 0 45
3831 0 44
3832 0 45
3833 0 45
3834 0 45
3835 0 45
3836 0 45
3837 0 45
3838 0 45
3839 0 47
3840 0 46
3841 0 47
3842 0 46
3843 0 46
3844 0 46
3845 0 46
3846 0 46
3847 0 46
3848 0 46
3849 0 46
3850 0 47
3851 0 46
3852 0 47
3853 0 46
3854 0 46
3855 0 46
3856 0 46
3857 0 46
3858 0 46
3859 0 47
3860 0 46
3861 0 47
3862 0 46
3863 0 46
3864 0 47
3865 0 46
3866 0 46
3867 0 45
3868 0 46
3869 0 46
3870 0 45
3871 0 46
3872 0 45
3873 0 45
3874 0 46
3875 0 46
3876 0 46
3877 0 46
3878 0 47
3879 0 46
3880 0 47
3881 0 46
3882 0 46
3883 0 47
3884 0 46
3885 0 46
3886 0 45
3887 0 46
3888 0 45
3889 0 45
3890 0 45
3891 0 45
3892 0 45
3893 0 45
3894 0 47
3895 0 46
3896 0 47
3897 0 46
3898 0 46
3899 0 46
3900 0 46
3901 0 46
3902 0 46
3903 0 46
3904 0 46
3905 0 47
3906 0 46
3907 0 47
3908 0 46
3909 0 46
3910 0 46
3911 0 46
3912 0 46
3913 0 46
3914 0 47
3915 0 46
3916 0 47
3917 0 46
3918 0 46
3919 0 47
3920 0 46
3921 0 46
3922 0 45
3923 0 46
3924 0 46
3925 0 45
3926 0 46
3927 0 45
3928 0 45
3929 0 46
3930 0 46
3931 0 46
3932 0 46
3933 0 47
3934 0 46
3935 0 47
3936 0 46
3937 0 46
3938 0 47
3939 0 46
3940 0 47
3941 0 46
3942 0 47
3943 0 46
3944 0 46
3945 0 46
3946 0 46
3947 0 46
3948 0 46
3949 0 47
3950 0 46
3951 0 47
3952 0 46
3953 0 46
3954 0 46
3955 0 46
3956 0 46
3957 0 46
3958 0 47
3959 0 46
3960 0 47
3961 0 46
3962 0 46
3963 0 47
3964 0 46
3965 0 47
3966 0 46
3967 0 47
3968 0 46
3969 0 46
3970 0 46
3971 0 46
3972 0 46
3973 0 46
3974 0 46
3975 0 45
3976 0 46
3977 0 46
3978 0 46
3979 0 46
3980 0 46
3981 0 46
3982 0 46
3983 0 46
3984 0 45
3985 0 46
3986 0 45
3987 0 46
3988 0 46
3989 0 46
3990 0 46
3991 0 46
3992 0 46
3993 0 45
3994 0 46
3995 0 46
3996 0 46
3997 0 46
3998 0 46
3999 0 46
4000 0 46
4001 0 46
4002 0 45
4003 0 46
4004 0 45
4005 0 46
4006 0 46
4007 0 46
4008 0 46
4009 0 46
4010 0 45
4011 0 45
4012 0 46
4013 0 45
4014 0 46
4015 0 45
4016 0 45
4017 0 46
4018 0 45
4019 0 46
4020 0 45
4021 0 46
4022 0 46
4023 0 45
4024 0 46
4025 0 45
4026 0 45
4027 0 46
4028 0 46
4029 0 46
4030 0 46
4031 0 46
4032 0 46
4033 0 46
4034 0 45
4035 0 46
4036 0 46
4037 0 45
4038 0 45
4039 0 46
4040 0 46
4041 0 46
4042 0 46
4043 0 46
4044 0 45
4045 0 46
4046 0 46
4047 0 46
4048 0 46
4049 0 46
4050 0 46
4051 0 46
4052 0 46
4053 0 46
4054 0 46
4055 0 46
4056 0 46
4057 0 46
4058 0 46
4059 0 46
4060 0 45
4061 0 45
4062 0 45
4063 0 46
4064 0 46
4065 0 46
4066 0 46
4067 0 46
4068 0 46
4069 0 46
4070 0 46
4071 0 46
4072 0 46
4073 0 46
4074 0 46
4075 0 45
4076 0 45
4077 0 45
4078 0 45
4079 0 45
4080 0 45
4081 0 46
4082 0 46
4083 0 46
4084 0 46
4085 0 46
4086 0 45
4087 0 46
4088 0 46
4089 0 45
4090 0 45
4091 0 46
4092 0 46
4093 0 46
4094 0 46
4095 0 46
4096 0 45
4097 0 46
4098 0 46
4099 0 46
4100 0 46
4101 0 46
4102 0 46
4103 0 46
4104 0 46
4105 0 46
4106 0 46
4107 0 46
4108 0 46
4109 0 46
4110 0 46
4111 0 46
4112 0 45
4113 0 45
4114 0 45
4115 0 46
4116 0 46
4117 0 46
4118 0 46
4119 0 46
4120 0 45
4121 0 46
4122 0 46
4123 0 45
4124 0 45
4125 0 46
4126 0 46
4127 0 46
4128 0 46
4129 0 46
4130 0 45
4131 0 46
4132 0 46
4133 0 46
4134 0 46
4135 0 46
4136 0 46
4137 0 46
4138 0 46
4139 0 46
4140 0 46
4141 0 46
4142 0 46
4143 0 46
4144 0 46
4145 0 46
4146 0 45
4147 0 45
4148 0 45
4149 0 46
4150 0 46
4151 0 46
4152 0 46
4153 0 46
4154 0 46
4155 0 46
4156 0 46
4157 0 46
4158 0 46
4159 0 46
4160 0 46
4161 0 45
4162 0 45
4163 0 45
4164 0 45
4165 0 45
4166 0 45
4167 0 46
4168 0 46
4169 0 46
4170 0 46
4171 0 46
4172 0 45
4173 0 46
4174 0 46
4175 0 45
4176 0 45
4177 0 46
4178 0 46
4179 0 46
4180 0 46
4181 0 46
4182 0 45
4183 0 46
4184 0 46
4185 0 46
4186 0 46
4187 0 46
4188 0 46
4189 0 46
4190 0 46
4191 0 46
4192 0 46
4193 0 46
4194 0 46
4195 0 46
4196 0 46
4197 0 46
4198 0 45
4199 0 45
4200 0 45
4201 0 46
4202 0 46
4203 0 45
4204 0 45
4205 0 45
4206 0 46
4207 0 46
4208 0 45
4209 0 45
4210 0 46
4211 0 46
4212 0 46
4213 0 45
4214 0 45
4215 0 45
4216 0 45
4217 0 45
4218 0 45
4219 0 46
4220 0 46
4221 0 46
4222 0 45
4223 0 45
4224 0 44
4225 0 46
4226 0 46
4227 0 45
4228 0 45
4229 0 45
4230 0 46
4231 0 46
4232 0 45
4233 0 45
4234 0 46
4235 0 46
4236 0 46
4237 0 45
4238 0 45
4239 0 45
4240 0 45
4241 0 45
4242 0 45
4243 0 46
4244 0 46
4245 0 46
4246 0 46
4247 0 46
4248 0 45
4249 0 46
4250 0 46
4251 0 45
4252 0 45
4253 0 46
4254 0 46
4255 0 46
4256 0 46
4257 0 46
4258 0 45
4259 0 46
4260 0 46
4261 0 46
4262 0 46
4263 0 46
4264 0 45
4265 0 46
4266 0 46
4267 0 45
4268 0 45
4269 0 46
4270 0 46
4271 0 46
4272 0 46
4273 0 46
4274 0 45
4275 0 46
4276 0 46
4277 0 45
4278 0 45
4279 0 45
4280 0 46
4281 0 46
4282 0 45
4283 0 45
4284 0 46
4285 0 46
4286 0 46
4287 0 46
4288 0 46
4289 0 46
4290 0 45
4291 0 45
4292 0 45
4293 0 47
4294 0 46
4295 0 47
4296 0 46
4297 0 46
4298 0 46
4299 0 46
4300 0 46
4301 0 46
4302 0 46
4303 0 46
4304 0 47
4305 0 46
4306 0 47
4307 0 46
4308 0 46
4309 0 46
4310 0 46
4311 0 46
4312 0 46
4313 0 47
4314 0 46
4315 0 47
4316 0 46
4317 0 46
4318 0 47
4319 0 46
4320 0 46
4321 0 45
4322 0 46
4323 0 46
4324 0 45
4325 0 46
4326 0 45
4327 0 45
4328 0 46
4329 0 46
4330 0 46
4331 0 46
4332 0 47
4333 0 46
4334 0 47
4335 0 46
4336 0 46
4337 0 47
4338 0 46
4339 0 46
4340 0 45
4341 0 46
4342 0 45
4343 0 45
4344 0 45
4345 0 45
4346 0 45
4347 0 45
4348 0 47
4349 0 46
4350 0 47
4351 0 46
4352 0 46
4353 0 46
4354 0 46
4355 0 46
4356 0 46
4357 0 46
4358 0 46
4359 0 47
4360 0 46
4361 0 47
4362 0 46
4363 0 46
4364 0 46
4365 0 46
4366 0 46
4367 0 46
4368 0 47
4369 0 46
4370 0 47
4371 0 46
4372 0 46
4373 0 47
4374 0 46
4375 0 46
4376 0 45
4377 0 46
4378 0 46
4379 0 45
4380 0 46
4381 0 45
4382 0 45
4383 0 46
4384 0 46
4385 0 46
4386 0 46
4387 0 47
4388 0 46
4389 0 47
4390 0 46
4391 0 46
4392 0 47
4393 0 46
4394 0 47
4395 0 46
4396 0 47
4397 0 46
4398 0 46
4399 0 46
4400 0 46
4401 0 46
4402 0 46
4403 0 47
4404 0 46
4405 0 47
4406 0 46
4407 0 46
4408 0 46
4409 0 46
4410 0 46
4411 0 46
4412 0 47
4413 0 46
4414 0 47
4415 0 46
4416 0 46
4417 0 47
4418 0 46
4419 0 47
4420 0 46
4421 0 47
4422 0 46
4423 0 46
4424 0 46
4425 0 46
4426 0 46
4427 0 46
4428 0 46
4429 0 45
4430 0 46
4431 0 46
4432 0 46
4433 0 46
4434 0 46
4435 0 46
4436 0 46
4437 0 46
4438 0 45
4439 0 46
4440 0 45
4441 0 46
4442 0 46
4443 0 46
4444 0 46
4445 0 46
4446 0 46
4447 0 45
4448 0 46
4449 0 46
4450 0 46
4451 0 46
4452 0 46
4453 0 46
4454 0 46
4455 0 46
4456 0 45
4457 0 46
4458 0 45
4459 0 46
4460 0 46
4461 0 46
4462 0 46
4463 0 46
4464 0 45
4465 0 45
4466 0 46
4467 0 45
4468 0 46
4469 0 45
4470 0 45
4471 0 46
4472 0 45
4473 0 46
4474 0 45
4475 0 46
4476 0 46
4477 0 45
4478 0 46
4479 0 45
4480 0 45
4481 0 46
4482 0 46
4483 0 46
4484 0 46
4485 0 47
4486 0 46
4487 0 47
4488 0 46
4489 0 46
4490 0 47
4491 0 46
4492 0 47
4493 0 46
4494 0 47
4495 0 46
4496 0 46
4497 0 46
4498 0 46
4499 0 46
4500 0 46
4501 0 47
4502 0 46
4503 0 47
4504 0 46
4505 0 46
4506 0 46
4507 0 46
4508 0 46
4509 0 46
4510 0 47
4511 0 46
4512 0 47
4513 0 46
4514 0 46
4515 0 47
4516 0 46
4517 0 47
4518 0 46
4519 0 47
4520 0 46
4521 0 46
4522 0 46
4523 0 46
4524 0 46
4525 0 46
4526 0 46
4527 0 45
4528 0 46
4529 0 46
4530 0 46
4531 0 46
4532 0 46
4533 0 46
4534 0 46
4535 0 46
4536 0 45
4537 0 46
4538 0 45
4539 0 46
4540 0 46
4541 0 46
4542 0 46
4543 0 46
4544 0 45
4545 0 45
4546 0 46
4547 0 45
4548 0 46
4549 0 45
4550 0 45
4551 0 46
4552 0 45
4553 0 45
4554 0 45
4555 0 46
4556 0 45
4557 0 46
4558 0 45
4559 0 45
4560 0 46
4561 0 45
4562 0 45
4563 0 44
4564 0 45
4565 0 45
4566 0 45
4567 0 45
4568 0 45
4569 0 45
4570 0 45
4571 0 47
4572 0 46
4573 0 47
4574 0 46
4575 0 46
4576 0 46
4577 0 46
4578 0 46
4579 0 46
4580 0 46
4581 0 46
4582 0 47
4583 0 46
4584 0 47
4585 0 46
4586 0 46
4587 0 46
4588 0 46
4589 0 46
4590 0 46
4591 0 47
4592 0 46
4593 0 47
4594 0 46
4595 0 46
4596 0 47
4597 0 46
4598 0 46
4599 0 45
4600 0 46
4601 0 46
4602 0 45
4603 0 46
4604 0 45
4605 0 45
4606 0 46
4607 0 46
4608 0 46
4609 0 46
4610 0 47
4611 0 46
4612 0 47
4613 0 46
4614 0 46
4615 0 47
4616 0 46
4617 0 46
4618 0 45
4619 0 46
4620 0 45
4621 0 45
4622 0 45
4623 0 45
4624 0 45
4625 0 45
4626 0 47
4627 0 46
4628 0 47
4629 0 46
4630 0 46
4631 0 46
4632 0 46
4633 0 46
4634 0 46
4635 0 46
4636 0 46
4637 0 47
4638 0 46
4639 0 47
4640 0 46
4641 0 46
4642 0 46
4643 0 46
4644 0 46
4645 0 46
4646 0 47
4647 0 46
4648 0 47
4649 0 46
4650 0 46
4651 0 47
4652 0 46
4653 0 46
4654 0 45
4655 0 46
4656 0 46
4657 0 45
4658 0 46
4659 0 45
4660 0 45
4661 0 46
4662 0 46
4663 0 46
4664 0 46
4665 0 47
4666 0 46
4667 0 47
4668 0 46
4669 0 46
4670 0 47
4671 0 46
4672 0 47
4673 0 46
4674 0 47
4675 0 46
4676 0 46
4677 0 46
4678 0 46
4679 0 46
4680 0 46
4681 0 47
4682 0 46
4683 0 47
4684 0 46
4685 0 46
4686 0 46
4687 0 46
4688 0 46
4689 0 46
4690 0 47
4691 0 46
4692 0 47
4693 0 46
4694 0 46
4695 0 47
4696 0 46
4697 0 47
4698 0 46
4699 0 47
4700 0 46
4701 0 46
4702 0 46
4703 0 46
4704 0 46
4705 0 46
4706 0 46
4707 0 45
4708 0 46
4709 0 46
4710 0 46
4711 0 46
4712 0 46
4713 0 46
4714 0 46
4715 0 46
4716 0 45
4717 0 46
4718 0 45
4719 0 46
4720 0 46
4721 0 46
4722 0 46
4723 0 46
4724 0 46
4725 0 45
4726 0 46
4727 0 46
4728 0 46
4729 0 46
4730 0 46
4731 0 46
4732 0 46
4733 0 46
4734 0 45
4735 0 46
4736 0 45
4737 0 46
4738 0 46
4739 0 46
4740 0 46
4741 0 46
4742 0 45
4743 0 45
4744 0 46
4745 0 45
4746 0 46
4747 0 45
4748 0 45
4749 0 46
4750 0 45
4751 0 46
4752 0 45
4753 0 46
4754 0 46
4755 0 45
4756 0 46
4757 0 45
4758 0 45
4759 0 46
4760 0 46
4761 0 46
4762 0 46
4763 0 46
4764 0 46
4765 0 46
4766 0 46
4767 0 46
4768 0 46
4769 0 46
4770 0 46
4771 0 45
4772 0 46
4773 0 45
4774 0 45
4775 0 45
4776 0 45
4777 0 45
4778 0 45
4779 0 46
4780 0 45
4781 0 46
4782 0 45
4783 0 45
4784 0 45
4785 0 45
4786 0 46
4787 0 46
4788 0 46
4789 0 46
4790 0 46
4791 0 46
4792 0 46
4793 0 46
4794 0 46
4795 0 46
4796 0 45
4797 0 46
4798 0 45
4799 0 45
4800 0 45
4801 0 45
4802 0 45
4803 0 45
4804 0 46
4805 0 45
4806 0 46
4807 0 46
4808 0 46
4809 0 46
4810 0 46
4811 0 46
4812 0 46
4813 0 46
4814 0 45
4815 0 46
4816 0 45
4817 0 46
4818 0 46
4819 0 46
4820 0 46
4821 0 46
4822 0 45
4823 0 45
4824 0 46
4825 0 45
4826 0 46
4827 0 45
4828 0 45
4829 0 46
4830 0 45
4831 0 45
4832 0 45
4833 0 46
4834 0 45
4835 0 46
4836 0 45
4837 0 45
4838 0 46
4839 0 45
4840 0 45
4841 0 44
4842 0 45
4843 0 45
4844 0 45
4845 0 45
4846 0 45
4847 0 45
4848 0 45
4849 0 46
4850 0 45
4851 0 46
4852 0 46
4853 0 46
4854 0 46
4855 0 46
4856 0 46
4857 0 46
4858 0 46
4859 0 45
4860 0 46
4861 0 45
4862 0 46
4863 0 46
4864 0 46
4865 0 46
4866 0 46
4867 0 45
4868 0 45
4869 0 46
4870 0 45
4871 0 46
4872 0 45
4873 0 45
4874 0 46
4875 0 45
4876 0 45
4877 0 44
4878 0 45
4879 0 45
4880 0 44
4881 0 45
4882 0 44
4883 0 44
4884 0 45
4885 0 45
4886 0 46
4887 0 46
4888 0 46
4889 0 46
4890 0 46
4891 0 46
4892 0 46
4893 0 46
4894 0 46
4895 0 46
4896 0 45
4897 0 46
4898 0 45
4899 0 45
4900 0 45
4901 0 45
4902 0 45
4903 0 45
4904 0 46
4905 0 45
4906 0 46
4907 0 45
4908 0 45
4909 0 45
4910 0 45
4911 0 46
4912 0 46
4913 0 46
4914 0 46
4915 0 46
4916 0 46
4917 0 46
4918 0 46
4919 0 46
4920 0 46
4921 0 45
4922 0 46
4923 0 45
4924 0 45
4925 0 45
4926 0 45
4927 0 45
4928 0 45
4929 0 46
4930 0 45
4931 0 46
4932 0 46
4933 0 46
4934 0 46
4935 0 46
4936 0 46
4937 0 46
4938 0 46
4939 0 45
4940 0 46
4941 0 45
4942 0 46
4943 0 46
4944 0 46
4945 0 46
4946 0 46
4947 0 45
4948 0 45
4949 0 46
4950 0 45
4951 0 46
4952 0 45
4953 0 45
4954 0 46
4955 0 45
4956 0 45
4957 0 45
4958 0 46
4959 0 45
4960 0 46
4961 0 45
4962 0 45
4963 0 46
4964 0 45
4965 0 45
4966 0 44
4967 0 45
4968 0 45
4969 0 45
4970 0 45
4971 0 45
4972 0 45
4973 0 45
4974 0 46
4975 0 46
4976 0 46
4977 0 46
4978 0 46
4979 0 45
4980 0 45
4981 0 46
4982 0 46
4983 0 45
4984 0 45
4985 0 46
4986 0 46
4987 0 46
4988 0 46
4989 0 46
4990 0 45
4991 0 45
4992 0 46
4993 0 46
4994 0 46
4995 0 46
4996 0 46
4997 0 46
4998 0 46
4999 0 46
5000 0 46
5001 0 45
5002 0 45
5003 0 45
5004 0 45
5005 0 45
5006 0 45
5007 0 45
5008 0 45
5009 0 45
5010 0 45
5011 0 46
5012 0 46
5013 0 46
5014 0 46
5015 0 46
5016 0 46
5017 0 46
5018 0 46
5019 0 46
5020 0 45
5021 0 45
5022 0 45
5023 0 45
5024 0 45
5025 0 45
5026 0 45
5027 0 44
5028 0 45
5029 0 46
5030 0 46
5031 0 46
5032 0 46
5033 0 46
5034 0 45
5035 0 45
5036 0 46
5037 0 46
5038 0 45
5039 0 45
5040 0 46
5041 0 46
5042 0 46
5043 0 46
5044 0 46
5045 0 45
5046 0 45
5047 0 46
5048 0 46
5049 0 46
5050 0 46
5051 0 46
5052 0 46
5053 0 46
5054 0 46
5055 0 46
5056 0 45
5057 0 45
5058 0 45
5059 0 45
5060 0 45
5061 0 45
5062 0 45
5063 0 45
5064 0 45
5065 0 45
5066 0 46
5067 0 46
5068 0 46
5069 0 46
5070 0 46
5071 0 45
5072 0 45
5073 0 46
5074 0 46
5075 0 45
5076 0 45
5077 0 46
5078 0 46
5079 0 46
5080 0 46
5081 0 46
5082 0 45
5083 0 45
5084 0 46
5085 0 46
5086 0 46
5087 0 46
5088 0 46
5089 0 46
5090 0 46
5091 0 46
5092 0 46
5093 0 45
5094 0 45
5095 0 45
5096 0 45
5097 0 45
5098 0 45
5099 0 45
5100 0 45
5101 0 45
5102 0 45
5103 0 46
5104 0 46
5105 0 46
5106 0 46
5107 0 46
5108 0 46
5109 0 46
5110 0 46
5111 0 46
5112 0 45
5113 0 45
5114 0 45
5115 0 45
5116 0 45
5117 0 45
5118 0 45
5119 0 44
5120 0 45
5121 0 46
5122 0 46
5123 0 46
5124 0 46
5125 0 46
5126 0 45
5127 0 45
5128 0 46
5129 0 46
5130 0 45
5131 0 45
5132 0 46
5133 0 46
5134 0 46
5135 0 46
5136 0 46
5137 0 45
5138 0 45
5139 0 46
5140 0 46
5141 0 46
5142 0 46
5143 0 46
5144 0 46
5145 0 46
5146 0 46
5147 0 46
5148 0 45
5149 0 45
5150 0 45
5151 0 45
5152 0 45
5153 0 45
5154 0 45
5155 0 45
5156 0 45
5157 0 45
5158 0 46
5159 0 46
5160 0 45
5161 0 45
5162 0 45
5163 0 46
5164 0 46
5165 0 45
5166 0 45
5167 0 45
5168 0 45
5169 0 45
5170 0 45
5171 0 45
5172 0 45
5173 0 45
5174 0 44
5175 0 45
5176 0 45
5177 0 45
5178 0 45
5179 0 45
5180 0 45
5181 0 44
5182 0 44
5183 0 46
5184 0 46
5185 0 45
5186 0 45
5187 0 45
5188 0 46
5189 0 46
5190 0 45
5191 0 45
5192 0 45
5193 0 45
5194 0 45
5195 0 45
5196 0 45
5197 0 45
5198 0 45
5199 0 44
5200 0 45
5201 0 46
5202 0 45
5203 0 46
5204 0 46
5205 0 46
5206 0 45
5207 0 45
5208 0 46
5209 0 46
5210 0 45
5211 0 45
5212 0 46
5213 0 45
5214 0 46
5215 0 46
5216 0 46
5217 0 45
5218 0 45
5219 0 46
5220 0 45
5221 0 46
5222 0 46
5223 0 46
5224 0 45
5225 0 45
5226 0 46
5227 0 46
5228 0 45
5229 0 45
5230 0 46
5231 0 45
5232 0 46
5233 0 46
5234 0 46
5235 0 45
5236 0 45
5237 0 45
5238 0 45
5239 0 45
5240 0 45
5241 0 45
5242 0 45
5243 0 45
5244 0 45
5245 0 45
5246 0 45
5247 0 45
5248 0 45
5249 0 45
5250 0 45
5251 0 45
5252 0 45
5253 0 45
5254 0 45
5255 0 45
5256 0 47
5257 0 47
5258 0 47
5259 0 46
5260 0 47
5261 0 47
5262 0 47
5263 0 46
5264 0 47
5265 0 46
5266 0 46
5267 0 46
5268 0 46
5269 0 47
5270 0 46
5271 0 47
5272 0 46
5273 0 46
5274 0 46
5275 0 46
5276 0 46
5277 0 47
5278 0 47
5279 0 47
5280 0 46
5281 0 47
5282 0 47
5283 0 47
5284 0 46
5285 0 47
5286 0 46
5287 0 46
5288 0 46
5289 0 46
5290 0 47
5291 0 46
5292 0 47
5293 0 46
5294 0 47
5295 0 46
5296 0 46
5297 0 46
5298 0 47
5299 0 46
5300 0 47
5301 0 46
5302 0 47
5303 0 46
5304 0 47
5305 0 46
5306 0 46
5307 0 46
5308 0 46
5309 0 46
5310 0 46
5311 0 45
5312 0 46
5313 0 46
5314 0 46
5315 0 46
5316 0 46
5317 0 45
5318 0 46
5319 0 46
5320 0 46
5321 0 45
5322 0 46
5323 0 45
5324 0 46
5325 0 46
5326 0 46
5327 0 47
5328 0 46
5329 0 47
5330 0 46
5331 0 47
5332 0 46
5333 0 46
5334 0 46
5335 0 47
5336 0 46
5337 0 47
5338 0 46
5339 0 47
5340 0 46
5341 0 47
5342 0 46
5343 0 46
5344 0 46
5345 0 46
5346 0 46
5347 0 46
5348 0 45
5349 0 46
5350 0 46
5351 0 46
5352 0 45
5353 0 46
5354 0 45
5355 0 46
5356 0 45
5357 0 46
5358 0 45
5359 0 45
5360 0 46
5361 0 46
5362 0 45
5363 0 47
5364 0 47
5365 0 47
5366 0 46
5367 0 47
5368 0 47
5369 0 47
5370 0 46
5371 0 47
5372 0 46
5373 0 46
5374 0 46
5375 0 46
5376 0 47
5377 0 46
5378 0 47
5379 0 46
5380 0 46
5381 0 46
5382 0 46
5383 0 46
5384 0 47
5385 0 47
5386 0 47
5387 0 46
5388 0 47
5389 0 47
5390 0 47
5391 0 46
5392 0 47
5393 0 46
5394 0 46
5395 0 46
5396 0 46
5397 0 47
5398 0 46
5399 0 47
5400 0 46
5401 0 47
5402 0 46
5403 0 46
5404 0 46
5405 0 47
5406 0 46
5407 0 47
5408 0 46
5409 0 47
5410 0 46
5411 0 47
5412 0 46
5413 0 46
5414 0 46
5415 0 46
5416 0 46
5417 0 46
5418 0 45
5419 0 46
5420 0 46
5421 0 46
5422 0 46
5423 0 46
5424 0 45
5425 0 46
5426 0 46
5427 0 46
5428 0 45
5429 0 46
5430 0 45
5431 0 46
5432 0 46
5433 0 46
5434 0 47
5435 0 46
5436 0 47
5437 0 46
5438 0 47
5439 0 46
5440 0 46
5441 0 46
5442 0 47
5443 0 46
5444 0 47
5445 0 46
5446 0 47
5447 0 46
5448 0 47
5449 0 46
5450 0 46
5451 0 46
5452 0 47
5453 0 47
5454 0 47
5455 0 46
5456 0 47
5457 0 47
5458 0 46
5459 0 46
5460 0 46
5461 0 46
5462 0 46
5463 0 46
5464 0 46
5465 0 46
5466 0 46
5467 0 46
5468 0 46
5469 0 46
5470 0 47
5471 0 47
5472 0 47
5473 0 46
5474 0 47
5475 0 47
5476 0 46
5477 0 46
5478 0 46
5479 0 46
5480 0 46
5481 0 46
5482 0 45
5483 0 47
5484 0 46
5485 0 47
5486 0 46
5487 0 47
5488 0 46
5489 0 46
5490 0 46
5491 0 47
5492 0 46
5493 0 47
5494 0 46
5495 0 47
5496 0 46
5497 0 47
5498 0 46
5499 0 46
5500 0 46
5501 0 47
5502 0 47
5503 0 47
5504 0 46
5505 0 47
5506 0 47
5507 0 46
5508 0 46
5509 0 46
5510 0 46
5511 0 46
5512 0 46
5513 0 46
5514 0 46
5515 0 46
5516 0 46
5517 0 46
5518 0 46
5519 0 46
5520 0 46
5521 0 46
5522 0 45
5523 0 46
5524 0 46
5525 0 46
5526 0 46
5527 0 46
5528 0 46
5529 0 46
5530 0 46
5531 0 45
5532 0 46
5533 0 46
5534 0 46
5535 0 46
5536 0 46
5537 0 45
5538 0 45
5539 0 45
5540 0 46
5541 0 46
5542 0 46
5543 0 45
5544 0 46
5545 0 46
5546 0 46
5547 0 46
5548 0 46
5549 0 46
5550 0 46
5551 0 46
5552 0 45
5553 0 46
5554 0 46
5555 0 46
5556 0 45
5557 0 46
5558 0 46
5559 0 46
5560 0 46
5561 0 46
5562 0 46
5563 0 46
5564 0 46
5565 0 45
5566 0 46
5567 0 46
5568 0 46
5569 0 46
5570 0 46
5571 0 45
5572 0 45
5573 0 45
5574 0 46
5575 0 46
5576 0 46
5577 0 45
5578 0 46
5579 0 46
5580 0 46
5581 0 46
5582 0 46
5583 0 46
5584 0 46
5585 0 46
5586 0 45
5587 0 46
5588 0 45
5589 0 46
5590 0 45
5591 0 46
5592 0 45
5593 0 45
5594 0 45
5595 0 46
5596 0 45
5597 0 46
5598 0 45
5599 0 46
5600 0 45
5601 0 46
5602 0 45
5603 0 45
5604 0 45
5605 0 46
5606 0 46
5607 0 46
5608 0 45
5609 0 46
5610 0 46
5611 0 46
5612 0 46
5613 0 46
5614 0 45
5615 0 46
5616 0 46
5617 0 46
5618 0 45
5619 0 46
5620 0 45
5621 0 46
5622 0 46
5623 0 45
5624 0 47
5625 0 46
5626 0 47
5627 0 46
5628 0 47
5629 0 46
5630 0 46
5631 0 46
5632 0 47
5633 0 46
5634 0 47
5635 0 46
5636 0 47
5637 0 46
5638 0 47
5639 0 46
5640 0 46
5641 0 46
5642 0 47
5643 0 47
5644 0 47
5645 0 46
5646 0 47
5647 0 47
5648 0 46
5649 0 46
5650 0 46
5651 0 46
5652 0 46
5653 0 46
5654 0 46
5655 0 46
5656 0 46
5657 0 46
5658 0 46
5659 0 46
5660 0 47
5661 0 47
5662 0 47
5663 0 46
5664 0 47
5665 0 47
5666 0 46
5667 0 46
5668 0 46
5669 0 46
5670 0 46
5671 0 46
5672 0 45
5673 0 47
5674 0 46
5675 0 47
5676 0 46
5677 0 47
5678 0 46
5679 0 46
5680 0 46
5681 0 47
5682 0 46
5683 0 47
5684 0 46
5685 0 47
5686 0 46
5687 0 47
5688 0 46
5689 0 46
5690 0 46
5691 0 47
5692 0 47
5693 0 47
5694 0 46
5695 0 47
5696 0 47
5697 0 46
5698 0 46
5699 0 46
5700 0 46
5701 0 46
5702 0 46
5703 0 46
5704 0 46
5705 0 46
5706 0 46
5707 0 46
5708 0 46
5709 0 46
5710 0 46
5711 0 46
5712 0 45
5713 0 46
5714 0 46
5715 0 46
5716 0 46
5717 0 46
5718 0 46
5719 0 46
5720 0 46
5721 0 45
5722 0 46
5723 0 46
5724 0 46
5725 0 46
5726 0 46
5727 0 45
5728 0 45
5729 0 45
5730 0 46
5731 0 46
5732 0 46
5733 0 45
5734 0 46
5735 0 46
5736 0 46
5737 0 46
5738 0 46
5739 0 46
5740 0 46
5741 0 46
5742 0 45
5743 0 46
5744 0 45
5745 0 46
5746 0 45
5747 0 46
5748 0 45
5749 0 45
5750 0 45
5751 0 46
5752 0 45
5753 0 46
5754 0 45
5755 0 46
5756 0 45
5757 0 46
5758 0 45
5759 0 45
5760 0 45
5761 0 46
5762 0 45
5763 0 46
5764 0 45
5765 0 46
5766 0 45
5767 0 45
5768 0 45
5769 0 46
5770 0 45
5771 0 46
5772 0 45
5773 0 46
5774 0 45
5775 0 46
5776 0 45
5777 0 45
5778 0 45
5779 0 45
5780 0 45
5781 0 45
5782 0 44
5783 0 45
5784 0 45
5785 0 46
5786 0 45
5787 0 46
5788 0 45
5789 0 46
5790 0 45
5791 0 46
5792 0 45
5793 0 45
5794 0 45
5795 0 45
5796 0 45
5797 0 47
5798 0 47
5799 0 47
5800 0 46
5801 0 47
5802 0 47
5803 0 47
5804 0 46
5805 0 47
5806 0 46
5807 0 46
5808 0 46
5809 0 46
5810 0 47
5811 0 46
5812 0 47
5813 0 46
5814 0 46
5815 0 46
5816 0 46
5817 0 46
5818 0 47
5819 0 47
5820 0 47
5821 0 46
5822 0 47
5823 0 47
5824 0 47
5825 0 46
5826 0 47
5827 0 46
5828 0 46
5829 0 46
5830 0 46
5831 0 47
5832 0 46
5833 0 47
5834 0 46
5835 0 47
5836 0 46
5837 0 46
5838 0 46
5839 0 47
5840 0 46
5841 0 47
5842 0 46
5843 0 47
5844 0 46
5845 0 47
5846 0 46
5847 0 46
5848 0 46
5849 0 46
5850 0 46
5851 0 46
5852 0 45
5853 0 46
5854 0 46
5855 0 46
5856 0 46
5857 0 46
5858 0 45
5859 0 46
5860 0 46
5861 0 46
5862 0 45
5863 0 46
5864 0 45
5865 0 46
5866 0 46
5867 0 46
5868 0 47
5869 0 46
5870 0 47
5871 0 46
5872 0 47
5873 0 46
5874 0 46
5875 0 46
5876 0 47
5877 0 46
5878 0 47
5879 0 46
5880 0 47
5881 0 46
5882 0 47
5883 0 46
5884 0 46
5885 0 46
5886 0 46
5887 0 46
5888 0 46
5889 0 45
5890 0 46
5891 0 46
5892 0 46
5893 0 45
5894 0 46
5895 0 45
5896 0 46
5897 0 45
5898 0 46
5899 0 45
5900 0 45
5901 0 46
5902 0 46
5903 0 45
5904 0 47
5905 0 47
5906 0 47
5907 0 46
5908 0 47
5909 0 47
5910 0 47
5911 0 46
5912 0 47
5913 0 46
5914 0 46
5915 0 46
5916 0 46
5917 0 47
5918 0 46
5919 0 47
5920 0 46
5921 0 46
5922 0 46
5923 0 46
5924 0 46
5925 0 47
5926 0 47
5927 0 47
5928 0 46
5929 0 47
5930 0 47
5931 0 47
5932 0 46
5933 0 47
5934 0 46
5935 0 46
5936 0 46
5937 0 46
5938 0 47
5939 0 46
5940 0 47
5941 0 46
5942 0 47
5943 0 46
5944 0 46
5945 0 46
5946 0 47
5947 0 46
5948 0 47
5949 0 46
5950 0 47
5951 0 46
5952 0 47
5953 0 46
5954 0 46
5955 0 46
5956 0 46
5957 0 46
5958 0 46
5959 0 45
5960 0 46
5961 0 46
5962 0 46
5963 0 46
5964 0 46
5965 0 45
5966 0 46
5967 0 46
5968 0 46
5969 0 45
5970 0 46
5971 0 45
5972 0 46
5973 0 46
5974 0 46
5975 0 47
5976 0 46
5977 0 47
5978 0 46
5979 0 47
5980 0 46
5981 0 46
5982 0 46
5983 0 47
5984 0 46
5985 0 47
5986 0 46
5987 0 47
5988 0 46
5989 0 47
5990 0 46
5991 0 46
5992 0 46
5993 0 47
5994 0 47
5995 0 47
5996 0 46
5997 0 47
5998 0 47
5999 0 46
6000 0 46
6001 0 46
6002 0 46
6003 0 46
6004 0 46
6005 0 46
6006 0 46
6007 0 46
6008 0 46
6009 0 46
6010 0 46
6011 0 47
6012 0 47
6013 0 47
6014 0 46
6015 0 47
6016 0 47
6017 0 46
6018 0 46
6019 0 46
6020 0 46
6021 0 46
6022 0 46
6023 0 45
6024 0 47
6025 0 46
6026 0 47
6027 0 46
6028 0 47
6029 0 46
6030 0 46
6031 0 46
6032 0 47
6033 0 46
6034 0 47
6035 0 46
6036 0 47
6037 0 46
6038 0 47
6039 0 46
6040 0 46
6041 0 46
6042 0 47
6043 0 47
6044 0 47
6045 0 46
6046 0 47
6047 0 47
6048 0 46
6049 0 46
6050 0 46
6051 0 46
6052 0 46
6053 0 46
6054 0 46
6055 0 46
6056 0 46
6057 0 46
6058 0 46
6059 0 46
6060 0 46
6061 0 46
6062 0 46
6063 0 45
6064 0 46
6065 0 46
6066 0 46
6067 0 46
6068 0 46
6069 0 46
6070 0 46
6071 0 46
6072 0 45
6073 0 46
6074 0 46
6075 0 46
6076 0 46
6077 0 46
6078 0 45
6079 0 45
6080 0 45
6081 0 46
6082 0 46
6083 0 46
6084 0 45
6085 0 46
6086 0 46
6087 0 46
6088 0 46
6089 0 46
6090 0 46
6091 0 46
6092 0 46
6093 0 45
6094 0 46
6095 0 46
6096 0 46
6097 0 45
6098 0 46
6099 0 46
6100 0 46
6101 0 46
6102 0 46
6103 0 46
6104 0 46
6105 0 46
6106 0 45
6107 0 46
6108 0 46
6109 0 46
6110 0 46
6111 0 46
6112 0 45
6113 0 45
6114 0 45
6115 0 46
6116 0 46
6117 0 46
6118 0 45
6119 0 46
6120 0 46
6121 0 46
6122 0 46
6123 0 46
6124 0 46
6125 0 46
6126 0 46
6127 0 45
6128 0 46
6129 0 45
6130 0 46
6131 0 45
6132 0 46
6133 0 45
6134 0 45
6135 0 45
6136 0 46
6137 0 45
6138 0 46
6139 0 45
6140 0 46
6141 0 45
6142 0 46
6143 0 45
6144 0 45
6145 0 45
6146 0 46
6147 0 46
6148 0 46
6149 0 45
6150 0 46
6151 0 46
6152 0 46
6153 0 46
6154 0 46
6155 0 45
6156 0 46
6157 0 46
6158 0 46
6159 0 45
6160 0 46
6161 0 45
6162 0 46
6163 0 46
6164 0 45
6165 0 47
6166 0 46
6167 0 47
6168 0 46
6169 0 46
6170 0 46
6171 0 46
6172 0 46
6173 0 46
6174 0 46
6175 0 47
6176 0 46
6177 0 47
6178 0 46
6179 0 46
6180 0 46
6181 0 46
6182 0 46
6183 0 46
6184 0 47
6185 0 47
6186 0 45
6187 0 46
6188 0 47
6189 0 46
6190 0 45
6191 0 46
6192 0 45
6193 0 46
6194 0 45
6195 0 46
6196 0 45
6197 0 45
6198 0 46
6199 0 46
6200 0 45
6201 0 46
6202 0 47
6203 0 47
6204 0 45
6205 0 46
6206 0 47
6207 0 46
6208 0 45
6209 0 46
6210 0 45
6211 0 45
6212 0 45
6213 0 45
6214 0 47
6215 0 46
6216 0 47
6217 0 46
6218 0 46
6219 0 46
6220 0 46
6221 0 46
6222 0 46
6223 0 46
6224 0 47
6225 0 46
6226 0 47
6227 0 46
6228 0 46
6229 0 46
6230 0 46
6231 0 46
6232 0 46
6233 0 47
6234 0 47
6235 0 45
6236 0 46
6237 0 47
6238 0 46
6239 0 45
6240 0 46
6241 0 45
6242 0 46
6243 0 45
6244 0 46
6245 0 45
6246 0 45
6247 0 46
6248 0 46
6249 0 45
6250 0 46
6251 0 47
6252 0 47
6253 0 45
6254 0 46
6255 0 47
6256 0 47
6257 0 46
6258 0 47
6259 0 46
6260 0 46
6261 0 46
6262 0 46
6263 0 47
6264 0 46
6265 0 47
6266 0 46
6267 0 46
6268 0 46
6269 0 46
6270 0 45
6271 0 46
6272 0 47
6273 0 47
6274 0 45
6275 0 46
6276 0 47
6277 0 47
6278 0 46
6279 0 47
6280 0 46
6281 0 46
6282 0 46
6283 0 46
6284 0 46
6285 0 45
6286 0 46
6287 0 45
6288 0 46
6289 0 46
6290 0 46
6291 0 45
6292 0 46
6293 0 46
6294 0 46
6295 0 45
6296 0 46
6297 0 45
6298 0 46
6299 0 46
6300 0 46
6301 0 45
6302 0 46
6303 0 45
6304 0 46
6305 0 45
6306 0 46
6307 0 46
6308 0 46
6309 0 45
6310 0 46
6311 0 46
6312 0 46
6313 0 45
6314 0 46
6315 0 45
6316 0 46
6317 0 46
6318 0 46
6319 0 45
6320 0 45
6321 0 46
6322 0 46
6323 0 44
6324 0 45
6325 0 46
6326 0 46
6327 0 45
6328 0 46
6329 0 45
6330 0 46
6331 0 45
6332 0 46
6333 0 45
6334 0 45
6335 0 46
6336 0 46
6337 0 45
6338 0 46
6339 0 47
6340 0 47
6341 0 45
6342 0 46
6343 0 47
6344 0 47
6345 0 46
6346 0 47
6347 0 46
6348 0 46
6349 0 46
6350 0 46
6351 0 47
6352 0 46
6353 0 47
6354 0 46
6355 0 46
6356 0 46
6357 0 46
6358 0 45
6359 0 46
6360 0 47
6361 0 47
6362 0 45
6363 0 46
6364 0 47
6365 0 47
6366 0 46
6367 0 47
6368 0 46
6369 0 46
6370 0 46
6371 0 46
6372 0 46
6373 0 45
6374 0 46
6375 0 45
6376 0 46
6377 0 46
6378 0 46
6379 0 45
6380 0 46
6381 0 46
6382 0 46
6383 0 45
6384 0 46
6385 0 45
6386 0 46
6387 0 46
6388 0 46
6389 0 45
6390 0 45
6391 0 46
6392 0 46
6393 0 44
6394 0 45
6395 0 46
6396 0 45
6397 0 46
6398 0 46
6399 0 44
6400 0 45
6401 0 46
6402 0 45
6403 0 44
6404 0 45
6405 0 44
6406 0 45
6407 0 45
6408 0 45
6409 0 47
6410 0 46
6411 0 47
6412 0 46
6413 0 46
6414 0 46
6415 0 46
6416 0 46
6417 0 46
6418 0 46
6419 0 47
6420 0 46
6421 0 47
6422 0 46
6423 0 46
6424 0 46
6425 0 46
6426 0 46
6427 0 46
6428 0 47
6429 0 47
6430 0 45
6431 0 46
6432 0 47
6433 0 46
6434 0 45
6435 0 46
6436 0 45
6437 0 46
6438 0 45
6439 0 46
6440 0 45
6441 0 45
6442 0 46
6443 0 46
6444 0 45
6445 0 46
6446 0 47
6447 0 47
6448 0 45
6449 0 46
6450 0 47
6451 0 46
6452 0 45
6453 0 46
6454 0 45
6455 0 45
6456 0 45
6457 0 45
6458 0 47
6459 0 46
6460 0 47
6461 0 46
6462 0 46
6463 0 46
6464 0 46
6465 0 46
6466 0 46
6467 0 46
6468 0 47
6469 0 46
6470 0 47
6471 0 46
6472 0 46
6473 0 46
6474 0 46
6475 0 46
6476 0 46
6477 0 47
6478 0 47
6479 0 45
6480 0 46
6481 0 47
6482 0 46
6483 0 45
6484 0 46
6485 0 45
6486 0 46
6487 0 45
6488 0 46
6489 0 45
6490 0 45
6491 0 46
6492 0 46
6493 0 45
6494 0 46
6495 0 47
6496 0 47
6497 0 45
6498 0 46
6499 0 47
6500 0 47
6501 0 46
6502 0 47
6503 0 46
6504 0 46
6505 0 46
6506 0 46
6507 0 47
6508 0 46
6509 0 47
6510 0 46
6511 0 46
6512 0 46
6513 0 46
6514 0 45
6515 0 46
6516 0 47
6517 0 47
6518 0 45
6519 0 46
6520 0 47
6521 0 47
6522 0 46
6523 0 47
6524 0 46
6525 0 46
6526 0 46
6527 0 46
6528 0 46
6529 0 45
6530 0 46
6531 0 45
6532 0 46
6533 0 46
6534 0 46
6535 0 45
6536 0 46
6537 0 46
6538 0 46
6539 0 45
6540 0 46
6541 0 45
6542 0 46
6543 0 46
6544 0 46
6545 0 45
6546 0 46
6547 0 45
6548 0 46
6549 0 45
6550 0 46
6551 0 46
6552 0 46
6553 0 45
6554 0 46
6555 0 46
6556 0 46
6557 0 45
6558 0 46
6559 0 45
6560 0 46
6561 0 46
6562 0 46
6563 0 45
6564 0 45
6565 0 46
6566 0 46
6567 0 44
6568 0 45
6569 0 46
6570 0 46
6571 0 45
6572 0 46
6573 0 45
6574 0 46
6575 0 45
6576 0 46
6577 0 45
6578 0 45
6579 0 46
6580 0 46
6581 0 45
6582 0 46
6583 0 46
6584 0 46
6585 0 46
6586 0 46
6587 0 46
6588 0 46
6589 0 46
6590 0 46
6591 0 46
6592 0 45
6593 0 45
6594 0 45
6595 0 46
6596 0 46
6597 0 46
6598 0 46
6599 0 45
6600 0 45
6601 0 45
6602 0 45
6603 0 46
6604 0 46
6605 0 46
6606 0 46
6607 0 46
6608 0 46
6609 0 46
6610 0 46
6611 0 46
6612 0 46
6613 0 45
6614 0 45
6615 0 45
6616 0 46
6617 0 46
6618 0 46
6619 0 46
6620 0 46
6621 0 46
6622 0 46
6623 0 46
6624 0 46
6625 0 46
6626 0 46
6627 0 46
6628 0 46
6629 0 46
6630 0 46
6631 0 46
6632 0 46
6633 0 46
6634 0 45
6635 0 46
6636 0 46
6637 0 45
6638 0 45
6639 0 46
6640 0 45
6641 0 46
6642 0 46
6643 0 45
6644 0 45
6645 0 46
6646 0 45
6647 0 45
6648 0 45
6649 0 45
6650 0 45
6651 0 45
6652 0 45
6653 0 46
6654 0 46
6655 0 46
6656 0 46
6657 0 46
6658 0 46
6659 0 46
6660 0 46
6661 0 46
6662 0 46
6663 0 46
6664 0 46
6665 0 46
6666 0 46
6667 0 46
6668 0 46
6669 0 46
6670 0 46
6671 0 45
6672 0 46
6673 0 46
6674 0 45
6675 0 45
6676 0 46
6677 0 45
6678 0 45
6679 0 45
6680 0 45
6681 0 45
6682 0 45
6683 0 45
6684 0 45
6685 0 44
6686 0 45
6687 0 45
6688 0 45
6689 0 46
6690 0 46
6691 0 46
6692 0 46
6693 0 46
6694 0 46
6695 0 46
6696 0 46
6697 0 46
6698 0 46
6699 0 45
6700 0 45
6701 0 45
6702 0 46
6703 0 46
6704 0 46
6705 0 46
6706 0 45
6707 0 45
6708 0 45
6709 0 45
6710 0 46
6711 0 46
6712 0 46
6713 0 46
6714 0 46
6715 0 46
6716 0 46
6717 0 46
6718 0 46
6719 0 46
6720 0 45
6721 0 45
6722 0 45
6723 0 46
6724 0 46
6725 0 46
6726 0 46
6727 0 46
6728 0 46
6729 0 46
6730 0 46
6731 0 46
6732 0 46
6733 0 46
6734 0 46
6735 0 46
6736 0 46
6737 0 46
6738 0 46
6739 0 46
6740 0 46
6741 0 45
6742 0 46
6743 0 46
6744 0 45
6745 0 45
6746 0 46
6747 0 45
6748 0 46
6749 0 46
6750 0 45
6751 0 45
6752 0 46
6753 0 45
6754 0 45
6755 0 45
6756 0 45
6757 0 45
6758 0 45
6759 0 45
6760 0 46
6761 0 46
6762 0 46
6763 0 46
6764 0 46
6765 0 46
6766 0 46
6767 0 46
6768 0 46
6769 0 46
6770 0 45
6771 0 45
6772 0 45
6773 0 46
6774 0 46
6775 0 46
6776 0 46
6777 0 45
6778 0 45
6779 0 45
6780 0 45
6781 0 46
6782 0 46
6783 0 46
6784 0 46
6785 0 46
6786 0 46
6787 0 46
6788 0 46
6789 0 46
6790 0 46
6791 0 45
6792 0 45
6793 0 45
6794 0 46
6795 0 46
6796 0 46
6797 0 46
6798 0 46
6799 0 46
6800 0 46
6801 0 46
6802 0 46
6803 0 46
6804 0 46
6805 0 46
6806 0 46
6807 0 46
6808 0 46
6809 0 46
6810 0 46
6811 0 46
6812 0 45
6813 0 46
6814 0 46
6815 0 45
6816 0 45
6817 0 46
6818 0 45
6819 0 46
6820 0 46
6821 0 45
6822 0 45
6823 0 46
6824 0 45
6825 0 45
6826 0 45
6827 0 45
6828 0 45
6829 0 45
6830 0 45
6831 0 46
6832 0 46
6833 0 46
6834 0 46
6835 0 46
6836 0 46
6837 0 46
6838 0 46
6839 0 46
6840 0 46
6841 0 46
6842 0 46
6843 0 46
6844 0 46
6845 0 46
6846 0 46
6847 0 46
6848 0 46
6849 0 45
6850 0 46
6851 0 46
6852 0 45
6853 0 45
6854 0 46
6855 0 45
6856 0 45
6857 0 45
6858 0 45
6859 0 45
6860 0 45
6861 0 45
6862 0 45
6863 0 44
6864 0 45
6865 0 45
6866 0 45
6867 0 46
6868 0 46
6869 0 46
6870 0 46
6871 0 46
6872 0 46
6873 0 46
6874 0 46
6875 0 46
6876 0 46
6877 0 45
6878 0 45
6879 0 45
6880 0 46
6881 0 46
6882 0 46
6883 0 46
6884 0 45
6885 0 45
6886 0 45
6887 0 45
6888 0 46
6889 0 46
6890 0 46
6891 0 46
6892 0 46
6893 0 46
6894 0 46
6895 0 46
6896 0 46
6897 0 46
6898 0 45
6899 0 45
6900 0 45
6901 0 46
6902 0 46
6903 0 46
6904 0 46
6905 0 46
6906 0 46
6907 0 46
6908 0 46
6909 0 46
6910 0 46
6911 0 46
6912 0 46
6913 0 46
6914 0 46
6915 0 46
6916 0 46
6917 0 46
6918 0 46
6919 0 45
6920 0 46
6921 0 46
6922 0 45
6923 0 45
6924 0 46
6925 0 45
6926 0 46
6927 0 46
6928 0 45
6929 0 45
6930 0 46
6931 0 45
6932 0 45
6933 0 45
6934 0 45
6935 0 45
6936 0 45
6937 0 45
6938 0 46
6939 0 46
6940 0 46
6941 0 46
6942 0 45
6943 0 45
6944 0 45
6945 0 45
6946 0 45
6947 0 45
6948 0 46
6949 0 46
6950 0 46
6951 0 46
6952 0 45
6953 0 45
6954 0 45
6955 0 45
6956 0 45
6957 0 46
6958 0 46
6959 0 45
6960 0 45
6961 0 46
6962 0 45
6963 0 45
6964 0 45
6965 0 45
6966 0 45
6967 0 45
6968 0 45
6969 0 45
6970 0 44
6971 0 45
6972 0 45
6973 0 45
6974 0 45
6975 0 46
6976 0 46
6977 0 45
6978 0 45
6979 0 46
6980 0 45
6981 0 45
6982 0 45
6983 0 45
6984 0 44
6985 0 44
6986 0 44
6987 0 46
6988 0 46
6989 0 46
6990 0 46
6991 0 45
6992 0 45
6993 0 45
6994 0 45
6995 0 45
6996 0 45
6997 0 46
6998 0 46
6999 0 46
7000 0 46
7001 0 45
7002 0 45
7003 0 45
7004 0 45
7005 0 45
7006 0 46
7007 0 46
7008 0 45
7009 0 45
7010 0 46
7011 0 45
7012 0 45
7013 0 45
7014 0 45
7015 0 45
7016 0 45
7017 0 45
7018 0 45
7019 0 44
7020 0 45
7021 0 45
7022 0 45
7023 0 46
7024 0 46
7025 0 46
7026 0 45
7027 0 46
7028 0 46
7029 0 46
7030 0 46
7031 0 46
7032 0 46
7033 0 45
7034 0 45
7035 0 45
7036 0 46
7037 0 46
7038 0 46
7039 0 46
7040 0 45
7041 0 45
7042 0 45
7043 0 45
7044 0 46
7045 0 46
7046 0 46
7047 0 45
7048 0 46
7049 0 46
7050 0 46
7051 0 46
7052 0 46
7053 0 46
7054 0 45
7055 0 45
7056 0 45
7057 0 46
7058 0 46
7059 0 46
7060 0 45
7061 0 46
7062 0 46
7063 0 46
7064 0 46
7065 0 46
7066 0 46
7067 0 45
7068 0 45
7069 0 45
7070 0 46
7071 0 46
7072 0 46
7073 0 46
7074 0 45
7075 0 45
7076 0 45
7077 0 45
7078 0 46
7079 0 46
7080 0 46
7081 0 45
7082 0 46
7083 0 46
7084 0 46
7085 0 46
7086 0 46
7087 0 46
7088 0 45
7089 0 45
7090 0 45
7091 0 46
7092 0 45
7093 0 46
7094 0 45
7095 0 45
7096 0 45
7097 0 45
7098 0 45
7099 0 45
7100 0 45
7101 0 46
7102 0 45
7103 0 46
7104 0 45
7105 0 45
7106 0 45
7107 0 45
7108 0 45
7109 0 45
7110 0 46
7111 0 46
7112 0 45
7113 0 45
7114 0 46
7115 0 45
7116 0 46
7117 0 46
7118 0 45
7119 0 45
7120 0 46
7121 0 45
7122 0 45
7123 0 45
7124 0 45
7125 0 45
7126 0 45
7127 0 45
