0 0 50
1 0 50
2 0 50
3 0 50
4 0 50
5 0 49
6 0 50
7 0 50
8 0 49
9 0 49
10 0 50
11 0 50
12 0 50
13 0 50
14 0 50
15 0 49
16 0 50
17 0 50
18 0 49
19 0 49
20 0 49
21 0 50
22 0 50
23 0 49
24 0 49
25 0 49
26 0 49
27 0 49
28 0 49
29 0 49
30 0 49
31 0 49
32 0 49
33 0 48
34 0 50
35 0 50
36 0 49
37 0 49
38 0 49
39 0 50
40 0 50
41 0 49
42 0 49
43 0 49
44 0 49
45 0 49
46 0 49
47 0 49
48 0 49
49 0 49
50 0 48
51 0 48
52 0 50
53 0 50
54 0 50
55 0 50
56 0 50
57 0 49
58 0 50
59 0 50
60 0 49
61 0 49
62 0 50
63 0 50
64 0 50
65 0 50
66 0 50
67 0 49
68 0 50
69 0 50
70 0 49
71 0 49
72 0 49
73 0 50
74 0 50
75 0 49
76 0 49
77 0 49
78 0 49
79 0 49
80 0 49
81 0 49
82 0 49
83 0 49
84 0 49
85 0 48
86 0 50
87 0 50
88 0 48
89 0 48
90 0 49
91 0 50
92 0 50
93 0 48
94 0 48
95 0 49
96 0 49
97 0 49
98 0 49
99 0 49
100 0 49
101 0 49
102 0 48
103 0 48
104 0 49
105 0 49
106 0 49
107 0 49
108 0 49
109 0 48
110 0 50
111 0 50
112 0 48
113 0 48
114 0 49
115 0 50
116 0 50
117 0 48
118 0 48
119 0 49
120 0 49
121 0 50
122 0 49
123 0 49
124 0 49
125 0 49
126 0 48
127 0 48
128 0 48
129 0 48
130 0 48
131 0 49
132 0 49
133 0 48
134 0 49
135 0 49
136 0 47
137 0 47
138 0 48
139 0 48
140 0 48
141 0 49
142 0 49
143 0 48
144 0 48
145 0 48
146 0 48
147 0 49
148 0 49
149 0 48
150 0 49
151 0 49
152 0 47
153 0 47
154 0 48
155 0 48
156 0 48
157 0 49
158 0 49
159 0 48
160 0 49
161 0 49
162 0 47
163 0 47
164 0 48
165 0 49
166 0 49
167 0 47
168 0 47
169 0 48
170 0 48
171 0 48
172 0 48
173 0 48
174 0 48
175 0 48
176 0 48
177 0 48
178 0 50
179 0 50
180 0 48
181 0 48
182 0 49
183 0 50
184 0 50
185 0 48
186 0 48
187 0 49
188 0 49
189 0 50
190 0 49
191 0 49
192 0 49
193 0 49
194 0 48
195 0 48
196 0 50
197 0 50
198 0 50
199 0 49
200 0 49
201 0 48
202 0 50
203 0 50
204 0 48
205 0 48
206 0 49
207 0 50
208 0 50
209 0 48
210 0 48
211 0 49
212 0 49
213 0 50
214 0 49
215 0 49
216 0 49
217 0 49
218 0 48
219 0 48
220 0 49
221 0 49
222 0 49
223 0 49
224 0 49
225 0 48
226 0 49
227 0 49
228 0 48
229 0 48
230 0 49
231 0 49
232 0 49
233 0 49
234 0 49
235 0 48
236 0 49
237 0 49
238 0 48
239 0 48
240 0 48
241 0 49
242 0 49
243 0 48
244 0 48
245 0 49
246 0 49
247 0 48
248 0 48
249 0 48
250 0 49
251 0 49
252 0 48
253 0 48
254 0 48
255 0 48
256 0 48
257 0 48
258 0 48
259 0 48
260 0 48
261 0 48
262 0 48
263 0 50
264 0 50
265 0 50
266 0 50
267 0 50
268 0 49
269 0 50
270 0 50
271 0 49
272 0 49
273 0 50
274 0 50
275 0 50
276 0 50
277 0 50
278 0 49
279 0 50
280 0 50
281 0 49
282 0 49
283 0 49
284 0 50
285 0 50
286 0 49
287 0 49
288 0 49
289 0 49
290 0 49
291 0 49
292 0 49
293 0 49
294 0 49
295 0 49
296 0 48
297 0 50
298 0 50
299 0 49
300 0 49
301 0 49
302 0 50
303 0 50
304 0 49
305 0 49
306 0 49
307 0 49
308 0 49
309 0 49
310 0 49
311 0 49
312 0 49
313 0 48
314 0 48
315 0 50
316 0 50
317 0 50
318 0 50
319 0 50
320 0 49
321 0 50
322 0 50
323 0 49
324 0 49
325 0 50
326 0 50
327 0 50
328 0 50
329 0 50
330 0 49
331 0 50
332 0 50
333 0 49
334 0 49
335 0 49
336 0 50
337 0 50
338 0 49
339 0 49
340 0 49
341 0 49
342 0 49
343 0 49
344 0 49
345 0 49
346 0 49
347 0 49
348 0 48
349 0 50
350 0 50
351 0 48
352 0 48
353 0 49
354 0 50
355 0 50
356 0 48
357 0 48
358 0 49
359 0 49
360 0 49
361 0 49
362 0 49
363 0 49
364 0 49
365 0 48
366 0 48
367 0 49
368 0 49
369 0 49
370 0 49
371 0 49
372 0 48
373 0 50
374 0 50
375 0 48
376 0 48
377 0 49
378 0 50
379 0 50
380 0 48
381 0 48
382 0 49
383 0 49
384 0 50
385 0 49
386 0 49
387 0 49
388 0 49
389 0 48
390 0 48
391 0 48
392 0 48
393 0 48
394 0 49
395 0 49
396 0 48
397 0 49
398 0 49
399 0 47
400 0 47
401 0 48
402 0 48
403 0 48
404 0 49
405 0 49
406 0 48
407 0 48
408 0 48
409 0 48
410 0 49
411 0 49
412 0 48
413 0 49
414 0 49
415 0 47
416 0 47
417 0 48
418 0 48
419 0 48
420 0 49
421 0 49
422 0 48
423 0 49
424 0 49
425 0 47
426 0 47
427 0 48
428 0 49
429 0 49
430 0 47
431 0 47
432 0 48
433 0 48
434 0 48
435 0 48
436 0 48
437 0 48
438 0 48
439 0 48
440 0 48
441 0 50
442 0 50
443 0 49
444 0 49
445 0 49
446 0 50
447 0 50
448 0 49
449 0 49
450 0 49
451 0 49
452 0 49
453 0 48
454 0 48
455 0 48
456 0 48
457 0 48
458 0 48
459 0 49
460 0 50
461 0 49
462 0 49
463 0 49
464 0 48
465 0 50
466 0 50
467 0 49
468 0 49
469 0 49
470 0 50
471 0 50
472 0 49
473 0 49
474 0 49
475 0 49
476 0 49
477 0 48
478 0 48
479 0 48
480 0 48
481 0 48
482 0 48
483 0 49
484 0 49
485 0 49
486 0 49
487 0 49
488 0 48
489 0 49
490 0 49
491 0 48
492 0 48
493 0 49
494 0 49
495 0 49
496 0 49
497 0 49
498 0 48
499 0 49
500 0 49
501 0 49
502 0 49
503 0 48
504 0 49
505 0 49
506 0 49
507 0 49
508 0 49
509 0 49
510 0 49
511 0 49
512 0 48
513 0 49
514 0 49
515 0 49
516 0 49
517 0 48
518 0 49
519 0 48
520 0 48
521 0 48
522 0 48
523 0 48
524 0 48
525 0 48
526 0 49
527 0 49
528 0 49
529 0 49
530 0 49
531 0 48
532 0 49
533 0 49
534 0 48
535 0 48
536 0 49
537 0 49
538 0 49
539 0 49
540 0 49
541 0 48
542 0 49
543 0 49
544 0 48
545 0 48
546 0 48
547 0 49
548 0 49
549 0 48
550 0 48
551 0 48
552 0 49
553 0 48
554 0 48
555 0 49
556 0 48
557 0 48
558 0 48
559 0 47
560 0 50
561 0 50
562 0 49
563 0 49
564 0 49
565 0 50
566 0 50
567 0 49
568 0 49
569 0 49
570 0 49
571 0 49
572 0 48
573 0 48
574 0 48
575 0 48
576 0 48
577 0 48
578 0 49
579 0 50
580 0 49
581 0 49
582 0 49
583 0 48
584 0 50
585 0 50
586 0 49
587 0 49
588 0 49
589 0 50
590 0 50
591 0 49
592 0 49
593 0 49
594 0 49
595 0 49
596 0 48
597 0 48
598 0 48
599 0 48
600 0 48
601 0 48
602 0 49
603 0 50
604 0 49
605 0 49
606 0 49
607 0 49
608 0 49
609 0 49
610 0 49
611 0 49
612 0 49
613 0 50
614 0 49
615 0 50
616 0 50
617 0 49
618 0 49
619 0 49
620 0 49
621 0 49
622 0 48
623 0 49
624 0 49
625 0 49
626 0 49
627 0 49
628 0 49
629 0 49
630 0 49
631 0 48
632 0 49
633 0 49
634 0 49
635 0 49
636 0 48
637 0 49
638 0 48
639 0 48
640 0 48
641 0 48
642 0 48
643 0 48
644 0 48
645 0 49
646 0 49
647 0 49
648 0 48
649 0 48
650 0 47
651 0 48
652 0 48
653 0 48
654 0 48
655 0 49
656 0 49
657 0 49
658 0 48
659 0 48
660 0 47
661 0 49
662 0 49
663 0 49
664 0 49
665 0 48
666 0 49
667 0 49
668 0 49
669 0 49
670 0 49
671 0 49
672 0 49
673 0 49
674 0 49
675 0 49
676 0 48
677 0 48
678 0 47
679 0 49
680 0 49
681 0 49
682 0 49
683 0 49
684 0 49
685 0 49
686 0 49
687 0 49
688 0 48
689 0 48
690 0 49
691 0 47
692 0 47
693 0 47
694 0 47
695 0 47
696 0 47
697 0 49
698 0 49
699 0 49
700 0 48
701 0 48
702 0 47
703 0 48
704 0 48
705 0 48
706 0 48
707 0 49
708 0 49
709 0 49
710 0 48
711 0 48
712 0 47
713 0 49
714 0 49
715 0 49
716 0 49
717 0 48
718 0 49
719 0 49
720 0 49
721 0 49
722 0 49
723 0 49
724 0 49
725 0 49
726 0 49
727 0 49
728 0 48
729 0 48
730 0 47
731 0 49
732 0 49
733 0 49
734 0 48
735 0 48
736 0 47
737 0 48
738 0 48
739 0 48
740 0 48
741 0 49
742 0 49
743 0 49
744 0 48
745 0 48
746 0 47
747 0 49
748 0 49
749 0 49
750 0 49
751 0 48
752 0 49
753 0 49
754 0 49
755 0 49
756 0 49
757 0 49
758 0 49
759 0 49
760 0 49
761 0 49
762 0 48
763 0 48
764 0 47
765 0 49
766 0 49
767 0 49
768 0 49
769 0 49
770 0 49
771 0 49
772 0 49
773 0 49
774 0 48
775 0 48
776 0 49
777 0 47
778 0 47
779 0 47
780 0 47
781 0 47
782 0 47
783 0 49
784 0 49
785 0 49
786 0 48
787 0 48
788 0 47
789 0 48
790 0 48
791 0 48
792 0 48
793 0 49
794 0 49
795 0 49
796 0 48
797 0 48
798 0 47
799 0 49
800 0 49
801 0 49
802 0 49
803 0 48
804 0 49
805 0 49
806 0 49
807 0 49
808 0 49
809 0 49
810 0 49
811 0 49
812 0 49
813 0 49
814 0 48
815 0 48
816 0 47
817 0 49
818 0 49
819 0 48
820 0 48
821 0 48
822 0 49
823 0 49
824 0 48
825 0 48
826 0 48
827 0 48
828 0 49
829 0 47
830 0 47
831 0 47
832 0 47
833 0 47
834 0 47
835 0 49
836 0 49
837 0 49
838 0 48
839 0 48
840 0 47
841 0 49
842 0 49
843 0 48
844 0 48
845 0 48
846 0 49
847 0 49
848 0 48
849 0 48
850 0 48
851 0 48
852 0 49
853 0 47
854 0 47
855 0 47
856 0 47
857 0 47
858 0 47
859 0 48
860 0 48
861 0 48
862 0 48
863 0 48
864 0 47
865 0 48
866 0 48
867 0 47
868 0 47
869 0 48
870 0 48
871 0 48
872 0 48
873 0 48
874 0 47
875 0 48
876 0 48
877 0 48
878 0 48
879 0 48
880 0 47
881 0 48
882 0 48
883 0 47
884 0 47
885 0 48
886 0 48
887 0 48
888 0 48
889 0 48
890 0 47
891 0 48
892 0 48
893 0 47
894 0 47
895 0 47
896 0 48
897 0 48
898 0 47
899 0 47
900 0 48
901 0 48
902 0 48
903 0 48
904 0 48
905 0 48
906 0 48
907 0 48
908 0 47
909 0 50
910 0 50
911 0 49
912 0 49
913 0 49
914 0 50
915 0 50
916 0 49
917 0 49
918 0 49
919 0 49
920 0 49
921 0 48
922 0 48
923 0 48
924 0 48
925 0 48
926 0 48
927 0 49
928 0 50
929 0 49
930 0 49
931 0 49
932 0 48
933 0 50
934 0 50
935 0 49
936 0 49
937 0 49
938 0 50
939 0 50
940 0 49
941 0 49
942 0 49
943 0 49
944 0 49
945 0 48
946 0 48
947 0 48
948 0 48
949 0 48
950 0 48
951 0 49
952 0 50
953 0 49
954 0 49
955 0 49
956 0 49
957 0 49
958 0 49
959 0 49
960 0 49
961 0 49
962 0 50
963 0 49
964 0 50
965 0 50
966 0 49
967 0 49
968 0 49
969 0 49
970 0 49
971 0 48
972 0 49
973 0 49
974 0 49
975 0 49
976 0 49
977 0 49
978 0 49
979 0 49
980 0 48
981 0 49
982 0 49
983 0 49
984 0 49
985 0 48
986 0 49
987 0 48
988 0 48
989 0 48
990 0 48
991 0 48
992 0 48
993 0 48
994 0 49
995 0 50
996 0 49
997 0 50
998 0 50
999 0 49
1000 0 50
1001 0 50
1002 0 49
1003 0 49
1004 0 49
1005 0 50
1006 0 49
1007 0 50
1008 0 50
1009 0 49
1010 0 49
1011 0 49
1012 0 49
1013 0 49
1014 0 48
1015 0 49
1016 0 49
1017 0 49
1018 0 49
1019 0 48
1020 0 49
1021 0 48
1022 0 48
1023 0 49
1024 0 48
1025 0 48
1026 0 48
1027 0 47
1028 0 50
1029 0 50
1030 0 49
1031 0 49
1032 0 49
1033 0 50
1034 0 50
1035 0 49
1036 0 49
1037 0 49
1038 0 49
1039 0 49
1040 0 48
1041 0 48
1042 0 48
1043 0 48
1044 0 48
1045 0 48
1046 0 49
1047 0 50
1048 0 49
1049 0 49
1050 0 49
1051 0 48
1052 0 50
1053 0 50
1054 0 49
1055 0 49
1056 0 49
1057 0 50
1058 0 50
1059 0 49
1060 0 49
1061 0 49
1062 0 49
1063 0 49
1064 0 48
1065 0 48
1066 0 48
1067 0 48
1068 0 48
1069 0 48
1070 0 49
1071 0 50
1072 0 49
1073 0 49
1074 0 49
1075 0 49
1076 0 49
1077 0 49
1078 0 49
1079 0 49
1080 0 49
1081 0 50
1082 0 49
1083 0 50
1084 0 50
1085 0 49
1086 0 49
1087 0 49
1088 0 49
1089 0 49
1090 0 48
1091 0 49
1092 0 49
1093 0 49
1094 0 49
1095 0 49
1096 0 49
1097 0 49
1098 0 49
1099 0 48
1100 0 49
1101 0 49
1102 0 49
1103 0 49
1104 0 48
1105 0 49
1106 0 48
1107 0 48
1108 0 48
1109 0 48
1110 0 48
1111 0 48
1112 0 48
1113 0 49
1114 0 49
1115 0 49
1116 0 49
1117 0 49
1118 0 48
1119 0 49
1120 0 49
1121 0 48
1122 0 48
1123 0 49
1124 0 49
1125 0 49
1126 0 49
1127 0 49
1128 0 48
1129 0 49
1130 0 49
1131 0 48
1132 0 48
1133 0 48
1134 0 49
1135 0 49
1136 0 48
1137 0 48
1138 0 48
1139 0 49
1140 0 48
1141 0 48
1142 0 49
1143 0 48
1144 0 48
1145 0 48
1146 0 47
1147 0 49
1148 0 49
1149 0 48
1150 0 48
1151 0 48
1152 0 49
1153 0 49
1154 0 48
1155 0 48
1156 0 48
1157 0 48
1158 0 48
1159 0 48
1160 0 48
1161 0 48
1162 0 48
1163 0 47
1164 0 47
1165 0 49
1166 0 49
1167 0 49
1168 0 49
1169 0 49
1170 0 48
1171 0 49
1172 0 49
1173 0 48
1174 0 48
1175 0 49
1176 0 49
1177 0 49
1178 0 49
1179 0 49
1180 0 48
1181 0 49
1182 0 49
1183 0 49
1184 0 49
1185 0 48
1186 0 49
1187 0 49
1188 0 49
1189 0 49
1190 0 48
1191 0 49
1192 0 48
1193 0 48
1194 0 49
1195 0 48
1196 0 48
1197 0 48
1198 0 47
1199 0 49
1200 0 49
1201 0 47
1202 0 47
1203 0 48
1204 0 49
1205 0 49
1206 0 47
1207 0 47
1208 0 48
1209 0 48
1210 0 49
1211 0 48
1212 0 48
1213 0 48
1214 0 48
1215 0 47
1216 0 47
1217 0 49
1218 0 49
1219 0 49
1220 0 48
1221 0 48
1222 0 47
1223 0 49
1224 0 49
1225 0 47
1226 0 47
1227 0 48
1228 0 49
1229 0 49
1230 0 47
1231 0 47
1232 0 48
1233 0 48
1234 0 49
1235 0 48
1236 0 48
1237 0 48
1238 0 48
1239 0 47
1240 0 47
1241 0 49
1242 0 49
1243 0 47
1244 0 47
1245 0 48
1246 0 49
1247 0 49
1248 0 47
1249 0 47
1250 0 48
1251 0 48
1252 0 49
1253 0 48
1254 0 48
1255 0 48
1256 0 48
1257 0 47
1258 0 47
1259 0 49
1260 0 49
1261 0 49
1262 0 48
1263 0 48
1264 0 47
1265 0 49
1266 0 49
1267 0 47
1268 0 47
1269 0 48
1270 0 49
1271 0 49
1272 0 47
1273 0 47
1274 0 48
1275 0 48
1276 0 49
1277 0 48
1278 0 48
1279 0 48
1280 0 48
1281 0 47
1282 0 47
1283 0 48
1284 0 48
1285 0 48
1286 0 48
1287 0 48
1288 0 47
1289 0 48
1290 0 48
1291 0 47
1292 0 47
1293 0 48
1294 0 48
1295 0 48
1296 0 48
1297 0 48
1298 0 47
1299 0 48
1300 0 48
1301 0 47
1302 0 47
1303 0 47
1304 0 48
1305 0 48
1306 0 47
1307 0 47
1308 0 48
1309 0 48
1310 0 47
1311 0 47
1312 0 47
1313 0 48
1314 0 48
1315 0 47
1316 0 47
1317 0 47
1318 0 47
1319 0 47
1320 0 48
1321 0 48
1322 0 48
1323 0 48
1324 0 47
1325 0 47
1326 0 50
1327 0 50
1328 0 50
1329 0 50
1330 0 50
1331 0 49
1332 0 50
1333 0 50
1334 0 49
1335 0 49
1336 0 50
1337 0 50
1338 0 50
1339 0 50
1340 0 50
1341 0 49
1342 0 50
1343 0 50
1344 0 49
1345 0 49
1346 0 49
1347 0 50
1348 0 50
1349 0 49
1350 0 49
1351 0 49
1352 0 49
1353 0 49
1354 0 49
1355 0 49
1356 0 49
1357 0 49
1358 0 49
1359 0 48
1360 0 50
1361 0 50
1362 0 49
1363 0 49
1364 0 49
1365 0 50
1366 0 50
1367 0 49
1368 0 49
1369 0 49
1370 0 49
1371 0 49
1372 0 49
1373 0 49
1374 0 49
1375 0 49
1376 0 48
1377 0 48
1378 0 50
1379 0 50
1380 0 50
1381 0 50
1382 0 50
1383 0 49
1384 0 50
1385 0 50
1386 0 49
1387 0 49
1388 0 50
1389 0 50
1390 0 50
1391 0 50
1392 0 50
1393 0 49
1394 0 50
1395 0 50
1396 0 49
1397 0 49
1398 0 49
1399 0 50
1400 0 50
1401 0 49
1402 0 49
1403 0 49
1404 0 49
1405 0 49
1406 0 49
1407 0 49
1408 0 49
1409 0 49
1410 0 49
1411 0 48
1412 0 50
1413 0 50
1414 0 48
1415 0 48
1416 0 49
1417 0 50
1418 0 50
1419 0 48
1420 0 48
1421 0 49
1422 0 49
1423 0 49
1424 0 49
1425 0 49
1426 0 49
1427 0 49
1428 0 48
1429 0 48
1430 0 49
1431 0 49
1432 0 49
1433 0 49
1434 0 49
1435 0 48
1436 0 50
1437 0 50
1438 0 48
1439 0 48
1440 0 49
1441 0 50
1442 0 50
1443 0 48
1444 0 48
1445 0 49
1446 0 49
1447 0 50
1448 0 49
1449 0 49
1450 0 49
1451 0 49
1452 0 48
1453 0 48
1454 0 48
1455 0 48
1456 0 48
1457 0 49
1458 0 49
1459 0 48
1460 0 49
1461 0 49
1462 0 47
1463 0 47
1464 0 48
1465 0 48
1466 0 48
1467 0 49
1468 0 49
1469 0 48
1470 0 48
1471 0 48
1472 0 48
1473 0 49
1474 0 49
1475 0 48
1476 0 49
1477 0 49
1478 0 47
1479 0 47
1480 0 48
1481 0 48
1482 0 48
1483 0 49
1484 0 49
1485 0 48
1486 0 49
1487 0 49
1488 0 47
1489 0 47
1490 0 48
1491 0 49
1492 0 49
1493 0 47
1494 0 47
1495 0 48
1496 0 48
1497 0 48
1498 0 48
1499 0 48
1500 0 48
1501 0 48
1502 0 48
1503 0 48
1504 0 50
1505 0 50
1506 0 48
1507 0 48
1508 0 49
1509 0 50
1510 0 50
1511 0 48
1512 0 48
1513 0 49
1514 0 49
1515 0 50
1516 0 49
1517 0 49
1518 0 49
1519 0 49
1520 0 48
1521 0 48
1522 0 50
1523 0 50
1524 0 50
1525 0 49
1526 0 49
1527 0 48
1528 0 50
1529 0 50
1530 0 48
1531 0 48
1532 0 49
1533 0 50
1534 0 50
1535 0 48
1536 0 48
1537 0 49
1538 0 49
1539 0 50
1540 0 49
1541 0 49
1542 0 49
1543 0 49
1544 0 48
1545 0 48
1546 0 49
1547 0 49
1548 0 49
1549 0 49
1550 0 49
1551 0 48
1552 0 49
1553 0 49
1554 0 48
1555 0 48
1556 0 49
1557 0 49
1558 0 49
1559 0 49
1560 0 49
1561 0 48
1562 0 49
1563 0 49
1564 0 48
1565 0 48
1566 0 48
1567 0 49
1568 0 49
1569 0 48
1570 0 48
1571 0 49
1572 0 49
1573 0 48
1574 0 48
1575 0 48
1576 0 49
1577 0 49
1578 0 48
1579 0 48
1580 0 48
1581 0 48
1582 0 48
1583 0 48
1584 0 48
1585 0 48
1586 0 48
1587 0 48
1588 0 48
1589 0 50
1590 0 50
1591 0 50
1592 0 50
1593 0 50
1594 0 49
1595 0 50
1596 0 50
1597 0 49
1598 0 49
1599 0 50
1600 0 50
1601 0 50
1602 0 50
1603 0 50
1604 0 49
1605 0 50
1606 0 50
1607 0 49
1608 0 49
1609 0 49
1610 0 50
1611 0 50
1612 0 49
1613 0 49
1614 0 49
1615 0 49
1616 0 49
1617 0 49
1618 0 49
1619 0 49
1620 0 49
1621 0 49
1622 0 48
1623 0 50
1624 0 50
1625 0 49
1626 0 49
1627 0 49
1628 0 50
1629 0 50
1630 0 49
1631 0 49
1632 0 49
1633 0 49
1634 0 49
1635 0 49
1636 0 49
1637 0 49
1638 0 49
1639 0 48
1640 0 48
1641 0 50
1642 0 50
1643 0 50
1644 0 50
1645 0 50
1646 0 49
1647 0 50
1648 0 50
1649 0 49
1650 0 49
1651 0 50
1652 0 50
1653 0 50
1654 0 50
1655 0 50
1656 0 49
1657 0 50
1658 0 50
1659 0 49
1660 0 49
1661 0 49
1662 0 50
1663 0 50
1664 0 49
1665 0 49
1666 0 49
1667 0 49
1668 0 49
1669 0 49
1670 0 49
1671 0 49
1672 0 49
1673 0 49
1674 0 48
1675 0 50
1676 0 50
1677 0 48
1678 0 48
1679 0 49
1680 0 50
1681 0 50
1682 0 48
1683 0 48
1684 0 49
1685 0 49
1686 0 49
1687 0 49
1688 0 49
1689 0 49
1690 0 49
1691 0 48
1692 0 48
1693 0 49
1694 0 49
1695 0 49
1696 0 49
1697 0 49
1698 0 48
1699 0 50
1700 0 50
1701 0 48
1702 0 48
1703 0 49
1704 0 50
1705 0 50
1706 0 48
1707 0 48
1708 0 49
1709 0 49
1710 0 50
1711 0 49
1712 0 49
1713 0 49
1714 0 49
1715 0 48
1716 0 48
1717 0 48
1718 0 48
1719 0 48
1720 0 49
1721 0 49
1722 0 48
1723 0 49
1724 0 49
1725 0 47
1726 0 47
1727 0 48
1728 0 48
1729 0 48
1730 0 49
1731 0 49
1732 0 48
1733 0 48
1734 0 48
1735 0 48
1736 0 49
1737 0 49
1738 0 48
1739 0 49
1740 0 49
1741 0 47
1742 0 47
1743 0 48
1744 0 48
1745 0 48
1746 0 49
1747 0 49
1748 0 48
1749 0 49
1750 0 49
1751 0 47
1752 0 47
1753 0 48
1754 0 49
1755 0 49
1756 0 47
1757 0 47
1758 0 48
1759 0 48
1760 0 48
1761 0 48
1762 0 48
1763 0 48
1764 0 48
1765 0 48
1766 0 48
1767 0 50
1768 0 50
1769 0 49
1770 0 49
1771 0 49
1772 0 50
1773 0 50
1774 0 49
1775 0 49
1776 0 49
1777 0 49
1778 0 50
1779 0 48
1780 0 48
1781 0 48
1782 0 48
1783 0 48
1784 0 48
1785 0 50
1786 0 50
1787 0 50
1788 0 49
1789 0 49
1790 0 48
1791 0 50
1792 0 50
1793 0 49
1794 0 49
1795 0 49
1796 0 50
1797 0 50
1798 0 49
1799 0 49
1800 0 49
1801 0 49
1802 0 50
1803 0 48
1804 0 48
1805 0 48
1806 0 48
1807 0 48
1808 0 48
1809 0 49
1810 0 49
1811 0 49
1812 0 49
1813 0 49
1814 0 48
1815 0 49
1816 0 49
1817 0 48
1818 0 48
1819 0 49
1820 0 49
1821 0 49
1822 0 49
1823 0 49
1824 0 48
1825 0 49
1826 0 49
1827 0 49
1828 0 49
1829 0 49
1830 0 49
1831 0 49
1832 0 49
1833 0 49
1834 0 49
1835 0 49
1836 0 49
1837 0 49
1838 0 49
1839 0 49
1840 0 49
1841 0 49
1842 0 49
1843 0 49
1844 0 49
1845 0 49
1846 0 48
1847 0 48
1848 0 48
1849 0 48
1850 0 48
1851 0 48
1852 0 49
1853 0 49
1854 0 49
1855 0 49
1856 0 49
1857 0 48
1858 0 49
1859 0 49
1860 0 48
1861 0 48
1862 0 49
1863 0 49
1864 0 49
1865 0 49
1866 0 49
1867 0 48
1868 0 49
1869 0 49
1870 0 48
1871 0 48
1872 0 48
1873 0 49
1874 0 49
1875 0 48
1876 0 48
1877 0 49
1878 0 49
1879 0 49
1880 0 49
1881 0 49
1882 0 49
1883 0 48
1884 0 48
1885 0 47
1886 0 50
1887 0 50
1888 0 49
1889 0 49
1890 0 49
1891 0 50
1892 0 50
1893 0 49
1894 0 49
1895 0 49
1896 0 49
1897 0 50
1898 0 48
1899 0 48
1900 0 48
1901 0 48
1902 0 48
1903 0 48
1904 0 50
1905 0 50
1906 0 50
1907 0 49
1908 0 49
1909 0 48
1910 0 50
1911 0 50
1912 0 49
1913 0 49
1914 0 49
1915 0 50
1916 0 50
1917 0 49
1918 0 49
1919 0 49
1920 0 49
1921 0 50
1922 0 48
1923 0 48
1924 0 48
1925 0 48
1926 0 48
1927 0 48
1928 0 50
1929 0 50
1930 0 50
1931 0 49
1932 0 49
1933 0 49
1934 0 49
1935 0 49
1936 0 49
1937 0 49
1938 0 50
1939 0 50
1940 0 50
1941 0 50
1942 0 50
1943 0 49
1944 0 49
1945 0 49
1946 0 49
1947 0 49
1948 0 49
1949 0 49
1950 0 49
1951 0 49
1952 0 49
1953 0 49
1954 0 49
1955 0 49
1956 0 49
1957 0 49
1958 0 49
1959 0 49
1960 0 49
1961 0 49
1962 0 49
1963 0 49
1964 0 49
1965 0 48
1966 0 48
1967 0 48
1968 0 48
1969 0 48
1970 0 48
1971 0 49
1972 0 49
1973 0 49
1974 0 48
1975 0 48
1976 0 47
1977 0 48
1978 0 48
1979 0 48
1980 0 48
1981 0 49
1982 0 49
1983 0 49
1984 0 48
1985 0 48
1986 0 47
1987 0 49
1988 0 49
1989 0 49
1990 0 49
1991 0 48
1992 0 49
1993 0 49
1994 0 49
1995 0 49
1996 0 49
1997 0 49
1998 0 49
1999 0 49
2000 0 49
2001 0 49
2002 0 48
2003 0 48
2004 0 47
2005 0 49
2006 0 49
2007 0 49
2008 0 49
2009 0 49
2010 0 49
2011 0 49
2012 0 49
2013 0 49
2014 0 48
2015 0 48
2016 0 49
2017 0 47
2018 0 47
2019 0 47
2020 0 47
2021 0 47
2022 0 47
2023 0 49
2024 0 49
2025 0 49
2026 0 48
2027 0 48
2028 0 47
2029 0 48
2030 0 48
2031 0 48
2032 0 48
2033 0 49
2034 0 49
2035 0 49
2036 0 48
2037 0 48
2038 0 47
2039 0 49
2040 0 49
2041 0 49
2042 0 49
2043 0 48
2044 0 49
2045 0 49
2046 0 49
2047 0 49
2048 0 49
2049 0 49
2050 0 49
2051 0 49
2052 0 49
2053 0 49
2054 0 48
2055 0 48
2056 0 47
2057 0 49
2058 0 49
2059 0 49
2060 0 48
2061 0 48
2062 0 47
2063 0 48
2064 0 48
2065 0 48
2066 0 48
2067 0 49
2068 0 49
2069 0 49
2070 0 48
2071 0 48
2072 0 47
2073 0 49
2074 0 49
2075 0 49
2076 0 49
2077 0 48
2078 0 49
2079 0 49
2080 0 49
2081 0 49
2082 0 49
2083 0 49
2084 0 49
2085 0 49
2086 0 49
2087 0 49
2088 0 48
2089 0 48
2090 0 47
2091 0 49
2092 0 49
2093 0 49
2094 0 49
2095 0 49
2096 0 49
2097 0 49
2098 0 49
2099 0 49
2100 0 48
2101 0 48
2102 0 49
2103 0 47
2104 0 47
2105 0 47
2106 0 47
2107 0 47
2108 0 47
2109 0 49
2110 0 49
2111 0 49
2112 0 48
2113 0 48
2114 0 47
2115 0 48
2116 0 48
2117 0 48
2118 0 48
2119 0 49
2120 0 49
2121 0 49
2122 0 48
2123 0 48
2124 0 47
2125 0 49
2126 0 49
2127 0 49
2128 0 49
2129 0 48
2130 0 49
2131 0 49
2132 0 49
2133 0 49
2134 0 49
2135 0 49
2136 0 49
2137 0 49
2138 0 49
2139 0 49
2140 0 48
2141 0 48
2142 0 47
2143 0 49
2144 0 49
2145 0 48
2146 0 48
2147 0 48
2148 0 49
2149 0 49
2150 0 48
2151 0 48
2152 0 48
2153 0 48
2154 0 49
2155 0 47
2156 0 47
2157 0 47
2158 0 47
2159 0 47
2160 0 47
2161 0 49
2162 0 49
2163 0 49
2164 0 48
2165 0 48
2166 0 47
2167 0 49
2168 0 49
2169 0 48
2170 0 48
2171 0 48
2172 0 49
2173 0 49
2174 0 48
2175 0 48
2176 0 48
2177 0 48
2178 0 49
2179 0 47
2180 0 47
2181 0 47
2182 0 47
2183 0 47
2184 0 47
2185 0 48
2186 0 48
2187 0 48
2188 0 48
2189 0 48
2190 0 47
2191 0 48
2192 0 48
2193 0 47
2194 0 47
2195 0 48
2196 0 48
2197 0 48
2198 0 48
2199 0 48
2200 0 47
2201 0 48
2202 0 48
2203 0 48
2204 0 48
2205 0 48
2206 0 47
2207 0 48
2208 0 48
2209 0 47
2210 0 47
2211 0 48
2212 0 48
2213 0 48
2214 0 48
2215 0 48
2216 0 47
2217 0 48
2218 0 48
2219 0 47
2220 0 47
2221 0 47
2222 0 48
2223 0 48
2224 0 47
2225 0 47
2226 0 48
2227 0 48
2228 0 48
2229 0 48
2230 0 48
2231 0 48
2232 0 48
2233 0 48
2234 0 47
2235 0 50
2236 0 50
2237 0 50
2238 0 49
2239 0 50
2240 0 49
2241 0 50
2242 0 50
2243 0 50
2244 0 49
2245 0 50
2246 0 49
2247 0 49
2248 0 50
2249 0 49
2250 0 49
2251 0 49
2252 0 49
2253 0 49
2254 0 49
2255 0 48
2256 0 50
2257 0 49
2258 0 49
2259 0 50
2260 0 49
2261 0 49
2262 0 49
2263 0 49
2264 0 49
2265 0 48
2266 0 50
2267 0 50
2268 0 50
2269 0 49
2270 0 50
2271 0 49
2272 0 50
2273 0 50
2274 0 50
2275 0 49
2276 0 50
2277 0 49
2278 0 49
2279 0 50
2280 0 49
2281 0 49
2282 0 49
2283 0 49
2284 0 49
2285 0 49
2286 0 48
2287 0 50
2288 0 48
2289 0 49
2290 0 50
2291 0 48
2292 0 49
2293 0 49
2294 0 49
2295 0 49
2296 0 48
2297 0 49
2298 0 49
2299 0 49
2300 0 48
2301 0 50
2302 0 48
2303 0 49
2304 0 50
2305 0 48
2306 0 49
2307 0 50
2308 0 49
2309 0 49
2310 0 48
2311 0 48
2312 0 48
2313 0 49
2314 0 48
2315 0 49
2316 0 47
2317 0 48
2318 0 48
2319 0 49
2320 0 48
2321 0 48
2322 0 48
2323 0 49
2324 0 48
2325 0 49
2326 0 47
2327 0 48
2328 0 48
2329 0 49
2330 0 48
2331 0 49
2332 0 47
2333 0 48
2334 0 49
2335 0 47
2336 0 48
2337 0 48
2338 0 48
2339 0 48
2340 0 48
2341 0 48
2342 0 50
2343 0 48
2344 0 49
2345 0 50
2346 0 48
2347 0 49
2348 0 50
2349 0 49
2350 0 49
2351 0 48
2352 0 50
2353 0 50
2354 0 49
2355 0 48
2356 0 50
2357 0 48
2358 0 49
2359 0 50
2360 0 48
2361 0 49
2362 0 50
2363 0 49
2364 0 49
2365 0 48
2366 0 49
2367 0 49
2368 0 49
2369 0 48
2370 0 49
2371 0 48
2372 0 49
2373 0 49
2374 0 49
2375 0 48
2376 0 49
2377 0 48
2378 0 48
2379 0 49
2380 0 48
2381 0 49
2382 0 48
2383 0 48
2384 0 49
2385 0 48
2386 0 48
2387 0 48
2388 0 48
2389 0 48
2390 0 48
2391 0 50
2392 0 50
2393 0 50
2394 0 49
2395 0 50
2396 0 49
2397 0 50
2398 0 50
2399 0 50
2400 0 49
2401 0 50
2402 0 49
2403 0 49
2404 0 50
2405 0 49
2406 0 49
2407 0 49
2408 0 49
2409 0 49
2410 0 49
2411 0 48
2412 0 50
2413 0 49
2414 0 49
2415 0 50
2416 0 49
2417 0 49
2418 0 49
2419 0 49
2420 0 49
2421 0 48
2422 0 50
2423 0 50
2424 0 50
2425 0 49
2426 0 50
2427 0 49
2428 0 50
2429 0 50
2430 0 50
2431 0 49
2432 0 50
2433 0 49
2434 0 49
2435 0 50
2436 0 49
2437 0 49
2438 0 49
2439 0 49
2440 0 49
2441 0 49
2442 0 48
2443 0 50
2444 0 48
2445 0 49
2446 0 50
2447 0 48
2448 0 49
2449 0 49
2450 0 49
2451 0 49
2452 0 48
2453 0 49
2454 0 49
2455 0 49
2456 0 48
2457 0 50
2458 0 48
2459 0 49
2460 0 50
2461 0 48
2462 0 49
2463 0 50
2464 0 49
2465 0 49
2466 0 48
2467 0 48
2468 0 48
2469 0 49
2470 0 48
2471 0 49
2472 0 47
2473 0 48
2474 0 48
2475 0 49
2476 0 48
2477 0 48
2478 0 48
2479 0 49
2480 0 48
2481 0 49
2482 0 47
2483 0 48
2484 0 48
2485 0 49
2486 0 48
2487 0 49
2488 0 47
2489 0 48
2490 0 49
2491 0 47
2492 0 48
2493 0 48
2494 0 48
2495 0 48
2496 0 48
2497 0 48
2498 0 50
2499 0 49
2500 0 49
2501 0 50
2502 0 49
2503 0 49
2504 0 49
2505 0 48
2506 0 48
2507 0 48
2508 0 49
2509 0 49
2510 0 49
2511 0 48
2512 0 50
2513 0 49
2514 0 49
2515 0 50
2516 0 49
2517 0 49
2518 0 49
2519 0 48
2520 0 48
2521 0 48
2522 0 49
2523 0 49
2524 0 49
2525 0 48
2526 0 49
2527 0 48
2528 0 49
2529 0 49
2530 0 49
2531 0 48
2532 0 49
2533 0 49
2534 0 48
2535 0 49
2536 0 49
2537 0 49
2538 0 49
2539 0 48
2540 0 49
2541 0 49
2542 0 48
2543 0 48
2544 0 48
2545 0 48
2546 0 48
2547 0 49
2548 0 49
2549 0 49
2550 0 48
2551 0 49
2552 0 48
2553 0 49
2554 0 49
2555 0 49
2556 0 48
2557 0 49
2558 0 48
2559 0 48
2560 0 49
2561 0 48
2562 0 48
2563 0 48
2564 0 48
2565 0 48
2566 0 48
2567 0 47
2568 0 50
2569 0 49
2570 0 49
2571 0 50
2572 0 49
2573 0 49
2574 0 49
2575 0 48
2576 0 48
2577 0 48
2578 0 49
2579 0 49
2580 0 49
2581 0 48
2582 0 50
2583 0 49
2584 0 49
2585 0 50
2586 0 49
2587 0 49
2588 0 49
2589 0 48
2590 0 48
2591 0 48
2592 0 49
2593 0 49
2594 0 49
2595 0 49
2596 0 49
2597 0 49
2598 0 49
2599 0 49
2600 0 50
2601 0 49
2602 0 49
2603 0 49
2604 0 48
2605 0 49
2606 0 49
2607 0 49
2608 0 49
2609 0 48
2610 0 49
2611 0 49
2612 0 48
2613 0 48
2614 0 48
2615 0 48
2616 0 48
2617 0 49
2618 0 49
2619 0 48
2620 0 47
2621 0 48
2622 0 48
2623 0 49
2624 0 49
2625 0 48
2626 0 47
2627 0 49
2628 0 49
2629 0 48
2630 0 49
2631 0 49
2632 0 49
2633 0 49
2634 0 49
2635 0 49
2636 0 48
2637 0 47
2638 0 49
2639 0 49
2640 0 49
2641 0 49
2642 0 49
2643 0 48
2644 0 49
2645 0 47
2646 0 47
2647 0 47
2648 0 49
2649 0 49
2650 0 48
2651 0 47
2652 0 48
2653 0 48
2654 0 49
2655 0 49
2656 0 48
2657 0 47
2658 0 49
2659 0 49
2660 0 48
2661 0 49
2662 0 49
2663 0 49
2664 0 49
2665 0 49
2666 0 49
2667 0 48
2668 0 47
2669 0 49
2670 0 49
2671 0 48
2672 0 47
2673 0 48
2674 0 48
2675 0 49
2676 0 49
2677 0 48
2678 0 47
2679 0 49
2680 0 49
2681 0 48
2682 0 49
2683 0 49
2684 0 49
2685 0 49
2686 0 49
2687 0 49
2688 0 48
2689 0 47
2690 0 49
2691 0 49
2692 0 49
2693 0 49
2694 0 49
2695 0 48
2696 0 49
2697 0 47
2698 0 47
2699 0 47
2700 0 49
2701 0 49
2702 0 48
2703 0 47
2704 0 48
2705 0 48
2706 0 49
2707 0 49
2708 0 48
2709 0 47
2710 0 49
2711 0 49
2712 0 48
2713 0 49
2714 0 49
2715 0 49
2716 0 49
2717 0 49
2718 0 49
2719 0 48
2720 0 47
2721 0 49
2722 0 48
2723 0 48
2724 0 49
2725 0 48
2726 0 48
2727 0 49
2728 0 47
2729 0 47
2730 0 47
2731 0 49
2732 0 49
2733 0 48
2734 0 47
2735 0 49
2736 0 48
2737 0 48
2738 0 49
2739 0 48
2740 0 48
2741 0 49
2742 0 47
2743 0 47
2744 0 47
2745 0 48
2746 0 48
2747 0 48
2748 0 47
2749 0 48
2750 0 47
2751 0 48
2752 0 48
2753 0 48
2754 0 47
2755 0 48
2756 0 48
2757 0 48
2758 0 47
2759 0 48
2760 0 47
2761 0 48
2762 0 48
2763 0 48
2764 0 47
2765 0 48
2766 0 47
2767 0 47
2768 0 48
2769 0 47
2770 0 48
2771 0 48
2772 0 48
2773 0 48
2774 0 48
2775 0 47
2776 0 50
2777 0 49
2778 0 49
2779 0 50
2780 0 49
2781 0 49
2782 0 49
2783 0 48
2784 0 48
2785 0 48
2786 0 49
2787 0 49
2788 0 49
2789 0 48
2790 0 50
2791 0 49
2792 0 49
2793 0 50
2794 0 49
2795 0 49
2796 0 49
2797 0 48
2798 0 48
2799 0 48
2800 0 49
2801 0 49
2802 0 49
2803 0 49
2804 0 49
2805 0 49
2806 0 49
2807 0 49
2808 0 50
2809 0 49
2810 0 49
2811 0 49
2812 0 48
2813 0 49
2814 0 49
2815 0 49
2816 0 49
2817 0 48
2818 0 49
2819 0 49
2820 0 48
2821 0 48
2822 0 48
2823 0 48
2824 0 48
2825 0 49
2826 0 49
2827 0 50
2828 0 49
2829 0 50
2830 0 49
2831 0 49
2832 0 49
2833 0 50
2834 0 49
2835 0 49
2836 0 49
2837 0 48
2838 0 49
2839 0 49
2840 0 48
2841 0 48
2842 0 48
2843 0 48
2844 0 48
2845 0 47
2846 0 50
2847 0 49
2848 0 49
2849 0 50
2850 0 49
2851 0 49
2852 0 49
2853 0 48
2854 0 48
2855 0 48
2856 0 49
2857 0 49
2858 0 49
2859 0 48
2860 0 50
2861 0 49
2862 0 49
2863 0 50
2864 0 49
2865 0 49
2866 0 49
2867 0 48
2868 0 48
2869 0 48
2870 0 49
2871 0 49
2872 0 49
2873 0 49
2874 0 49
2875 0 49
2876 0 49
2877 0 49
2878 0 50
2879 0 49
2880 0 49
2881 0 49
2882 0 48
2883 0 49
2884 0 49
2885 0 49
2886 0 49
2887 0 48
2888 0 49
2889 0 49
2890 0 48
2891 0 48
2892 0 48
2893 0 48
2894 0 48
2895 0 49
2896 0 49
2897 0 49
2898 0 48
2899 0 49
2900 0 48
2901 0 49
2902 0 49
2903 0 49
2904 0 48
2905 0 49
2906 0 48
2907 0 48
2908 0 49
2909 0 48
2910 0 48
2911 0 48
2912 0 48
2913 0 48
2914 0 48
2915 0 47
2916 0 49
2917 0 48
2918 0 48
2919 0 49
2920 0 48
2921 0 48
2922 0 48
2923 0 48
2924 0 48
2925 0 47
2926 0 49
2927 0 49
2928 0 49
2929 0 48
2930 0 49
2931 0 48
2932 0 49
2933 0 49
2934 0 49
2935 0 48
2936 0 49
2937 0 49
2938 0 48
2939 0 49
2940 0 49
2941 0 48
2942 0 48
2943 0 48
2944 0 48
2945 0 48
2946 0 47
2947 0 49
2948 0 47
2949 0 48
2950 0 49
2951 0 47
2952 0 48
2953 0 49
2954 0 48
2955 0 48
2956 0 47
2957 0 49
2958 0 49
2959 0 48
2960 0 47
2961 0 49
2962 0 47
2963 0 48
2964 0 49
2965 0 47
2966 0 48
2967 0 49
2968 0 48
2969 0 48
2970 0 47
2971 0 49
2972 0 47
2973 0 48
2974 0 49
2975 0 47
2976 0 48
2977 0 49
2978 0 48
2979 0 48
2980 0 47
2981 0 49
2982 0 49
2983 0 48
2984 0 47
2985 0 49
2986 0 47
2987 0 48
2988 0 49
2989 0 47
2990 0 48
2991 0 49
2992 0 48
2993 0 48
2994 0 47
2995 0 48
2996 0 48
2997 0 48
2998 0 47
2999 0 48
3000 0 47
3001 0 48
3002 0 48
3003 0 48
3004 0 47
3005 0 48
3006 0 47
3007 0 47
3008 0 48
3009 0 47
3010 0 48
3011 0 47
3012 0 47
3013 0 48
3014 0 47
3015 0 47
3016 0 47
3017 0 48
3018 0 48
3019 0 47
3020 0 50
3021 0 50
3022 0 50
3023 0 49
3024 0 50
3025 0 49
3026 0 50
3027 0 50
3028 0 50
3029 0 49
3030 0 50
3031 0 49
3032 0 49
3033 0 50
3034 0 49
3035 0 49
3036 0 49
3037 0 49
3038 0 49
3039 0 49
3040 0 48
3041 0 50
3042 0 49
3043 0 49
3044 0 50
3045 0 49
3046 0 49
3047 0 49
3048 0 49
3049 0 49
3050 0 48
3051 0 50
3052 0 50
3053 0 50
3054 0 49
3055 0 50
3056 0 49
3057 0 50
3058 0 50
3059 0 50
3060 0 49
3061 0 50
3062 0 49
3063 0 49
3064 0 50
3065 0 49
3066 0 49
3067 0 49
3068 0 49
3069 0 49
3070 0 49
3071 0 48
3072 0 50
3073 0 48
3074 0 49
3075 0 50
3076 0 48
3077 0 49
3078 0 49
3079 0 49
3080 0 49
3081 0 48
3082 0 49
3083 0 49
3084 0 49
3085 0 48
3086 0 50
3087 0 48
3088 0 49
3089 0 50
3090 0 48
3091 0 49
3092 0 50
3093 0 49
3094 0 49
3095 0 48
3096 0 48
3097 0 48
3098 0 49
3099 0 48
3100 0 49
3101 0 47
3102 0 48
3103 0 48
3104 0 49
3105 0 48
3106 0 48
3107 0 48
3108 0 49
3109 0 48
3110 0 49
3111 0 47
3112 0 48
3113 0 48
3114 0 49
3115 0 48
3116 0 49
3117 0 47
3118 0 48
3119 0 49
3120 0 47
3121 0 48
3122 0 48
3123 0 48
3124 0 48
3125 0 48
3126 0 48
3127 0 50
3128 0 48
3129 0 49
3130 0 50
3131 0 48
3132 0 49
3133 0 50
3134 0 49
3135 0 49
3136 0 48
3137 0 50
3138 0 50
3139 0 49
3140 0 48
3141 0 50
3142 0 48
3143 0 49
3144 0 50
3145 0 48
3146 0 49
3147 0 50
3148 0 49
3149 0 49
3150 0 48
3151 0 49
3152 0 49
3153 0 49
3154 0 48
3155 0 49
3156 0 48
3157 0 49
3158 0 49
3159 0 49
3160 0 48
3161 0 49
3162 0 48
3163 0 48
3164 0 49
3165 0 48
3166 0 49
3167 0 48
3168 0 48
3169 0 49
3170 0 48
3171 0 48
3172 0 48
3173 0 48
3174 0 48
3175 0 48
3176 0 50
3177 0 50
3178 0 50
3179 0 49
3180 0 50
3181 0 49
3182 0 50
3183 0 50
3184 0 50
3185 0 49
3186 0 50
3187 0 49
3188 0 49
3189 0 50
3190 0 49
3191 0 49
3192 0 49
3193 0 49
3194 0 49
3195 0 49
3196 0 48
3197 0 50
3198 0 49
3199 0 49
3200 0 50
3201 0 49
3202 0 49
3203 0 49
3204 0 49
3205 0 49
3206 0 48
3207 0 50
3208 0 50
3209 0 50
3210 0 49
3211 0 50
3212 0 49
3213 0 50
3214 0 50
3215 0 50
3216 0 49
3217 0 50
3218 0 49
3219 0 49
3220 0 50
3221 0 49
3222 0 49
3223 0 49
3224 0 49
3225 0 49
3226 0 49
3227 0 48
3228 0 50
3229 0 48
3230 0 49
3231 0 50
3232 0 48
3233 0 49
3234 0 49
3235 0 49
3236 0 49
3237 0 48
3238 0 49
3239 0 49
3240 0 49
3241 0 48
3242 0 50
3243 0 48
3244 0 49
3245 0 50
3246 0 48
3247 0 49
3248 0 50
3249 0 49
3250 0 49
3251 0 48
3252 0 48
3253 0 48
3254 0 49
3255 0 48
3256 0 49
3257 0 47
3258 0 48
3259 0 48
3260 0 49
3261 0 48
3262 0 48
3263 0 48
3264 0 49
3265 0 48
3266 0 49
3267 0 47
3268 0 48
3269 0 48
3270 0 49
3271 0 48
3272 0 49
3273 0 47
3274 0 48
3275 0 49
3276 0 47
3277 0 48
3278 0 48
3279 0 48
3280 0 48
3281 0 48
3282 0 48
3283 0 50
3284 0 49
3285 0 49
3286 0 50
3287 0 49
3288 0 49
3289 0 50
3290 0 48
3291 0 48
3292 0 48
3293 0 50
3294 0 50
3295 0 49
3296 0 48
3297 0 50
3298 0 49
3299 0 49
3300 0 50
3301 0 49
3302 0 49
3303 0 50
3304 0 48
3305 0 48
3306 0 48
3307 0 49
3308 0 49
3309 0 49
3310 0 48
3311 0 49
3312 0 48
3313 0 49
3314 0 49
3315 0 49
3316 0 48
3317 0 49
3318 0 49
3319 0 49
3320 0 49
3321 0 49
3322 0 49
3323 0 49
3324 0 49
3325 0 49
3326 0 49
3327 0 49
3328 0 49
3329 0 48
3330 0 48
3331 0 48
3332 0 49
3333 0 49
3334 0 49
3335 0 48
3336 0 49
3337 0 48
3338 0 49
3339 0 49
3340 0 49
3341 0 48
3342 0 49
3343 0 48
3344 0 48
3345 0 49
3346 0 48
3347 0 49
3348 0 49
3349 0 49
3350 0 49
3351 0 48
3352 0 47
3353 0 50
3354 0 49
3355 0 49
3356 0 50
3357 0 49
3358 0 49
3359 0 50
3360 0 48
3361 0 48
3362 0 48
3363 0 50
3364 0 50
3365 0 49
3366 0 48
3367 0 50
3368 0 49
3369 0 49
3370 0 50
3371 0 49
3372 0 49
3373 0 50
3374 0 48
3375 0 48
3376 0 48
3377 0 50
3378 0 50
3379 0 49
3380 0 49
3381 0 49
3382 0 49
3383 0 50
3384 0 50
3385 0 50
3386 0 49
3387 0 49
3388 0 49
3389 0 49
3390 0 49
3391 0 49
3392 0 49
3393 0 49
3394 0 49
3395 0 49
3396 0 49
3397 0 49
3398 0 49
3399 0 48
3400 0 48
3401 0 48
3402 0 49
3403 0 49
3404 0 48
3405 0 47
3406 0 48
3407 0 48
3408 0 49
3409 0 49
3410 0 48
3411 0 47
3412 0 49
3413 0 49
3414 0 48
3415 0 49
3416 0 49
3417 0 49
3418 0 49
3419 0 49
3420 0 49
3421 0 48
3422 0 47
3423 0 49
3424 0 49
3425 0 49
3426 0 49
3427 0 49
3428 0 48
3429 0 49
3430 0 47
3431 0 47
3432 0 47
3433 0 49
3434 0 49
3435 0 48
3436 0 47
3437 0 48
3438 0 48
3439 0 49
3440 0 49
3441 0 48
3442 0 47
3443 0 49
3444 0 49
3445 0 48
3446 0 49
3447 0 49
3448 0 49
3449 0 49
3450 0 49
3451 0 49
3452 0 48
3453 0 47
3454 0 49
3455 0 49
3456 0 48
3457 0 47
3458 0 48
3459 0 48
3460 0 49
3461 0 49
3462 0 48
3463 0 47
3464 0 49
3465 0 49
3466 0 48
3467 0 49
3468 0 49
3469 0 49
3470 0 49
3471 0 49
3472 0 49
3473 0 48
3474 0 47
3475 0 49
3476 0 49
3477 0 49
3478 0 49
3479 0 49
3480 0 48
3481 0 49
3482 0 47
3483 0 47
3484 0 47
3485 0 49
3486 0 49
3487 0 48
3488 0 47
3489 0 48
3490 0 48
3491 0 49
3492 0 49
3493 0 48
3494 0 47
3495 0 49
3496 0 49
3497 0 48
3498 0 49
3499 0 49
3500 0 49
3501 0 49
3502 0 49
3503 0 49
3504 0 48
3505 0 47
3506 0 49
3507 0 48
3508 0 48
3509 0 49
3510 0 48
3511 0 48
3512 0 49
3513 0 47
3514 0 47
3515 0 47
3516 0 49
3517 0 49
3518 0 48
3519 0 47
3520 0 49
3521 0 48
3522 0 48
3523 0 49
3524 0 48
3525 0 48
3526 0 49
3527 0 47
3528 0 47
3529 0 47
3530 0 48
3531 0 48
3532 0 48
3533 0 47
3534 0 48
3535 0 47
3536 0 48
3537 0 48
3538 0 48
3539 0 47
3540 0 48
3541 0 48
3542 0 48
3543 0 47
3544 0 48
3545 0 47
3546 0 48
3547 0 48
3548 0 48
3549 0 47
3550 0 48
3551 0 47
3552 0 47
3553 0 48
3554 0 47
3555 0 48
3556 0 48
3557 0 48
3558 0 48
3559 0 48
3560 0 47
3561 0 50
3562 0 49
3563 0 50
3564 0 49
3565 0 49
3566 0 49
3567 0 49
3568 0 49
3569 0 49
3570 0 49
3571 0 48
3572 0 50
3573 0 49
3574 0 50
3575 0 49
3576 0 49
3577 0 49
3578 0 49
3579 0 48
3580 0 48
3581 0 49
3582 0 48
3583 0 49
3584 0 48
3585 0 48
3586 0 49
3587 0 48
3588 0 48
3589 0 47
3590 0 48
3591 0 48
3592 0 47
3593 0 48
3594 0 47
3595 0 47
3596 0 48
3597 0 48
3598 0 48
3599 0 48
3600 0 49
3601 0 48
3602 0 50
3603 0 48
3604 0 48
3605 0 49
3606 0 48
3607 0 49
3608 0 48
3609 0 49
3610 0 48
3611 0 48
3612 0 48
3613 0 48
3614 0 48
3615 0 48
3616 0 50
3617 0 49
3618 0 50
3619 0 49
3620 0 49
3621 0 49
3622 0 49
3623 0 49
3624 0 49
3625 0 49
3626 0 48
3627 0 50
3628 0 49
3629 0 50
3630 0 49
3631 0 49
3632 0 49
3633 0 49
3634 0 48
3635 0 48
3636 0 49
3637 0 48
3638 0 49
3639 0 48
3640 0 48
3641 0 49
3642 0 48
3643 0 48
3644 0 47
3645 0 48
3646 0 48
3647 0 47
3648 0 48
3649 0 47
3650 0 47
3651 0 48
3652 0 48
3653 0 49
3654 0 49
3655 0 49
3656 0 48
3657 0 49
3658 0 49
3659 0 49
3660 0 49
3661 0 48
3662 0 49
3663 0 48
3664 0 49
3665 0 49
3666 0 49
3667 0 49
3668 0 49
3669 0 48
3670 0 48
3671 0 49
3672 0 48
3673 0 49
3674 0 48
3675 0 48
3676 0 48
3677 0 48
3678 0 49
3679 0 49
3680 0 49
3681 0 48
3682 0 49
3683 0 49
3684 0 49
3685 0 49
3686 0 48
3687 0 49
3688 0 49
3689 0 49
3690 0 49
3691 0 49
3692 0 49
3693 0 49
3694 0 48
3695 0 48
3696 0 49
3697 0 48
3698 0 49
3699 0 49
3700 0 49
3701 0 49
3702 0 49
3703 0 49
3704 0 49
3705 0 48
3706 0 47
3707 0 49
3708 0 48
3709 0 49
3710 0 49
3711 0 49
3712 0 49
3713 0 49
3714 0 49
3715 0 48
3716 0 49
3717 0 49
3718 0 49
3719 0 49
3720 0 49
3721 0 49
3722 0 49
3723 0 48
3724 0 47
3725 0 49
3726 0 48
3727 0 49
3728 0 49
3729 0 49
3730 0 49
3731 0 49
3732 0 48
3733 0 48
3734 0 48
3735 0 47
3736 0 49
3737 0 48
3738 0 48
3739 0 48
3740 0 47
3741 0 48
3742 0 47
3743 0 48
3744 0 48
3745 0 47
3746 0 48
3747 0 47
3748 0 47
3749 0 48
3750 0 48
3751 0 49
3752 0 49
3753 0 49
3754 0 48
3755 0 49
3756 0 49
3757 0 49
3758 0 49
3759 0 48
3760 0 49
3761 0 49
3762 0 49
3763 0 49
3764 0 49
3765 0 49
3766 0 49
3767 0 48
3768 0 48
3769 0 49
3770 0 49
3771 0 49
3772 0 49
3773 0 49
3774 0 48
3775 0 48
3776 0 49
3777 0 49
3778 0 49
3779 0 48
3780 0 49
3781 0 49
3782 0 49
3783 0 49
3784 0 48
3785 0 49
3786 0 49
3787 0 49
3788 0 49
3789 0 49
3790 0 49
3791 0 49
3792 0 48
3793 0 48
3794 0 49
3795 0 48
3796 0 49
3797 0 48
3798 0 48
3799 0 48
3800 0 48
3801 0 48
3802 0 48
3803 0 48
3804 0 47
3805 0 49
3806 0 48
3807 0 49
3808 0 49
3809 0 49
3810 0 48
3811 0 48
3812 0 47
3813 0 47
3814 0 48
3815 0 47
3816 0 49
3817 0 47
3818 0 47
3819 0 48
3820 0 47
3821 0 47
3822 0 47
3823 0 48
3824 0 47
3825 0 49
3826 0 47
3827 0 47
3828 0 48
3829 0 47
3830 0 48
3831 0 47
3832 0 48
3833 0 47
3834 0 47
3835 0 47
3836 0 47
3837 0 47
3838 0 47
3839 0 50
3840 0 49
3841 0 50
3842 0 49
3843 0 49
3844 0 49
3845 0 49
3846 0 49
3847 0 49
3848 0 49
3849 0 48
3850 0 50
3851 0 49
3852 0 50
3853 0 49
3854 0 49
3855 0 49
3856 0 49
3857 0 48
3858 0 48
3859 0 49
3860 0 48
3861 0 49
3862 0 48
3863 0 48
3864 0 49
3865 0 48
3866 0 48
3867 0 47
3868 0 48
3869 0 48
3870 0 47
3871 0 48
3872 0 47
3873 0 47
3874 0 48
3875 0 48
3876 0 48
3877 0 48
3878 0 49
3879 0 48
3880 0 50
3881 0 48
3882 0 48
3883 0 49
3884 0 48
3885 0 49
3886 0 48
3887 0 49
3888 0 48
3889 0 48
3890 0 48
3891 0 48
3892 0 48
3893 0 48
3894 0 50
3895 0 49
3896 0 50
3897 0 49
3898 0 49
3899 0 49
3900 0 49
3901 0 49
3902 0 49
3903 0 49
3904 0 48
3905 0 50
3906 0 49
3907 0 50
3908 0 49
3909 0 49
3910 0 49
3911 0 49
3912 0 48
3913 0 48
3914 0 49
3915 0 48
3916 0 49
3917 0 48
3918 0 48
3919 0 49
3920 0 48
3921 0 48
3922 0 47
3923 0 48
3924 0 48
3925 0 47
3926 0 48
3927 0 47
3928 0 47
3929 0 48
3930 0 48
3931 0 49
3932 0 49
3933 0 49
3934 0 48
3935 0 50
3936 0 49
3937 0 49
3938 0 49
3939 0 48
3940 0 49
3941 0 48
3942 0 49
3943 0 49
3944 0 49
3945 0 49
3946 0 49
3947 0 49
3948 0 48
3949 0 49
3950 0 48
3951 0 49
3952 0 48
3953 0 48
3954 0 49
3955 0 49
3956 0 49
3957 0 49
3958 0 49
3959 0 48
3960 0 50
3961 0 49
3962 0 49
3963 0 49
3964 0 48
3965 0 50
3966 0 49
3967 0 50
3968 0 49
3969 0 49
3970 0 49
3971 0 49
3972 0 49
3973 0 48
3974 0 49
3975 0 48
3976 0 49
3977 0 49
3978 0 49
3979 0 49
3980 0 49
3981 0 49
3982 0 49
3983 0 48
3984 0 47
3985 0 49
3986 0 48
3987 0 49
3988 0 49
3989 0 49
3990 0 49
3991 0 49
3992 0 49
3993 0 48
3994 0 49
3995 0 49
3996 0 49
3997 0 49
3998 0 49
3999 0 49
4000 0 49
4001 0 48
4002 0 47
4003 0 49
4004 0 48
4005 0 49
4006 0 49
4007 0 49
4008 0 49
4009 0 49
4010 0 48
4011 0 48
4012 0 48
4013 0 47
4014 0 49
4015 0 48
4016 0 48
4017 0 48
4018 0 47
4019 0 48
4020 0 47
4021 0 48
4022 0 48
4023 0 47
4024 0 48
4025 0 47
4026 0 47
4027 0 48
4028 0 48
4029 0 49
4030 0 49
4031 0 49
4032 0 48
4033 0 48
4034 0 47
4035 0 48
4036 0 48
4037 0 48
4038 0 48
4039 0 49
4040 0 49
4041 0 49
4042 0 48
4043 0 48
4044 0 47
4045 0 49
4046 0 49
4047 0 49
4048 0 49
4049 0 48
4050 0 49
4051 0 49
4052 0 49
4053 0 49
4054 0 49
4055 0 49
4056 0 49
4057 0 49
4058 0 49
4059 0 49
4060 0 48
4061 0 48
4062 0 47
4063 0 49
4064 0 49
4065 0 49
4066 0 49
4067 0 49
4068 0 49
4069 0 49
4070 0 49
4071 0 49
4072 0 48
4073 0 48
4074 0 49
4075 0 47
4076 0 47
4077 0 47
4078 0 47
4079 0 47
4080 0 47
4081 0 49
4082 0 49
4083 0 49
4084 0 48
4085 0 48
4086 0 47
4087 0 48
4088 0 48
4089 0 48
4090 0 48
4091 0 49
4092 0 49
4093 0 49
4094 0 48
4095 0 48
4096 0 47
4097 0 49
4098 0 49
4099 0 49
4100 0 49
4101 0 48
4102 0 49
4103 0 49
4104 0 49
4105 0 49
4106 0 49
4107 0 49
4108 0 49
4109 0 49
4110 0 49
4111 0 49
4112 0 48
4113 0 48
4114 0 47
4115 0 49
4116 0 49
4117 0 49
4118 0 48
4119 0 48
4120 0 47
4121 0 48
4122 0 48
4123 0 48
4124 0 48
4125 0 49
4126 0 49
4127 0 49
4128 0 48
4129 0 48
4130 0 47
4131 0 49
4132 0 49
4133 0 49
4134 0 49
4135 0 48
4136 0 49
4137 0 49
4138 0 49
4139 0 49
4140 0 49
4141 0 49
4142 0 49
4143 0 49
4144 0 49
4145 0 49
4146 0 48
4147 0 48
4148 0 47
4149 0 49
4150 0 49
4151 0 49
4152 0 49
4153 0 49
4154 0 49
4155 0 49
4156 0 49
4157 0 49
4158 0 48
4159 0 48
4160 0 49
4161 0 47
4162 0 47
4163 0 47
4164 0 47
4165 0 47
4166 0 47
4167 0 49
4168 0 49
4169 0 49
4170 0 48
4171 0 48
4172 0 47
4173 0 48
4174 0 48
4175 0 48
4176 0 48
4177 0 49
4178 0 49
4179 0 49
4180 0 48
4181 0 48
4182 0 47
4183 0 49
4184 0 49
4185 0 49
4186 0 49
4187 0 48
4188 0 49
4189 0 49
4190 0 49
4191 0 49
4192 0 49
4193 0 49
4194 0 49
4195 0 49
4196 0 49
4197 0 49
4198 0 48
4199 0 48
4200 0 47
4201 0 49
4202 0 49
4203 0 48
4204 0 48
4205 0 48
4206 0 49
4207 0 49
4208 0 48
4209 0 48
4210 0 48
4211 0 48
4212 0 49
4213 0 47
4214 0 47
4215 0 47
4216 0 47
4217 0 47
4218 0 47
4219 0 49
4220 0 49
4221 0 49
4222 0 48
4223 0 48
4224 0 47
4225 0 49
4226 0 49
4227 0 48
4228 0 48
4229 0 48
4230 0 49
4231 0 49
4232 0 48
4233 0 48
4234 0 48
4235 0 48
4236 0 49
4237 0 47
4238 0 47
4239 0 47
4240 0 47
4241 0 47
4242 0 47
4243 0 48
4244 0 48
4245 0 48
4246 0 48
4247 0 48
4248 0 47
4249 0 48
4250 0 48
4251 0 47
4252 0 47
4253 0 48
4254 0 48
4255 0 48
4256 0 48
4257 0 48
4258 0 47
4259 0 48
4260 0 48
4261 0 48
4262 0 48
4263 0 48
4264 0 47
4265 0 48
4266 0 48
4267 0 47
4268 0 47
4269 0 48
4270 0 48
4271 0 48
4272 0 48
4273 0 48
4274 0 47
4275 0 48
4276 0 48
4277 0 47
4278 0 47
4279 0 47
4280 0 48
4281 0 48
4282 0 47
4283 0 47
4284 0 48
4285 0 48
4286 0 48
4287 0 48
4288 0 48
4289 0 48
4290 0 48
4291 0 48
4292 0 47
4293 0 50
4294 0 49
4295 0 50
4296 0 49
4297 0 49
4298 0 49
4299 0 49
4300 0 49
4301 0 49
4302 0 49
4303 0 48
4304 0 50
4305 0 49
4306 0 50
4307 0 49
4308 0 49
4309 0 49
4310 0 49
4311 0 48
4312 0 48
4313 0 49
4314 0 48
4315 0 49
4316 0 48
4317 0 48
4318 0 49
4319 0 48
4320 0 48
4321 0 47
4322 0 48
4323 0 48
4324 0 47
4325 0 48
4326 0 47
4327 0 47
4328 0 48
4329 0 48
4330 0 48
4331 0 48
4332 0 49
4333 0 48
4334 0 50
4335 0 48
4336 0 48
4337 0 49
4338 0 48
4339 0 49
4340 0 48
4341 0 49
4342 0 48
4343 0 48
4344 0 48
4345 0 48
4346 0 48
4347 0 48
4348 0 50
4349 0 49
4350 0 50
4351 0 49
4352 0 49
4353 0 49
4354 0 49
4355 0 49
4356 0 49
4357 0 49
4358 0 48
4359 0 50
4360 0 49
4361 0 50
4362 0 49
4363 0 49
4364 0 49
4365 0 49
4366 0 48
4367 0 48
4368 0 49
4369 0 48
4370 0 49
4371 0 48
4372 0 48
4373 0 49
4374 0 48
4375 0 48
4376 0 47
4377 0 48
4378 0 48
4379 0 47
4380 0 48
4381 0 47
4382 0 47
4383 0 48
4384 0 48
4385 0 49
4386 0 49
4387 0 49
4388 0 48
4389 0 50
4390 0 49
4391 0 49
4392 0 49
4393 0 48
4394 0 49
4395 0 48
4396 0 49
4397 0 49
4398 0 49
4399 0 49
4400 0 49
4401 0 49
4402 0 48
4403 0 49
4404 0 48
4405 0 49
4406 0 48
4407 0 48
4408 0 49
4409 0 49
4410 0 49
4411 0 49
4412 0 49
4413 0 48
4414 0 50
4415 0 49
4416 0 49
4417 0 49
4418 0 48
4419 0 50
4420 0 49
4421 0 50
4422 0 49
4423 0 49
4424 0 49
4425 0 49
4426 0 49
4427 0 48
4428 0 49
4429 0 48
4430 0 49
4431 0 49
4432 0 49
4433 0 49
4434 0 49
4435 0 49
4436 0 49
4437 0 48
4438 0 47
4439 0 49
4440 0 48
4441 0 49
4442 0 49
4443 0 49
4444 0 49
4445 0 49
4446 0 49
4447 0 48
4448 0 49
4449 0 49
4450 0 49
4451 0 49
4452 0 49
4453 0 49
4454 0 49
4455 0 48
4456 0 47
4457 0 49
4458 0 48
4459 0 49
4460 0 49
4461 0 49
4462 0 49
4463 0 49
4464 0 48
4465 0 48
4466 0 48
4467 0 47
4468 0 49
4469 0 48
4470 0 48
4471 0 48
4472 0 47
4473 0 48
4474 0 47
4475 0 48
4476 0 48
4477 0 47
4478 0 48
4479 0 47
4480 0 47
4481 0 48
4482 0 48
4483 0 49
4484 0 49
4485 0 49
4486 0 48
4487 0 50
4488 0 49
4489 0 49
4490 0 49
4491 0 48
4492 0 50
4493 0 49
4494 0 50
4495 0 49
4496 0 49
4497 0 49
4498 0 49
4499 0 49
4500 0 48
4501 0 50
4502 0 49
4503 0 50
4504 0 49
4505 0 49
4506 0 49
4507 0 49
4508 0 49
4509 0 49
4510 0 49
4511 0 48
4512 0 50
4513 0 49
4514 0 49
4515 0 49
4516 0 48
4517 0 50
4518 0 49
4519 0 50
4520 0 49
4521 0 49
4522 0 49
4523 0 49
4524 0 49
4525 0 48
4526 0 49
4527 0 48
4528 0 49
4529 0 48
4530 0 48
4531 0 49
4532 0 49
4533 0 48
4534 0 48
4535 0 48
4536 0 47
4537 0 49
4538 0 48
4539 0 49
4540 0 49
4541 0 49
4542 0 49
4543 0 49
4544 0 47
4545 0 47
4546 0 48
4547 0 47
4548 0 49
4549 0 47
4550 0 47
4551 0 48
4552 0 47
4553 0 47
4554 0 47
4555 0 48
4556 0 47
4557 0 49
4558 0 47
4559 0 47
4560 0 48
4561 0 47
4562 0 48
4563 0 47
4564 0 48
4565 0 47
4566 0 47
4567 0 47
4568 0 47
4569 0 47
4570 0 47
4571 0 50
4572 0 49
4573 0 50
4574 0 49
4575 0 49
4576 0 49
4577 0 49
4578 0 49
4579 0 49
4580 0 49
4581 0 48
4582 0 50
4583 0 49
4584 0 50
4585 0 49
4586 0 49
4587 0 49
4588 0 49
4589 0 48
4590 0 48
4591 0 49
4592 0 48
4593 0 49
4594 0 48
4595 0 48
4596 0 49
4597 0 48
4598 0 48
4599 0 47
4600 0 48
4601 0 48
4602 0 47
4603 0 48
4604 0 47
4605 0 47
4606 0 48
4607 0 48
4608 0 48
4609 0 48
4610 0 49
4611 0 48
4612 0 50
4613 0 48
4614 0 48
4615 0 49
4616 0 48
4617 0 49
4618 0 48
4619 0 49
4620 0 48
4621 0 48
4622 0 48
4623 0 48
4624 0 48
4625 0 48
4626 0 50
4627 0 49
4628 0 50
4629 0 49
4630 0 49
4631 0 49
4632 0 49
4633 0 49
4634 0 49
4635 0 49
4636 0 48
4637 0 50
4638 0 49
4639 0 50
4640 0 49
4641 0 49
4642 0 49
4643 0 49
4644 0 48
4645 0 48
4646 0 49
4647 0 48
4648 0 49
4649 0 48
4650 0 48
4651 0 49
4652 0 48
4653 0 48
4654 0 47
4655 0 48
4656 0 48
4657 0 47
4658 0 48
4659 0 47
4660 0 47
4661 0 48
4662 0 48
4663 0 49
4664 0 49
4665 0 49
4666 0 48
4667 0 50
4668 0 49
4669 0 49
4670 0 49
4671 0 48
4672 0 49
4673 0 48
4674 0 49
4675 0 49
4676 0 49
4677 0 49
4678 0 49
4679 0 49
4680 0 48
4681 0 49
4682 0 48
4683 0 49
4684 0 48
4685 0 48
4686 0 49
4687 0 49
4688 0 49
4689 0 49
4690 0 49
4691 0 48
4692 0 50
4693 0 49
4694 0 49
4695 0 49
4696 0 48
4697 0 50
4698 0 49
4699 0 50
4700 0 49
4701 0 49
4702 0 49
4703 0 49
4704 0 49
4705 0 48
4706 0 49
4707 0 48
4708 0 49
4709 0 49
4710 0 49
4711 0 49
4712 0 49
4713 0 49
4714 0 49
4715 0 48
4716 0 47
4717 0 49
4718 0 48
4719 0 49
4720 0 49
4721 0 49
4722 0 49
4723 0 49
4724 0 49
4725 0 48
4726 0 49
4727 0 49
4728 0 49
4729 0 49
4730 0 49
4731 0 49
4732 0 49
4733 0 48
4734 0 47
4735 0 49
4736 0 48
4737 0 49
4738 0 49
4739 0 49
4740 0 49
4741 0 49
4742 0 48
4743 0 48
4744 0 48
4745 0 47
4746 0 49
4747 0 48
4748 0 48
4749 0 48
4750 0 47
4751 0 48
4752 0 47
4753 0 48
4754 0 48
4755 0 47
4756 0 48
4757 0 47
4758 0 47
4759 0 48
4760 0 48
4761 0 49
4762 0 49
4763 0 49
4764 0 48
4765 0 49
4766 0 49
4767 0 49
4768 0 49
4769 0 48
4770 0 49
4771 0 48
4772 0 49
4773 0 48
4774 0 48
4775 0 48
4776 0 48
4777 0 48
4778 0 48
4779 0 49
4780 0 48
4781 0 49
4782 0 48
4783 0 48
4784 0 48
4785 0 48
4786 0 49
4787 0 49
4788 0 49
4789 0 48
4790 0 49
4791 0 49
4792 0 49
4793 0 49
4794 0 48
4795 0 49
4796 0 48
4797 0 49
4798 0 48
4799 0 48
4800 0 48
4801 0 48
4802 0 48
4803 0 48
4804 0 49
4805 0 48
4806 0 49
4807 0 48
4808 0 48
4809 0 48
4810 0 48
4811 0 48
4812 0 48
4813 0 48
4814 0 47
4815 0 49
4816 0 48
4817 0 49
4818 0 49
4819 0 49
4820 0 48
4821 0 48
4822 0 47
4823 0 47
4824 0 48
4825 0 47
4826 0 49
4827 0 47
4828 0 47
4829 0 48
4830 0 47
4831 0 47
4832 0 47
4833 0 48
4834 0 47
4835 0 49
4836 0 47
4837 0 47
4838 0 48
4839 0 47
4840 0 48
4841 0 47
4842 0 48
4843 0 47
4844 0 47
4845 0 47
4846 0 47
4847 0 47
4848 0 47
4849 0 49
4850 0 48
4851 0 49
4852 0 49
4853 0 49
4854 0 48
4855 0 48
4856 0 49
4857 0 49
4858 0 48
4859 0 47
4860 0 49
4861 0 48
4862 0 49
4863 0 49
4864 0 49
4865 0 48
4866 0 48
4867 0 48
4868 0 48
4869 0 48
4870 0 47
4871 0 48
4872 0 48
4873 0 48
4874 0 48
4875 0 47
4876 0 48
4877 0 47
4878 0 48
4879 0 48
4880 0 47
4881 0 48
4882 0 47
4883 0 47
4884 0 47
4885 0 47
4886 0 49
4887 0 49
4888 0 49
4889 0 48
4890 0 49
4891 0 49
4892 0 49
4893 0 49
4894 0 48
4895 0 49
4896 0 48
4897 0 49
4898 0 48
4899 0 48
4900 0 48
4901 0 48
4902 0 48
4903 0 48
4904 0 49
4905 0 48
4906 0 49
4907 0 48
4908 0 48
4909 0 48
4910 0 48
4911 0 49
4912 0 49
4913 0 49
4914 0 48
4915 0 49
4916 0 49
4917 0 49
4918 0 49
4919 0 48
4920 0 49
4921 0 48
4922 0 49
4923 0 48
4924 0 48
4925 0 48
4926 0 48
4927 0 48
4928 0 48
4929 0 49
4930 0 48
4931 0 49
4932 0 48
4933 0 48
4934 0 49
4935 0 49
4936 0 48
4937 0 48
4938 0 48
4939 0 47
4940 0 49
4941 0 48
4942 0 49
4943 0 49
4944 0 49
4945 0 49
4946 0 49
4947 0 47
4948 0 47
4949 0 48
4950 0 47
4951 0 49
4952 0 47
4953 0 47
4954 0 48
4955 0 47
4956 0 47
4957 0 47
4958 0 48
4959 0 47
4960 0 49
4961 0 47
4962 0 47
4963 0 48
4964 0 47
4965 0 48
4966 0 47
4967 0 48
4968 0 47
4969 0 47
4970 0 47
4971 0 47
4972 0 47
4973 0 47
4974 0 49
4975 0 48
4976 0 49
4977 0 48
4978 0 48
4979 0 47
4980 0 47
4981 0 48
4982 0 48
4983 0 48
4984 0 48
4985 0 49
4986 0 48
4987 0 49
4988 0 48
4989 0 48
4990 0 47
4991 0 47
4992 0 48
4993 0 48
4994 0 48
4995 0 48
4996 0 48
4997 0 48
4998 0 48
4999 0 49
5000 0 48
5001 0 48
5002 0 47
5003 0 48
5004 0 48
5005 0 47
5006 0 48
5007 0 47
5008 0 47
5009 0 47
5010 0 47
5011 0 48
5012 0 48
5013 0 49
5014 0 48
5015 0 49
5016 0 48
5017 0 48
5018 0 49
5019 0 48
5020 0 48
5021 0 47
5022 0 48
5023 0 47
5024 0 47
5025 0 47
5026 0 47
5027 0 47
5028 0 47
5029 0 49
5030 0 48
5031 0 49
5032 0 48
5033 0 48
5034 0 47
5035 0 47
5036 0 48
5037 0 48
5038 0 48
5039 0 48
5040 0 49
5041 0 48
5042 0 49
5043 0 48
5044 0 48
5045 0 47
5046 0 47
5047 0 48
5048 0 48
5049 0 48
5050 0 48
5051 0 48
5052 0 48
5053 0 48
5054 0 49
5055 0 48
5056 0 48
5057 0 47
5058 0 48
5059 0 48
5060 0 47
5061 0 48
5062 0 47
5063 0 47
5064 0 47
5065 0 47
5066 0 49
5067 0 48
5068 0 49
5069 0 48
5070 0 48
5071 0 47
5072 0 47
5073 0 48
5074 0 48
5075 0 48
5076 0 48
5077 0 49
5078 0 48
5079 0 49
5080 0 48
5081 0 48
5082 0 47
5083 0 47
5084 0 48
5085 0 48
5086 0 48
5087 0 48
5088 0 48
5089 0 48
5090 0 48
5091 0 49
5092 0 48
5093 0 48
5094 0 47
5095 0 48
5096 0 48
5097 0 47
5098 0 48
5099 0 47
5100 0 47
5101 0 47
5102 0 47
5103 0 48
5104 0 48
5105 0 49
5106 0 48
5107 0 49
5108 0 48
5109 0 48
5110 0 49
5111 0 48
5112 0 48
5113 0 47
5114 0 48
5115 0 47
5116 0 47
5117 0 47
5118 0 47
5119 0 47
5120 0 47
5121 0 49
5122 0 48
5123 0 49
5124 0 48
5125 0 48
5126 0 47
5127 0 47
5128 0 48
5129 0 48
5130 0 48
5131 0 48
5132 0 49
5133 0 48
5134 0 49
5135 0 48
5136 0 48
5137 0 47
5138 0 47
5139 0 48
5140 0 48
5141 0 48
5142 0 48
5143 0 48
5144 0 48
5145 0 48
5146 0 49
5147 0 48
5148 0 48
5149 0 47
5150 0 48
5151 0 48
5152 0 47
5153 0 48
5154 0 47
5155 0 47
5156 0 47
5157 0 47
5158 0 48
5159 0 48
5160 0 48
5161 0 48
5162 0 48
5163 0 48
5164 0 48
5165 0 48
5166 0 48
5167 0 48
5168 0 47
5169 0 48
5170 0 47
5171 0 47
5172 0 47
5173 0 47
5174 0 47
5175 0 47
5176 0 48
5177 0 47
5178 0 48
5179 0 47
5180 0 47
5181 0 47
5182 0 47
5183 0 48
5184 0 48
5185 0 48
5186 0 48
5187 0 48
5188 0 48
5189 0 48
5190 0 48
5191 0 48
5192 0 48
5193 0 47
5194 0 48
5195 0 47
5196 0 47
5197 0 47
5198 0 47
5199 0 47
5200 0 47
5201 0 48
5202 0 48
5203 0 48
5204 0 48
5205 0 48
5206 0 47
5207 0 47
5208 0 48
5209 0 48
5210 0 47
5211 0 47
5212 0 48
5213 0 48
5214 0 48
5215 0 48
5216 0 48
5217 0 47
5218 0 47
5219 0 48
5220 0 48
5221 0 48
5222 0 48
5223 0 48
5224 0 47
5225 0 47
5226 0 48
5227 0 48
5228 0 47
5229 0 47
5230 0 48
5231 0 48
5232 0 48
5233 0 48
5234 0 48
5235 0 47
5236 0 47
5237 0 48
5238 0 48
5239 0 47
5240 0 47
5241 0 47
5242 0 48
5243 0 48
5244 0 47
5245 0 47
5246 0 48
5247 0 47
5248 0 48
5249 0 48
5250 0 47
5251 0 48
5252 0 47
5253 0 47
5254 0 47
5255 0 47
5256 0 50
5257 0 50
5258 0 50
5259 0 49
5260 0 50
5261 0 50
5262 0 50
5263 0 49
5264 0 50
5265 0 49
5266 0 49
5267 0 49
5268 0 49
5269 0 50
5270 0 49
5271 0 50
5272 0 49
5273 0 49
5274 0 49
5275 0 49
5276 0 48
5277 0 50
5278 0 50
5279 0 50
5280 0 49
5281 0 50
5282 0 50
5283 0 50
5284 0 49
5285 0 50
5286 0 49
5287 0 49
5288 0 49
5289 0 49
5290 0 50
5291 0 48
5292 0 50
5293 0 48
5294 0 49
5295 0 49
5296 0 49
5297 0 48
5298 0 49
5299 0 49
5300 0 50
5301 0 48
5302 0 50
5303 0 48
5304 0 49
5305 0 49
5306 0 49
5307 0 48
5308 0 48
5309 0 49
5310 0 49
5311 0 47
5312 0 48
5313 0 49
5314 0 48
5315 0 49
5316 0 49
5317 0 47
5318 0 48
5319 0 49
5320 0 49
5321 0 47
5322 0 49
5323 0 47
5324 0 48
5325 0 48
5326 0 48
5327 0 50
5328 0 48
5329 0 50
5330 0 48
5331 0 49
5332 0 49
5333 0 49
5334 0 48
5335 0 50
5336 0 49
5337 0 50
5338 0 48
5339 0 50
5340 0 48
5341 0 49
5342 0 49
5343 0 49
5344 0 48
5345 0 49
5346 0 49
5347 0 49
5348 0 48
5349 0 49
5350 0 49
5351 0 49
5352 0 48
5353 0 49
5354 0 48
5355 0 49
5356 0 48
5357 0 49
5358 0 48
5359 0 48
5360 0 48
5361 0 48
5362 0 48
5363 0 50
5364 0 50
5365 0 50
5366 0 49
5367 0 50
5368 0 50
5369 0 50
5370 0 49
5371 0 50
5372 0 49
5373 0 49
5374 0 49
5375 0 49
5376 0 50
5377 0 49
5378 0 50
5379 0 49
5380 0 49
5381 0 49
5382 0 49
5383 0 48
5384 0 50
5385 0 50
5386 0 50
5387 0 49
5388 0 50
5389 0 50
5390 0 50
5391 0 49
5392 0 50
5393 0 49
5394 0 49
5395 0 49
5396 0 49
5397 0 50
5398 0 48
5399 0 50
5400 0 48
5401 0 49
5402 0 49
5403 0 49
5404 0 48
5405 0 49
5406 0 49
5407 0 50
5408 0 48
5409 0 50
5410 0 48
5411 0 49
5412 0 49
5413 0 49
5414 0 48
5415 0 48
5416 0 49
5417 0 49
5418 0 47
5419 0 48
5420 0 49
5421 0 48
5422 0 49
5423 0 49
5424 0 47
5425 0 48
5426 0 49
5427 0 49
5428 0 47
5429 0 49
5430 0 47
5431 0 48
5432 0 48
5433 0 48
5434 0 50
5435 0 49
5436 0 50
5437 0 49
5438 0 49
5439 0 48
5440 0 48
5441 0 48
5442 0 50
5443 0 49
5444 0 50
5445 0 49
5446 0 50
5447 0 49
5448 0 49
5449 0 48
5450 0 48
5451 0 48
5452 0 49
5453 0 49
5454 0 49
5455 0 48
5456 0 49
5457 0 49
5458 0 49
5459 0 49
5460 0 49
5461 0 49
5462 0 49
5463 0 49
5464 0 49
5465 0 49
5466 0 49
5467 0 48
5468 0 48
5469 0 48
5470 0 49
5471 0 49
5472 0 49
5473 0 48
5474 0 49
5475 0 49
5476 0 49
5477 0 48
5478 0 49
5479 0 48
5480 0 49
5481 0 49
5482 0 48
5483 0 50
5484 0 49
5485 0 50
5486 0 49
5487 0 49
5488 0 48
5489 0 48
5490 0 48
5491 0 50
5492 0 49
5493 0 50
5494 0 49
5495 0 50
5496 0 49
5497 0 49
5498 0 48
5499 0 48
5500 0 48
5501 0 50
5502 0 49
5503 0 49
5504 0 49
5505 0 50
5506 0 50
5507 0 49
5508 0 49
5509 0 49
5510 0 49
5511 0 49
5512 0 49
5513 0 49
5514 0 49
5515 0 49
5516 0 48
5517 0 48
5518 0 48
5519 0 49
5520 0 48
5521 0 48
5522 0 48
5523 0 49
5524 0 48
5525 0 49
5526 0 49
5527 0 49
5528 0 49
5529 0 49
5530 0 49
5531 0 48
5532 0 49
5533 0 49
5534 0 49
5535 0 49
5536 0 48
5537 0 47
5538 0 47
5539 0 47
5540 0 49
5541 0 48
5542 0 48
5543 0 48
5544 0 49
5545 0 48
5546 0 49
5547 0 49
5548 0 49
5549 0 49
5550 0 49
5551 0 49
5552 0 48
5553 0 49
5554 0 48
5555 0 48
5556 0 48
5557 0 49
5558 0 48
5559 0 49
5560 0 49
5561 0 49
5562 0 49
5563 0 49
5564 0 49
5565 0 48
5566 0 49
5567 0 49
5568 0 49
5569 0 49
5570 0 48
5571 0 47
5572 0 47
5573 0 47
5574 0 49
5575 0 48
5576 0 48
5577 0 48
5578 0 49
5579 0 48
5580 0 49
5581 0 49
5582 0 49
5583 0 49
5584 0 49
5585 0 49
5586 0 48
5587 0 49
5588 0 48
5589 0 49
5590 0 48
5591 0 48
5592 0 47
5593 0 47
5594 0 47
5595 0 49
5596 0 48
5597 0 49
5598 0 48
5599 0 49
5600 0 48
5601 0 48
5602 0 47
5603 0 47
5604 0 47
5605 0 48
5606 0 48
5607 0 48
5608 0 47
5609 0 48
5610 0 48
5611 0 48
5612 0 48
5613 0 48
5614 0 47
5615 0 48
5616 0 48
5617 0 48
5618 0 47
5619 0 48
5620 0 47
5621 0 48
5622 0 48
5623 0 48
5624 0 50
5625 0 49
5626 0 50
5627 0 49
5628 0 49
5629 0 48
5630 0 48
5631 0 48
5632 0 50
5633 0 49
5634 0 50
5635 0 49
5636 0 50
5637 0 49
5638 0 49
5639 0 48
5640 0 48
5641 0 48
5642 0 50
5643 0 49
5644 0 49
5645 0 49
5646 0 50
5647 0 50
5648 0 49
5649 0 49
5650 0 49
5651 0 49
5652 0 49
5653 0 49
5654 0 49
5655 0 49
5656 0 49
5657 0 48
5658 0 48
5659 0 48
5660 0 50
5661 0 50
5662 0 50
5663 0 49
5664 0 50
5665 0 50
5666 0 49
5667 0 49
5668 0 49
5669 0 49
5670 0 49
5671 0 49
5672 0 48
5673 0 50
5674 0 49
5675 0 50
5676 0 49
5677 0 49
5678 0 48
5679 0 48
5680 0 48
5681 0 50
5682 0 49
5683 0 50
5684 0 49
5685 0 50
5686 0 49
5687 0 49
5688 0 48
5689 0 48
5690 0 48
5691 0 50
5692 0 49
5693 0 49
5694 0 49
5695 0 50
5696 0 50
5697 0 49
5698 0 49
5699 0 49
5700 0 49
5701 0 49
5702 0 49
5703 0 49
5704 0 49
5705 0 49
5706 0 48
5707 0 48
5708 0 48
5709 0 49
5710 0 49
5711 0 49
5712 0 48
5713 0 49
5714 0 49
5715 0 49
5716 0 48
5717 0 49
5718 0 48
5719 0 49
5720 0 49
5721 0 48
5722 0 49
5723 0 48
5724 0 49
5725 0 48
5726 0 48
5727 0 48
5728 0 48
5729 0 47
5730 0 49
5731 0 49
5732 0 49
5733 0 48
5734 0 49
5735 0 49
5736 0 49
5737 0 49
5738 0 49
5739 0 49
5740 0 49
5741 0 49
5742 0 48
5743 0 49
5744 0 47
5745 0 49
5746 0 47
5747 0 48
5748 0 48
5749 0 48
5750 0 47
5751 0 49
5752 0 48
5753 0 49
5754 0 47
5755 0 49
5756 0 47
5757 0 48
5758 0 48
5759 0 48
5760 0 47
5761 0 49
5762 0 47
5763 0 49
5764 0 47
5765 0 48
5766 0 48
5767 0 48
5768 0 47
5769 0 49
5770 0 48
5771 0 49
5772 0 47
5773 0 49
5774 0 47
5775 0 48
5776 0 48
5777 0 48
5778 0 47
5779 0 48
5780 0 48
5781 0 48
5782 0 47
5783 0 48
5784 0 48
5785 0 48
5786 0 47
5787 0 48
5788 0 47
5789 0 48
5790 0 47
5791 0 48
5792 0 47
5793 0 47
5794 0 48
5795 0 48
5796 0 47
5797 0 50
5798 0 50
5799 0 50
5800 0 49
5801 0 50
5802 0 50
5803 0 50
5804 0 49
5805 0 50
5806 0 49
5807 0 49
5808 0 49
5809 0 49
5810 0 50
5811 0 49
5812 0 50
5813 0 49
5814 0 49
5815 0 49
5816 0 49
5817 0 48
5818 0 50
5819 0 50
5820 0 50
5821 0 49
5822 0 50
5823 0 50
5824 0 50
5825 0 49
5826 0 50
5827 0 49
5828 0 49
5829 0 49
5830 0 49
5831 0 50
5832 0 48
5833 0 50
5834 0 48
5835 0 49
5836 0 49
5837 0 49
5838 0 48
5839 0 49
5840 0 49
5841 0 50
5842 0 48
5843 0 50
5844 0 48
5845 0 49
5846 0 49
5847 0 49
5848 0 48
5849 0 48
5850 0 49
5851 0 49
5852 0 47
5853 0 48
5854 0 49
5855 0 48
5856 0 49
5857 0 49
5858 0 47
5859 0 48
5860 0 49
5861 0 49
5862 0 47
5863 0 49
5864 0 47
5865 0 48
5866 0 48
5867 0 48
5868 0 50
5869 0 48
5870 0 50
5871 0 48
5872 0 49
5873 0 49
5874 0 49
5875 0 48
5876 0 50
5877 0 49
5878 0 50
5879 0 48
5880 0 50
5881 0 48
5882 0 49
5883 0 49
5884 0 49
5885 0 48
5886 0 49
5887 0 49
5888 0 49
5889 0 48
5890 0 49
5891 0 49
5892 0 49
5893 0 48
5894 0 49
5895 0 48
5896 0 49
5897 0 48
5898 0 49
5899 0 48
5900 0 48
5901 0 48
5902 0 48
5903 0 48
5904 0 50
5905 0 50
5906 0 50
5907 0 49
5908 0 50
5909 0 50
5910 0 50
5911 0 49
5912 0 50
5913 0 49
5914 0 49
5915 0 49
5916 0 49
5917 0 50
5918 0 49
5919 0 50
5920 0 49
5921 0 49
5922 0 49
5923 0 49
5924 0 48
5925 0 50
5926 0 50
5927 0 50
5928 0 49
5929 0 50
5930 0 50
5931 0 50
5932 0 49
5933 0 50
5934 0 49
5935 0 49
5936 0 49
5937 0 49
5938 0 50
5939 0 48
5940 0 50
5941 0 48
5942 0 49
5943 0 49
5944 0 49
5945 0 48
5946 0 49
5947 0 49
5948 0 50
5949 0 48
5950 0 50
5951 0 48
5952 0 49
5953 0 49
5954 0 49
5955 0 48
5956 0 48
5957 0 49
5958 0 49
5959 0 47
5960 0 48
5961 0 49
5962 0 48
5963 0 49
5964 0 49
5965 0 47
5966 0 48
5967 0 49
5968 0 49
5969 0 47
5970 0 49
5971 0 47
5972 0 48
5973 0 48
5974 0 48
5975 0 50
5976 0 49
5977 0 50
5978 0 49
5979 0 49
5980 0 48
5981 0 48
5982 0 48
5983 0 50
5984 0 49
5985 0 50
5986 0 49
5987 0 50
5988 0 49
5989 0 49
5990 0 48
5991 0 48
5992 0 48
5993 0 49
5994 0 49
5995 0 49
5996 0 48
5997 0 49
5998 0 49
5999 0 49
6000 0 49
6001 0 49
6002 0 49
6003 0 49
6004 0 49
6005 0 49
6006 0 49
6007 0 49
6008 0 48
6009 0 48
6010 0 48
6011 0 49
6012 0 49
6013 0 49
6014 0 48
6015 0 49
6016 0 49
6017 0 49
6018 0 48
6019 0 49
6020 0 48
6021 0 49
6022 0 49
6023 0 48
6024 0 50
6025 0 49
6026 0 50
6027 0 49
6028 0 49
6029 0 48
6030 0 48
6031 0 48
6032 0 50
6033 0 49
6034 0 50
6035 0 49
6036 0 50
6037 0 49
6038 0 49
6039 0 48
6040 0 48
6041 0 48
6042 0 50
6043 0 49
6044 0 49
6045 0 49
6046 0 50
6047 0 50
6048 0 49
6049 0 49
6050 0 49
6051 0 49
6052 0 49
6053 0 49
6054 0 49
6055 0 49
6056 0 49
6057 0 48
6058 0 48
6059 0 48
6060 0 49
6061 0 48
6062 0 48
6063 0 48
6064 0 49
6065 0 48
6066 0 49
6067 0 49
6068 0 49
6069 0 49
6070 0 49
6071 0 49
6072 0 48
6073 0 49
6074 0 49
6075 0 49
6076 0 49
6077 0 48
6078 0 47
6079 0 47
6080 0 47
6081 0 49
6082 0 48
6083 0 48
6084 0 48
6085 0 49
6086 0 48
6087 0 49
6088 0 49
6089 0 49
6090 0 49
6091 0 49
6092 0 49
6093 0 48
6094 0 49
6095 0 48
6096 0 48
6097 0 48
6098 0 49
6099 0 48
6100 0 49
6101 0 49
6102 0 49
6103 0 49
6104 0 49
6105 0 49
6106 0 48
6107 0 49
6108 0 49
6109 0 49
6110 0 49
6111 0 48
6112 0 47
6113 0 47
6114 0 47
6115 0 49
6116 0 48
6117 0 48
6118 0 48
6119 0 49
6120 0 48
6121 0 49
6122 0 49
6123 0 49
6124 0 49
6125 0 49
6126 0 49
6127 0 48
6128 0 49
6129 0 48
6130 0 49
6131 0 48
6132 0 48
6133 0 47
6134 0 47
6135 0 47
6136 0 49
6137 0 48
6138 0 49
6139 0 48
6140 0 49
6141 0 48
6142 0 48
6143 0 47
6144 0 47
6145 0 47
6146 0 48
6147 0 48
6148 0 48
6149 0 47
6150 0 48
6151 0 48
6152 0 48
6153 0 48
6154 0 48
6155 0 47
6156 0 48
6157 0 48
6158 0 48
6159 0 47
6160 0 48
6161 0 47
6162 0 48
6163 0 48
6164 0 48
6165 0 50
6166 0 49
6167 0 50
6168 0 49
6169 0 49
6170 0 49
6171 0 49
6172 0 48
6173 0 49
6174 0 49
6175 0 50
6176 0 49
6177 0 50
6178 0 49
6179 0 49
6180 0 49
6181 0 49
6182 0 48
6183 0 49
6184 0 49
6185 0 49
6186 0 48
6187 0 49
6188 0 50
6189 0 48
6190 0 48
6191 0 48
6192 0 48
6193 0 48
6194 0 48
6195 0 48
6196 0 48
6197 0 48
6198 0 48
6199 0 48
6200 0 48
6201 0 49
6202 0 50
6203 0 50
6204 0 48
6205 0 49
6206 0 50
6207 0 49
6208 0 48
6209 0 49
6210 0 48
6211 0 48
6212 0 48
6213 0 48
6214 0 50
6215 0 49
6216 0 50
6217 0 49
6218 0 49
6219 0 49
6220 0 49
6221 0 48
6222 0 49
6223 0 49
6224 0 50
6225 0 49
6226 0 50
6227 0 49
6228 0 49
6229 0 49
6230 0 49
6231 0 48
6232 0 49
6233 0 49
6234 0 49
6235 0 48
6236 0 49
6237 0 50
6238 0 48
6239 0 48
6240 0 48
6241 0 48
6242 0 48
6243 0 48
6244 0 48
6245 0 48
6246 0 48
6247 0 48
6248 0 48
6249 0 48
6250 0 49
6251 0 49
6252 0 49
6253 0 48
6254 0 49
6255 0 49
6256 0 49
6257 0 48
6258 0 49
6259 0 48
6260 0 48
6261 0 48
6262 0 48
6263 0 49
6264 0 48
6265 0 49
6266 0 48
6267 0 48
6268 0 48
6269 0 48
6270 0 47
6271 0 49
6272 0 49
6273 0 49
6274 0 48
6275 0 49
6276 0 49
6277 0 49
6278 0 49
6279 0 49
6280 0 49
6281 0 48
6282 0 48
6283 0 48
6284 0 49
6285 0 47
6286 0 49
6287 0 47
6288 0 48
6289 0 49
6290 0 49
6291 0 47
6292 0 49
6293 0 49
6294 0 49
6295 0 47
6296 0 49
6297 0 47
6298 0 48
6299 0 49
6300 0 49
6301 0 47
6302 0 49
6303 0 47
6304 0 49
6305 0 47
6306 0 48
6307 0 49
6308 0 49
6309 0 47
6310 0 49
6311 0 49
6312 0 49
6313 0 47
6314 0 49
6315 0 47
6316 0 48
6317 0 49
6318 0 49
6319 0 47
6320 0 48
6321 0 49
6322 0 49
6323 0 47
6324 0 48
6325 0 49
6326 0 48
6327 0 47
6328 0 48
6329 0 47
6330 0 48
6331 0 47
6332 0 48
6333 0 47
6334 0 47
6335 0 48
6336 0 48
6337 0 47
6338 0 49
6339 0 49
6340 0 49
6341 0 48
6342 0 49
6343 0 49
6344 0 49
6345 0 49
6346 0 49
6347 0 49
6348 0 48
6349 0 48
6350 0 48
6351 0 49
6352 0 49
6353 0 49
6354 0 49
6355 0 48
6356 0 48
6357 0 48
6358 0 47
6359 0 49
6360 0 49
6361 0 49
6362 0 48
6363 0 49
6364 0 49
6365 0 49
6366 0 49
6367 0 49
6368 0 49
6369 0 48
6370 0 48
6371 0 48
6372 0 49
6373 0 48
6374 0 49
6375 0 48
6376 0 48
6377 0 48
6378 0 48
6379 0 47
6380 0 48
6381 0 48
6382 0 49
6383 0 48
6384 0 49
6385 0 48
6386 0 48
6387 0 48
6388 0 48
6389 0 47
6390 0 48
6391 0 49
6392 0 49
6393 0 47
6394 0 48
6395 0 49
6396 0 48
6397 0 49
6398 0 49
6399 0 47
6400 0 48
6401 0 49
6402 0 48
6403 0 47
6404 0 48
6405 0 47
6406 0 47
6407 0 47
6408 0 47
6409 0 50
6410 0 49
6411 0 50
6412 0 49
6413 0 49
6414 0 49
6415 0 49
6416 0 48
6417 0 49
6418 0 49
6419 0 50
6420 0 49
6421 0 50
6422 0 49
6423 0 49
6424 0 49
6425 0 49
6426 0 48
6427 0 49
6428 0 49
6429 0 49
6430 0 48
6431 0 49
6432 0 50
6433 0 48
6434 0 48
6435 0 48
6436 0 48
6437 0 48
6438 0 48
6439 0 48
6440 0 48
6441 0 48
6442 0 48
6443 0 48
6444 0 48
6445 0 49
6446 0 50
6447 0 50
6448 0 48
6449 0 49
6450 0 50
6451 0 49
6452 0 48
6453 0 49
6454 0 48
6455 0 48
6456 0 48
6457 0 48
6458 0 50
6459 0 49
6460 0 50
6461 0 49
6462 0 49
6463 0 49
6464 0 49
6465 0 48
6466 0 49
6467 0 49
6468 0 50
6469 0 49
6470 0 50
6471 0 49
6472 0 49
6473 0 49
6474 0 49
6475 0 48
6476 0 49
6477 0 49
6478 0 49
6479 0 48
6480 0 49
6481 0 50
6482 0 48
6483 0 48
6484 0 48
6485 0 48
6486 0 48
6487 0 48
6488 0 48
6489 0 48
6490 0 48
6491 0 48
6492 0 48
6493 0 48
6494 0 49
6495 0 50
6496 0 50
6497 0 48
6498 0 49
6499 0 50
6500 0 49
6501 0 48
6502 0 49
6503 0 48
6504 0 49
6505 0 49
6506 0 49
6507 0 49
6508 0 48
6509 0 49
6510 0 48
6511 0 48
6512 0 49
6513 0 49
6514 0 47
6515 0 49
6516 0 50
6517 0 50
6518 0 48
6519 0 49
6520 0 50
6521 0 50
6522 0 49
6523 0 50
6524 0 49
6525 0 49
6526 0 49
6527 0 49
6528 0 49
6529 0 47
6530 0 49
6531 0 47
6532 0 48
6533 0 49
6534 0 49
6535 0 47
6536 0 49
6537 0 49
6538 0 49
6539 0 47
6540 0 49
6541 0 47
6542 0 48
6543 0 49
6544 0 49
6545 0 47
6546 0 49
6547 0 47
6548 0 49
6549 0 47
6550 0 48
6551 0 49
6552 0 49
6553 0 47
6554 0 49
6555 0 49
6556 0 49
6557 0 47
6558 0 49
6559 0 47
6560 0 48
6561 0 49
6562 0 49
6563 0 47
6564 0 48
6565 0 49
6566 0 49
6567 0 47
6568 0 48
6569 0 49
6570 0 48
6571 0 47
6572 0 48
6573 0 47
6574 0 48
6575 0 47
6576 0 48
6577 0 47
6578 0 47
6579 0 48
6580 0 48
6581 0 47
6582 0 49
6583 0 49
6584 0 49
6585 0 48
6586 0 49
6587 0 49
6588 0 48
6589 0 48
6590 0 48
6591 0 48
6592 0 47
6593 0 47
6594 0 47
6595 0 48
6596 0 48
6597 0 48
6598 0 48
6599 0 48
6600 0 48
6601 0 48
6602 0 48
6603 0 49
6604 0 49
6605 0 49
6606 0 48
6607 0 49
6608 0 49
6609 0 48
6610 0 48
6611 0 48
6612 0 48
6613 0 47
6614 0 47
6615 0 47
6616 0 49
6617 0 48
6618 0 49
6619 0 48
6620 0 48
6621 0 49
6622 0 49
6623 0 48
6624 0 48
6625 0 48
6626 0 49
6627 0 48
6628 0 49
6629 0 48
6630 0 49
6631 0 49
6632 0 49
6633 0 48
6634 0 48
6635 0 49
6636 0 49
6637 0 47
6638 0 48
6639 0 49
6640 0 48
6641 0 49
6642 0 49
6643 0 47
6644 0 48
6645 0 49
6646 0 48
6647 0 47
6648 0 48
6649 0 47
6650 0 47
6651 0 47
6652 0 47
6653 0 49
6654 0 48
6655 0 49
6656 0 48
6657 0 49
6658 0 49
6659 0 49
6660 0 48
6661 0 49
6662 0 49
6663 0 49
6664 0 48
6665 0 49
6666 0 48
6667 0 49
6668 0 49
6669 0 49
6670 0 48
6671 0 48
6672 0 48
6673 0 48
6674 0 47
6675 0 48
6676 0 49
6677 0 47
6678 0 47
6679 0 47
6680 0 47
6681 0 47
6682 0 47
6683 0 47
6684 0 47
6685 0 47
6686 0 47
6687 0 47
6688 0 47
6689 0 49
6690 0 49
6691 0 49
6692 0 48
6693 0 49
6694 0 49
6695 0 48
6696 0 48
6697 0 48
6698 0 48
6699 0 47
6700 0 47
6701 0 47
6702 0 48
6703 0 48
6704 0 48
6705 0 48
6706 0 48
6707 0 48
6708 0 48
6709 0 48
6710 0 49
6711 0 49
6712 0 49
6713 0 48
6714 0 49
6715 0 49
6716 0 48
6717 0 48
6718 0 48
6719 0 48
6720 0 47
6721 0 47
6722 0 47
6723 0 49
6724 0 48
6725 0 49
6726 0 48
6727 0 48
6728 0 49
6729 0 49
6730 0 48
6731 0 48
6732 0 48
6733 0 49
6734 0 48
6735 0 49
6736 0 48
6737 0 49
6738 0 49
6739 0 49
6740 0 48
6741 0 48
6742 0 49
6743 0 49
6744 0 47
6745 0 48
6746 0 49
6747 0 48
6748 0 49
6749 0 49
6750 0 47
6751 0 48
6752 0 49
6753 0 48
6754 0 47
6755 0 48
6756 0 47
6757 0 47
6758 0 47
6759 0 47
6760 0 49
6761 0 49
6762 0 49
6763 0 48
6764 0 49
6765 0 49
6766 0 48
6767 0 48
6768 0 48
6769 0 48
6770 0 47
6771 0 47
6772 0 47
6773 0 48
6774 0 48
6775 0 48
6776 0 48
6777 0 48
6778 0 48
6779 0 48
6780 0 48
6781 0 49
6782 0 49
6783 0 49
6784 0 48
6785 0 49
6786 0 49
6787 0 48
6788 0 48
6789 0 48
6790 0 48
6791 0 47
6792 0 47
6793 0 47
6794 0 49
6795 0 48
6796 0 49
6797 0 48
6798 0 48
6799 0 49
6800 0 49
6801 0 48
6802 0 48
6803 0 48
6804 0 49
6805 0 48
6806 0 49
6807 0 48
6808 0 49
6809 0 49
6810 0 49
6811 0 48
6812 0 48
6813 0 49
6814 0 49
6815 0 47
6816 0 48
6817 0 49
6818 0 48
6819 0 49
6820 0 49
6821 0 47
6822 0 48
6823 0 49
6824 0 48
6825 0 47
6826 0 48
6827 0 47
6828 0 47
6829 0 47
6830 0 47
6831 0 49
6832 0 48
6833 0 49
6834 0 48
6835 0 49
6836 0 49
6837 0 49
6838 0 48
6839 0 49
6840 0 49
6841 0 49
6842 0 48
6843 0 49
6844 0 48
6845 0 49
6846 0 49
6847 0 49
6848 0 48
6849 0 48
6850 0 48
6851 0 48
6852 0 47
6853 0 48
6854 0 49
6855 0 47
6856 0 47
6857 0 47
6858 0 47
6859 0 47
6860 0 47
6861 0 47
6862 0 47
6863 0 47
6864 0 47
6865 0 47
6866 0 47
6867 0 49
6868 0 49
6869 0 49
6870 0 48
6871 0 49
6872 0 49
6873 0 48
6874 0 48
6875 0 48
6876 0 48
6877 0 47
6878 0 47
6879 0 47
6880 0 48
6881 0 48
6882 0 48
6883 0 48
6884 0 48
6885 0 48
6886 0 48
6887 0 48
6888 0 49
6889 0 49
6890 0 49
6891 0 48
6892 0 49
6893 0 49
6894 0 48
6895 0 48
6896 0 48
6897 0 48
6898 0 47
6899 0 47
6900 0 47
6901 0 49
6902 0 48
6903 0 49
6904 0 48
6905 0 48
6906 0 49
6907 0 49
6908 0 48
6909 0 48
6910 0 48
6911 0 49
6912 0 48
6913 0 49
6914 0 48
6915 0 49
6916 0 49
6917 0 49
6918 0 48
6919 0 48
6920 0 49
6921 0 49
6922 0 47
6923 0 48
6924 0 49
6925 0 48
6926 0 49
6927 0 49
6928 0 47
6929 0 48
6930 0 49
6931 0 48
6932 0 47
6933 0 48
6934 0 47
6935 0 47
6936 0 47
6937 0 47
6938 0 49
6939 0 48
6940 0 49
6941 0 48
6942 0 48
6943 0 48
6944 0 48
6945 0 48
6946 0 48
6947 0 48
6948 0 49
6949 0 48
6950 0 49
6951 0 48
6952 0 48
6953 0 48
6954 0 48
6955 0 48
6956 0 48
6957 0 48
6958 0 48
6959 0 47
6960 0 48
6961 0 49
6962 0 47
6963 0 47
6964 0 47
6965 0 47
6966 0 47
6967 0 47
6968 0 47
6969 0 47
6970 0 47
6971 0 47
6972 0 47
6973 0 47
6974 0 48
6975 0 49
6976 0 49
6977 0 47
6978 0 48
6979 0 49
6980 0 48
6981 0 47
6982 0 48
6983 0 47
6984 0 47
6985 0 47
6986 0 47
6987 0 49
6988 0 48
6989 0 49
6990 0 48
6991 0 48
6992 0 48
6993 0 48
6994 0 48
6995 0 48
6996 0 48
6997 0 49
6998 0 48
6999 0 49
7000 0 48
7001 0 48
7002 0 48
7003 0 48
7004 0 48
7005 0 48
7006 0 48
7007 0 48
7008 0 47
7009 0 48
7010 0 49
7011 0 47
7012 0 47
7013 0 47
7014 0 47
7015 0 47
7016 0 47
7017 0 47
7018 0 47
7019 0 47
7020 0 47
7021 0 47
7022 0 47
7023 0 48
7024 0 48
7025 0 48
7026 0 48
7027 0 48
7028 0 48
7029 0 48
7030 0 48
7031 0 48
7032 0 48
7033 0 47
7034 0 47
7035 0 47
7036 0 48
7037 0 48
7038 0 48
7039 0 48
7040 0 47
7041 0 47
7042 0 47
7043 0 47
7044 0 48
7045 0 48
7046 0 48
7047 0 48
7048 0 48
7049 0 48
7050 0 48
7051 0 48
7052 0 48
7053 0 48
7054 0 47
7055 0 47
7056 0 47
7057 0 48
7058 0 48
7059 0 48
7060 0 48
7061 0 48
7062 0 48
7063 0 48
7064 0 48
7065 0 48
7066 0 48
7067 0 47
7068 0 47
7069 0 47
7070 0 48
7071 0 48
7072 0 48
7073 0 48
7074 0 47
7075 0 47
7076 0 47
7077 0 47
7078 0 48
7079 0 48
7080 0 48
7081 0 48
7082 0 48
7083 0 48
7084 0 48
7085 0 48
7086 0 48
7087 0 48
7088 0 47
7089 0 47
7090 0 47
7091 0 48
7092 0 48
7093 0 48
7094 0 48
7095 0 47
7096 0 47
7097 0 47
7098 0 47
7099 0 47
7100 0 47
7101 0 48
7102 0 48
7103 0 48
7104 0 48
7105 0 47
7106 0 47
7107 0 47
7108 0 47
7109 0 48
7110 0 48
7111 0 48
7112 0 47
7113 0 48
7114 0 48
7115 0 48
7116 0 48
7117 0 48
7118 0 47
7119 0 48
7120 0 48
7121 0 48
7122 0 47
7123 0 48
7124 0 47
7125 0 47
7126 0 47
7127 0 47
