0 0 52
1 0 52
2 0 52
3 0 52
4 0 52
5 0 51
6 0 52
7 0 52
8 0 51
9 0 51
10 0 52
11 0 52
12 0 52
13 0 52
14 0 52
15 0 51
16 0 52
17 0 52
18 0 51
19 0 51
20 0 51
21 0 52
22 0 52
23 0 51
24 0 51
25 0 51
26 0 51
27 0 51
28 0 51
29 0 51
30 0 51
31 0 51
32 0 51
33 0 51
34 0 52
35 0 52
36 0 51
37 0 51
38 0 51
39 0 52
40 0 52
41 0 51
42 0 51
43 0 51
44 0 51
45 0 51
46 0 51
47 0 51
48 0 51
49 0 51
50 0 51
51 0 51
52 0 52
53 0 52
54 0 52
55 0 52
56 0 52
57 0 51
58 0 52
59 0 52
60 0 51
61 0 51
62 0 52
63 0 52
64 0 52
65 0 52
66 0 52
67 0 51
68 0 52
69 0 52
70 0 51
71 0 51
72 0 51
73 0 52
74 0 52
75 0 51
76 0 51
77 0 51
78 0 51
79 0 51
80 0 51
81 0 51
82 0 51
83 0 51
84 0 51
85 0 51
86 0 52
87 0 52
88 0 51
89 0 51
90 0 51
91 0 52
92 0 52
93 0 51
94 0 51
95 0 52
96 0 52
97 0 52
98 0 51
99 0 51
100 0 51
101 0 51
102 0 51
103 0 51
104 0 52
105 0 52
106 0 52
107 0 51
108 0 51
109 0 50
110 0 52
111 0 52
112 0 51
113 0 51
114 0 51
115 0 52
116 0 52
117 0 51
118 0 51
119 0 52
120 0 52
121 0 52
122 0 51
123 0 51
124 0 51
125 0 51
126 0 51
127 0 51
128 0 51
129 0 51
130 0 51
131 0 51
132 0 51
133 0 50
134 0 51
135 0 51
136 0 50
137 0 50
138 0 51
139 0 51
140 0 51
141 0 51
142 0 51
143 0 50
144 0 51
145 0 51
146 0 51
147 0 51
148 0 51
149 0 50
150 0 51
151 0 51
152 0 50
153 0 50
154 0 51
155 0 51
156 0 51
157 0 51
158 0 51
159 0 50
160 0 51
161 0 51
162 0 50
163 0 50
164 0 50
165 0 51
166 0 51
167 0 50
168 0 50
169 0 51
170 0 51
171 0 51
172 0 51
173 0 51
174 0 51
175 0 51
176 0 51
177 0 50
178 0 52
179 0 52
180 0 51
181 0 51
182 0 51
183 0 52
184 0 52
185 0 51
186 0 51
187 0 52
188 0 52
189 0 52
190 0 51
191 0 51
192 0 51
193 0 51
194 0 51
195 0 51
196 0 52
197 0 52
198 0 52
199 0 51
200 0 51
201 0 50
202 0 52
203 0 52
204 0 51
205 0 51
206 0 51
207 0 52
208 0 52
209 0 51
210 0 51
211 0 52
212 0 52
213 0 52
214 0 51
215 0 51
216 0 51
217 0 51
218 0 51
219 0 51
220 0 51
221 0 51
222 0 51
223 0 51
224 0 51
225 0 50
226 0 51
227 0 51
228 0 50
229 0 50
230 0 51
231 0 51
232 0 51
233 0 51
234 0 51
235 0 50
236 0 51
237 0 51
238 0 50
239 0 50
240 0 50
241 0 51
242 0 51
243 0 50
244 0 50
245 0 51
246 0 51
247 0 50
248 0 50
249 0 50
250 0 51
251 0 51
252 0 50
253 0 50
254 0 50
255 0 50
256 0 50
257 0 51
258 0 51
259 0 51
260 0 51
261 0 50
262 0 50
263 0 52
264 0 52
265 0 52
266 0 52
267 0 52
268 0 51
269 0 52
270 0 52
271 0 51
272 0 51
273 0 52
274 0 52
275 0 52
276 0 52
277 0 52
278 0 51
279 0 52
280 0 52
281 0 51
282 0 51
283 0 51
284 0 52
285 0 52
286 0 51
287 0 51
288 0 51
289 0 51
290 0 51
291 0 51
292 0 51
293 0 51
294 0 51
295 0 51
296 0 51
297 0 52
298 0 52
299 0 51
300 0 51
301 0 51
302 0 52
303 0 52
304 0 51
305 0 51
306 0 51
307 0 51
308 0 51
309 0 51
310 0 51
311 0 51
312 0 51
313 0 51
314 0 51
315 0 52
316 0 52
317 0 52
318 0 52
319 0 52
320 0 51
321 0 52
322 0 52
323 0 51
324 0 51
325 0 52
326 0 52
327 0 52
328 0 52
329 0 52
330 0 51
331 0 52
332 0 52
333 0 51
334 0 51
335 0 51
336 0 52
337 0 52
338 0 51
339 0 51
340 0 51
341 0 51
342 0 51
343 0 51
344 0 51
345 0 51
346 0 51
347 0 51
348 0 51
349 0 52
350 0 52
351 0 51
352 0 51
353 0 51
354 0 52
355 0 52
356 0 51
357 0 51
358 0 52
359 0 52
360 0 52
361 0 51
362 0 51
363 0 51
364 0 51
365 0 51
366 0 51
367 0 52
368 0 52
369 0 52
370 0 51
371 0 51
372 0 50
373 0 52
374 0 52
375 0 51
376 0 51
377 0 51
378 0 52
379 0 52
380 0 51
381 0 51
382 0 52
383 0 52
384 0 52
385 0 51
386 0 51
387 0 51
388 0 51
389 0 51
390 0 51
391 0 51
392 0 51
393 0 51
394 0 51
395 0 51
396 0 50
397 0 51
398 0 51
399 0 50
400 0 50
401 0 51
402 0 51
403 0 51
404 0 51
405 0 51
406 0 50
407 0 51
408 0 51
409 0 51
410 0 51
411 0 51
412 0 50
413 0 51
414 0 51
415 0 50
416 0 50
417 0 51
418 0 51
419 0 51
420 0 51
421 0 51
422 0 50
423 0 51
424 0 51
425 0 50
426 0 50
427 0 50
428 0 51
429 0 51
430 0 50
431 0 50
432 0 51
433 0 51
434 0 51
435 0 51
436 0 51
437 0 51
438 0 51
439 0 51
440 0 50
441 0 52
442 0 52
443 0 51
444 0 51
445 0 51
446 0 52
447 0 52
448 0 51
449 0 51
450 0 52
451 0 52
452 0 52
453 0 51
454 0 51
455 0 51
456 0 51
457 0 51
458 0 51
459 0 52
460 0 52
461 0 52
462 0 51
463 0 51
464 0 50
465 0 52
466 0 52
467 0 51
468 0 51
469 0 51
470 0 52
471 0 52
472 0 51
473 0 51
474 0 52
475 0 52
476 0 52
477 0 51
478 0 51
479 0 51
480 0 51
481 0 51
482 0 51
483 0 52
484 0 52
485 0 52
486 0 52
487 0 52
488 0 51
489 0 52
490 0 52
491 0 51
492 0 51
493 0 52
494 0 52
495 0 52
496 0 52
497 0 52
498 0 51
499 0 51
500 0 51
501 0 51
502 0 51
503 0 50
504 0 51
505 0 51
506 0 51
507 0 51
508 0 51
509 0 51
510 0 51
511 0 51
512 0 50
513 0 51
514 0 51
515 0 51
516 0 51
517 0 51
518 0 51
519 0 51
520 0 51
521 0 51
522 0 51
523 0 51
524 0 51
525 0 51
526 0 52
527 0 52
528 0 52
529 0 52
530 0 52
531 0 51
532 0 52
533 0 52
534 0 51
535 0 51
536 0 52
537 0 52
538 0 52
539 0 52
540 0 52
541 0 51
542 0 51
543 0 51
544 0 50
545 0 50
546 0 50
547 0 51
548 0 51
549 0 50
550 0 50
551 0 51
552 0 51
553 0 51
554 0 51
555 0 51
556 0 51
557 0 50
558 0 50
559 0 49
560 0 52
561 0 52
562 0 51
563 0 51
564 0 51
565 0 52
566 0 52
567 0 51
568 0 51
569 0 52
570 0 52
571 0 52
572 0 51
573 0 51
574 0 51
575 0 51
576 0 51
577 0 51
578 0 52
579 0 52
580 0 52
581 0 51
582 0 51
583 0 50
584 0 52
585 0 52
586 0 51
587 0 51
588 0 51
589 0 52
590 0 52
591 0 51
592 0 51
593 0 52
594 0 52
595 0 52
596 0 51
597 0 51
598 0 51
599 0 51
600 0 51
601 0 51
602 0 52
603 0 52
604 0 52
605 0 52
606 0 52
607 0 51
608 0 52
609 0 52
610 0 51
611 0 51
612 0 52
613 0 52
614 0 52
615 0 52
616 0 52
617 0 51
618 0 51
619 0 51
620 0 51
621 0 51
622 0 50
623 0 51
624 0 51
625 0 51
626 0 51
627 0 51
628 0 51
629 0 51
630 0 51
631 0 50
632 0 51
633 0 51
634 0 51
635 0 51
636 0 51
637 0 51
638 0 51
639 0 51
640 0 51
641 0 51
642 0 51
643 0 51
644 0 51
645 0 51
646 0 51
647 0 51
648 0 51
649 0 51
650 0 50
651 0 51
652 0 51
653 0 50
654 0 50
655 0 51
656 0 51
657 0 51
658 0 51
659 0 51
660 0 50
661 0 51
662 0 51
663 0 51
664 0 51
665 0 50
666 0 51
667 0 51
668 0 51
669 0 51
670 0 51
671 0 51
672 0 51
673 0 51
674 0 51
675 0 51
676 0 50
677 0 50
678 0 49
679 0 51
680 0 51
681 0 51
682 0 51
683 0 51
684 0 51
685 0 51
686 0 51
687 0 51
688 0 50
689 0 50
690 0 51
691 0 50
692 0 50
693 0 50
694 0 50
695 0 49
696 0 49
697 0 51
698 0 51
699 0 51
700 0 51
701 0 51
702 0 50
703 0 51
704 0 51
705 0 50
706 0 50
707 0 51
708 0 51
709 0 51
710 0 51
711 0 51
712 0 50
713 0 51
714 0 51
715 0 51
716 0 51
717 0 50
718 0 51
719 0 51
720 0 51
721 0 51
722 0 51
723 0 51
724 0 51
725 0 51
726 0 51
727 0 51
728 0 50
729 0 50
730 0 49
731 0 51
732 0 51
733 0 51
734 0 51
735 0 51
736 0 50
737 0 51
738 0 51
739 0 50
740 0 50
741 0 51
742 0 51
743 0 51
744 0 51
745 0 51
746 0 50
747 0 51
748 0 51
749 0 51
750 0 51
751 0 50
752 0 51
753 0 51
754 0 51
755 0 51
756 0 51
757 0 51
758 0 51
759 0 51
760 0 51
761 0 51
762 0 50
763 0 50
764 0 49
765 0 51
766 0 51
767 0 51
768 0 51
769 0 51
770 0 51
771 0 51
772 0 51
773 0 51
774 0 50
775 0 50
776 0 51
777 0 50
778 0 50
779 0 50
780 0 50
781 0 49
782 0 49
783 0 51
784 0 51
785 0 51
786 0 51
787 0 51
788 0 50
789 0 51
790 0 51
791 0 50
792 0 50
793 0 51
794 0 51
795 0 51
796 0 51
797 0 51
798 0 50
799 0 51
800 0 51
801 0 51
802 0 51
803 0 50
804 0 51
805 0 51
806 0 51
807 0 51
808 0 51
809 0 51
810 0 51
811 0 51
812 0 51
813 0 51
814 0 50
815 0 50
816 0 49
817 0 51
818 0 51
819 0 50
820 0 50
821 0 50
822 0 51
823 0 51
824 0 50
825 0 50
826 0 51
827 0 51
828 0 51
829 0 50
830 0 50
831 0 50
832 0 50
833 0 50
834 0 50
835 0 51
836 0 51
837 0 51
838 0 50
839 0 50
840 0 49
841 0 51
842 0 51
843 0 50
844 0 50
845 0 50
846 0 51
847 0 51
848 0 50
849 0 50
850 0 51
851 0 51
852 0 51
853 0 50
854 0 50
855 0 50
856 0 50
857 0 50
858 0 50
859 0 51
860 0 51
861 0 51
862 0 51
863 0 51
864 0 50
865 0 51
866 0 51
867 0 50
868 0 50
869 0 51
870 0 51
871 0 51
872 0 51
873 0 51
874 0 50
875 0 51
876 0 51
877 0 51
878 0 51
879 0 51
880 0 50
881 0 51
882 0 51
883 0 50
884 0 50
885 0 51
886 0 51
887 0 51
888 0 51
889 0 51
890 0 50
891 0 51
892 0 51
893 0 49
894 0 49
895 0 50
896 0 51
897 0 51
898 0 49
899 0 49
900 0 51
901 0 51
902 0 51
903 0 51
904 0 51
905 0 51
906 0 50
907 0 50
908 0 50
909 0 52
910 0 52
911 0 51
912 0 51
913 0 51
914 0 52
915 0 52
916 0 51
917 0 51
918 0 52
919 0 52
920 0 52
921 0 51
922 0 51
923 0 51
924 0 51
925 0 51
926 0 51
927 0 52
928 0 52
929 0 52
930 0 51
931 0 51
932 0 50
933 0 52
934 0 52
935 0 51
936 0 51
937 0 51
938 0 52
939 0 52
940 0 51
941 0 51
942 0 52
943 0 52
944 0 52
945 0 51
946 0 51
947 0 51
948 0 51
949 0 51
950 0 51
951 0 52
952 0 52
953 0 52
954 0 52
955 0 52
956 0 51
957 0 52
958 0 52
959 0 51
960 0 51
961 0 52
962 0 52
963 0 52
964 0 52
965 0 52
966 0 51
967 0 51
968 0 51
969 0 51
970 0 51
971 0 50
972 0 51
973 0 51
974 0 51
975 0 51
976 0 51
977 0 51
978 0 51
979 0 51
980 0 50
981 0 51
982 0 51
983 0 51
984 0 51
985 0 51
986 0 51
987 0 51
988 0 51
989 0 51
990 0 51
991 0 51
992 0 51
993 0 51
994 0 52
995 0 52
996 0 52
997 0 52
998 0 52
999 0 51
1000 0 52
1001 0 52
1002 0 51
1003 0 51
1004 0 52
1005 0 52
1006 0 52
1007 0 52
1008 0 52
1009 0 51
1010 0 51
1011 0 51
1012 0 51
1013 0 51
1014 0 50
1015 0 51
1016 0 51
1017 0 51
1018 0 51
1019 0 51
1020 0 51
1021 0 51
1022 0 51
1023 0 51
1024 0 51
1025 0 50
1026 0 50
1027 0 49
1028 0 52
1029 0 52
1030 0 51
1031 0 51
1032 0 51
1033 0 52
1034 0 52
1035 0 51
1036 0 51
1037 0 52
1038 0 52
1039 0 52
1040 0 51
1041 0 51
1042 0 51
1043 0 51
1044 0 51
1045 0 51
1046 0 52
1047 0 52
1048 0 52
1049 0 51
1050 0 51
1051 0 50
1052 0 52
1053 0 52
1054 0 51
1055 0 51
1056 0 51
1057 0 52
1058 0 52
1059 0 51
1060 0 51
1061 0 52
1062 0 52
1063 0 52
1064 0 51
1065 0 51
1066 0 51
1067 0 51
1068 0 51
1069 0 51
1070 0 52
1071 0 52
1072 0 52
1073 0 52
1074 0 52
1075 0 51
1076 0 52
1077 0 52
1078 0 51
1079 0 51
1080 0 52
1081 0 52
1082 0 52
1083 0 52
1084 0 52
1085 0 51
1086 0 51
1087 0 51
1088 0 51
1089 0 51
1090 0 50
1091 0 51
1092 0 51
1093 0 51
1094 0 51
1095 0 51
1096 0 51
1097 0 51
1098 0 51
1099 0 50
1100 0 51
1101 0 51
1102 0 51
1103 0 51
1104 0 51
1105 0 51
1106 0 51
1107 0 51
1108 0 51
1109 0 51
1110 0 51
1111 0 51
1112 0 51
1113 0 51
1114 0 51
1115 0 51
1116 0 51
1117 0 51
1118 0 50
1119 0 51
1120 0 51
1121 0 50
1122 0 50
1123 0 51
1124 0 51
1125 0 51
1126 0 51
1127 0 51
1128 0 50
1129 0 51
1130 0 51
1131 0 50
1132 0 50
1133 0 50
1134 0 51
1135 0 51
1136 0 50
1137 0 50
1138 0 50
1139 0 51
1140 0 50
1141 0 50
1142 0 51
1143 0 50
1144 0 50
1145 0 50
1146 0 50
1147 0 51
1148 0 51
1149 0 50
1150 0 50
1151 0 50
1152 0 51
1153 0 51
1154 0 50
1155 0 50
1156 0 50
1157 0 50
1158 0 50
1159 0 50
1160 0 50
1161 0 50
1162 0 50
1163 0 50
1164 0 50
1165 0 51
1166 0 51
1167 0 51
1168 0 51
1169 0 51
1170 0 50
1171 0 51
1172 0 51
1173 0 50
1174 0 50
1175 0 51
1176 0 51
1177 0 51
1178 0 51
1179 0 51
1180 0 50
1181 0 51
1182 0 51
1183 0 51
1184 0 51
1185 0 50
1186 0 51
1187 0 51
1188 0 51
1189 0 51
1190 0 50
1191 0 51
1192 0 50
1193 0 50
1194 0 51
1195 0 50
1196 0 50
1197 0 50
1198 0 50
1199 0 51
1200 0 51
1201 0 50
1202 0 50
1203 0 50
1204 0 51
1205 0 51
1206 0 50
1207 0 50
1208 0 51
1209 0 51
1210 0 51
1211 0 50
1212 0 50
1213 0 50
1214 0 50
1215 0 50
1216 0 50
1217 0 51
1218 0 51
1219 0 51
1220 0 50
1221 0 50
1222 0 49
1223 0 51
1224 0 51
1225 0 50
1226 0 50
1227 0 50
1228 0 51
1229 0 51
1230 0 50
1231 0 50
1232 0 51
1233 0 51
1234 0 51
1235 0 50
1236 0 50
1237 0 50
1238 0 50
1239 0 50
1240 0 50
1241 0 51
1242 0 51
1243 0 50
1244 0 50
1245 0 50
1246 0 51
1247 0 51
1248 0 50
1249 0 50
1250 0 51
1251 0 51
1252 0 51
1253 0 50
1254 0 50
1255 0 50
1256 0 50
1257 0 50
1258 0 50
1259 0 51
1260 0 51
1261 0 51
1262 0 50
1263 0 50
1264 0 49
1265 0 51
1266 0 51
1267 0 50
1268 0 50
1269 0 50
1270 0 51
1271 0 51
1272 0 50
1273 0 50
1274 0 51
1275 0 51
1276 0 51
1277 0 50
1278 0 50
1279 0 50
1280 0 50
1281 0 50
1282 0 50
1283 0 50
1284 0 50
1285 0 50
1286 0 50
1287 0 50
1288 0 49
1289 0 50
1290 0 50
1291 0 49
1292 0 49
1293 0 50
1294 0 50
1295 0 50
1296 0 50
1297 0 50
1298 0 49
1299 0 51
1300 0 51
1301 0 49
1302 0 49
1303 0 50
1304 0 51
1305 0 51
1306 0 49
1307 0 49
1308 0 51
1309 0 51
1310 0 49
1311 0 49
1312 0 50
1313 0 51
1314 0 51
1315 0 49
1316 0 49
1317 0 49
1318 0 49
1319 0 49
1320 0 50
1321 0 50
1322 0 50
1323 0 50
1324 0 50
1325 0 50
1326 0 52
1327 0 52
1328 0 52
1329 0 52
1330 0 52
1331 0 51
1332 0 52
1333 0 52
1334 0 51
1335 0 51
1336 0 52
1337 0 52
1338 0 52
1339 0 52
1340 0 52
1341 0 51
1342 0 52
1343 0 52
1344 0 51
1345 0 51
1346 0 51
1347 0 52
1348 0 52
1349 0 51
1350 0 51
1351 0 51
1352 0 51
1353 0 51
1354 0 51
1355 0 51
1356 0 51
1357 0 51
1358 0 51
1359 0 51
1360 0 52
1361 0 52
1362 0 51
1363 0 51
1364 0 51
1365 0 52
1366 0 52
1367 0 51
1368 0 51
1369 0 51
1370 0 51
1371 0 51
1372 0 51
1373 0 51
1374 0 51
1375 0 51
1376 0 51
1377 0 51
1378 0 52
1379 0 52
1380 0 52
1381 0 52
1382 0 52
1383 0 51
1384 0 52
1385 0 52
1386 0 51
1387 0 51
1388 0 52
1389 0 52
1390 0 52
1391 0 52
1392 0 52
1393 0 51
1394 0 52
1395 0 52
1396 0 51
1397 0 51
1398 0 51
1399 0 52
1400 0 52
1401 0 51
1402 0 51
1403 0 51
1404 0 51
1405 0 51
1406 0 51
1407 0 51
1408 0 51
1409 0 51
1410 0 51
1411 0 51
1412 0 52
1413 0 52
1414 0 51
1415 0 51
1416 0 51
1417 0 52
1418 0 52
1419 0 51
1420 0 51
1421 0 52
1422 0 52
1423 0 52
1424 0 51
1425 0 51
1426 0 51
1427 0 51
1428 0 51
1429 0 51
1430 0 52
1431 0 52
1432 0 52
1433 0 51
1434 0 51
1435 0 50
1436 0 52
1437 0 52
1438 0 51
1439 0 51
1440 0 51
1441 0 52
1442 0 52
1443 0 51
1444 0 51
1445 0 52
1446 0 52
1447 0 52
1448 0 51
1449 0 51
1450 0 51
1451 0 51
1452 0 51
1453 0 51
1454 0 51
1455 0 51
1456 0 51
1457 0 51
1458 0 51
1459 0 50
1460 0 51
1461 0 51
1462 0 50
1463 0 50
1464 0 51
1465 0 51
1466 0 51
1467 0 51
1468 0 51
1469 0 50
1470 0 51
1471 0 51
1472 0 51
1473 0 51
1474 0 51
1475 0 50
1476 0 51
1477 0 51
1478 0 50
1479 0 50
1480 0 51
1481 0 51
1482 0 51
1483 0 51
1484 0 51
1485 0 50
1486 0 51
1487 0 51
1488 0 50
1489 0 50
1490 0 50
1491 0 51
1492 0 51
1493 0 50
1494 0 50
1495 0 51
1496 0 51
1497 0 51
1498 0 51
1499 0 51
1500 0 51
1501 0 51
1502 0 51
1503 0 50
1504 0 52
1505 0 52
1506 0 51
1507 0 51
1508 0 51
1509 0 52
1510 0 52
1511 0 51
1512 0 51
1513 0 52
1514 0 52
1515 0 52
1516 0 51
1517 0 51
1518 0 51
1519 0 51
1520 0 51
1521 0 51
1522 0 52
1523 0 52
1524 0 52
1525 0 51
1526 0 51
1527 0 50
1528 0 52
1529 0 52
1530 0 51
1531 0 51
1532 0 51
1533 0 52
1534 0 52
1535 0 51
1536 0 51
1537 0 52
1538 0 52
1539 0 52
1540 0 51
1541 0 51
1542 0 51
1543 0 51
1544 0 51
1545 0 51
1546 0 51
1547 0 51
1548 0 51
1549 0 51
1550 0 51
1551 0 50
1552 0 51
1553 0 51
1554 0 50
1555 0 50
1556 0 51
1557 0 51
1558 0 51
1559 0 51
1560 0 51
1561 0 50
1562 0 51
1563 0 51
1564 0 50
1565 0 50
1566 0 50
1567 0 51
1568 0 51
1569 0 50
1570 0 50
1571 0 51
1572 0 51
1573 0 50
1574 0 50
1575 0 50
1576 0 51
1577 0 51
1578 0 50
1579 0 50
1580 0 50
1581 0 50
1582 0 50
1583 0 51
1584 0 51
1585 0 51
1586 0 51
1587 0 50
1588 0 50
1589 0 52
1590 0 52
1591 0 52
1592 0 52
1593 0 52
1594 0 51
1595 0 52
1596 0 52
1597 0 51
1598 0 51
1599 0 52
1600 0 52
1601 0 52
1602 0 52
1603 0 52
1604 0 51
1605 0 52
1606 0 52
1607 0 51
1608 0 51
1609 0 51
1610 0 52
1611 0 52
1612 0 51
1613 0 51
1614 0 51
1615 0 51
1616 0 51
1617 0 51
1618 0 51
1619 0 51
1620 0 51
1621 0 51
1622 0 51
1623 0 52
1624 0 52
1625 0 51
1626 0 51
1627 0 51
1628 0 52
1629 0 52
1630 0 51
1631 0 51
1632 0 51
1633 0 51
1634 0 51
1635 0 51
1636 0 51
1637 0 51
1638 0 51
1639 0 51
1640 0 51
1641 0 52
1642 0 52
1643 0 52
1644 0 52
1645 0 52
1646 0 51
1647 0 52
1648 0 52
1649 0 51
1650 0 51
1651 0 52
1652 0 52
1653 0 52
1654 0 52
1655 0 52
1656 0 51
1657 0 52
1658 0 52
1659 0 51
1660 0 51
1661 0 51
1662 0 52
1663 0 52
1664 0 51
1665 0 51
1666 0 51
1667 0 51
1668 0 51
1669 0 51
1670 0 51
1671 0 51
1672 0 51
1673 0 51
1674 0 51
1675 0 52
1676 0 52
1677 0 51
1678 0 51
1679 0 51
1680 0 52
1681 0 52
1682 0 51
1683 0 51
1684 0 52
1685 0 52
1686 0 52
1687 0 51
1688 0 51
1689 0 51
1690 0 51
1691 0 51
1692 0 51
1693 0 52
1694 0 52
1695 0 52
1696 0 51
1697 0 51
1698 0 50
1699 0 52
1700 0 52
1701 0 51
1702 0 51
1703 0 51
1704 0 52
1705 0 52
1706 0 51
1707 0 51
1708 0 52
1709 0 52
1710 0 52
1711 0 51
1712 0 51
1713 0 51
1714 0 51
1715 0 51
1716 0 51
1717 0 51
1718 0 51
1719 0 51
1720 0 51
1721 0 51
1722 0 50
1723 0 51
1724 0 51
1725 0 50
1726 0 50
1727 0 51
1728 0 51
1729 0 51
1730 0 51
1731 0 51
1732 0 50
1733 0 51
1734 0 51
1735 0 51
1736 0 51
1737 0 51
1738 0 50
1739 0 51
1740 0 51
1741 0 50
1742 0 50
1743 0 51
1744 0 51
1745 0 51
1746 0 51
1747 0 51
1748 0 50
1749 0 51
1750 0 51
1751 0 50
1752 0 50
1753 0 50
1754 0 51
1755 0 51
1756 0 50
1757 0 50
1758 0 51
1759 0 51
1760 0 51
1761 0 51
1762 0 51
1763 0 51
1764 0 51
1765 0 51
1766 0 50
1767 0 52
1768 0 52
1769 0 51
1770 0 51
1771 0 51
1772 0 52
1773 0 52
1774 0 51
1775 0 51
1776 0 52
1777 0 52
1778 0 52
1779 0 51
1780 0 51
1781 0 51
1782 0 51
1783 0 51
1784 0 51
1785 0 52
1786 0 52
1787 0 52
1788 0 51
1789 0 51
1790 0 50
1791 0 52
1792 0 52
1793 0 51
1794 0 51
1795 0 51
1796 0 52
1797 0 52
1798 0 51
1799 0 51
1800 0 52
1801 0 52
1802 0 52
1803 0 51
1804 0 51
1805 0 51
1806 0 51
1807 0 51
1808 0 51
1809 0 52
1810 0 52
1811 0 52
1812 0 52
1813 0 52
1814 0 51
1815 0 52
1816 0 52
1817 0 51
1818 0 51
1819 0 52
1820 0 52
1821 0 52
1822 0 52
1823 0 52
1824 0 51
1825 0 51
1826 0 51
1827 0 51
1828 0 51
1829 0 51
1830 0 51
1831 0 51
1832 0 51
1833 0 51
1834 0 51
1835 0 51
1836 0 51
1837 0 51
1838 0 51
1839 0 51
1840 0 51
1841 0 51
1842 0 51
1843 0 51
1844 0 51
1845 0 51
1846 0 51
1847 0 51
1848 0 51
1849 0 51
1850 0 51
1851 0 51
1852 0 52
1853 0 52
1854 0 52
1855 0 52
1856 0 52
1857 0 51
1858 0 52
1859 0 52
1860 0 51
1861 0 51
1862 0 52
1863 0 52
1864 0 52
1865 0 52
1866 0 52
1867 0 51
1868 0 51
1869 0 51
1870 0 50
1871 0 50
1872 0 50
1873 0 51
1874 0 51
1875 0 50
1876 0 50
1877 0 51
1878 0 51
1879 0 51
1880 0 51
1881 0 51
1882 0 51
1883 0 50
1884 0 50
1885 0 49
1886 0 52
1887 0 52
1888 0 51
1889 0 51
1890 0 51
1891 0 52
1892 0 52
1893 0 51
1894 0 51
1895 0 52
1896 0 52
1897 0 52
1898 0 51
1899 0 51
1900 0 51
1901 0 51
1902 0 51
1903 0 51
1904 0 52
1905 0 52
1906 0 52
1907 0 51
1908 0 51
1909 0 50
1910 0 52
1911 0 52
1912 0 51
1913 0 51
1914 0 51
1915 0 52
1916 0 52
1917 0 51
1918 0 51
1919 0 52
1920 0 52
1921 0 52
1922 0 51
1923 0 51
1924 0 51
1925 0 51
1926 0 51
1927 0 51
1928 0 52
1929 0 52
1930 0 52
1931 0 52
1932 0 52
1933 0 51
1934 0 52
1935 0 52
1936 0 51
1937 0 51
1938 0 52
1939 0 52
1940 0 52
1941 0 52
1942 0 52
1943 0 51
1944 0 51
1945 0 51
1946 0 51
1947 0 51
1948 0 51
1949 0 51
1950 0 51
1951 0 51
1952 0 51
1953 0 51
1954 0 51
1955 0 51
1956 0 51
1957 0 51
1958 0 51
1959 0 51
1960 0 51
1961 0 51
1962 0 51
1963 0 51
1964 0 51
1965 0 51
1966 0 51
1967 0 51
1968 0 51
1969 0 51
1970 0 51
1971 0 51
1972 0 51
1973 0 51
1974 0 51
1975 0 51
1976 0 50
1977 0 51
1978 0 51
1979 0 50
1980 0 50
1981 0 51
1982 0 51
1983 0 51
1984 0 51
1985 0 51
1986 0 50
1987 0 51
1988 0 51
1989 0 51
1990 0 51
1991 0 50
1992 0 51
1993 0 51
1994 0 51
1995 0 51
1996 0 51
1997 0 51
1998 0 51
1999 0 51
2000 0 51
2001 0 51
2002 0 50
2003 0 50
2004 0 49
2005 0 51
2006 0 51
2007 0 51
2008 0 51
2009 0 51
2010 0 51
2011 0 51
2012 0 51
2013 0 51
2014 0 50
2015 0 50
2016 0 51
2017 0 50
2018 0 50
2019 0 50
2020 0 50
2021 0 49
2022 0 49
2023 0 51
2024 0 51
2025 0 51
2026 0 51
2027 0 51
2028 0 50
2029 0 51
2030 0 51
2031 0 50
2032 0 50
2033 0 51
2034 0 51
2035 0 51
2036 0 51
2037 0 51
2038 0 50
2039 0 51
2040 0 51
2041 0 51
2042 0 51
2043 0 50
2044 0 51
2045 0 51
2046 0 51
2047 0 51
2048 0 51
2049 0 51
2050 0 51
2051 0 51
2052 0 51
2053 0 51
2054 0 50
2055 0 50
2056 0 49
2057 0 51
2058 0 51
2059 0 51
2060 0 51
2061 0 51
2062 0 50
2063 0 51
2064 0 51
2065 0 50
2066 0 50
2067 0 51
2068 0 51
2069 0 51
2070 0 51
2071 0 51
2072 0 50
2073 0 51
2074 0 51
2075 0 51
2076 0 51
2077 0 50
2078 0 51
2079 0 51
2080 0 51
2081 0 51
2082 0 51
2083 0 51
2084 0 51
2085 0 51
2086 0 51
2087 0 51
2088 0 50
2089 0 50
2090 0 49
2091 0 51
2092 0 51
2093 0 51
2094 0 51
2095 0 51
2096 0 51
2097 0 51
2098 0 51
2099 0 51
2100 0 50
2101 0 50
2102 0 51
2103 0 50
2104 0 50
2105 0 50
2106 0 50
2107 0 49
2108 0 49
2109 0 51
2110 0 51
2111 0 51
2112 0 51
2113 0 51
2114 0 50
2115 0 51
2116 0 51
2117 0 50
2118 0 50
2119 0 51
2120 0 51
2121 0 51
2122 0 51
2123 0 51
2124 0 50
2125 0 51
2126 0 51
2127 0 51
2128 0 51
2129 0 50
2130 0 51
2131 0 51
2132 0 51
2133 0 51
2134 0 51
2135 0 51
2136 0 51
2137 0 51
2138 0 51
2139 0 51
2140 0 50
2141 0 50
2142 0 49
2143 0 51
2144 0 51
2145 0 50
2146 0 50
2147 0 50
2148 0 51
2149 0 51
2150 0 50
2151 0 50
2152 0 51
2153 0 51
2154 0 51
2155 0 50
2156 0 50
2157 0 50
2158 0 50
2159 0 50
2160 0 50
2161 0 51
2162 0 51
2163 0 51
2164 0 50
2165 0 50
2166 0 49
2167 0 51
2168 0 51
2169 0 50
2170 0 50
2171 0 50
2172 0 51
2173 0 51
2174 0 50
2175 0 50
2176 0 51
2177 0 51
2178 0 51
2179 0 50
2180 0 50
2181 0 50
2182 0 50
2183 0 50
2184 0 50
2185 0 51
2186 0 51
2187 0 51
2188 0 51
2189 0 51
2190 0 50
2191 0 51
2192 0 51
2193 0 50
2194 0 50
2195 0 51
2196 0 51
2197 0 51
2198 0 51
2199 0 51
2200 0 50
2201 0 51
2202 0 51
2203 0 51
2204 0 51
2205 0 51
2206 0 50
2207 0 51
2208 0 51
2209 0 50
2210 0 50
2211 0 51
2212 0 51
2213 0 51
2214 0 51
2215 0 51
2216 0 50
2217 0 51
2218 0 51
2219 0 49
2220 0 49
2221 0 50
2222 0 51
2223 0 51
2224 0 49
2225 0 49
2226 0 51
2227 0 51
2228 0 51
2229 0 51
2230 0 51
2231 0 51
2232 0 50
2233 0 50
2234 0 50
2235 0 52
2236 0 52
2237 0 52
2238 0 51
2239 0 52
2240 0 51
2241 0 52
2242 0 52
2243 0 52
2244 0 51
2245 0 52
2246 0 51
2247 0 51
2248 0 52
2249 0 51
2250 0 51
2251 0 51
2252 0 51
2253 0 51
2254 0 51
2255 0 51
2256 0 52
2257 0 51
2258 0 51
2259 0 52
2260 0 51
2261 0 51
2262 0 51
2263 0 51
2264 0 51
2265 0 51
2266 0 52
2267 0 52
2268 0 52
2269 0 51
2270 0 52
2271 0 51
2272 0 52
2273 0 52
2274 0 52
2275 0 51
2276 0 52
2277 0 51
2278 0 51
2279 0 52
2280 0 51
2281 0 51
2282 0 51
2283 0 51
2284 0 51
2285 0 51
2286 0 51
2287 0 52
2288 0 51
2289 0 51
2290 0 52
2291 0 51
2292 0 52
2293 0 52
2294 0 51
2295 0 51
2296 0 51
2297 0 52
2298 0 52
2299 0 51
2300 0 50
2301 0 52
2302 0 51
2303 0 51
2304 0 52
2305 0 51
2306 0 52
2307 0 52
2308 0 51
2309 0 51
2310 0 51
2311 0 51
2312 0 51
2313 0 51
2314 0 50
2315 0 51
2316 0 50
2317 0 51
2318 0 51
2319 0 51
2320 0 50
2321 0 51
2322 0 51
2323 0 51
2324 0 50
2325 0 51
2326 0 50
2327 0 51
2328 0 51
2329 0 51
2330 0 50
2331 0 51
2332 0 50
2333 0 50
2334 0 51
2335 0 50
2336 0 51
2337 0 51
2338 0 51
2339 0 51
2340 0 51
2341 0 50
2342 0 52
2343 0 51
2344 0 51
2345 0 52
2346 0 51
2347 0 52
2348 0 52
2349 0 51
2350 0 51
2351 0 51
2352 0 52
2353 0 52
2354 0 51
2355 0 50
2356 0 52
2357 0 51
2358 0 51
2359 0 52
2360 0 51
2361 0 52
2362 0 52
2363 0 51
2364 0 51
2365 0 51
2366 0 51
2367 0 51
2368 0 51
2369 0 50
2370 0 51
2371 0 50
2372 0 51
2373 0 51
2374 0 51
2375 0 50
2376 0 51
2377 0 50
2378 0 50
2379 0 51
2380 0 50
2381 0 51
2382 0 50
2383 0 50
2384 0 51
2385 0 50
2386 0 50
2387 0 50
2388 0 51
2389 0 51
2390 0 50
2391 0 52
2392 0 52
2393 0 52
2394 0 51
2395 0 52
2396 0 51
2397 0 52
2398 0 52
2399 0 52
2400 0 51
2401 0 52
2402 0 51
2403 0 51
2404 0 52
2405 0 51
2406 0 51
2407 0 51
2408 0 51
2409 0 51
2410 0 51
2411 0 51
2412 0 52
2413 0 51
2414 0 51
2415 0 52
2416 0 51
2417 0 51
2418 0 51
2419 0 51
2420 0 51
2421 0 51
2422 0 52
2423 0 52
2424 0 52
2425 0 51
2426 0 52
2427 0 51
2428 0 52
2429 0 52
2430 0 52
2431 0 51
2432 0 52
2433 0 51
2434 0 51
2435 0 52
2436 0 51
2437 0 51
2438 0 51
2439 0 51
2440 0 51
2441 0 51
2442 0 51
2443 0 52
2444 0 51
2445 0 51
2446 0 52
2447 0 51
2448 0 52
2449 0 52
2450 0 51
2451 0 51
2452 0 51
2453 0 52
2454 0 52
2455 0 51
2456 0 50
2457 0 52
2458 0 51
2459 0 51
2460 0 52
2461 0 51
2462 0 52
2463 0 52
2464 0 51
2465 0 51
2466 0 51
2467 0 51
2468 0 51
2469 0 51
2470 0 50
2471 0 51
2472 0 50
2473 0 51
2474 0 51
2475 0 51
2476 0 50
2477 0 51
2478 0 51
2479 0 51
2480 0 50
2481 0 51
2482 0 50
2483 0 51
2484 0 51
2485 0 51
2486 0 50
2487 0 51
2488 0 50
2489 0 50
2490 0 51
2491 0 50
2492 0 51
2493 0 51
2494 0 51
2495 0 51
2496 0 51
2497 0 50
2498 0 52
2499 0 51
2500 0 51
2501 0 52
2502 0 51
2503 0 52
2504 0 52
2505 0 51
2506 0 51
2507 0 51
2508 0 52
2509 0 52
2510 0 51
2511 0 50
2512 0 52
2513 0 51
2514 0 51
2515 0 52
2516 0 51
2517 0 52
2518 0 52
2519 0 51
2520 0 51
2521 0 51
2522 0 52
2523 0 52
2524 0 52
2525 0 51
2526 0 52
2527 0 51
2528 0 52
2529 0 52
2530 0 52
2531 0 51
2532 0 51
2533 0 51
2534 0 50
2535 0 51
2536 0 51
2537 0 51
2538 0 51
2539 0 50
2540 0 51
2541 0 51
2542 0 51
2543 0 51
2544 0 51
2545 0 51
2546 0 51
2547 0 52
2548 0 52
2549 0 52
2550 0 51
2551 0 52
2552 0 51
2553 0 52
2554 0 52
2555 0 52
2556 0 51
2557 0 51
2558 0 50
2559 0 50
2560 0 51
2561 0 50
2562 0 51
2563 0 51
2564 0 51
2565 0 51
2566 0 50
2567 0 49
2568 0 52
2569 0 51
2570 0 51
2571 0 52
2572 0 51
2573 0 52
2574 0 52
2575 0 51
2576 0 51
2577 0 51
2578 0 52
2579 0 52
2580 0 51
2581 0 50
2582 0 52
2583 0 51
2584 0 51
2585 0 52
2586 0 51
2587 0 52
2588 0 52
2589 0 51
2590 0 51
2591 0 51
2592 0 52
2593 0 52
2594 0 52
2595 0 51
2596 0 52
2597 0 51
2598 0 52
2599 0 52
2600 0 52
2601 0 51
2602 0 51
2603 0 51
2604 0 50
2605 0 51
2606 0 51
2607 0 51
2608 0 51
2609 0 50
2610 0 51
2611 0 51
2612 0 51
2613 0 51
2614 0 51
2615 0 51
2616 0 51
2617 0 51
2618 0 51
2619 0 51
2620 0 50
2621 0 51
2622 0 50
2623 0 51
2624 0 51
2625 0 51
2626 0 50
2627 0 51
2628 0 51
2629 0 50
2630 0 51
2631 0 51
2632 0 51
2633 0 51
2634 0 51
2635 0 51
2636 0 50
2637 0 49
2638 0 51
2639 0 51
2640 0 51
2641 0 51
2642 0 51
2643 0 50
2644 0 51
2645 0 50
2646 0 50
2647 0 49
2648 0 51
2649 0 51
2650 0 51
2651 0 50
2652 0 51
2653 0 50
2654 0 51
2655 0 51
2656 0 51
2657 0 50
2658 0 51
2659 0 51
2660 0 50
2661 0 51
2662 0 51
2663 0 51
2664 0 51
2665 0 51
2666 0 51
2667 0 50
2668 0 49
2669 0 51
2670 0 51
2671 0 51
2672 0 50
2673 0 51
2674 0 50
2675 0 51
2676 0 51
2677 0 51
2678 0 50
2679 0 51
2680 0 51
2681 0 50
2682 0 51
2683 0 51
2684 0 51
2685 0 51
2686 0 51
2687 0 51
2688 0 50
2689 0 49
2690 0 51
2691 0 51
2692 0 51
2693 0 51
2694 0 51
2695 0 50
2696 0 51
2697 0 50
2698 0 50
2699 0 49
2700 0 51
2701 0 51
2702 0 51
2703 0 50
2704 0 51
2705 0 50
2706 0 51
2707 0 51
2708 0 51
2709 0 50
2710 0 51
2711 0 51
2712 0 50
2713 0 51
2714 0 51
2715 0 51
2716 0 51
2717 0 51
2718 0 51
2719 0 50
2720 0 49
2721 0 51
2722 0 50
2723 0 50
2724 0 51
2725 0 50
2726 0 51
2727 0 51
2728 0 50
2729 0 50
2730 0 50
2731 0 51
2732 0 51
2733 0 50
2734 0 49
2735 0 51
2736 0 50
2737 0 50
2738 0 51
2739 0 50
2740 0 51
2741 0 51
2742 0 50
2743 0 50
2744 0 50
2745 0 51
2746 0 51
2747 0 51
2748 0 50
2749 0 51
2750 0 50
2751 0 51
2752 0 51
2753 0 51
2754 0 50
2755 0 51
2756 0 51
2757 0 51
2758 0 50
2759 0 51
2760 0 50
2761 0 51
2762 0 51
2763 0 51
2764 0 50
2765 0 51
2766 0 49
2767 0 50
2768 0 51
2769 0 49
2770 0 51
2771 0 51
2772 0 51
2773 0 51
2774 0 50
2775 0 50
2776 0 52
2777 0 51
2778 0 51
2779 0 52
2780 0 51
2781 0 52
2782 0 52
2783 0 51
2784 0 51
2785 0 51
2786 0 52
2787 0 52
2788 0 51
2789 0 50
2790 0 52
2791 0 51
2792 0 51
2793 0 52
2794 0 51
2795 0 52
2796 0 52
2797 0 51
2798 0 51
2799 0 51
2800 0 52
2801 0 52
2802 0 52
2803 0 51
2804 0 52
2805 0 51
2806 0 52
2807 0 52
2808 0 52
2809 0 51
2810 0 51
2811 0 51
2812 0 50
2813 0 51
2814 0 51
2815 0 51
2816 0 51
2817 0 50
2818 0 51
2819 0 51
2820 0 51
2821 0 51
2822 0 51
2823 0 51
2824 0 51
2825 0 52
2826 0 52
2827 0 52
2828 0 51
2829 0 52
2830 0 51
2831 0 52
2832 0 52
2833 0 52
2834 0 51
2835 0 51
2836 0 51
2837 0 50
2838 0 51
2839 0 51
2840 0 51
2841 0 51
2842 0 51
2843 0 51
2844 0 50
2845 0 49
2846 0 52
2847 0 51
2848 0 51
2849 0 52
2850 0 51
2851 0 52
2852 0 52
2853 0 51
2854 0 51
2855 0 51
2856 0 52
2857 0 52
2858 0 51
2859 0 50
2860 0 52
2861 0 51
2862 0 51
2863 0 52
2864 0 51
2865 0 52
2866 0 52
2867 0 51
2868 0 51
2869 0 51
2870 0 52
2871 0 52
2872 0 52
2873 0 51
2874 0 52
2875 0 51
2876 0 52
2877 0 52
2878 0 52
2879 0 51
2880 0 51
2881 0 51
2882 0 50
2883 0 51
2884 0 51
2885 0 51
2886 0 51
2887 0 50
2888 0 51
2889 0 51
2890 0 51
2891 0 51
2892 0 51
2893 0 51
2894 0 51
2895 0 51
2896 0 51
2897 0 51
2898 0 50
2899 0 51
2900 0 50
2901 0 51
2902 0 51
2903 0 51
2904 0 50
2905 0 51
2906 0 50
2907 0 50
2908 0 51
2909 0 50
2910 0 50
2911 0 50
2912 0 50
2913 0 50
2914 0 50
2915 0 50
2916 0 51
2917 0 50
2918 0 50
2919 0 51
2920 0 50
2921 0 50
2922 0 50
2923 0 50
2924 0 50
2925 0 50
2926 0 51
2927 0 51
2928 0 51
2929 0 50
2930 0 51
2931 0 50
2932 0 51
2933 0 51
2934 0 51
2935 0 50
2936 0 51
2937 0 51
2938 0 50
2939 0 51
2940 0 51
2941 0 50
2942 0 50
2943 0 50
2944 0 50
2945 0 50
2946 0 50
2947 0 51
2948 0 50
2949 0 50
2950 0 51
2951 0 50
2952 0 51
2953 0 51
2954 0 50
2955 0 50
2956 0 50
2957 0 51
2958 0 51
2959 0 50
2960 0 49
2961 0 51
2962 0 50
2963 0 50
2964 0 51
2965 0 50
2966 0 51
2967 0 51
2968 0 50
2969 0 50
2970 0 50
2971 0 51
2972 0 50
2973 0 50
2974 0 51
2975 0 50
2976 0 51
2977 0 51
2978 0 50
2979 0 50
2980 0 50
2981 0 51
2982 0 51
2983 0 50
2984 0 49
2985 0 51
2986 0 50
2987 0 50
2988 0 51
2989 0 50
2990 0 51
2991 0 51
2992 0 50
2993 0 50
2994 0 50
2995 0 50
2996 0 50
2997 0 50
2998 0 49
2999 0 50
3000 0 49
3001 0 50
3002 0 50
3003 0 50
3004 0 49
3005 0 51
3006 0 49
3007 0 50
3008 0 51
3009 0 49
3010 0 51
3011 0 49
3012 0 50
3013 0 51
3014 0 49
3015 0 49
3016 0 49
3017 0 50
3018 0 50
3019 0 50
3020 0 52
3021 0 52
3022 0 52
3023 0 51
3024 0 52
3025 0 51
3026 0 52
3027 0 52
3028 0 52
3029 0 51
3030 0 52
3031 0 51
3032 0 51
3033 0 52
3034 0 51
3035 0 51
3036 0 51
3037 0 51
3038 0 51
3039 0 51
3040 0 51
3041 0 52
3042 0 51
3043 0 51
3044 0 52
3045 0 51
3046 0 51
3047 0 51
3048 0 51
3049 0 51
3050 0 51
3051 0 52
3052 0 52
3053 0 52
3054 0 51
3055 0 52
3056 0 51
3057 0 52
3058 0 52
3059 0 52
3060 0 51
3061 0 52
3062 0 51
3063 0 51
3064 0 52
3065 0 51
3066 0 51
3067 0 51
3068 0 51
3069 0 51
3070 0 51
3071 0 51
3072 0 52
3073 0 51
3074 0 51
3075 0 52
3076 0 51
3077 0 52
3078 0 52
3079 0 51
3080 0 51
3081 0 51
3082 0 52
3083 0 52
3084 0 51
3085 0 50
3086 0 52
3087 0 51
3088 0 51
3089 0 52
3090 0 51
3091 0 52
3092 0 52
3093 0 51
3094 0 51
3095 0 51
3096 0 51
3097 0 51
3098 0 51
3099 0 50
3100 0 51
3101 0 50
3102 0 51
3103 0 51
3104 0 51
3105 0 50
3106 0 51
3107 0 51
3108 0 51
3109 0 50
3110 0 51
3111 0 50
3112 0 51
3113 0 51
3114 0 51
3115 0 50
3116 0 51
3117 0 50
3118 0 50
3119 0 51
3120 0 50
3121 0 51
3122 0 51
3123 0 51
3124 0 51
3125 0 51
3126 0 50
3127 0 52
3128 0 51
3129 0 51
3130 0 52
3131 0 51
3132 0 52
3133 0 52
3134 0 51
3135 0 51
3136 0 51
3137 0 52
3138 0 52
3139 0 51
3140 0 50
3141 0 52
3142 0 51
3143 0 51
3144 0 52
3145 0 51
3146 0 52
3147 0 52
3148 0 51
3149 0 51
3150 0 51
3151 0 51
3152 0 51
3153 0 51
3154 0 50
3155 0 51
3156 0 50
3157 0 51
3158 0 51
3159 0 51
3160 0 50
3161 0 51
3162 0 50
3163 0 50
3164 0 51
3165 0 50
3166 0 51
3167 0 50
3168 0 50
3169 0 51
3170 0 50
3171 0 50
3172 0 50
3173 0 51
3174 0 51
3175 0 50
3176 0 52
3177 0 52
3178 0 52
3179 0 51
3180 0 52
3181 0 51
3182 0 52
3183 0 52
3184 0 52
3185 0 51
3186 0 52
3187 0 51
3188 0 51
3189 0 52
3190 0 51
3191 0 51
3192 0 51
3193 0 51
3194 0 51
3195 0 51
3196 0 51
3197 0 52
3198 0 51
3199 0 51
3200 0 52
3201 0 51
3202 0 51
3203 0 51
3204 0 51
3205 0 51
3206 0 51
3207 0 52
3208 0 52
3209 0 52
3210 0 51
3211 0 52
3212 0 51
3213 0 52
3214 0 52
3215 0 52
3216 0 51
3217 0 52
3218 0 51
3219 0 51
3220 0 52
3221 0 51
3222 0 51
3223 0 51
3224 0 51
3225 0 51
3226 0 51
3227 0 51
3228 0 52
3229 0 51
3230 0 51
3231 0 52
3232 0 51
3233 0 52
3234 0 52
3235 0 51
3236 0 51
3237 0 51
3238 0 52
3239 0 52
3240 0 51
3241 0 50
3242 0 52
3243 0 51
3244 0 51
3245 0 52
3246 0 51
3247 0 52
3248 0 52
3249 0 51
3250 0 51
3251 0 51
3252 0 51
3253 0 51
3254 0 51
3255 0 50
3256 0 51
3257 0 50
3258 0 51
3259 0 51
3260 0 51
3261 0 50
3262 0 51
3263 0 51
3264 0 51
3265 0 50
3266 0 51
3267 0 50
3268 0 51
3269 0 51
3270 0 51
3271 0 50
3272 0 51
3273 0 50
3274 0 50
3275 0 51
3276 0 50
3277 0 51
3278 0 51
3279 0 51
3280 0 51
3281 0 51
3282 0 50
3283 0 52
3284 0 51
3285 0 51
3286 0 52
3287 0 51
3288 0 52
3289 0 52
3290 0 51
3291 0 51
3292 0 51
3293 0 52
3294 0 52
3295 0 51
3296 0 50
3297 0 52
3298 0 51
3299 0 51
3300 0 52
3301 0 51
3302 0 52
3303 0 52
3304 0 51
3305 0 51
3306 0 51
3307 0 52
3308 0 52
3309 0 52
3310 0 51
3311 0 52
3312 0 51
3313 0 52
3314 0 52
3315 0 52
3316 0 51
3317 0 51
3318 0 51
3319 0 51
3320 0 51
3321 0 51
3322 0 51
3323 0 51
3324 0 51
3325 0 51
3326 0 51
3327 0 51
3328 0 51
3329 0 51
3330 0 51
3331 0 51
3332 0 52
3333 0 52
3334 0 52
3335 0 51
3336 0 52
3337 0 51
3338 0 52
3339 0 52
3340 0 52
3341 0 51
3342 0 51
3343 0 50
3344 0 50
3345 0 51
3346 0 50
3347 0 51
3348 0 51
3349 0 51
3350 0 51
3351 0 50
3352 0 49
3353 0 52
3354 0 51
3355 0 51
3356 0 52
3357 0 51
3358 0 52
3359 0 52
3360 0 51
3361 0 51
3362 0 51
3363 0 52
3364 0 52
3365 0 51
3366 0 50
3367 0 52
3368 0 51
3369 0 51
3370 0 52
3371 0 51
3372 0 52
3373 0 52
3374 0 51
3375 0 51
3376 0 51
3377 0 52
3378 0 52
3379 0 52
3380 0 51
3381 0 52
3382 0 51
3383 0 52
3384 0 52
3385 0 52
3386 0 51
3387 0 51
3388 0 51
3389 0 51
3390 0 51
3391 0 51
3392 0 51
3393 0 51
3394 0 51
3395 0 51
3396 0 51
3397 0 51
3398 0 51
3399 0 51
3400 0 51
3401 0 51
3402 0 51
3403 0 51
3404 0 51
3405 0 50
3406 0 51
3407 0 50
3408 0 51
3409 0 51
3410 0 51
3411 0 50
3412 0 51
3413 0 51
3414 0 50
3415 0 51
3416 0 51
3417 0 51
3418 0 51
3419 0 51
3420 0 51
3421 0 50
3422 0 49
3423 0 51
3424 0 51
3425 0 51
3426 0 51
3427 0 51
3428 0 50
3429 0 51
3430 0 50
3431 0 50
3432 0 49
3433 0 51
3434 0 51
3435 0 51
3436 0 50
3437 0 51
3438 0 50
3439 0 51
3440 0 51
3441 0 51
3442 0 50
3443 0 51
3444 0 51
3445 0 50
3446 0 51
3447 0 51
3448 0 51
3449 0 51
3450 0 51
3451 0 51
3452 0 50
3453 0 49
3454 0 51
3455 0 51
3456 0 51
3457 0 50
3458 0 51
3459 0 50
3460 0 51
3461 0 51
3462 0 51
3463 0 50
3464 0 51
3465 0 51
3466 0 50
3467 0 51
3468 0 51
3469 0 51
3470 0 51
3471 0 51
3472 0 51
3473 0 50
3474 0 49
3475 0 51
3476 0 51
3477 0 51
3478 0 51
3479 0 51
3480 0 50
3481 0 51
3482 0 50
3483 0 50
3484 0 49
3485 0 51
3486 0 51
3487 0 51
3488 0 50
3489 0 51
3490 0 50
3491 0 51
3492 0 51
3493 0 51
3494 0 50
3495 0 51
3496 0 51
3497 0 50
3498 0 51
3499 0 51
3500 0 51
3501 0 51
3502 0 51
3503 0 51
3504 0 50
3505 0 49
3506 0 51
3507 0 50
3508 0 50
3509 0 51
3510 0 50
3511 0 51
3512 0 51
3513 0 50
3514 0 50
3515 0 50
3516 0 51
3517 0 51
3518 0 50
3519 0 49
3520 0 51
3521 0 50
3522 0 50
3523 0 51
3524 0 50
3525 0 51
3526 0 51
3527 0 50
3528 0 50
3529 0 50
3530 0 51
3531 0 51
3532 0 51
3533 0 50
3534 0 51
3535 0 50
3536 0 51
3537 0 51
3538 0 51
3539 0 50
3540 0 51
3541 0 51
3542 0 51
3543 0 50
3544 0 51
3545 0 50
3546 0 51
3547 0 51
3548 0 51
3549 0 50
3550 0 51
3551 0 49
3552 0 50
3553 0 51
3554 0 49
3555 0 51
3556 0 51
3557 0 51
3558 0 51
3559 0 50
3560 0 50
3561 0 52
3562 0 51
3563 0 52
3564 0 51
3565 0 51
3566 0 51
3567 0 51
3568 0 51
3569 0 51
3570 0 51
3571 0 51
3572 0 52
3573 0 51
3574 0 52
3575 0 51
3576 0 51
3577 0 51
3578 0 51
3579 0 51
3580 0 51
3581 0 52
3582 0 51
3583 0 52
3584 0 51
3585 0 51
3586 0 52
3587 0 51
3588 0 51
3589 0 50
3590 0 51
3591 0 51
3592 0 50
3593 0 51
3594 0 50
3595 0 50
3596 0 51
3597 0 51
3598 0 51
3599 0 51
3600 0 52
3601 0 51
3602 0 52
3603 0 51
3604 0 51
3605 0 52
3606 0 51
3607 0 51
3608 0 50
3609 0 51
3610 0 50
3611 0 50
3612 0 50
3613 0 50
3614 0 50
3615 0 50
3616 0 52
3617 0 51
3618 0 52
3619 0 51
3620 0 51
3621 0 51
3622 0 51
3623 0 51
3624 0 51
3625 0 51
3626 0 51
3627 0 52
3628 0 51
3629 0 52
3630 0 51
3631 0 51
3632 0 51
3633 0 51
3634 0 51
3635 0 51
3636 0 52
3637 0 51
3638 0 52
3639 0 51
3640 0 51
3641 0 52
3642 0 51
3643 0 51
3644 0 50
3645 0 51
3646 0 51
3647 0 50
3648 0 51
3649 0 50
3650 0 50
3651 0 51
3652 0 51
3653 0 51
3654 0 51
3655 0 52
3656 0 51
3657 0 52
3658 0 51
3659 0 51
3660 0 52
3661 0 51
3662 0 52
3663 0 51
3664 0 52
3665 0 51
3666 0 51
3667 0 51
3668 0 51
3669 0 51
3670 0 51
3671 0 52
3672 0 51
3673 0 52
3674 0 50
3675 0 50
3676 0 51
3677 0 51
3678 0 51
3679 0 51
3680 0 52
3681 0 51
3682 0 52
3683 0 51
3684 0 51
3685 0 52
3686 0 51
3687 0 52
3688 0 51
3689 0 52
3690 0 51
3691 0 51
3692 0 51
3693 0 51
3694 0 51
3695 0 51
3696 0 51
3697 0 50
3698 0 51
3699 0 51
3700 0 51
3701 0 51
3702 0 51
3703 0 51
3704 0 51
3705 0 50
3706 0 49
3707 0 51
3708 0 50
3709 0 51
3710 0 51
3711 0 51
3712 0 51
3713 0 51
3714 0 51
3715 0 50
3716 0 51
3717 0 51
3718 0 51
3719 0 51
3720 0 51
3721 0 51
3722 0 51
3723 0 50
3724 0 49
3725 0 51
3726 0 50
3727 0 51
3728 0 51
3729 0 51
3730 0 51
3731 0 51
3732 0 50
3733 0 50
3734 0 51
3735 0 50
3736 0 51
3737 0 50
3738 0 50
3739 0 51
3740 0 50
3741 0 51
3742 0 50
3743 0 51
3744 0 51
3745 0 50
3746 0 51
3747 0 49
3748 0 49
3749 0 51
3750 0 51
3751 0 51
3752 0 51
3753 0 52
3754 0 51
3755 0 52
3756 0 51
3757 0 51
3758 0 52
3759 0 51
3760 0 52
3761 0 51
3762 0 52
3763 0 51
3764 0 51
3765 0 51
3766 0 51
3767 0 51
3768 0 51
3769 0 52
3770 0 51
3771 0 52
3772 0 51
3773 0 51
3774 0 51
3775 0 51
3776 0 51
3777 0 51
3778 0 52
3779 0 51
3780 0 52
3781 0 51
3782 0 51
3783 0 52
3784 0 51
3785 0 52
3786 0 51
3787 0 52
3788 0 51
3789 0 51
3790 0 51
3791 0 51
3792 0 51
3793 0 51
3794 0 51
3795 0 50
3796 0 51
3797 0 50
3798 0 50
3799 0 50
3800 0 50
3801 0 50
3802 0 50
3803 0 50
3804 0 50
3805 0 51
3806 0 50
3807 0 51
3808 0 51
3809 0 51
3810 0 50
3811 0 50
3812 0 50
3813 0 50
3814 0 51
3815 0 50
3816 0 51
3817 0 50
3818 0 50
3819 0 51
3820 0 50
3821 0 50
3822 0 50
3823 0 51
3824 0 50
3825 0 51
3826 0 50
3827 0 50
3828 0 51
3829 0 50
3830 0 50
3831 0 49
3832 0 50
3833 0 49
3834 0 49
3835 0 49
3836 0 49
3837 0 49
3838 0 50
3839 0 52
3840 0 51
3841 0 52
3842 0 51
3843 0 51
3844 0 51
3845 0 51
3846 0 51
3847 0 51
3848 0 51
3849 0 51
3850 0 52
3851 0 51
3852 0 52
3853 0 51
3854 0 51
3855 0 51
3856 0 51
3857 0 51
3858 0 51
3859 0 52
3860 0 51
3861 0 52
3862 0 51
3863 0 51
3864 0 52
3865 0 51
3866 0 51
3867 0 50
3868 0 51
3869 0 51
3870 0 50
3871 0 51
3872 0 50
3873 0 50
3874 0 51
3875 0 51
3876 0 51
3877 0 51
3878 0 52
3879 0 51
3880 0 52
3881 0 51
3882 0 51
3883 0 52
3884 0 51
3885 0 51
3886 0 50
3887 0 51
3888 0 50
3889 0 50
3890 0 50
3891 0 50
3892 0 50
3893 0 50
3894 0 52
3895 0 51
3896 0 52
3897 0 51
3898 0 51
3899 0 51
3900 0 51
3901 0 51
3902 0 51
3903 0 51
3904 0 51
3905 0 52
3906 0 51
3907 0 52
3908 0 51
3909 0 51
3910 0 51
3911 0 51
3912 0 51
3913 0 51
3914 0 52
3915 0 51
3916 0 52
3917 0 51
3918 0 51
3919 0 52
3920 0 51
3921 0 51
3922 0 50
3923 0 51
3924 0 51
3925 0 50
3926 0 51
3927 0 50
3928 0 50
3929 0 51
3930 0 51
3931 0 51
3932 0 51
3933 0 52
3934 0 51
3935 0 52
3936 0 51
3937 0 51
3938 0 52
3939 0 51
3940 0 52
3941 0 51
3942 0 52
3943 0 51
3944 0 51
3945 0 51
3946 0 51
3947 0 51
3948 0 51
3949 0 52
3950 0 51
3951 0 52
3952 0 50
3953 0 50
3954 0 51
3955 0 51
3956 0 51
3957 0 51
3958 0 52
3959 0 51
3960 0 52
3961 0 51
3962 0 51
3963 0 52
3964 0 51
3965 0 52
3966 0 51
3967 0 52
3968 0 51
3969 0 51
3970 0 51
3971 0 51
3972 0 51
3973 0 51
3974 0 51
3975 0 50
3976 0 51
3977 0 51
3978 0 51
3979 0 51
3980 0 51
3981 0 51
3982 0 51
3983 0 50
3984 0 49
3985 0 51
3986 0 50
3987 0 51
3988 0 51
3989 0 51
3990 0 51
3991 0 51
3992 0 51
3993 0 50
3994 0 51
3995 0 51
3996 0 51
3997 0 51
3998 0 51
3999 0 51
4000 0 51
4001 0 50
4002 0 49
4003 0 51
4004 0 50
4005 0 51
4006 0 51
4007 0 51
4008 0 51
4009 0 51
4010 0 50
4011 0 50
4012 0 51
4013 0 50
4014 0 51
4015 0 50
4016 0 50
4017 0 51
4018 0 50
4019 0 51
4020 0 50
4021 0 51
4022 0 51
4023 0 50
4024 0 51
4025 0 49
4026 0 49
4027 0 51
4028 0 51
4029 0 51
4030 0 51
4031 0 51
4032 0 51
4033 0 51
4034 0 50
4035 0 51
4036 0 51
4037 0 50
4038 0 50
4039 0 51
4040 0 51
4041 0 51
4042 0 51
4043 0 51
4044 0 50
4045 0 51
4046 0 51
4047 0 51
4048 0 51
4049 0 50
4050 0 51
4051 0 51
4052 0 51
4053 0 51
4054 0 51
4055 0 51
4056 0 51
4057 0 51
4058 0 51
4059 0 51
4060 0 50
4061 0 50
4062 0 49
4063 0 51
4064 0 51
4065 0 51
4066 0 51
4067 0 51
4068 0 51
4069 0 51
4070 0 51
4071 0 51
4072 0 50
4073 0 50
4074 0 51
4075 0 50
4076 0 50
4077 0 50
4078 0 50
4079 0 49
4080 0 49
4081 0 51
4082 0 51
4083 0 51
4084 0 51
4085 0 51
4086 0 50
4087 0 51
4088 0 51
4089 0 50
4090 0 50
4091 0 51
4092 0 51
4093 0 51
4094 0 51
4095 0 51
4096 0 50
4097 0 51
4098 0 51
4099 0 51
4100 0 51
4101 0 50
4102 0 51
4103 0 51
4104 0 51
4105 0 51
4106 0 51
4107 0 51
4108 0 51
4109 0 51
4110 0 51
4111 0 51
4112 0 50
4113 0 50
4114 0 49
4115 0 51
4116 0 51
4117 0 51
4118 0 51
4119 0 51
4120 0 50
4121 0 51
4122 0 51
4123 0 50
4124 0 50
4125 0 51
4126 0 51
4127 0 51
4128 0 51
4129 0 51
4130 0 50
4131 0 51
4132 0 51
4133 0 51
4134 0 51
4135 0 50
4136 0 51
4137 0 51
4138 0 51
4139 0 51
4140 0 51
4141 0 51
4142 0 51
4143 0 51
4144 0 51
4145 0 51
4146 0 50
4147 0 50
4148 0 49
4149 0 51
4150 0 51
4151 0 51
4152 0 51
4153 0 51
4154 0 51
4155 0 51
4156 0 51
4157 0 51
4158 0 50
4159 0 50
4160 0 51
4161 0 50
4162 0 50
4163 0 50
4164 0 50
4165 0 49
4166 0 49
4167 0 51
4168 0 51
4169 0 51
4170 0 51
4171 0 51
4172 0 50
4173 0 51
4174 0 51
4175 0 50
4176 0 50
4177 0 51
4178 0 51
4179 0 51
4180 0 51
4181 0 51
4182 0 50
4183 0 51
4184 0 51
4185 0 51
4186 0 51
4187 0 50
4188 0 51
4189 0 51
4190 0 51
4191 0 51
4192 0 51
4193 0 51
4194 0 51
4195 0 51
4196 0 51
4197 0 51
4198 0 50
4199 0 50
4200 0 49
4201 0 51
4202 0 51
4203 0 50
4204 0 50
4205 0 50
4206 0 51
4207 0 51
4208 0 50
4209 0 50
4210 0 51
4211 0 51
4212 0 51
4213 0 50
4214 0 50
4215 0 50
4216 0 50
4217 0 50
4218 0 50
4219 0 51
4220 0 51
4221 0 51
4222 0 50
4223 0 50
4224 0 49
4225 0 51
4226 0 51
4227 0 50
4228 0 50
4229 0 50
4230 0 51
4231 0 51
4232 0 50
4233 0 50
4234 0 51
4235 0 51
4236 0 51
4237 0 50
4238 0 50
4239 0 50
4240 0 50
4241 0 50
4242 0 50
4243 0 51
4244 0 51
4245 0 51
4246 0 51
4247 0 51
4248 0 50
4249 0 51
4250 0 51
4251 0 50
4252 0 50
4253 0 51
4254 0 51
4255 0 51
4256 0 51
4257 0 51
4258 0 50
4259 0 51
4260 0 51
4261 0 51
4262 0 51
4263 0 51
4264 0 50
4265 0 51
4266 0 51
4267 0 50
4268 0 50
4269 0 51
4270 0 51
4271 0 51
4272 0 51
4273 0 51
4274 0 50
4275 0 51
4276 0 51
4277 0 49
4278 0 49
4279 0 50
4280 0 51
4281 0 51
4282 0 49
4283 0 49
4284 0 51
4285 0 51
4286 0 51
4287 0 51
4288 0 51
4289 0 51
4290 0 50
4291 0 50
4292 0 50
4293 0 52
4294 0 51
4295 0 52
4296 0 51
4297 0 51
4298 0 51
4299 0 51
4300 0 51
4301 0 51
4302 0 51
4303 0 51
4304 0 52
4305 0 51
4306 0 52
4307 0 51
4308 0 51
4309 0 51
4310 0 51
4311 0 51
4312 0 51
4313 0 52
4314 0 51
4315 0 52
4316 0 51
4317 0 51
4318 0 52
4319 0 51
4320 0 51
4321 0 50
4322 0 51
4323 0 51
4324 0 50
4325 0 51
4326 0 50
4327 0 50
4328 0 51
4329 0 51
4330 0 51
4331 0 51
4332 0 52
4333 0 51
4334 0 52
4335 0 51
4336 0 51
4337 0 52
4338 0 51
4339 0 51
4340 0 50
4341 0 51
4342 0 50
4343 0 50
4344 0 50
4345 0 50
4346 0 50
4347 0 50
4348 0 52
4349 0 51
4350 0 52
4351 0 51
4352 0 51
4353 0 51
4354 0 51
4355 0 51
4356 0 51
4357 0 51
4358 0 51
4359 0 52
4360 0 51
4361 0 52
4362 0 51
4363 0 51
4364 0 51
4365 0 51
4366 0 51
4367 0 51
4368 0 52
4369 0 51
4370 0 52
4371 0 51
4372 0 51
4373 0 52
4374 0 51
4375 0 51
4376 0 50
4377 0 51
4378 0 51
4379 0 50
4380 0 51
4381 0 50
4382 0 50
4383 0 51
4384 0 51
4385 0 51
4386 0 51
4387 0 52
4388 0 51
4389 0 52
4390 0 51
4391 0 51
4392 0 52
4393 0 51
4394 0 52
4395 0 51
4396 0 52
4397 0 51
4398 0 51
4399 0 51
4400 0 51
4401 0 51
4402 0 51
4403 0 52
4404 0 51
4405 0 52
4406 0 50
4407 0 50
4408 0 51
4409 0 51
4410 0 51
4411 0 51
4412 0 52
4413 0 51
4414 0 52
4415 0 51
4416 0 51
4417 0 52
4418 0 51
4419 0 52
4420 0 51
4421 0 52
4422 0 51
4423 0 51
4424 0 51
4425 0 51
4426 0 51
4427 0 51
4428 0 51
4429 0 50
4430 0 51
4431 0 51
4432 0 51
4433 0 51
4434 0 51
4435 0 51
4436 0 51
4437 0 50
4438 0 49
4439 0 51
4440 0 50
4441 0 51
4442 0 51
4443 0 51
4444 0 51
4445 0 51
4446 0 51
4447 0 50
4448 0 51
4449 0 51
4450 0 51
4451 0 51
4452 0 51
4453 0 51
4454 0 51
4455 0 50
4456 0 49
4457 0 51
4458 0 50
4459 0 51
4460 0 51
4461 0 51
4462 0 51
4463 0 51
4464 0 50
4465 0 50
4466 0 51
4467 0 50
4468 0 51
4469 0 50
4470 0 50
4471 0 51
4472 0 50
4473 0 51
4474 0 50
4475 0 51
4476 0 51
4477 0 50
4478 0 51
4479 0 49
4480 0 49
4481 0 51
4482 0 51
4483 0 51
4484 0 51
4485 0 52
4486 0 51
4487 0 52
4488 0 51
4489 0 51
4490 0 52
4491 0 51
4492 0 52
4493 0 51
4494 0 52
4495 0 51
4496 0 51
4497 0 51
4498 0 51
4499 0 51
4500 0 51
4501 0 52
4502 0 51
4503 0 52
4504 0 51
4505 0 51
4506 0 51
4507 0 51
4508 0 51
4509 0 51
4510 0 52
4511 0 51
4512 0 52
4513 0 51
4514 0 51
4515 0 52
4516 0 51
4517 0 52
4518 0 51
4519 0 52
4520 0 51
4521 0 51
4522 0 51
4523 0 51
4524 0 51
4525 0 51
4526 0 51
4527 0 50
4528 0 51
4529 0 50
4530 0 50
4531 0 51
4532 0 51
4533 0 50
4534 0 50
4535 0 50
4536 0 50
4537 0 51
4538 0 50
4539 0 51
4540 0 51
4541 0 51
4542 0 51
4543 0 51
4544 0 50
4545 0 50
4546 0 51
4547 0 50
4548 0 51
4549 0 50
4550 0 50
4551 0 51
4552 0 50
4553 0 50
4554 0 50
4555 0 51
4556 0 50
4557 0 51
4558 0 50
4559 0 50
4560 0 51
4561 0 50
4562 0 50
4563 0 49
4564 0 50
4565 0 49
4566 0 49
4567 0 49
4568 0 49
4569 0 49
4570 0 50
4571 0 52
4572 0 51
4573 0 52
4574 0 51
4575 0 51
4576 0 51
4577 0 51
4578 0 51
4579 0 51
4580 0 51
4581 0 51
4582 0 52
4583 0 51
4584 0 52
4585 0 51
4586 0 51
4587 0 51
4588 0 51
4589 0 51
4590 0 51
4591 0 52
4592 0 51
4593 0 52
4594 0 51
4595 0 51
4596 0 52
4597 0 51
4598 0 51
4599 0 50
4600 0 51
4601 0 51
4602 0 50
4603 0 51
4604 0 50
4605 0 50
4606 0 51
4607 0 51
4608 0 51
4609 0 51
4610 0 52
4611 0 51
4612 0 52
4613 0 51
4614 0 51
4615 0 52
4616 0 51
4617 0 51
4618 0 50
4619 0 51
4620 0 50
4621 0 50
4622 0 50
4623 0 50
4624 0 50
4625 0 50
4626 0 52
4627 0 51
4628 0 52
4629 0 51
4630 0 51
4631 0 51
4632 0 51
4633 0 51
4634 0 51
4635 0 51
4636 0 51
4637 0 52
4638 0 51
4639 0 52
4640 0 51
4641 0 51
4642 0 51
4643 0 51
4644 0 51
4645 0 51
4646 0 52
4647 0 51
4648 0 52
4649 0 51
4650 0 51
4651 0 52
4652 0 51
4653 0 51
4654 0 50
4655 0 51
4656 0 51
4657 0 50
4658 0 51
4659 0 50
4660 0 50
4661 0 51
4662 0 51
4663 0 51
4664 0 51
4665 0 52
4666 0 51
4667 0 52
4668 0 51
4669 0 51
4670 0 52
4671 0 51
4672 0 52
4673 0 51
4674 0 52
4675 0 51
4676 0 51
4677 0 51
4678 0 51
4679 0 51
4680 0 51
4681 0 52
4682 0 51
4683 0 52
4684 0 50
4685 0 50
4686 0 51
4687 0 51
4688 0 51
4689 0 51
4690 0 52
4691 0 51
4692 0 52
4693 0 51
4694 0 51
4695 0 52
4696 0 51
4697 0 52
4698 0 51
4699 0 52
4700 0 51
4701 0 51
4702 0 51
4703 0 51
4704 0 51
4705 0 51
4706 0 51
4707 0 50
4708 0 51
4709 0 51
4710 0 51
4711 0 51
4712 0 51
4713 0 51
4714 0 51
4715 0 50
4716 0 49
4717 0 51
4718 0 50
4719 0 51
4720 0 51
4721 0 51
4722 0 51
4723 0 51
4724 0 51
4725 0 50
4726 0 51
4727 0 51
4728 0 51
4729 0 51
4730 0 51
4731 0 51
4732 0 51
4733 0 50
4734 0 49
4735 0 51
4736 0 50
4737 0 51
4738 0 51
4739 0 51
4740 0 51
4741 0 51
4742 0 50
4743 0 50
4744 0 51
4745 0 50
4746 0 51
4747 0 50
4748 0 50
4749 0 51
4750 0 50
4751 0 51
4752 0 50
4753 0 51
4754 0 51
4755 0 50
4756 0 51
4757 0 49
4758 0 49
4759 0 51
4760 0 51
4761 0 51
4762 0 51
4763 0 51
4764 0 51
4765 0 51
4766 0 51
4767 0 51
4768 0 51
4769 0 51
4770 0 51
4771 0 50
4772 0 51
4773 0 50
4774 0 50
4775 0 50
4776 0 50
4777 0 50
4778 0 50
4779 0 51
4780 0 50
4781 0 51
4782 0 50
4783 0 50
4784 0 50
4785 0 50
4786 0 51
4787 0 51
4788 0 51
4789 0 51
4790 0 51
4791 0 51
4792 0 51
4793 0 51
4794 0 51
4795 0 51
4796 0 50
4797 0 51
4798 0 50
4799 0 50
4800 0 50
4801 0 50
4802 0 50
4803 0 50
4804 0 51
4805 0 50
4806 0 51
4807 0 51
4808 0 51
4809 0 50
4810 0 50
4811 0 51
4812 0 51
4813 0 50
4814 0 49
4815 0 51
4816 0 50
4817 0 51
4818 0 51
4819 0 51
4820 0 50
4821 0 50
4822 0 50
4823 0 50
4824 0 50
4825 0 49
4826 0 51
4827 0 50
4828 0 50
4829 0 50
4830 0 49
4831 0 50
4832 0 50
4833 0 50
4834 0 49
4835 0 51
4836 0 50
4837 0 50
4838 0 50
4839 0 49
4840 0 50
4841 0 49
4842 0 50
4843 0 50
4844 0 50
4845 0 50
4846 0 50
4847 0 50
4848 0 50
4849 0 51
4850 0 50
4851 0 51
4852 0 51
4853 0 51
4854 0 50
4855 0 50
4856 0 51
4857 0 51
4858 0 50
4859 0 49
4860 0 51
4861 0 50
4862 0 51
4863 0 51
4864 0 51
4865 0 50
4866 0 50
4867 0 50
4868 0 50
4869 0 50
4870 0 50
4871 0 50
4872 0 50
4873 0 50
4874 0 50
4875 0 50
4876 0 50
4877 0 49
4878 0 50
4879 0 50
4880 0 49
4881 0 50
4882 0 49
4883 0 49
4884 0 50
4885 0 50
4886 0 51
4887 0 51
4888 0 51
4889 0 51
4890 0 51
4891 0 51
4892 0 51
4893 0 51
4894 0 51
4895 0 51
4896 0 50
4897 0 51
4898 0 50
4899 0 50
4900 0 50
4901 0 50
4902 0 50
4903 0 50
4904 0 51
4905 0 50
4906 0 51
4907 0 50
4908 0 50
4909 0 50
4910 0 50
4911 0 51
4912 0 51
4913 0 51
4914 0 51
4915 0 51
4916 0 51
4917 0 51
4918 0 51
4919 0 51
4920 0 51
4921 0 50
4922 0 51
4923 0 50
4924 0 50
4925 0 50
4926 0 50
4927 0 50
4928 0 50
4929 0 51
4930 0 50
4931 0 51
4932 0 51
4933 0 51
4934 0 51
4935 0 51
4936 0 51
4937 0 51
4938 0 50
4939 0 49
4940 0 51
4941 0 50
4942 0 51
4943 0 51
4944 0 51
4945 0 51
4946 0 51
4947 0 50
4948 0 50
4949 0 50
4950 0 49
4951 0 51
4952 0 50
4953 0 50
4954 0 50
4955 0 49
4956 0 50
4957 0 50
4958 0 50
4959 0 49
4960 0 51
4961 0 50
4962 0 50
4963 0 50
4964 0 49
4965 0 50
4966 0 49
4967 0 50
4968 0 50
4969 0 50
4970 0 50
4971 0 50
4972 0 50
4973 0 50
4974 0 51
4975 0 51
4976 0 51
4977 0 51
4978 0 51
4979 0 50
4980 0 50
4981 0 51
4982 0 51
4983 0 50
4984 0 50
4985 0 51
4986 0 51
4987 0 51
4988 0 51
4989 0 51
4990 0 50
4991 0 50
4992 0 51
4993 0 51
4994 0 51
4995 0 51
4996 0 51
4997 0 51
4998 0 51
4999 0 51
5000 0 51
5001 0 50
5002 0 49
5003 0 50
5004 0 50
5005 0 49
5006 0 50
5007 0 50
5008 0 50
5009 0 50
5010 0 50
5011 0 51
5012 0 51
5013 0 51
5014 0 51
5015 0 51
5016 0 51
5017 0 51
5018 0 51
5019 0 51
5020 0 50
5021 0 50
5022 0 50
5023 0 50
5024 0 50
5025 0 50
5026 0 50
5027 0 49
5028 0 50
5029 0 51
5030 0 51
5031 0 51
5032 0 51
5033 0 51
5034 0 50
5035 0 50
5036 0 51
5037 0 51
5038 0 50
5039 0 50
5040 0 51
5041 0 51
5042 0 51
5043 0 51
5044 0 51
5045 0 50
5046 0 50
5047 0 51
5048 0 51
5049 0 51
5050 0 51
5051 0 51
5052 0 51
5053 0 51
5054 0 51
5055 0 51
5056 0 50
5057 0 49
5058 0 50
5059 0 50
5060 0 49
5061 0 50
5062 0 50
5063 0 50
5064 0 50
5065 0 50
5066 0 51
5067 0 51
5068 0 51
5069 0 51
5070 0 51
5071 0 50
5072 0 50
5073 0 51
5074 0 51
5075 0 50
5076 0 50
5077 0 51
5078 0 51
5079 0 51
5080 0 51
5081 0 51
5082 0 50
5083 0 50
5084 0 51
5085 0 51
5086 0 51
5087 0 51
5088 0 51
5089 0 51
5090 0 51
5091 0 51
5092 0 51
5093 0 50
5094 0 49
5095 0 50
5096 0 50
5097 0 49
5098 0 50
5099 0 50
5100 0 50
5101 0 50
5102 0 50
5103 0 51
5104 0 51
5105 0 51
5106 0 51
5107 0 51
5108 0 51
5109 0 51
5110 0 51
5111 0 51
5112 0 50
5113 0 50
5114 0 50
5115 0 50
5116 0 50
5117 0 50
5118 0 50
5119 0 49
5120 0 50
5121 0 51
5122 0 51
5123 0 51
5124 0 51
5125 0 51
5126 0 50
5127 0 50
5128 0 51
5129 0 51
5130 0 50
5131 0 50
5132 0 51
5133 0 51
5134 0 51
5135 0 51
5136 0 51
5137 0 50
5138 0 50
5139 0 51
5140 0 51
5141 0 51
5142 0 51
5143 0 51
5144 0 51
5145 0 51
5146 0 51
5147 0 51
5148 0 50
5149 0 49
5150 0 50
5151 0 50
5152 0 49
5153 0 50
5154 0 50
5155 0 50
5156 0 50
5157 0 50
5158 0 51
5159 0 51
5160 0 50
5161 0 50
5162 0 50
5163 0 51
5164 0 51
5165 0 50
5166 0 50
5167 0 50
5168 0 49
5169 0 50
5170 0 49
5171 0 49
5172 0 49
5173 0 49
5174 0 49
5175 0 50
5176 0 50
5177 0 49
5178 0 50
5179 0 50
5180 0 50
5181 0 49
5182 0 49
5183 0 51
5184 0 51
5185 0 50
5186 0 50
5187 0 50
5188 0 51
5189 0 51
5190 0 50
5191 0 50
5192 0 50
5193 0 49
5194 0 50
5195 0 49
5196 0 49
5197 0 49
5198 0 49
5199 0 49
5200 0 50
5201 0 51
5202 0 50
5203 0 51
5204 0 51
5205 0 51
5206 0 49
5207 0 49
5208 0 51
5209 0 51
5210 0 50
5211 0 50
5212 0 51
5213 0 50
5214 0 51
5215 0 51
5216 0 51
5217 0 49
5218 0 49
5219 0 51
5220 0 50
5221 0 51
5222 0 51
5223 0 51
5224 0 49
5225 0 49
5226 0 51
5227 0 51
5228 0 50
5229 0 50
5230 0 51
5231 0 50
5232 0 51
5233 0 51
5234 0 51
5235 0 49
5236 0 49
5237 0 50
5238 0 50
5239 0 49
5240 0 50
5241 0 49
5242 0 50
5243 0 50
5244 0 49
5245 0 50
5246 0 50
5247 0 50
5248 0 50
5249 0 50
5250 0 50
5251 0 50
5252 0 50
5253 0 50
5254 0 50
5255 0 50
5256 0 52
5257 0 52
5258 0 52
5259 0 51
5260 0 52
5261 0 52
5262 0 52
5263 0 51
5264 0 52
5265 0 51
5266 0 51
5267 0 51
5268 0 51
5269 0 52
5270 0 51
5271 0 52
5272 0 51
5273 0 51
5274 0 51
5275 0 51
5276 0 51
5277 0 52
5278 0 52
5279 0 52
5280 0 51
5281 0 52
5282 0 52
5283 0 52
5284 0 51
5285 0 52
5286 0 51
5287 0 51
5288 0 51
5289 0 51
5290 0 52
5291 0 51
5292 0 52
5293 0 51
5294 0 52
5295 0 51
5296 0 51
5297 0 51
5298 0 52
5299 0 51
5300 0 52
5301 0 51
5302 0 52
5303 0 51
5304 0 52
5305 0 51
5306 0 51
5307 0 51
5308 0 51
5309 0 51
5310 0 51
5311 0 50
5312 0 51
5313 0 51
5314 0 51
5315 0 51
5316 0 51
5317 0 50
5318 0 51
5319 0 51
5320 0 51
5321 0 50
5322 0 51
5323 0 50
5324 0 51
5325 0 51
5326 0 51
5327 0 52
5328 0 51
5329 0 52
5330 0 51
5331 0 52
5332 0 51
5333 0 51
5334 0 51
5335 0 52
5336 0 51
5337 0 52
5338 0 51
5339 0 52
5340 0 51
5341 0 52
5342 0 51
5343 0 51
5344 0 51
5345 0 51
5346 0 51
5347 0 51
5348 0 50
5349 0 51
5350 0 51
5351 0 51
5352 0 50
5353 0 51
5354 0 50
5355 0 51
5356 0 50
5357 0 51
5358 0 50
5359 0 50
5360 0 51
5361 0 51
5362 0 50
5363 0 52
5364 0 52
5365 0 52
5366 0 51
5367 0 52
5368 0 52
5369 0 52
5370 0 51
5371 0 52
5372 0 51
5373 0 51
5374 0 51
5375 0 51
5376 0 52
5377 0 51
5378 0 52
5379 0 51
5380 0 51
5381 0 51
5382 0 51
5383 0 51
5384 0 52
5385 0 52
5386 0 52
5387 0 51
5388 0 52
5389 0 52
5390 0 52
5391 0 51
5392 0 52
5393 0 51
5394 0 51
5395 0 51
5396 0 51
5397 0 52
5398 0 51
5399 0 52
5400 0 51
5401 0 52
5402 0 51
5403 0 51
5404 0 51
5405 0 52
5406 0 51
5407 0 52
5408 0 51
5409 0 52
5410 0 51
5411 0 52
5412 0 51
5413 0 51
5414 0 51
5415 0 51
5416 0 51
5417 0 51
5418 0 50
5419 0 51
5420 0 51
5421 0 51
5422 0 51
5423 0 51
5424 0 50
5425 0 51
5426 0 51
5427 0 51
5428 0 50
5429 0 51
5430 0 50
5431 0 51
5432 0 51
5433 0 51
5434 0 52
5435 0 51
5436 0 52
5437 0 51
5438 0 52
5439 0 51
5440 0 51
5441 0 51
5442 0 52
5443 0 51
5444 0 52
5445 0 51
5446 0 52
5447 0 51
5448 0 52
5449 0 51
5450 0 51
5451 0 51
5452 0 52
5453 0 52
5454 0 52
5455 0 51
5456 0 52
5457 0 52
5458 0 51
5459 0 51
5460 0 51
5461 0 51
5462 0 51
5463 0 51
5464 0 51
5465 0 51
5466 0 51
5467 0 51
5468 0 51
5469 0 51
5470 0 52
5471 0 52
5472 0 52
5473 0 51
5474 0 52
5475 0 52
5476 0 51
5477 0 50
5478 0 51
5479 0 50
5480 0 51
5481 0 51
5482 0 50
5483 0 52
5484 0 51
5485 0 52
5486 0 51
5487 0 52
5488 0 51
5489 0 51
5490 0 51
5491 0 52
5492 0 51
5493 0 52
5494 0 51
5495 0 52
5496 0 51
5497 0 52
5498 0 51
5499 0 51
5500 0 51
5501 0 52
5502 0 52
5503 0 52
5504 0 51
5505 0 52
5506 0 52
5507 0 51
5508 0 51
5509 0 51
5510 0 51
5511 0 51
5512 0 51
5513 0 51
5514 0 51
5515 0 51
5516 0 51
5517 0 51
5518 0 51
5519 0 51
5520 0 51
5521 0 51
5522 0 50
5523 0 51
5524 0 51
5525 0 51
5526 0 51
5527 0 51
5528 0 51
5529 0 51
5530 0 51
5531 0 50
5532 0 51
5533 0 51
5534 0 51
5535 0 51
5536 0 50
5537 0 50
5538 0 50
5539 0 49
5540 0 51
5541 0 51
5542 0 51
5543 0 50
5544 0 51
5545 0 51
5546 0 51
5547 0 51
5548 0 51
5549 0 51
5550 0 51
5551 0 51
5552 0 50
5553 0 51
5554 0 51
5555 0 51
5556 0 50
5557 0 51
5558 0 51
5559 0 51
5560 0 51
5561 0 51
5562 0 51
5563 0 51
5564 0 51
5565 0 50
5566 0 51
5567 0 51
5568 0 51
5569 0 51
5570 0 50
5571 0 50
5572 0 50
5573 0 49
5574 0 51
5575 0 51
5576 0 51
5577 0 50
5578 0 51
5579 0 51
5580 0 51
5581 0 51
5582 0 51
5583 0 51
5584 0 51
5585 0 51
5586 0 50
5587 0 51
5588 0 50
5589 0 51
5590 0 50
5591 0 51
5592 0 50
5593 0 50
5594 0 50
5595 0 51
5596 0 50
5597 0 51
5598 0 50
5599 0 51
5600 0 50
5601 0 51
5602 0 50
5603 0 50
5604 0 50
5605 0 51
5606 0 51
5607 0 51
5608 0 50
5609 0 51
5610 0 51
5611 0 51
5612 0 51
5613 0 51
5614 0 50
5615 0 51
5616 0 51
5617 0 51
5618 0 49
5619 0 51
5620 0 49
5621 0 51
5622 0 51
5623 0 50
5624 0 52
5625 0 51
5626 0 52
5627 0 51
5628 0 52
5629 0 51
5630 0 51
5631 0 51
5632 0 52
5633 0 51
5634 0 52
5635 0 51
5636 0 52
5637 0 51
5638 0 52
5639 0 51
5640 0 51
5641 0 51
5642 0 52
5643 0 52
5644 0 52
5645 0 51
5646 0 52
5647 0 52
5648 0 51
5649 0 51
5650 0 51
5651 0 51
5652 0 51
5653 0 51
5654 0 51
5655 0 51
5656 0 51
5657 0 51
5658 0 51
5659 0 51
5660 0 52
5661 0 52
5662 0 52
5663 0 51
5664 0 52
5665 0 52
5666 0 51
5667 0 51
5668 0 51
5669 0 51
5670 0 51
5671 0 51
5672 0 50
5673 0 52
5674 0 51
5675 0 52
5676 0 51
5677 0 52
5678 0 51
5679 0 51
5680 0 51
5681 0 52
5682 0 51
5683 0 52
5684 0 51
5685 0 52
5686 0 51
5687 0 52
5688 0 51
5689 0 51
5690 0 51
5691 0 52
5692 0 52
5693 0 52
5694 0 51
5695 0 52
5696 0 52
5697 0 51
5698 0 51
5699 0 51
5700 0 51
5701 0 51
5702 0 51
5703 0 51
5704 0 51
5705 0 51
5706 0 51
5707 0 51
5708 0 51
5709 0 51
5710 0 51
5711 0 51
5712 0 50
5713 0 51
5714 0 51
5715 0 51
5716 0 50
5717 0 51
5718 0 50
5719 0 51
5720 0 51
5721 0 50
5722 0 51
5723 0 50
5724 0 51
5725 0 50
5726 0 50
5727 0 50
5728 0 50
5729 0 50
5730 0 51
5731 0 51
5732 0 51
5733 0 50
5734 0 51
5735 0 51
5736 0 51
5737 0 51
5738 0 51
5739 0 51
5740 0 51
5741 0 51
5742 0 50
5743 0 51
5744 0 50
5745 0 51
5746 0 50
5747 0 51
5748 0 50
5749 0 50
5750 0 50
5751 0 51
5752 0 50
5753 0 51
5754 0 50
5755 0 51
5756 0 50
5757 0 51
5758 0 50
5759 0 50
5760 0 50
5761 0 51
5762 0 50
5763 0 51
5764 0 50
5765 0 51
5766 0 50
5767 0 50
5768 0 50
5769 0 51
5770 0 50
5771 0 51
5772 0 50
5773 0 51
5774 0 50
5775 0 51
5776 0 50
5777 0 50
5778 0 50
5779 0 50
5780 0 50
5781 0 50
5782 0 49
5783 0 50
5784 0 50
5785 0 51
5786 0 49
5787 0 51
5788 0 49
5789 0 51
5790 0 49
5791 0 51
5792 0 49
5793 0 49
5794 0 50
5795 0 50
5796 0 50
5797 0 52
5798 0 52
5799 0 52
5800 0 51
5801 0 52
5802 0 52
5803 0 52
5804 0 51
5805 0 52
5806 0 51
5807 0 51
5808 0 51
5809 0 51
5810 0 52
5811 0 51
5812 0 52
5813 0 51
5814 0 51
5815 0 51
5816 0 51
5817 0 51
5818 0 52
5819 0 52
5820 0 52
5821 0 51
5822 0 52
5823 0 52
5824 0 52
5825 0 51
5826 0 52
5827 0 51
5828 0 51
5829 0 51
5830 0 51
5831 0 52
5832 0 51
5833 0 52
5834 0 51
5835 0 52
5836 0 51
5837 0 51
5838 0 51
5839 0 52
5840 0 51
5841 0 52
5842 0 51
5843 0 52
5844 0 51
5845 0 52
5846 0 51
5847 0 51
5848 0 51
5849 0 51
5850 0 51
5851 0 51
5852 0 50
5853 0 51
5854 0 51
5855 0 51
5856 0 51
5857 0 51
5858 0 50
5859 0 51
5860 0 51
5861 0 51
5862 0 50
5863 0 51
5864 0 50
5865 0 51
5866 0 51
5867 0 51
5868 0 52
5869 0 51
5870 0 52
5871 0 51
5872 0 52
5873 0 51
5874 0 51
5875 0 51
5876 0 52
5877 0 51
5878 0 52
5879 0 51
5880 0 52
5881 0 51
5882 0 52
5883 0 51
5884 0 51
5885 0 51
5886 0 51
5887 0 51
5888 0 51
5889 0 50
5890 0 51
5891 0 51
5892 0 51
5893 0 50
5894 0 51
5895 0 50
5896 0 51
5897 0 50
5898 0 51
5899 0 50
5900 0 50
5901 0 51
5902 0 51
5903 0 50
5904 0 52
5905 0 52
5906 0 52
5907 0 51
5908 0 52
5909 0 52
5910 0 52
5911 0 51
5912 0 52
5913 0 51
5914 0 51
5915 0 51
5916 0 51
5917 0 52
5918 0 51
5919 0 52
5920 0 51
5921 0 51
5922 0 51
5923 0 51
5924 0 51
5925 0 52
5926 0 52
5927 0 52
5928 0 51
5929 0 52
5930 0 52
5931 0 52
5932 0 51
5933 0 52
5934 0 51
5935 0 51
5936 0 51
5937 0 51
5938 0 52
5939 0 51
5940 0 52
5941 0 51
5942 0 52
5943 0 51
5944 0 51
5945 0 51
5946 0 52
5947 0 51
5948 0 52
5949 0 51
5950 0 52
5951 0 51
5952 0 52
5953 0 51
5954 0 51
5955 0 51
5956 0 51
5957 0 51
5958 0 51
5959 0 50
5960 0 51
5961 0 51
5962 0 51
5963 0 51
5964 0 51
5965 0 50
5966 0 51
5967 0 51
5968 0 51
5969 0 50
5970 0 51
5971 0 50
5972 0 51
5973 0 51
5974 0 51
5975 0 52
5976 0 51
5977 0 52
5978 0 51
5979 0 52
5980 0 51
5981 0 51
5982 0 51
5983 0 52
5984 0 51
5985 0 52
5986 0 51
5987 0 52
5988 0 51
5989 0 52
5990 0 51
5991 0 51
5992 0 51
5993 0 52
5994 0 52
5995 0 52
5996 0 51
5997 0 52
5998 0 52
5999 0 51
6000 0 51
6001 0 51
6002 0 51
6003 0 51
6004 0 51
6005 0 51
6006 0 51
6007 0 51
6008 0 51
6009 0 51
6010 0 51
6011 0 52
6012 0 52
6013 0 52
6014 0 51
6015 0 52
6016 0 52
6017 0 51
6018 0 50
6019 0 51
6020 0 50
6021 0 51
6022 0 51
6023 0 50
6024 0 52
6025 0 51
6026 0 52
6027 0 51
6028 0 52
6029 0 51
6030 0 51
6031 0 51
6032 0 52
6033 0 51
6034 0 52
6035 0 51
6036 0 52
6037 0 51
6038 0 52
6039 0 51
6040 0 51
6041 0 51
6042 0 52
6043 0 52
6044 0 52
6045 0 51
6046 0 52
6047 0 52
6048 0 51
6049 0 51
6050 0 51
6051 0 51
6052 0 51
6053 0 51
6054 0 51
6055 0 51
6056 0 51
6057 0 51
6058 0 51
6059 0 51
6060 0 51
6061 0 51
6062 0 51
6063 0 50
6064 0 51
6065 0 51
6066 0 51
6067 0 51
6068 0 51
6069 0 51
6070 0 51
6071 0 51
6072 0 50
6073 0 51
6074 0 51
6075 0 51
6076 0 51
6077 0 50
6078 0 50
6079 0 50
6080 0 49
6081 0 51
6082 0 51
6083 0 51
6084 0 50
6085 0 51
6086 0 51
6087 0 51
6088 0 51
6089 0 51
6090 0 51
6091 0 51
6092 0 51
6093 0 50
6094 0 51
6095 0 51
6096 0 51
6097 0 50
6098 0 51
6099 0 51
6100 0 51
6101 0 51
6102 0 51
6103 0 51
6104 0 51
6105 0 51
6106 0 50
6107 0 51
6108 0 51
6109 0 51
6110 0 51
6111 0 50
6112 0 50
6113 0 50
6114 0 49
6115 0 51
6116 0 51
6117 0 51
6118 0 50
6119 0 51
6120 0 51
6121 0 51
6122 0 51
6123 0 51
6124 0 51
6125 0 51
6126 0 51
6127 0 50
6128 0 51
6129 0 50
6130 0 51
6131 0 50
6132 0 51
6133 0 50
6134 0 50
6135 0 50
6136 0 51
6137 0 50
6138 0 51
6139 0 50
6140 0 51
6141 0 50
6142 0 51
6143 0 50
6144 0 50
6145 0 50
6146 0 51
6147 0 51
6148 0 51
6149 0 50
6150 0 51
6151 0 51
6152 0 51
6153 0 51
6154 0 51
6155 0 50
6156 0 51
6157 0 51
6158 0 51
6159 0 49
6160 0 51
6161 0 49
6162 0 51
6163 0 51
6164 0 50
6165 0 52
6166 0 51
6167 0 52
6168 0 51
6169 0 51
6170 0 51
6171 0 51
6172 0 51
6173 0 51
6174 0 51
6175 0 52
6176 0 51
6177 0 52
6178 0 51
6179 0 51
6180 0 51
6181 0 51
6182 0 51
6183 0 51
6184 0 52
6185 0 52
6186 0 50
6187 0 51
6188 0 52
6189 0 51
6190 0 50
6191 0 51
6192 0 50
6193 0 51
6194 0 50
6195 0 51
6196 0 50
6197 0 50
6198 0 51
6199 0 51
6200 0 50
6201 0 51
6202 0 52
6203 0 52
6204 0 50
6205 0 51
6206 0 52
6207 0 51
6208 0 50
6209 0 51
6210 0 50
6211 0 50
6212 0 50
6213 0 50
6214 0 52
6215 0 51
6216 0 52
6217 0 51
6218 0 51
6219 0 51
6220 0 51
6221 0 51
6222 0 51
6223 0 51
6224 0 52
6225 0 51
6226 0 52
6227 0 51
6228 0 51
6229 0 51
6230 0 51
6231 0 51
6232 0 51
6233 0 52
6234 0 52
6235 0 50
6236 0 51
6237 0 52
6238 0 51
6239 0 50
6240 0 51
6241 0 50
6242 0 51
6243 0 50
6244 0 51
6245 0 50
6246 0 50
6247 0 51
6248 0 51
6249 0 50
6250 0 51
6251 0 52
6252 0 52
6253 0 50
6254 0 51
6255 0 52
6256 0 52
6257 0 51
6258 0 52
6259 0 51
6260 0 50
6261 0 50
6262 0 51
6263 0 52
6264 0 51
6265 0 52
6266 0 51
6267 0 50
6268 0 51
6269 0 51
6270 0 49
6271 0 51
6272 0 52
6273 0 52
6274 0 50
6275 0 51
6276 0 52
6277 0 52
6278 0 51
6279 0 52
6280 0 51
6281 0 50
6282 0 50
6283 0 51
6284 0 51
6285 0 50
6286 0 51
6287 0 50
6288 0 50
6289 0 51
6290 0 51
6291 0 49
6292 0 51
6293 0 51
6294 0 51
6295 0 50
6296 0 51
6297 0 50
6298 0 50
6299 0 51
6300 0 51
6301 0 49
6302 0 51
6303 0 50
6304 0 51
6305 0 50
6306 0 50
6307 0 51
6308 0 51
6309 0 49
6310 0 51
6311 0 51
6312 0 51
6313 0 50
6314 0 51
6315 0 50
6316 0 50
6317 0 51
6318 0 51
6319 0 49
6320 0 50
6321 0 51
6322 0 51
6323 0 49
6324 0 50
6325 0 51
6326 0 51
6327 0 50
6328 0 51
6329 0 50
6330 0 51
6331 0 50
6332 0 51
6333 0 50
6334 0 50
6335 0 51
6336 0 51
6337 0 50
6338 0 51
6339 0 52
6340 0 52
6341 0 50
6342 0 51
6343 0 52
6344 0 52
6345 0 51
6346 0 52
6347 0 51
6348 0 50
6349 0 50
6350 0 51
6351 0 52
6352 0 51
6353 0 52
6354 0 51
6355 0 50
6356 0 51
6357 0 51
6358 0 49
6359 0 51
6360 0 52
6361 0 52
6362 0 50
6363 0 51
6364 0 52
6365 0 52
6366 0 51
6367 0 52
6368 0 51
6369 0 50
6370 0 50
6371 0 51
6372 0 51
6373 0 50
6374 0 51
6375 0 50
6376 0 50
6377 0 50
6378 0 50
6379 0 50
6380 0 50
6381 0 50
6382 0 51
6383 0 50
6384 0 51
6385 0 50
6386 0 50
6387 0 50
6388 0 50
6389 0 50
6390 0 50
6391 0 51
6392 0 51
6393 0 49
6394 0 50
6395 0 51
6396 0 50
6397 0 51
6398 0 51
6399 0 49
6400 0 50
6401 0 51
6402 0 50
6403 0 49
6404 0 50
6405 0 49
6406 0 50
6407 0 50
6408 0 49
6409 0 52
6410 0 51
6411 0 52
6412 0 51
6413 0 51
6414 0 51
6415 0 51
6416 0 51
6417 0 51
6418 0 51
6419 0 52
6420 0 51
6421 0 52
6422 0 51
6423 0 51
6424 0 51
6425 0 51
6426 0 51
6427 0 51
6428 0 52
6429 0 52
6430 0 50
6431 0 51
6432 0 52
6433 0 51
6434 0 50
6435 0 51
6436 0 50
6437 0 51
6438 0 50
6439 0 51
6440 0 50
6441 0 50
6442 0 51
6443 0 51
6444 0 50
6445 0 51
6446 0 52
6447 0 52
6448 0 50
6449 0 51
6450 0 52
6451 0 51
6452 0 50
6453 0 51
6454 0 50
6455 0 50
6456 0 50
6457 0 50
6458 0 52
6459 0 51
6460 0 52
6461 0 51
6462 0 51
6463 0 51
6464 0 51
6465 0 51
6466 0 51
6467 0 51
6468 0 52
6469 0 51
6470 0 52
6471 0 51
6472 0 51
6473 0 51
6474 0 51
6475 0 51
6476 0 51
6477 0 52
6478 0 52
6479 0 50
6480 0 51
6481 0 52
6482 0 51
6483 0 50
6484 0 51
6485 0 50
6486 0 51
6487 0 50
6488 0 51
6489 0 50
6490 0 50
6491 0 51
6492 0 51
6493 0 50
6494 0 51
6495 0 52
6496 0 52
6497 0 50
6498 0 51
6499 0 52
6500 0 52
6501 0 51
6502 0 52
6503 0 51
6504 0 51
6505 0 51
6506 0 51
6507 0 52
6508 0 51
6509 0 52
6510 0 51
6511 0 50
6512 0 51
6513 0 51
6514 0 49
6515 0 51
6516 0 52
6517 0 52
6518 0 50
6519 0 51
6520 0 52
6521 0 52
6522 0 51
6523 0 52
6524 0 51
6525 0 51
6526 0 51
6527 0 51
6528 0 51
6529 0 50
6530 0 51
6531 0 50
6532 0 50
6533 0 51
6534 0 51
6535 0 49
6536 0 51
6537 0 51
6538 0 51
6539 0 50
6540 0 51
6541 0 50
6542 0 50
6543 0 51
6544 0 51
6545 0 49
6546 0 51
6547 0 50
6548 0 51
6549 0 50
6550 0 50
6551 0 51
6552 0 51
6553 0 49
6554 0 51
6555 0 51
6556 0 51
6557 0 50
6558 0 51
6559 0 50
6560 0 50
6561 0 51
6562 0 51
6563 0 49
6564 0 50
6565 0 51
6566 0 51
6567 0 49
6568 0 50
6569 0 51
6570 0 51
6571 0 50
6572 0 51
6573 0 50
6574 0 51
6575 0 50
6576 0 51
6577 0 50
6578 0 50
6579 0 51
6580 0 51
6581 0 50
6582 0 51
6583 0 51
6584 0 51
6585 0 51
6586 0 51
6587 0 51
6588 0 51
6589 0 51
6590 0 51
6591 0 51
6592 0 50
6593 0 50
6594 0 50
6595 0 51
6596 0 51
6597 0 51
6598 0 51
6599 0 50
6600 0 50
6601 0 50
6602 0 50
6603 0 51
6604 0 51
6605 0 51
6606 0 51
6607 0 51
6608 0 51
6609 0 51
6610 0 51
6611 0 51
6612 0 51
6613 0 50
6614 0 50
6615 0 50
6616 0 51
6617 0 51
6618 0 51
6619 0 51
6620 0 51
6621 0 51
6622 0 51
6623 0 51
6624 0 51
6625 0 50
6626 0 51
6627 0 51
6628 0 51
6629 0 51
6630 0 51
6631 0 51
6632 0 51
6633 0 51
6634 0 50
6635 0 51
6636 0 51
6637 0 49
6638 0 50
6639 0 51
6640 0 50
6641 0 51
6642 0 51
6643 0 49
6644 0 50
6645 0 51
6646 0 50
6647 0 50
6648 0 50
6649 0 50
6650 0 50
6651 0 50
6652 0 49
6653 0 51
6654 0 51
6655 0 51
6656 0 51
6657 0 51
6658 0 51
6659 0 51
6660 0 51
6661 0 51
6662 0 51
6663 0 51
6664 0 51
6665 0 51
6666 0 51
6667 0 51
6668 0 51
6669 0 51
6670 0 51
6671 0 50
6672 0 50
6673 0 50
6674 0 50
6675 0 50
6676 0 51
6677 0 50
6678 0 50
6679 0 50
6680 0 50
6681 0 50
6682 0 50
6683 0 50
6684 0 50
6685 0 49
6686 0 49
6687 0 49
6688 0 50
6689 0 51
6690 0 51
6691 0 51
6692 0 51
6693 0 51
6694 0 51
6695 0 51
6696 0 51
6697 0 51
6698 0 51
6699 0 50
6700 0 50
6701 0 50
6702 0 51
6703 0 51
6704 0 51
6705 0 51
6706 0 50
6707 0 50
6708 0 50
6709 0 50
6710 0 51
6711 0 51
6712 0 51
6713 0 51
6714 0 51
6715 0 51
6716 0 51
6717 0 51
6718 0 51
6719 0 51
6720 0 50
6721 0 50
6722 0 50
6723 0 51
6724 0 51
6725 0 51
6726 0 51
6727 0 51
6728 0 51
6729 0 51
6730 0 51
6731 0 51
6732 0 50
6733 0 51
6734 0 51
6735 0 51
6736 0 51
6737 0 51
6738 0 51
6739 0 51
6740 0 51
6741 0 50
6742 0 51
6743 0 51
6744 0 49
6745 0 50
6746 0 51
6747 0 50
6748 0 51
6749 0 51
6750 0 49
6751 0 50
6752 0 51
6753 0 50
6754 0 50
6755 0 50
6756 0 50
6757 0 50
6758 0 50
6759 0 49
6760 0 51
6761 0 51
6762 0 51
6763 0 51
6764 0 51
6765 0 51
6766 0 51
6767 0 51
6768 0 51
6769 0 51
6770 0 50
6771 0 50
6772 0 50
6773 0 51
6774 0 51
6775 0 51
6776 0 51
6777 0 50
6778 0 50
6779 0 50
6780 0 50
6781 0 51
6782 0 51
6783 0 51
6784 0 51
6785 0 51
6786 0 51
6787 0 51
6788 0 51
6789 0 51
6790 0 51
6791 0 50
6792 0 50
6793 0 50
6794 0 51
6795 0 51
6796 0 51
6797 0 51
6798 0 51
6799 0 51
6800 0 51
6801 0 51
6802 0 51
6803 0 50
6804 0 51
6805 0 51
6806 0 51
6807 0 51
6808 0 51
6809 0 51
6810 0 51
6811 0 51
6812 0 50
6813 0 51
6814 0 51
6815 0 49
6816 0 50
6817 0 51
6818 0 50
6819 0 51
6820 0 51
6821 0 49
6822 0 50
6823 0 51
6824 0 50
6825 0 50
6826 0 50
6827 0 50
6828 0 50
6829 0 50
6830 0 49
6831 0 51
6832 0 51
6833 0 51
6834 0 51
6835 0 51
6836 0 51
6837 0 51
6838 0 51
6839 0 51
6840 0 51
6841 0 51
6842 0 51
6843 0 51
6844 0 51
6845 0 51
6846 0 51
6847 0 51
6848 0 51
6849 0 50
6850 0 50
6851 0 50
6852 0 50
6853 0 50
6854 0 51
6855 0 50
6856 0 50
6857 0 50
6858 0 50
6859 0 50
6860 0 50
6861 0 50
6862 0 50
6863 0 49
6864 0 49
6865 0 49
6866 0 50
6867 0 51
6868 0 51
6869 0 51
6870 0 51
6871 0 51
6872 0 51
6873 0 51
6874 0 51
6875 0 51
6876 0 51
6877 0 50
6878 0 50
6879 0 50
6880 0 51
6881 0 51
6882 0 51
6883 0 51
6884 0 50
6885 0 50
6886 0 50
6887 0 50
6888 0 51
6889 0 51
6890 0 51
6891 0 51
6892 0 51
6893 0 51
6894 0 51
6895 0 51
6896 0 51
6897 0 51
6898 0 50
6899 0 50
6900 0 50
6901 0 51
6902 0 51
6903 0 51
6904 0 51
6905 0 51
6906 0 51
6907 0 51
6908 0 51
6909 0 51
6910 0 50
6911 0 51
6912 0 51
6913 0 51
6914 0 51
6915 0 51
6916 0 51
6917 0 51
6918 0 51
6919 0 50
6920 0 51
6921 0 51
6922 0 49
6923 0 50
6924 0 51
6925 0 50
6926 0 51
6927 0 51
6928 0 49
6929 0 50
6930 0 51
6931 0 50
6932 0 50
6933 0 50
6934 0 50
6935 0 50
6936 0 50
6937 0 49
6938 0 51
6939 0 51
6940 0 51
6941 0 51
6942 0 50
6943 0 50
6944 0 50
6945 0 50
6946 0 50
6947 0 50
6948 0 51
6949 0 51
6950 0 51
6951 0 51
6952 0 50
6953 0 50
6954 0 50
6955 0 50
6956 0 50
6957 0 51
6958 0 51
6959 0 49
6960 0 50
6961 0 51
6962 0 50
6963 0 49
6964 0 50
6965 0 49
6966 0 50
6967 0 49
6968 0 50
6969 0 49
6970 0 49
6971 0 50
6972 0 50
6973 0 50
6974 0 50
6975 0 51
6976 0 51
6977 0 49
6978 0 50
6979 0 51
6980 0 50
6981 0 50
6982 0 50
6983 0 50
6984 0 49
6985 0 49
6986 0 49
6987 0 51
6988 0 51
6989 0 51
6990 0 51
6991 0 50
6992 0 50
6993 0 50
6994 0 50
6995 0 50
6996 0 50
6997 0 51
6998 0 51
6999 0 51
7000 0 51
7001 0 50
7002 0 50
7003 0 50
7004 0 50
7005 0 50
7006 0 51
7007 0 51
7008 0 49
7009 0 50
7010 0 51
7011 0 50
7012 0 49
7013 0 50
7014 0 49
7015 0 50
7016 0 49
7017 0 50
7018 0 49
7019 0 49
7020 0 50
7021 0 50
7022 0 50
7023 0 51
7024 0 51
7025 0 51
7026 0 50
7027 0 51
7028 0 51
7029 0 51
7030 0 51
7031 0 51
7032 0 51
7033 0 49
7034 0 49
7035 0 50
7036 0 51
7037 0 51
7038 0 51
7039 0 51
7040 0 50
7041 0 50
7042 0 50
7043 0 50
7044 0 51
7045 0 51
7046 0 51
7047 0 50
7048 0 51
7049 0 51
7050 0 51
7051 0 51
7052 0 51
7053 0 51
7054 0 49
7055 0 49
7056 0 50
7057 0 51
7058 0 51
7059 0 51
7060 0 50
7061 0 51
7062 0 51
7063 0 51
7064 0 51
7065 0 51
7066 0 51
7067 0 49
7068 0 49
7069 0 50
7070 0 51
7071 0 51
7072 0 51
7073 0 51
7074 0 50
7075 0 50
7076 0 50
7077 0 50
7078 0 51
7079 0 51
7080 0 51
7081 0 50
7082 0 51
7083 0 51
7084 0 51
7085 0 51
7086 0 51
7087 0 51
7088 0 49
7089 0 49
7090 0 50
7091 0 51
7092 0 50
7093 0 51
7094 0 50
7095 0 49
7096 0 49
7097 0 49
7098 0 50
7099 0 49
7100 0 50
7101 0 51
7102 0 50
7103 0 51
7104 0 50
7105 0 49
7106 0 49
7107 0 49
7108 0 50
7109 0 50
7110 0 51
7111 0 51
7112 0 50
7113 0 50
7114 0 51
7115 0 50
7116 0 51
7117 0 51
7118 0 50
7119 0 50
7120 0 51
7121 0 50
7122 0 50
7123 0 50
7124 0 50
7125 0 50
7126 0 50
7127 0 50
