0 0 11
1 0 11
2 0 11
3 0 11
4 0 11
5 0 10
6 0 11
7 0 11
8 0 10
9 0 10
10 0 11
11 0 11
12 0 11
13 0 11
14 0 11
15 0 10
16 0 11
17 0 11
18 0 10
19 0 10
20 0 10
21 0 11
22 0 11
23 0 10
24 0 10
25 0 10
26 0 11
27 0 10
28 0 10
29 0 11
30 0 10
31 0 10
32 0 10
33 0 10
34 0 11
35 0 11
36 0 10
37 0 10
38 0 10
39 0 11
40 0 11
41 0 10
42 0 10
43 0 10
44 0 10
45 0 10
46 0 10
47 0 10
48 0 10
49 0 10
50 0 10
51 0 10
52 0 11
53 0 11
54 0 11
55 0 11
56 0 11
57 0 10
58 0 11
59 0 11
60 0 10
61 0 10
62 0 11
63 0 11
64 0 11
65 0 11
66 0 11
67 0 10
68 0 11
69 0 11
70 0 11
71 0 11
72 0 10
73 0 11
74 0 11
75 0 11
76 0 11
77 0 10
78 0 11
79 0 10
80 0 10
81 0 11
82 0 10
83 0 10
84 0 10
85 0 10
86 0 11
87 0 11
88 0 11
89 0 11
90 0 10
91 0 11
92 0 11
93 0 11
94 0 11
95 0 10
96 0 11
97 0 10
98 0 10
99 0 10
100 0 10
101 0 10
102 0 10
103 0 10
104 0 10
105 0 11
106 0 10
107 0 10
108 0 10
109 0 9
110 0 11
111 0 11
112 0 11
113 0 11
114 0 10
115 0 11
116 0 11
117 0 11
118 0 11
119 0 10
120 0 11
121 0 10
122 0 10
123 0 10
124 0 10
125 0 10
126 0 10
127 0 10
128 0 11
129 0 11
130 0 11
131 0 10
132 0 10
133 0 9
134 0 11
135 0 11
136 0 10
137 0 10
138 0 11
139 0 11
140 0 11
141 0 10
142 0 10
143 0 9
144 0 11
145 0 11
146 0 11
147 0 10
148 0 10
149 0 9
150 0 11
151 0 11
152 0 10
153 0 10
154 0 11
155 0 11
156 0 11
157 0 10
158 0 10
159 0 9
160 0 10
161 0 10
162 0 10
163 0 10
164 0 9
165 0 10
166 0 10
167 0 10
168 0 10
169 0 10
170 0 11
171 0 10
172 0 10
173 0 11
174 0 10
175 0 10
176 0 10
177 0 10
178 0 11
179 0 11
180 0 11
181 0 11
182 0 10
183 0 11
184 0 11
185 0 11
186 0 11
187 0 10
188 0 11
189 0 10
190 0 10
191 0 10
192 0 10
193 0 10
194 0 10
195 0 10
196 0 10
197 0 11
198 0 10
199 0 10
200 0 10
201 0 9
202 0 11
203 0 11
204 0 11
205 0 11
206 0 10
207 0 11
208 0 11
209 0 11
210 0 11
211 0 10
212 0 11
213 0 10
214 0 10
215 0 10
216 0 10
217 0 10
218 0 10
219 0 10
220 0 10
221 0 10
222 0 10
223 0 10
224 0 10
225 0 9
226 0 10
227 0 10
228 0 9
229 0 9
230 0 10
231 0 10
232 0 10
233 0 10
234 0 10
235 0 9
236 0 10
237 0 10
238 0 9
239 0 9
240 0 9
241 0 10
242 0 10
243 0 9
244 0 9
245 0 10
246 0 10
247 0 9
248 0 9
249 0 9
250 0 10
251 0 10
252 0 9
253 0 9
254 0 9
255 0 9
256 0 9
257 0 10
258 0 10
259 0 10
260 0 10
261 0 10
262 0 10
263 0 11
264 0 11
265 0 11
266 0 11
267 0 11
268 0 10
269 0 11
270 0 11
271 0 10
272 0 10
273 0 11
274 0 11
275 0 11
276 0 11
277 0 11
278 0 10
279 0 11
280 0 11
281 0 10
282 0 10
283 0 10
284 0 11
285 0 11
286 0 10
287 0 10
288 0 10
289 0 11
290 0 10
291 0 10
292 0 11
293 0 10
294 0 10
295 0 10
296 0 10
297 0 11
298 0 11
299 0 10
300 0 10
301 0 10
302 0 11
303 0 11
304 0 10
305 0 10
306 0 10
307 0 10
308 0 10
309 0 10
310 0 10
311 0 10
312 0 10
313 0 10
314 0 10
315 0 11
316 0 11
317 0 11
318 0 11
319 0 11
320 0 10
321 0 11
322 0 11
323 0 10
324 0 10
325 0 11
326 0 11
327 0 11
328 0 11
329 0 11
330 0 10
331 0 11
332 0 11
333 0 11
334 0 11
335 0 10
336 0 11
337 0 11
338 0 11
339 0 11
340 0 10
341 0 11
342 0 10
343 0 10
344 0 11
345 0 10
346 0 10
347 0 10
348 0 10
349 0 11
350 0 11
351 0 11
352 0 11
353 0 10
354 0 11
355 0 11
356 0 11
357 0 11
358 0 11
359 0 12
360 0 11
361 0 11
362 0 11
363 0 11
364 0 11
365 0 11
366 0 11
367 0 11
368 0 12
369 0 11
370 0 10
371 0 10
372 0 9
373 0 11
374 0 11
375 0 11
376 0 11
377 0 10
378 0 11
379 0 11
380 0 11
381 0 11
382 0 11
383 0 12
384 0 11
385 0 11
386 0 11
387 0 11
388 0 11
389 0 11
390 0 11
391 0 11
392 0 11
393 0 11
394 0 10
395 0 10
396 0 9
397 0 11
398 0 11
399 0 10
400 0 10
401 0 11
402 0 11
403 0 11
404 0 10
405 0 10
406 0 9
407 0 11
408 0 11
409 0 11
410 0 10
411 0 10
412 0 9
413 0 11
414 0 11
415 0 10
416 0 10
417 0 11
418 0 11
419 0 11
420 0 10
421 0 10
422 0 9
423 0 10
424 0 10
425 0 10
426 0 10
427 0 9
428 0 10
429 0 10
430 0 10
431 0 10
432 0 10
433 0 11
434 0 10
435 0 10
436 0 11
437 0 10
438 0 10
439 0 10
440 0 10
441 0 11
442 0 11
443 0 10
444 0 10
445 0 10
446 0 11
447 0 11
448 0 10
449 0 10
450 0 10
451 0 10
452 0 10
453 0 11
454 0 11
455 0 11
456 0 11
457 0 10
458 0 10
459 0 10
460 0 10
461 0 10
462 0 10
463 0 10
464 0 9
465 0 11
466 0 11
467 0 10
468 0 10
469 0 10
470 0 11
471 0 11
472 0 10
473 0 10
474 0 11
475 0 11
476 0 11
477 0 11
478 0 11
479 0 11
480 0 11
481 0 10
482 0 10
483 0 10
484 0 10
485 0 11
486 0 10
487 0 10
488 0 9
489 0 11
490 0 11
491 0 9
492 0 9
493 0 10
494 0 10
495 0 11
496 0 10
497 0 10
498 0 9
499 0 10
500 0 10
501 0 9
502 0 9
503 0 9
504 0 10
505 0 10
506 0 9
507 0 9
508 0 10
509 0 10
510 0 9
511 0 9
512 0 9
513 0 10
514 0 10
515 0 9
516 0 9
517 0 9
518 0 9
519 0 10
520 0 10
521 0 10
522 0 10
523 0 10
524 0 10
525 0 10
526 0 11
527 0 11
528 0 12
529 0 10
530 0 10
531 0 9
532 0 11
533 0 11
534 0 10
535 0 10
536 0 11
537 0 11
538 0 12
539 0 10
540 0 10
541 0 9
542 0 10
543 0 10
544 0 9
545 0 9
546 0 9
547 0 10
548 0 10
549 0 9
550 0 9
551 0 9
552 0 9
553 0 9
554 0 9
555 0 9
556 0 9
557 0 9
558 0 9
559 0 9
560 0 11
561 0 11
562 0 10
563 0 10
564 0 10
565 0 11
566 0 11
567 0 10
568 0 10
569 0 10
570 0 10
571 0 10
572 0 11
573 0 11
574 0 11
575 0 11
576 0 10
577 0 10
578 0 10
579 0 10
580 0 10
581 0 10
582 0 10
583 0 9
584 0 11
585 0 11
586 0 10
587 0 10
588 0 10
589 0 11
590 0 11
591 0 10
592 0 10
593 0 11
594 0 11
595 0 11
596 0 11
597 0 11
598 0 11
599 0 11
600 0 10
601 0 10
602 0 10
603 0 10
604 0 11
605 0 10
606 0 10
607 0 9
608 0 11
609 0 11
610 0 9
611 0 9
612 0 10
613 0 10
614 0 11
615 0 10
616 0 10
617 0 9
618 0 10
619 0 10
620 0 9
621 0 9
622 0 9
623 0 10
624 0 10
625 0 9
626 0 9
627 0 10
628 0 10
629 0 9
630 0 9
631 0 9
632 0 10
633 0 10
634 0 9
635 0 9
636 0 9
637 0 9
638 0 10
639 0 10
640 0 10
641 0 10
642 0 10
643 0 10
644 0 10
645 0 10
646 0 10
647 0 11
648 0 11
649 0 11
650 0 10
651 0 11
652 0 11
653 0 9
654 0 9
655 0 10
656 0 10
657 0 11
658 0 11
659 0 11
660 0 10
661 0 10
662 0 10
663 0 9
664 0 9
665 0 9
666 0 10
667 0 10
668 0 9
669 0 9
670 0 9
671 0 9
672 0 9
673 0 9
674 0 9
675 0 9
676 0 9
677 0 9
678 0 9
679 0 11
680 0 11
681 0 9
682 0 9
683 0 10
684 0 11
685 0 11
686 0 9
687 0 9
688 0 9
689 0 9
690 0 10
691 0 10
692 0 10
693 0 10
694 0 10
695 0 9
696 0 9
697 0 10
698 0 10
699 0 11
700 0 11
701 0 11
702 0 10
703 0 11
704 0 11
705 0 9
706 0 9
707 0 10
708 0 10
709 0 11
710 0 11
711 0 11
712 0 10
713 0 10
714 0 10
715 0 9
716 0 9
717 0 9
718 0 10
719 0 10
720 0 9
721 0 9
722 0 9
723 0 9
724 0 9
725 0 9
726 0 9
727 0 9
728 0 9
729 0 9
730 0 9
731 0 10
732 0 10
733 0 11
734 0 11
735 0 11
736 0 10
737 0 11
738 0 11
739 0 9
740 0 9
741 0 10
742 0 10
743 0 11
744 0 11
745 0 11
746 0 10
747 0 10
748 0 10
749 0 9
750 0 9
751 0 9
752 0 10
753 0 10
754 0 9
755 0 9
756 0 9
757 0 9
758 0 9
759 0 9
760 0 9
761 0 9
762 0 9
763 0 9
764 0 9
765 0 11
766 0 11
767 0 9
768 0 9
769 0 10
770 0 11
771 0 11
772 0 9
773 0 9
774 0 9
775 0 9
776 0 10
777 0 10
778 0 10
779 0 10
780 0 10
781 0 9
782 0 9
783 0 10
784 0 10
785 0 11
786 0 11
787 0 11
788 0 10
789 0 11
790 0 11
791 0 9
792 0 9
793 0 10
794 0 10
795 0 11
796 0 11
797 0 11
798 0 10
799 0 10
800 0 10
801 0 9
802 0 9
803 0 9
804 0 10
805 0 10
806 0 9
807 0 9
808 0 9
809 0 9
810 0 9
811 0 9
812 0 9
813 0 9
814 0 9
815 0 9
816 0 9
817 0 10
818 0 10
819 0 9
820 0 9
821 0 9
822 0 10
823 0 10
824 0 9
825 0 9
826 0 9
827 0 9
828 0 9
829 0 10
830 0 10
831 0 10
832 0 10
833 0 9
834 0 9
835 0 9
836 0 9
837 0 9
838 0 9
839 0 9
840 0 8
841 0 10
842 0 10
843 0 9
844 0 9
845 0 9
846 0 10
847 0 10
848 0 9
849 0 9
850 0 10
851 0 10
852 0 10
853 0 10
854 0 10
855 0 10
856 0 10
857 0 9
858 0 9
859 0 10
860 0 10
861 0 11
862 0 10
863 0 10
864 0 9
865 0 11
866 0 11
867 0 9
868 0 9
869 0 10
870 0 10
871 0 11
872 0 10
873 0 10
874 0 9
875 0 10
876 0 10
877 0 11
878 0 10
879 0 10
880 0 9
881 0 11
882 0 11
883 0 9
884 0 9
885 0 10
886 0 10
887 0 11
888 0 10
889 0 10
890 0 9
891 0 10
892 0 10
893 0 9
894 0 9
895 0 9
896 0 10
897 0 10
898 0 9
899 0 9
900 0 10
901 0 10
902 0 10
903 0 10
904 0 10
905 0 10
906 0 10
907 0 10
908 0 10
909 0 11
910 0 11
911 0 11
912 0 11
913 0 10
914 0 11
915 0 11
916 0 11
917 0 11
918 0 11
919 0 11
920 0 11
921 0 11
922 0 11
923 0 11
924 0 11
925 0 11
926 0 11
927 0 11
928 0 11
929 0 11
930 0 10
931 0 10
932 0 9
933 0 11
934 0 11
935 0 11
936 0 11
937 0 10
938 0 11
939 0 11
940 0 11
941 0 11
942 0 12
943 0 12
944 0 12
945 0 11
946 0 11
947 0 11
948 0 11
949 0 11
950 0 11
951 0 10
952 0 10
953 0 11
954 0 10
955 0 10
956 0 9
957 0 11
958 0 11
959 0 9
960 0 9
961 0 10
962 0 10
963 0 11
964 0 10
965 0 10
966 0 9
967 0 10
968 0 10
969 0 9
970 0 9
971 0 9
972 0 10
973 0 10
974 0 9
975 0 9
976 0 10
977 0 10
978 0 9
979 0 9
980 0 9
981 0 10
982 0 10
983 0 9
984 0 9
985 0 9
986 0 9
987 0 10
988 0 10
989 0 10
990 0 10
991 0 10
992 0 10
993 0 10
994 0 11
995 0 11
996 0 12
997 0 10
998 0 10
999 0 9
1000 0 11
1001 0 11
1002 0 10
1003 0 10
1004 0 11
1005 0 11
1006 0 12
1007 0 10
1008 0 10
1009 0 9
1010 0 10
1011 0 10
1012 0 10
1013 0 10
1014 0 9
1015 0 10
1016 0 10
1017 0 10
1018 0 10
1019 0 10
1020 0 10
1021 0 10
1022 0 10
1023 0 10
1024 0 10
1025 0 9
1026 0 9
1027 0 9
1028 0 11
1029 0 11
1030 0 11
1031 0 11
1032 0 10
1033 0 11
1034 0 11
1035 0 11
1036 0 11
1037 0 11
1038 0 11
1039 0 11
1040 0 11
1041 0 11
1042 0 11
1043 0 11
1044 0 11
1045 0 11
1046 0 11
1047 0 11
1048 0 11
1049 0 10
1050 0 10
1051 0 9
1052 0 11
1053 0 11
1054 0 11
1055 0 11
1056 0 10
1057 0 11
1058 0 11
1059 0 11
1060 0 11
1061 0 12
1062 0 12
1063 0 12
1064 0 11
1065 0 11
1066 0 11
1067 0 11
1068 0 11
1069 0 11
1070 0 10
1071 0 10
1072 0 11
1073 0 10
1074 0 10
1075 0 9
1076 0 11
1077 0 11
1078 0 9
1079 0 9
1080 0 10
1081 0 10
1082 0 11
1083 0 10
1084 0 10
1085 0 9
1086 0 10
1087 0 10
1088 0 9
1089 0 9
1090 0 9
1091 0 10
1092 0 10
1093 0 9
1094 0 9
1095 0 10
1096 0 10
1097 0 9
1098 0 9
1099 0 9
1100 0 10
1101 0 10
1102 0 9
1103 0 9
1104 0 9
1105 0 9
1106 0 10
1107 0 10
1108 0 10
1109 0 10
1110 0 10
1111 0 10
1112 0 10
1113 0 10
1114 0 10
1115 0 10
1116 0 10
1117 0 10
1118 0 9
1119 0 10
1120 0 10
1121 0 9
1122 0 9
1123 0 10
1124 0 10
1125 0 10
1126 0 10
1127 0 10
1128 0 9
1129 0 10
1130 0 10
1131 0 9
1132 0 9
1133 0 9
1134 0 10
1135 0 10
1136 0 9
1137 0 9
1138 0 9
1139 0 10
1140 0 9
1141 0 9
1142 0 10
1143 0 9
1144 0 9
1145 0 9
1146 0 9
1147 0 10
1148 0 10
1149 0 9
1150 0 9
1151 0 9
1152 0 10
1153 0 10
1154 0 9
1155 0 9
1156 0 9
1157 0 9
1158 0 9
1159 0 9
1160 0 9
1161 0 9
1162 0 9
1163 0 9
1164 0 9
1165 0 10
1166 0 10
1167 0 10
1168 0 10
1169 0 10
1170 0 9
1171 0 10
1172 0 10
1173 0 9
1174 0 9
1175 0 10
1176 0 10
1177 0 10
1178 0 10
1179 0 10
1180 0 9
1181 0 10
1182 0 10
1183 0 10
1184 0 10
1185 0 9
1186 0 10
1187 0 10
1188 0 10
1189 0 10
1190 0 9
1191 0 10
1192 0 9
1193 0 9
1194 0 10
1195 0 9
1196 0 9
1197 0 9
1198 0 9
1199 0 10
1200 0 10
1201 0 10
1202 0 10
1203 0 9
1204 0 10
1205 0 10
1206 0 10
1207 0 10
1208 0 9
1209 0 10
1210 0 9
1211 0 9
1212 0 9
1213 0 9
1214 0 9
1215 0 9
1216 0 9
1217 0 9
1218 0 10
1219 0 9
1220 0 9
1221 0 9
1222 0 8
1223 0 10
1224 0 10
1225 0 10
1226 0 10
1227 0 9
1228 0 10
1229 0 10
1230 0 10
1231 0 10
1232 0 9
1233 0 10
1234 0 9
1235 0 9
1236 0 9
1237 0 9
1238 0 9
1239 0 9
1240 0 9
1241 0 10
1242 0 10
1243 0 10
1244 0 10
1245 0 9
1246 0 10
1247 0 10
1248 0 10
1249 0 10
1250 0 9
1251 0 10
1252 0 9
1253 0 9
1254 0 9
1255 0 9
1256 0 9
1257 0 9
1258 0 9
1259 0 9
1260 0 10
1261 0 9
1262 0 9
1263 0 9
1264 0 8
1265 0 10
1266 0 10
1267 0 10
1268 0 10
1269 0 9
1270 0 10
1271 0 10
1272 0 10
1273 0 10
1274 0 9
1275 0 10
1276 0 9
1277 0 9
1278 0 9
1279 0 9
1280 0 9
1281 0 9
1282 0 9
1283 0 9
1284 0 9
1285 0 9
1286 0 9
1287 0 9
1288 0 8
1289 0 9
1290 0 9
1291 0 8
1292 0 8
1293 0 9
1294 0 9
1295 0 9
1296 0 9
1297 0 9
1298 0 8
1299 0 10
1300 0 10
1301 0 9
1302 0 9
1303 0 9
1304 0 10
1305 0 10
1306 0 9
1307 0 9
1308 0 10
1309 0 10
1310 0 9
1311 0 9
1312 0 9
1313 0 10
1314 0 10
1315 0 9
1316 0 9
1317 0 9
1318 0 9
1319 0 9
1320 0 10
1321 0 10
1322 0 10
1323 0 10
1324 0 10
1325 0 10
1326 0 11
1327 0 11
1328 0 11
1329 0 11
1330 0 11
1331 0 10
1332 0 11
1333 0 11
1334 0 10
1335 0 10
1336 0 11
1337 0 11
1338 0 11
1339 0 11
1340 0 11
1341 0 10
1342 0 11
1343 0 11
1344 0 10
1345 0 10
1346 0 10
1347 0 11
1348 0 11
1349 0 10
1350 0 10
1351 0 10
1352 0 11
1353 0 10
1354 0 10
1355 0 11
1356 0 10
1357 0 10
1358 0 10
1359 0 10
1360 0 11
1361 0 11
1362 0 10
1363 0 10
1364 0 10
1365 0 11
1366 0 11
1367 0 10
1368 0 10
1369 0 10
1370 0 10
1371 0 10
1372 0 10
1373 0 10
1374 0 10
1375 0 10
1376 0 10
1377 0 10
1378 0 11
1379 0 11
1380 0 11
1381 0 11
1382 0 11
1383 0 10
1384 0 11
1385 0 11
1386 0 10
1387 0 10
1388 0 11
1389 0 11
1390 0 11
1391 0 11
1392 0 11
1393 0 10
1394 0 11
1395 0 11
1396 0 11
1397 0 11
1398 0 10
1399 0 11
1400 0 11
1401 0 11
1402 0 11
1403 0 10
1404 0 11
1405 0 10
1406 0 10
1407 0 11
1408 0 10
1409 0 10
1410 0 10
1411 0 10
1412 0 11
1413 0 11
1414 0 11
1415 0 11
1416 0 10
1417 0 11
1418 0 11
1419 0 11
1420 0 11
1421 0 10
1422 0 11
1423 0 10
1424 0 10
1425 0 10
1426 0 10
1427 0 10
1428 0 10
1429 0 10
1430 0 10
1431 0 11
1432 0 10
1433 0 10
1434 0 10
1435 0 9
1436 0 11
1437 0 11
1438 0 11
1439 0 11
1440 0 10
1441 0 11
1442 0 11
1443 0 11
1444 0 11
1445 0 10
1446 0 11
1447 0 10
1448 0 10
1449 0 10
1450 0 10
1451 0 10
1452 0 10
1453 0 10
1454 0 11
1455 0 11
1456 0 11
1457 0 10
1458 0 10
1459 0 9
1460 0 11
1461 0 11
1462 0 10
1463 0 10
1464 0 11
1465 0 11
1466 0 11
1467 0 10
1468 0 10
1469 0 9
1470 0 11
1471 0 11
1472 0 11
1473 0 10
1474 0 10
1475 0 9
1476 0 11
1477 0 11
1478 0 10
1479 0 10
1480 0 11
1481 0 11
1482 0 11
1483 0 10
1484 0 10
1485 0 9
1486 0 10
1487 0 10
1488 0 10
1489 0 10
1490 0 9
1491 0 10
1492 0 10
1493 0 10
1494 0 10
1495 0 10
1496 0 11
1497 0 10
1498 0 10
1499 0 11
1500 0 10
1501 0 10
1502 0 10
1503 0 10
1504 0 11
1505 0 11
1506 0 11
1507 0 11
1508 0 10
1509 0 11
1510 0 11
1511 0 11
1512 0 11
1513 0 10
1514 0 11
1515 0 10
1516 0 10
1517 0 10
1518 0 10
1519 0 10
1520 0 10
1521 0 10
1522 0 10
1523 0 11
1524 0 10
1525 0 10
1526 0 10
1527 0 9
1528 0 11
1529 0 11
1530 0 11
1531 0 11
1532 0 10
1533 0 11
1534 0 11
1535 0 11
1536 0 11
1537 0 10
1538 0 11
1539 0 10
1540 0 10
1541 0 10
1542 0 10
1543 0 10
1544 0 10
1545 0 10
1546 0 10
1547 0 10
1548 0 10
1549 0 10
1550 0 10
1551 0 9
1552 0 10
1553 0 10
1554 0 9
1555 0 9
1556 0 10
1557 0 10
1558 0 10
1559 0 10
1560 0 10
1561 0 9
1562 0 10
1563 0 10
1564 0 9
1565 0 9
1566 0 9
1567 0 10
1568 0 10
1569 0 9
1570 0 9
1571 0 10
1572 0 10
1573 0 9
1574 0 9
1575 0 9
1576 0 10
1577 0 10
1578 0 9
1579 0 9
1580 0 9
1581 0 9
1582 0 9
1583 0 10
1584 0 10
1585 0 10
1586 0 10
1587 0 10
1588 0 10
1589 0 11
1590 0 11
1591 0 11
1592 0 11
1593 0 11
1594 0 10
1595 0 11
1596 0 11
1597 0 10
1598 0 10
1599 0 11
1600 0 11
1601 0 11
1602 0 11
1603 0 11
1604 0 10
1605 0 11
1606 0 11
1607 0 10
1608 0 10
1609 0 10
1610 0 11
1611 0 11
1612 0 10
1613 0 10
1614 0 10
1615 0 11
1616 0 10
1617 0 10
1618 0 11
1619 0 10
1620 0 10
1621 0 10
1622 0 10
1623 0 11
1624 0 11
1625 0 10
1626 0 10
1627 0 10
1628 0 11
1629 0 11
1630 0 10
1631 0 10
1632 0 10
1633 0 10
1634 0 10
1635 0 10
1636 0 10
1637 0 10
1638 0 10
1639 0 10
1640 0 10
1641 0 11
1642 0 11
1643 0 11
1644 0 11
1645 0 11
1646 0 10
1647 0 11
1648 0 11
1649 0 10
1650 0 10
1651 0 11
1652 0 11
1653 0 11
1654 0 11
1655 0 11
1656 0 10
1657 0 11
1658 0 11
1659 0 11
1660 0 11
1661 0 10
1662 0 11
1663 0 11
1664 0 11
1665 0 11
1666 0 10
1667 0 11
1668 0 10
1669 0 10
1670 0 11
1671 0 10
1672 0 10
1673 0 10
1674 0 10
1675 0 11
1676 0 11
1677 0 11
1678 0 11
1679 0 10
1680 0 11
1681 0 11
1682 0 11
1683 0 11
1684 0 11
1685 0 12
1686 0 11
1687 0 11
1688 0 11
1689 0 11
1690 0 11
1691 0 11
1692 0 11
1693 0 11
1694 0 12
1695 0 11
1696 0 10
1697 0 10
1698 0 9
1699 0 11
1700 0 11
1701 0 11
1702 0 11
1703 0 10
1704 0 11
1705 0 11
1706 0 11
1707 0 11
1708 0 11
1709 0 12
1710 0 11
1711 0 11
1712 0 11
1713 0 11
1714 0 11
1715 0 11
1716 0 11
1717 0 11
1718 0 11
1719 0 11
1720 0 10
1721 0 10
1722 0 9
1723 0 11
1724 0 11
1725 0 10
1726 0 10
1727 0 11
1728 0 11
1729 0 11
1730 0 10
1731 0 10
1732 0 9
1733 0 11
1734 0 11
1735 0 11
1736 0 10
1737 0 10
1738 0 9
1739 0 11
1740 0 11
1741 0 10
1742 0 10
1743 0 11
1744 0 11
1745 0 11
1746 0 10
1747 0 10
1748 0 9
1749 0 10
1750 0 10
1751 0 10
1752 0 10
1753 0 9
1754 0 10
1755 0 10
1756 0 10
1757 0 10
1758 0 10
1759 0 11
1760 0 10
1761 0 10
1762 0 11
1763 0 10
1764 0 10
1765 0 10
1766 0 10
1767 0 11
1768 0 11
1769 0 10
1770 0 10
1771 0 10
1772 0 11
1773 0 11
1774 0 10
1775 0 10
1776 0 10
1777 0 10
1778 0 10
1779 0 11
1780 0 11
1781 0 11
1782 0 11
1783 0 10
1784 0 10
1785 0 10
1786 0 10
1787 0 10
1788 0 10
1789 0 10
1790 0 9
1791 0 11
1792 0 11
1793 0 10
1794 0 10
1795 0 10
1796 0 11
1797 0 11
1798 0 10
1799 0 10
1800 0 11
1801 0 11
1802 0 11
1803 0 11
1804 0 11
1805 0 11
1806 0 11
1807 0 10
1808 0 10
1809 0 10
1810 0 10
1811 0 11
1812 0 11
1813 0 11
1814 0 10
1815 0 12
1816 0 12
1817 0 9
1818 0 9
1819 0 10
1820 0 10
1821 0 11
1822 0 11
1823 0 11
1824 0 10
1825 0 11
1826 0 11
1827 0 9
1828 0 9
1829 0 10
1830 0 11
1831 0 11
1832 0 9
1833 0 9
1834 0 11
1835 0 11
1836 0 9
1837 0 9
1838 0 10
1839 0 11
1840 0 11
1841 0 9
1842 0 9
1843 0 9
1844 0 9
1845 0 10
1846 0 11
1847 0 11
1848 0 11
1849 0 11
1850 0 10
1851 0 10
1852 0 11
1853 0 11
1854 0 12
1855 0 11
1856 0 11
1857 0 10
1858 0 12
1859 0 12
1860 0 10
1861 0 10
1862 0 11
1863 0 11
1864 0 12
1865 0 11
1866 0 11
1867 0 10
1868 0 10
1869 0 10
1870 0 9
1871 0 9
1872 0 9
1873 0 10
1874 0 10
1875 0 9
1876 0 9
1877 0 9
1878 0 9
1879 0 9
1880 0 9
1881 0 9
1882 0 9
1883 0 9
1884 0 9
1885 0 9
1886 0 11
1887 0 11
1888 0 10
1889 0 10
1890 0 10
1891 0 11
1892 0 11
1893 0 10
1894 0 10
1895 0 10
1896 0 10
1897 0 10
1898 0 11
1899 0 11
1900 0 11
1901 0 11
1902 0 10
1903 0 10
1904 0 10
1905 0 10
1906 0 10
1907 0 10
1908 0 10
1909 0 9
1910 0 11
1911 0 11
1912 0 10
1913 0 10
1914 0 10
1915 0 11
1916 0 11
1917 0 10
1918 0 10
1919 0 11
1920 0 11
1921 0 11
1922 0 11
1923 0 11
1924 0 11
1925 0 11
1926 0 10
1927 0 10
1928 0 10
1929 0 10
1930 0 11
1931 0 11
1932 0 11
1933 0 10
1934 0 12
1935 0 12
1936 0 9
1937 0 9
1938 0 10
1939 0 10
1940 0 11
1941 0 11
1942 0 11
1943 0 10
1944 0 11
1945 0 11
1946 0 9
1947 0 9
1948 0 10
1949 0 11
1950 0 11
1951 0 9
1952 0 9
1953 0 11
1954 0 11
1955 0 9
1956 0 9
1957 0 10
1958 0 11
1959 0 11
1960 0 9
1961 0 9
1962 0 9
1963 0 9
1964 0 10
1965 0 11
1966 0 11
1967 0 11
1968 0 11
1969 0 10
1970 0 10
1971 0 10
1972 0 10
1973 0 11
1974 0 11
1975 0 11
1976 0 10
1977 0 11
1978 0 11
1979 0 9
1980 0 9
1981 0 10
1982 0 10
1983 0 11
1984 0 11
1985 0 11
1986 0 10
1987 0 10
1988 0 10
1989 0 9
1990 0 9
1991 0 9
1992 0 10
1993 0 10
1994 0 9
1995 0 9
1996 0 9
1997 0 9
1998 0 9
1999 0 9
2000 0 9
2001 0 9
2002 0 9
2003 0 9
2004 0 9
2005 0 11
2006 0 11
2007 0 9
2008 0 9
2009 0 10
2010 0 11
2011 0 11
2012 0 9
2013 0 9
2014 0 9
2015 0 9
2016 0 10
2017 0 10
2018 0 10
2019 0 10
2020 0 10
2021 0 9
2022 0 9
2023 0 10
2024 0 10
2025 0 11
2026 0 11
2027 0 11
2028 0 10
2029 0 11
2030 0 11
2031 0 9
2032 0 9
2033 0 10
2034 0 10
2035 0 11
2036 0 11
2037 0 11
2038 0 10
2039 0 10
2040 0 10
2041 0 9
2042 0 9
2043 0 9
2044 0 10
2045 0 10
2046 0 9
2047 0 9
2048 0 9
2049 0 9
2050 0 9
2051 0 9
2052 0 9
2053 0 9
2054 0 9
2055 0 9
2056 0 9
2057 0 10
2058 0 10
2059 0 11
2060 0 11
2061 0 11
2062 0 10
2063 0 11
2064 0 11
2065 0 9
2066 0 9
2067 0 10
2068 0 10
2069 0 11
2070 0 11
2071 0 11
2072 0 10
2073 0 10
2074 0 10
2075 0 9
2076 0 9
2077 0 9
2078 0 10
2079 0 10
2080 0 9
2081 0 9
2082 0 9
2083 0 9
2084 0 9
2085 0 9
2086 0 9
2087 0 9
2088 0 9
2089 0 9
2090 0 9
2091 0 11
2092 0 11
2093 0 9
2094 0 9
2095 0 10
2096 0 11
2097 0 11
2098 0 9
2099 0 9
2100 0 9
2101 0 9
2102 0 10
2103 0 10
2104 0 10
2105 0 10
2106 0 10
2107 0 9
2108 0 9
2109 0 10
2110 0 10
2111 0 11
2112 0 11
2113 0 11
2114 0 10
2115 0 11
2116 0 11
2117 0 9
2118 0 9
2119 0 10
2120 0 10
2121 0 11
2122 0 11
2123 0 11
2124 0 10
2125 0 10
2126 0 10
2127 0 9
2128 0 9
2129 0 9
2130 0 10
2131 0 10
2132 0 9
2133 0 9
2134 0 9
2135 0 9
2136 0 9
2137 0 9
2138 0 9
2139 0 9
2140 0 9
2141 0 9
2142 0 9
2143 0 10
2144 0 10
2145 0 9
2146 0 9
2147 0 9
2148 0 10
2149 0 10
2150 0 9
2151 0 9
2152 0 9
2153 0 9
2154 0 9
2155 0 10
2156 0 10
2157 0 10
2158 0 10
2159 0 9
2160 0 9
2161 0 9
2162 0 9
2163 0 9
2164 0 9
2165 0 9
2166 0 8
2167 0 10
2168 0 10
2169 0 9
2170 0 9
2171 0 9
2172 0 10
2173 0 10
2174 0 9
2175 0 9
2176 0 10
2177 0 10
2178 0 10
2179 0 10
2180 0 10
2181 0 10
2182 0 10
2183 0 9
2184 0 9
2185 0 10
2186 0 10
2187 0 11
2188 0 10
2189 0 10
2190 0 9
2191 0 11
2192 0 11
2193 0 9
2194 0 9
2195 0 10
2196 0 10
2197 0 11
2198 0 10
2199 0 10
2200 0 9
2201 0 10
2202 0 10
2203 0 11
2204 0 10
2205 0 10
2206 0 9
2207 0 11
2208 0 11
2209 0 9
2210 0 9
2211 0 10
2212 0 10
2213 0 11
2214 0 10
2215 0 10
2216 0 9
2217 0 10
2218 0 10
2219 0 9
2220 0 9
2221 0 9
2222 0 10
2223 0 10
2224 0 9
2225 0 9
2226 0 10
2227 0 10
2228 0 10
2229 0 10
2230 0 10
2231 0 10
2232 0 10
2233 0 10
2234 0 10
2235 0 11
2236 0 11
2237 0 11
2238 0 10
2239 0 11
2240 0 10
2241 0 11
2242 0 11
2243 0 11
2244 0 10
2245 0 11
2246 0 10
2247 0 10
2248 0 11
2249 0 10
2250 0 10
2251 0 10
2252 0 10
2253 0 10
2254 0 10
2255 0 10
2256 0 11
2257 0 10
2258 0 10
2259 0 11
2260 0 10
2261 0 10
2262 0 10
2263 0 10
2264 0 10
2265 0 10
2266 0 11
2267 0 11
2268 0 11
2269 0 10
2270 0 11
2271 0 10
2272 0 11
2273 0 11
2274 0 11
2275 0 10
2276 0 11
2277 0 11
2278 0 10
2279 0 11
2280 0 11
2281 0 10
2282 0 10
2283 0 10
2284 0 10
2285 0 10
2286 0 10
2287 0 11
2288 0 11
2289 0 10
2290 0 11
2291 0 11
2292 0 10
2293 0 10
2294 0 10
2295 0 10
2296 0 10
2297 0 10
2298 0 10
2299 0 10
2300 0 9
2301 0 11
2302 0 11
2303 0 10
2304 0 11
2305 0 11
2306 0 10
2307 0 10
2308 0 10
2309 0 10
2310 0 10
2311 0 11
2312 0 11
2313 0 10
2314 0 9
2315 0 11
2316 0 10
2317 0 11
2318 0 11
2319 0 10
2320 0 9
2321 0 11
2322 0 11
2323 0 10
2324 0 9
2325 0 11
2326 0 10
2327 0 11
2328 0 11
2329 0 10
2330 0 9
2331 0 10
2332 0 10
2333 0 9
2334 0 10
2335 0 10
2336 0 10
2337 0 10
2338 0 10
2339 0 10
2340 0 10
2341 0 10
2342 0 11
2343 0 11
2344 0 10
2345 0 11
2346 0 11
2347 0 10
2348 0 10
2349 0 10
2350 0 10
2351 0 10
2352 0 10
2353 0 10
2354 0 10
2355 0 9
2356 0 11
2357 0 11
2358 0 10
2359 0 11
2360 0 11
2361 0 10
2362 0 10
2363 0 10
2364 0 10
2365 0 10
2366 0 10
2367 0 10
2368 0 10
2369 0 9
2370 0 10
2371 0 9
2372 0 10
2373 0 10
2374 0 10
2375 0 9
2376 0 10
2377 0 9
2378 0 9
2379 0 10
2380 0 9
2381 0 10
2382 0 9
2383 0 9
2384 0 10
2385 0 9
2386 0 9
2387 0 9
2388 0 10
2389 0 10
2390 0 10
2391 0 11
2392 0 11
2393 0 11
2394 0 10
2395 0 11
2396 0 10
2397 0 11
2398 0 11
2399 0 11
2400 0 10
2401 0 11
2402 0 10
2403 0 10
2404 0 11
2405 0 10
2406 0 10
2407 0 10
2408 0 10
2409 0 10
2410 0 10
2411 0 10
2412 0 11
2413 0 10
2414 0 10
2415 0 11
2416 0 10
2417 0 10
2418 0 10
2419 0 10
2420 0 10
2421 0 10
2422 0 11
2423 0 11
2424 0 11
2425 0 10
2426 0 11
2427 0 10
2428 0 11
2429 0 11
2430 0 11
2431 0 10
2432 0 11
2433 0 11
2434 0 10
2435 0 11
2436 0 11
2437 0 10
2438 0 10
2439 0 10
2440 0 10
2441 0 10
2442 0 10
2443 0 11
2444 0 11
2445 0 10
2446 0 11
2447 0 11
2448 0 11
2449 0 11
2450 0 11
2451 0 11
2452 0 11
2453 0 11
2454 0 11
2455 0 10
2456 0 9
2457 0 11
2458 0 11
2459 0 10
2460 0 11
2461 0 11
2462 0 11
2463 0 11
2464 0 11
2465 0 11
2466 0 11
2467 0 11
2468 0 11
2469 0 10
2470 0 9
2471 0 11
2472 0 10
2473 0 11
2474 0 11
2475 0 10
2476 0 9
2477 0 11
2478 0 11
2479 0 10
2480 0 9
2481 0 11
2482 0 10
2483 0 11
2484 0 11
2485 0 10
2486 0 9
2487 0 10
2488 0 10
2489 0 9
2490 0 10
2491 0 10
2492 0 10
2493 0 10
2494 0 10
2495 0 10
2496 0 10
2497 0 10
2498 0 11
2499 0 10
2500 0 10
2501 0 11
2502 0 10
2503 0 10
2504 0 10
2505 0 11
2506 0 11
2507 0 10
2508 0 10
2509 0 10
2510 0 10
2511 0 9
2512 0 11
2513 0 10
2514 0 10
2515 0 11
2516 0 10
2517 0 11
2518 0 11
2519 0 11
2520 0 11
2521 0 10
2522 0 10
2523 0 11
2524 0 10
2525 0 9
2526 0 11
2527 0 9
2528 0 10
2529 0 11
2530 0 10
2531 0 9
2532 0 10
2533 0 9
2534 0 9
2535 0 10
2536 0 9
2537 0 10
2538 0 9
2539 0 9
2540 0 10
2541 0 9
2542 0 9
2543 0 10
2544 0 10
2545 0 10
2546 0 10
2547 0 11
2548 0 12
2549 0 10
2550 0 9
2551 0 11
2552 0 10
2553 0 11
2554 0 12
2555 0 10
2556 0 9
2557 0 10
2558 0 9
2559 0 9
2560 0 10
2561 0 9
2562 0 9
2563 0 9
2564 0 9
2565 0 9
2566 0 9
2567 0 9
2568 0 11
2569 0 10
2570 0 10
2571 0 11
2572 0 10
2573 0 10
2574 0 10
2575 0 11
2576 0 11
2577 0 10
2578 0 10
2579 0 10
2580 0 10
2581 0 9
2582 0 11
2583 0 10
2584 0 10
2585 0 11
2586 0 10
2587 0 11
2588 0 11
2589 0 11
2590 0 11
2591 0 10
2592 0 10
2593 0 11
2594 0 10
2595 0 9
2596 0 11
2597 0 9
2598 0 10
2599 0 11
2600 0 10
2601 0 9
2602 0 10
2603 0 9
2604 0 9
2605 0 10
2606 0 9
2607 0 10
2608 0 9
2609 0 9
2610 0 10
2611 0 9
2612 0 9
2613 0 10
2614 0 10
2615 0 10
2616 0 10
2617 0 10
2618 0 11
2619 0 11
2620 0 10
2621 0 11
2622 0 9
2623 0 10
2624 0 11
2625 0 11
2626 0 10
2627 0 10
2628 0 9
2629 0 9
2630 0 10
2631 0 9
2632 0 9
2633 0 9
2634 0 9
2635 0 9
2636 0 9
2637 0 9
2638 0 11
2639 0 9
2640 0 10
2641 0 11
2642 0 9
2643 0 9
2644 0 10
2645 0 10
2646 0 10
2647 0 9
2648 0 10
2649 0 11
2650 0 11
2651 0 10
2652 0 11
2653 0 9
2654 0 10
2655 0 11
2656 0 11
2657 0 10
2658 0 10
2659 0 9
2660 0 9
2661 0 10
2662 0 9
2663 0 9
2664 0 9
2665 0 9
2666 0 9
2667 0 9
2668 0 9
2669 0 10
2670 0 11
2671 0 11
2672 0 10
2673 0 11
2674 0 9
2675 0 10
2676 0 11
2677 0 11
2678 0 10
2679 0 10
2680 0 9
2681 0 9
2682 0 10
2683 0 9
2684 0 9
2685 0 9
2686 0 9
2687 0 9
2688 0 9
2689 0 9
2690 0 11
2691 0 9
2692 0 10
2693 0 11
2694 0 9
2695 0 9
2696 0 10
2697 0 10
2698 0 10
2699 0 9
2700 0 10
2701 0 11
2702 0 11
2703 0 10
2704 0 11
2705 0 9
2706 0 10
2707 0 11
2708 0 11
2709 0 10
2710 0 10
2711 0 9
2712 0 9
2713 0 10
2714 0 9
2715 0 9
2716 0 9
2717 0 9
2718 0 9
2719 0 9
2720 0 9
2721 0 10
2722 0 9
2723 0 9
2724 0 10
2725 0 9
2726 0 9
2727 0 9
2728 0 10
2729 0 10
2730 0 9
2731 0 9
2732 0 9
2733 0 9
2734 0 8
2735 0 10
2736 0 9
2737 0 9
2738 0 10
2739 0 9
2740 0 10
2741 0 10
2742 0 10
2743 0 10
2744 0 9
2745 0 10
2746 0 11
2747 0 10
2748 0 9
2749 0 11
2750 0 9
2751 0 10
2752 0 11
2753 0 10
2754 0 9
2755 0 10
2756 0 11
2757 0 10
2758 0 9
2759 0 11
2760 0 9
2761 0 10
2762 0 11
2763 0 10
2764 0 9
2765 0 10
2766 0 9
2767 0 9
2768 0 10
2769 0 9
2770 0 10
2771 0 10
2772 0 10
2773 0 10
2774 0 10
2775 0 10
2776 0 11
2777 0 11
2778 0 10
2779 0 11
2780 0 11
2781 0 11
2782 0 11
2783 0 11
2784 0 11
2785 0 11
2786 0 11
2787 0 11
2788 0 10
2789 0 9
2790 0 11
2791 0 11
2792 0 10
2793 0 11
2794 0 11
2795 0 12
2796 0 12
2797 0 11
2798 0 11
2799 0 11
2800 0 10
2801 0 11
2802 0 10
2803 0 9
2804 0 11
2805 0 9
2806 0 10
2807 0 11
2808 0 10
2809 0 9
2810 0 10
2811 0 9
2812 0 9
2813 0 10
2814 0 9
2815 0 10
2816 0 9
2817 0 9
2818 0 10
2819 0 9
2820 0 9
2821 0 10
2822 0 10
2823 0 10
2824 0 10
2825 0 11
2826 0 12
2827 0 10
2828 0 9
2829 0 11
2830 0 10
2831 0 11
2832 0 12
2833 0 10
2834 0 9
2835 0 10
2836 0 10
2837 0 9
2838 0 10
2839 0 10
2840 0 10
2841 0 10
2842 0 10
2843 0 10
2844 0 9
2845 0 9
2846 0 11
2847 0 11
2848 0 10
2849 0 11
2850 0 11
2851 0 11
2852 0 11
2853 0 11
2854 0 11
2855 0 11
2856 0 11
2857 0 11
2858 0 10
2859 0 9
2860 0 11
2861 0 11
2862 0 10
2863 0 11
2864 0 11
2865 0 12
2866 0 12
2867 0 11
2868 0 11
2869 0 11
2870 0 10
2871 0 11
2872 0 10
2873 0 9
2874 0 11
2875 0 9
2876 0 10
2877 0 11
2878 0 10
2879 0 9
2880 0 10
2881 0 9
2882 0 9
2883 0 10
2884 0 9
2885 0 10
2886 0 9
2887 0 9
2888 0 10
2889 0 9
2890 0 9
2891 0 10
2892 0 10
2893 0 10
2894 0 10
2895 0 10
2896 0 10
2897 0 10
2898 0 9
2899 0 10
2900 0 9
2901 0 10
2902 0 10
2903 0 10
2904 0 9
2905 0 10
2906 0 9
2907 0 9
2908 0 10
2909 0 9
2910 0 9
2911 0 9
2912 0 9
2913 0 9
2914 0 9
2915 0 9
2916 0 10
2917 0 9
2918 0 9
2919 0 10
2920 0 9
2921 0 9
2922 0 9
2923 0 9
2924 0 9
2925 0 9
2926 0 10
2927 0 10
2928 0 10
2929 0 9
2930 0 10
2931 0 9
2932 0 10
2933 0 10
2934 0 10
2935 0 9
2936 0 10
2937 0 10
2938 0 9
2939 0 10
2940 0 10
2941 0 9
2942 0 9
2943 0 9
2944 0 9
2945 0 9
2946 0 9
2947 0 10
2948 0 10
2949 0 9
2950 0 10
2951 0 10
2952 0 9
2953 0 9
2954 0 9
2955 0 9
2956 0 9
2957 0 9
2958 0 9
2959 0 9
2960 0 8
2961 0 10
2962 0 10
2963 0 9
2964 0 10
2965 0 10
2966 0 9
2967 0 9
2968 0 9
2969 0 9
2970 0 9
2971 0 10
2972 0 10
2973 0 9
2974 0 10
2975 0 10
2976 0 9
2977 0 9
2978 0 9
2979 0 9
2980 0 9
2981 0 9
2982 0 9
2983 0 9
2984 0 8
2985 0 10
2986 0 10
2987 0 9
2988 0 10
2989 0 10
2990 0 9
2991 0 9
2992 0 9
2993 0 9
2994 0 9
2995 0 9
2996 0 9
2997 0 9
2998 0 8
2999 0 9
3000 0 8
3001 0 9
3002 0 9
3003 0 9
3004 0 8
3005 0 10
3006 0 9
3007 0 9
3008 0 10
3009 0 9
3010 0 10
3011 0 9
3012 0 9
3013 0 10
3014 0 9
3015 0 9
3016 0 9
3017 0 10
3018 0 10
3019 0 10
3020 0 11
3021 0 11
3022 0 11
3023 0 10
3024 0 11
3025 0 10
3026 0 11
3027 0 11
3028 0 11
3029 0 10
3030 0 11
3031 0 10
3032 0 10
3033 0 11
3034 0 10
3035 0 10
3036 0 10
3037 0 10
3038 0 10
3039 0 10
3040 0 10
3041 0 11
3042 0 10
3043 0 10
3044 0 11
3045 0 10
3046 0 10
3047 0 10
3048 0 10
3049 0 10
3050 0 10
3051 0 11
3052 0 11
3053 0 11
3054 0 10
3055 0 11
3056 0 10
3057 0 11
3058 0 11
3059 0 11
3060 0 10
3061 0 11
3062 0 11
3063 0 10
3064 0 11
3065 0 11
3066 0 10
3067 0 10
3068 0 10
3069 0 10
3070 0 10
3071 0 10
3072 0 11
3073 0 11
3074 0 10
3075 0 11
3076 0 11
3077 0 10
3078 0 10
3079 0 10
3080 0 10
3081 0 10
3082 0 10
3083 0 10
3084 0 10
3085 0 9
3086 0 11
3087 0 11
3088 0 10
3089 0 11
3090 0 11
3091 0 10
3092 0 10
3093 0 10
3094 0 10
3095 0 10
3096 0 11
3097 0 11
3098 0 10
3099 0 9
3100 0 11
3101 0 10
3102 0 11
3103 0 11
3104 0 10
3105 0 9
3106 0 11
3107 0 11
3108 0 10
3109 0 9
3110 0 11
3111 0 10
3112 0 11
3113 0 11
3114 0 10
3115 0 9
3116 0 10
3117 0 10
3118 0 9
3119 0 10
3120 0 10
3121 0 10
3122 0 10
3123 0 10
3124 0 10
3125 0 10
3126 0 10
3127 0 11
3128 0 11
3129 0 10
3130 0 11
3131 0 11
3132 0 10
3133 0 10
3134 0 10
3135 0 10
3136 0 10
3137 0 10
3138 0 10
3139 0 10
3140 0 9
3141 0 11
3142 0 11
3143 0 10
3144 0 11
3145 0 11
3146 0 10
3147 0 10
3148 0 10
3149 0 10
3150 0 10
3151 0 10
3152 0 10
3153 0 10
3154 0 9
3155 0 10
3156 0 9
3157 0 10
3158 0 10
3159 0 10
3160 0 9
3161 0 10
3162 0 9
3163 0 9
3164 0 10
3165 0 9
3166 0 10
3167 0 9
3168 0 9
3169 0 10
3170 0 9
3171 0 9
3172 0 9
3173 0 10
3174 0 10
3175 0 10
3176 0 11
3177 0 11
3178 0 11
3179 0 10
3180 0 11
3181 0 10
3182 0 11
3183 0 11
3184 0 11
3185 0 10
3186 0 11
3187 0 10
3188 0 10
3189 0 11
3190 0 10
3191 0 10
3192 0 10
3193 0 10
3194 0 10
3195 0 10
3196 0 10
3197 0 11
3198 0 10
3199 0 10
3200 0 11
3201 0 10
3202 0 10
3203 0 10
3204 0 10
3205 0 10
3206 0 10
3207 0 11
3208 0 11
3209 0 11
3210 0 10
3211 0 11
3212 0 10
3213 0 11
3214 0 11
3215 0 11
3216 0 10
3217 0 11
3218 0 11
3219 0 10
3220 0 11
3221 0 11
3222 0 10
3223 0 10
3224 0 10
3225 0 10
3226 0 10
3227 0 10
3228 0 11
3229 0 11
3230 0 10
3231 0 11
3232 0 11
3233 0 11
3234 0 11
3235 0 11
3236 0 11
3237 0 11
3238 0 11
3239 0 11
3240 0 10
3241 0 9
3242 0 11
3243 0 11
3244 0 10
3245 0 11
3246 0 11
3247 0 11
3248 0 11
3249 0 11
3250 0 11
3251 0 11
3252 0 11
3253 0 11
3254 0 10
3255 0 9
3256 0 11
3257 0 10
3258 0 11
3259 0 11
3260 0 10
3261 0 9
3262 0 11
3263 0 11
3264 0 10
3265 0 9
3266 0 11
3267 0 10
3268 0 11
3269 0 11
3270 0 10
3271 0 9
3272 0 10
3273 0 10
3274 0 9
3275 0 10
3276 0 10
3277 0 10
3278 0 10
3279 0 10
3280 0 10
3281 0 10
3282 0 10
3283 0 11
3284 0 10
3285 0 10
3286 0 11
3287 0 10
3288 0 10
3289 0 10
3290 0 11
3291 0 11
3292 0 10
3293 0 10
3294 0 10
3295 0 10
3296 0 9
3297 0 11
3298 0 10
3299 0 10
3300 0 11
3301 0 10
3302 0 11
3303 0 11
3304 0 11
3305 0 11
3306 0 10
3307 0 10
3308 0 11
3309 0 11
3310 0 10
3311 0 12
3312 0 9
3313 0 10
3314 0 11
3315 0 11
3316 0 10
3317 0 11
3318 0 9
3319 0 10
3320 0 11
3321 0 9
3322 0 11
3323 0 9
3324 0 10
3325 0 11
3326 0 9
3327 0 9
3328 0 10
3329 0 11
3330 0 11
3331 0 10
3332 0 11
3333 0 12
3334 0 11
3335 0 10
3336 0 12
3337 0 10
3338 0 11
3339 0 12
3340 0 11
3341 0 10
3342 0 10
3343 0 9
3344 0 9
3345 0 10
3346 0 9
3347 0 9
3348 0 9
3349 0 9
3350 0 9
3351 0 9
3352 0 9
3353 0 11
3354 0 10
3355 0 10
3356 0 11
3357 0 10
3358 0 10
3359 0 10
3360 0 11
3361 0 11
3362 0 10
3363 0 10
3364 0 10
3365 0 10
3366 0 9
3367 0 11
3368 0 10
3369 0 10
3370 0 11
3371 0 10
3372 0 11
3373 0 11
3374 0 11
3375 0 11
3376 0 10
3377 0 10
3378 0 11
3379 0 11
3380 0 10
3381 0 12
3382 0 9
3383 0 10
3384 0 11
3385 0 11
3386 0 10
3387 0 11
3388 0 9
3389 0 10
3390 0 11
3391 0 9
3392 0 11
3393 0 9
3394 0 10
3395 0 11
3396 0 9
3397 0 9
3398 0 10
3399 0 11
3400 0 11
3401 0 10
3402 0 10
3403 0 11
3404 0 11
3405 0 10
3406 0 11
3407 0 9
3408 0 10
3409 0 11
3410 0 11
3411 0 10
3412 0 10
3413 0 9
3414 0 9
3415 0 10
3416 0 9
3417 0 9
3418 0 9
3419 0 9
3420 0 9
3421 0 9
3422 0 9
3423 0 11
3424 0 9
3425 0 10
3426 0 11
3427 0 9
3428 0 9
3429 0 10
3430 0 10
3431 0 10
3432 0 9
3433 0 10
3434 0 11
3435 0 11
3436 0 10
3437 0 11
3438 0 9
3439 0 10
3440 0 11
3441 0 11
3442 0 10
3443 0 10
3444 0 9
3445 0 9
3446 0 10
3447 0 9
3448 0 9
3449 0 9
3450 0 9
3451 0 9
3452 0 9
3453 0 9
3454 0 10
3455 0 11
3456 0 11
3457 0 10
3458 0 11
3459 0 9
3460 0 10
3461 0 11
3462 0 11
3463 0 10
3464 0 10
3465 0 9
3466 0 9
3467 0 10
3468 0 9
3469 0 9
3470 0 9
3471 0 9
3472 0 9
3473 0 9
3474 0 9
3475 0 11
3476 0 9
3477 0 10
3478 0 11
3479 0 9
3480 0 9
3481 0 10
3482 0 10
3483 0 10
3484 0 9
3485 0 10
3486 0 11
3487 0 11
3488 0 10
3489 0 11
3490 0 9
3491 0 10
3492 0 11
3493 0 11
3494 0 10
3495 0 10
3496 0 9
3497 0 9
3498 0 10
3499 0 9
3500 0 9
3501 0 9
3502 0 9
3503 0 9
3504 0 9
3505 0 9
3506 0 10
3507 0 9
3508 0 9
3509 0 10
3510 0 9
3511 0 9
3512 0 9
3513 0 10
3514 0 10
3515 0 9
3516 0 9
3517 0 9
3518 0 9
3519 0 8
3520 0 10
3521 0 9
3522 0 9
3523 0 10
3524 0 9
3525 0 10
3526 0 10
3527 0 10
3528 0 10
3529 0 9
3530 0 10
3531 0 11
3532 0 10
3533 0 9
3534 0 11
3535 0 9
3536 0 10
3537 0 11
3538 0 10
3539 0 9
3540 0 10
3541 0 11
3542 0 10
3543 0 9
3544 0 11
3545 0 9
3546 0 10
3547 0 11
3548 0 10
3549 0 9
3550 0 10
3551 0 9
3552 0 9
3553 0 10
3554 0 9
3555 0 10
3556 0 10
3557 0 10
3558 0 10
3559 0 10
3560 0 10
3561 0 11
3562 0 10
3563 0 11
3564 0 10
3565 0 10
3566 0 10
3567 0 10
3568 0 10
3569 0 10
3570 0 10
3571 0 10
3572 0 11
3573 0 10
3574 0 11
3575 0 11
3576 0 11
3577 0 10
3578 0 10
3579 0 11
3580 0 11
3581 0 10
3582 0 10
3583 0 10
3584 0 11
3585 0 11
3586 0 10
3587 0 10
3588 0 11
3589 0 10
3590 0 11
3591 0 11
3592 0 10
3593 0 11
3594 0 10
3595 0 10
3596 0 10
3597 0 10
3598 0 11
3599 0 11
3600 0 10
3601 0 10
3602 0 10
3603 0 11
3604 0 11
3605 0 10
3606 0 10
3607 0 10
3608 0 9
3609 0 10
3610 0 9
3611 0 9
3612 0 9
3613 0 9
3614 0 9
3615 0 10
3616 0 11
3617 0 10
3618 0 11
3619 0 10
3620 0 10
3621 0 10
3622 0 10
3623 0 10
3624 0 10
3625 0 10
3626 0 10
3627 0 11
3628 0 10
3629 0 11
3630 0 11
3631 0 11
3632 0 10
3633 0 10
3634 0 11
3635 0 11
3636 0 11
3637 0 11
3638 0 11
3639 0 11
3640 0 11
3641 0 11
3642 0 11
3643 0 11
3644 0 10
3645 0 11
3646 0 11
3647 0 10
3648 0 11
3649 0 10
3650 0 10
3651 0 10
3652 0 10
3653 0 10
3654 0 10
3655 0 10
3656 0 10
3657 0 10
3658 0 10
3659 0 10
3660 0 11
3661 0 10
3662 0 10
3663 0 9
3664 0 10
3665 0 9
3666 0 9
3667 0 9
3668 0 9
3669 0 9
3670 0 10
3671 0 11
3672 0 10
3673 0 11
3674 0 9
3675 0 9
3676 0 9
3677 0 9
3678 0 10
3679 0 10
3680 0 10
3681 0 10
3682 0 10
3683 0 10
3684 0 10
3685 0 11
3686 0 10
3687 0 10
3688 0 9
3689 0 10
3690 0 9
3691 0 9
3692 0 9
3693 0 9
3694 0 9
3695 0 10
3696 0 10
3697 0 9
3698 0 10
3699 0 9
3700 0 9
3701 0 9
3702 0 9
3703 0 9
3704 0 9
3705 0 9
3706 0 9
3707 0 10
3708 0 9
3709 0 10
3710 0 9
3711 0 9
3712 0 9
3713 0 9
3714 0 10
3715 0 9
3716 0 10
3717 0 9
3718 0 9
3719 0 9
3720 0 9
3721 0 9
3722 0 9
3723 0 9
3724 0 9
3725 0 10
3726 0 9
3727 0 10
3728 0 9
3729 0 9
3730 0 9
3731 0 9
3732 0 9
3733 0 9
3734 0 9
3735 0 9
3736 0 9
3737 0 9
3738 0 9
3739 0 10
3740 0 9
3741 0 10
3742 0 9
3743 0 10
3744 0 10
3745 0 9
3746 0 10
3747 0 9
3748 0 9
3749 0 10
3750 0 10
3751 0 11
3752 0 11
3753 0 11
3754 0 11
3755 0 11
3756 0 11
3757 0 11
3758 0 12
3759 0 11
3760 0 10
3761 0 9
3762 0 10
3763 0 9
3764 0 9
3765 0 9
3766 0 9
3767 0 9
3768 0 10
3769 0 11
3770 0 10
3771 0 11
3772 0 10
3773 0 10
3774 0 10
3775 0 10
3776 0 11
3777 0 11
3778 0 11
3779 0 11
3780 0 11
3781 0 11
3782 0 11
3783 0 12
3784 0 11
3785 0 10
3786 0 9
3787 0 10
3788 0 9
3789 0 9
3790 0 9
3791 0 9
3792 0 9
3793 0 10
3794 0 10
3795 0 9
3796 0 10
3797 0 9
3798 0 9
3799 0 9
3800 0 9
3801 0 9
3802 0 9
3803 0 9
3804 0 9
3805 0 10
3806 0 9
3807 0 10
3808 0 10
3809 0 10
3810 0 9
3811 0 9
3812 0 10
3813 0 10
3814 0 9
3815 0 9
3816 0 9
3817 0 10
3818 0 10
3819 0 9
3820 0 9
3821 0 10
3822 0 10
3823 0 9
3824 0 9
3825 0 9
3826 0 10
3827 0 10
3828 0 9
3829 0 9
3830 0 9
3831 0 8
3832 0 9
3833 0 9
3834 0 9
3835 0 9
3836 0 9
3837 0 9
3838 0 10
3839 0 11
3840 0 10
3841 0 11
3842 0 10
3843 0 10
3844 0 10
3845 0 10
3846 0 10
3847 0 10
3848 0 10
3849 0 10
3850 0 11
3851 0 10
3852 0 11
3853 0 11
3854 0 11
3855 0 10
3856 0 10
3857 0 11
3858 0 11
3859 0 10
3860 0 10
3861 0 10
3862 0 11
3863 0 11
3864 0 10
3865 0 10
3866 0 11
3867 0 10
3868 0 11
3869 0 11
3870 0 10
3871 0 11
3872 0 10
3873 0 10
3874 0 10
3875 0 10
3876 0 11
3877 0 11
3878 0 10
3879 0 10
3880 0 10
3881 0 11
3882 0 11
3883 0 10
3884 0 10
3885 0 10
3886 0 9
3887 0 10
3888 0 9
3889 0 9
3890 0 9
3891 0 9
3892 0 9
3893 0 10
3894 0 11
3895 0 10
3896 0 11
3897 0 10
3898 0 10
3899 0 10
3900 0 10
3901 0 10
3902 0 10
3903 0 10
3904 0 10
3905 0 11
3906 0 10
3907 0 11
3908 0 11
3909 0 11
3910 0 10
3911 0 10
3912 0 11
3913 0 11
3914 0 11
3915 0 11
3916 0 11
3917 0 11
3918 0 11
3919 0 11
3920 0 11
3921 0 11
3922 0 10
3923 0 11
3924 0 11
3925 0 10
3926 0 11
3927 0 10
3928 0 10
3929 0 10
3930 0 10
3931 0 10
3932 0 10
3933 0 10
3934 0 10
3935 0 10
3936 0 10
3937 0 10
3938 0 11
3939 0 10
3940 0 10
3941 0 9
3942 0 10
3943 0 9
3944 0 9
3945 0 9
3946 0 9
3947 0 9
3948 0 10
3949 0 11
3950 0 10
3951 0 11
3952 0 9
3953 0 9
3954 0 9
3955 0 9
3956 0 10
3957 0 10
3958 0 10
3959 0 10
3960 0 10
3961 0 10
3962 0 10
3963 0 11
3964 0 10
3965 0 10
3966 0 9
3967 0 10
3968 0 9
3969 0 9
3970 0 9
3971 0 9
3972 0 9
3973 0 10
3974 0 10
3975 0 9
3976 0 10
3977 0 9
3978 0 9
3979 0 9
3980 0 9
3981 0 9
3982 0 9
3983 0 9
3984 0 9
3985 0 10
3986 0 9
3987 0 10
3988 0 9
3989 0 9
3990 0 9
3991 0 9
3992 0 10
3993 0 9
3994 0 10
3995 0 9
3996 0 9
3997 0 9
3998 0 9
3999 0 9
4000 0 9
4001 0 9
4002 0 9
4003 0 10
4004 0 9
4005 0 10
4006 0 9
4007 0 9
4008 0 9
4009 0 9
4010 0 9
4011 0 9
4012 0 9
4013 0 9
4014 0 9
4015 0 9
4016 0 9
4017 0 10
4018 0 9
4019 0 10
4020 0 9
4021 0 10
4022 0 10
4023 0 9
4024 0 10
4025 0 9
4026 0 9
4027 0 10
4028 0 10
4029 0 10
4030 0 10
4031 0 11
4032 0 11
4033 0 11
4034 0 10
4035 0 11
4036 0 11
4037 0 9
4038 0 9
4039 0 10
4040 0 10
4041 0 11
4042 0 11
4043 0 11
4044 0 10
4045 0 10
4046 0 10
4047 0 9
4048 0 9
4049 0 9
4050 0 10
4051 0 10
4052 0 9
4053 0 9
4054 0 9
4055 0 9
4056 0 9
4057 0 9
4058 0 9
4059 0 9
4060 0 9
4061 0 9
4062 0 9
4063 0 11
4064 0 11
4065 0 9
4066 0 9
4067 0 10
4068 0 11
4069 0 11
4070 0 9
4071 0 9
4072 0 9
4073 0 9
4074 0 10
4075 0 10
4076 0 10
4077 0 10
4078 0 10
4079 0 9
4080 0 9
4081 0 10
4082 0 10
4083 0 11
4084 0 11
4085 0 11
4086 0 10
4087 0 11
4088 0 11
4089 0 9
4090 0 9
4091 0 10
4092 0 10
4093 0 11
4094 0 11
4095 0 11
4096 0 10
4097 0 10
4098 0 10
4099 0 9
4100 0 9
4101 0 9
4102 0 10
4103 0 10
4104 0 9
4105 0 9
4106 0 9
4107 0 9
4108 0 9
4109 0 9
4110 0 9
4111 0 9
4112 0 9
4113 0 9
4114 0 9
4115 0 10
4116 0 10
4117 0 11
4118 0 11
4119 0 11
4120 0 10
4121 0 11
4122 0 11
4123 0 9
4124 0 9
4125 0 10
4126 0 10
4127 0 11
4128 0 11
4129 0 11
4130 0 10
4131 0 10
4132 0 10
4133 0 9
4134 0 9
4135 0 9
4136 0 10
4137 0 10
4138 0 9
4139 0 9
4140 0 9
4141 0 9
4142 0 9
4143 0 9
4144 0 9
4145 0 9
4146 0 9
4147 0 9
4148 0 9
4149 0 11
4150 0 11
4151 0 9
4152 0 9
4153 0 10
4154 0 11
4155 0 11
4156 0 9
4157 0 9
4158 0 9
4159 0 9
4160 0 10
4161 0 10
4162 0 10
4163 0 10
4164 0 10
4165 0 9
4166 0 9
4167 0 10
4168 0 10
4169 0 11
4170 0 11
4171 0 11
4172 0 10
4173 0 11
4174 0 11
4175 0 9
4176 0 9
4177 0 10
4178 0 10
4179 0 11
4180 0 11
4181 0 11
4182 0 10
4183 0 10
4184 0 10
4185 0 9
4186 0 9
4187 0 9
4188 0 10
4189 0 10
4190 0 9
4191 0 9
4192 0 9
4193 0 9
4194 0 9
4195 0 9
4196 0 9
4197 0 9
4198 0 9
4199 0 9
4200 0 9
4201 0 10
4202 0 10
4203 0 9
4204 0 9
4205 0 9
4206 0 10
4207 0 10
4208 0 9
4209 0 9
4210 0 9
4211 0 9
4212 0 9
4213 0 10
4214 0 10
4215 0 10
4216 0 10
4217 0 9
4218 0 9
4219 0 9
4220 0 9
4221 0 9
4222 0 9
4223 0 9
4224 0 8
4225 0 10
4226 0 10
4227 0 9
4228 0 9
4229 0 9
4230 0 10
4231 0 10
4232 0 9
4233 0 9
4234 0 10
4235 0 10
4236 0 10
4237 0 10
4238 0 10
4239 0 10
4240 0 10
4241 0 9
4242 0 9
4243 0 10
4244 0 10
4245 0 11
4246 0 10
4247 0 10
4248 0 9
4249 0 11
4250 0 11
4251 0 9
4252 0 9
4253 0 10
4254 0 10
4255 0 11
4256 0 10
4257 0 10
4258 0 9
4259 0 10
4260 0 10
4261 0 11
4262 0 10
4263 0 10
4264 0 9
4265 0 11
4266 0 11
4267 0 9
4268 0 9
4269 0 10
4270 0 10
4271 0 11
4272 0 10
4273 0 10
4274 0 9
4275 0 10
4276 0 10
4277 0 9
4278 0 9
4279 0 9
4280 0 10
4281 0 10
4282 0 9
4283 0 9
4284 0 10
4285 0 10
4286 0 10
4287 0 10
4288 0 10
4289 0 10
4290 0 10
4291 0 10
4292 0 10
4293 0 11
4294 0 10
4295 0 11
4296 0 10
4297 0 10
4298 0 11
4299 0 11
4300 0 10
4301 0 10
4302 0 10
4303 0 10
4304 0 11
4305 0 10
4306 0 11
4307 0 11
4308 0 11
4309 0 11
4310 0 11
4311 0 11
4312 0 11
4313 0 11
4314 0 10
4315 0 11
4316 0 11
4317 0 11
4318 0 11
4319 0 10
4320 0 11
4321 0 10
4322 0 11
4323 0 11
4324 0 10
4325 0 11
4326 0 10
4327 0 10
4328 0 11
4329 0 11
4330 0 11
4331 0 11
4332 0 11
4333 0 10
4334 0 11
4335 0 11
4336 0 11
4337 0 11
4338 0 10
4339 0 10
4340 0 9
4341 0 10
4342 0 9
4343 0 9
4344 0 9
4345 0 9
4346 0 9
4347 0 10
4348 0 11
4349 0 10
4350 0 11
4351 0 10
4352 0 10
4353 0 11
4354 0 11
4355 0 10
4356 0 10
4357 0 10
4358 0 10
4359 0 11
4360 0 10
4361 0 11
4362 0 11
4363 0 11
4364 0 11
4365 0 11
4366 0 11
4367 0 11
4368 0 12
4369 0 11
4370 0 12
4371 0 11
4372 0 11
4373 0 12
4374 0 11
4375 0 11
4376 0 10
4377 0 11
4378 0 11
4379 0 10
4380 0 11
4381 0 10
4382 0 10
4383 0 11
4384 0 11
4385 0 10
4386 0 10
4387 0 10
4388 0 10
4389 0 10
4390 0 10
4391 0 10
4392 0 11
4393 0 10
4394 0 10
4395 0 9
4396 0 10
4397 0 9
4398 0 9
4399 0 9
4400 0 9
4401 0 9
4402 0 10
4403 0 11
4404 0 10
4405 0 11
4406 0 9
4407 0 9
4408 0 9
4409 0 9
4410 0 10
4411 0 10
4412 0 10
4413 0 10
4414 0 10
4415 0 10
4416 0 10
4417 0 11
4418 0 10
4419 0 10
4420 0 9
4421 0 10
4422 0 9
4423 0 9
4424 0 9
4425 0 9
4426 0 9
4427 0 10
4428 0 10
4429 0 9
4430 0 10
4431 0 9
4432 0 9
4433 0 9
4434 0 9
4435 0 9
4436 0 9
4437 0 9
4438 0 9
4439 0 10
4440 0 9
4441 0 10
4442 0 9
4443 0 9
4444 0 9
4445 0 9
4446 0 10
4447 0 9
4448 0 10
4449 0 9
4450 0 9
4451 0 9
4452 0 9
4453 0 9
4454 0 9
4455 0 9
4456 0 9
4457 0 10
4458 0 9
4459 0 10
4460 0 9
4461 0 9
4462 0 9
4463 0 9
4464 0 9
4465 0 9
4466 0 9
4467 0 9
4468 0 9
4469 0 9
4470 0 9
4471 0 10
4472 0 9
4473 0 10
4474 0 9
4475 0 10
4476 0 10
4477 0 9
4478 0 10
4479 0 9
4480 0 9
4481 0 10
4482 0 10
4483 0 11
4484 0 11
4485 0 11
4486 0 11
4487 0 11
4488 0 11
4489 0 11
4490 0 12
4491 0 11
4492 0 10
4493 0 9
4494 0 10
4495 0 9
4496 0 9
4497 0 9
4498 0 9
4499 0 9
4500 0 10
4501 0 11
4502 0 10
4503 0 11
4504 0 10
4505 0 10
4506 0 10
4507 0 10
4508 0 11
4509 0 11
4510 0 11
4511 0 11
4512 0 11
4513 0 11
4514 0 11
4515 0 12
4516 0 11
4517 0 10
4518 0 9
4519 0 10
4520 0 9
4521 0 9
4522 0 9
4523 0 9
4524 0 9
4525 0 10
4526 0 10
4527 0 9
4528 0 10
4529 0 9
4530 0 9
4531 0 10
4532 0 10
4533 0 9
4534 0 9
4535 0 9
4536 0 9
4537 0 10
4538 0 9
4539 0 10
4540 0 10
4541 0 10
4542 0 10
4543 0 10
4544 0 10
4545 0 10
4546 0 10
4547 0 9
4548 0 10
4549 0 10
4550 0 10
4551 0 10
4552 0 9
4553 0 10
4554 0 10
4555 0 10
4556 0 9
4557 0 10
4558 0 10
4559 0 10
4560 0 10
4561 0 9
4562 0 9
4563 0 8
4564 0 9
4565 0 9
4566 0 9
4567 0 9
4568 0 9
4569 0 9
4570 0 10
4571 0 11
4572 0 10
4573 0 11
4574 0 10
4575 0 10
4576 0 11
4577 0 11
4578 0 10
4579 0 10
4580 0 10
4581 0 10
4582 0 11
4583 0 10
4584 0 11
4585 0 11
4586 0 11
4587 0 11
4588 0 11
4589 0 11
4590 0 11
4591 0 11
4592 0 10
4593 0 11
4594 0 11
4595 0 11
4596 0 11
4597 0 10
4598 0 11
4599 0 10
4600 0 11
4601 0 11
4602 0 10
4603 0 11
4604 0 10
4605 0 10
4606 0 11
4607 0 11
4608 0 11
4609 0 11
4610 0 11
4611 0 10
4612 0 11
4613 0 11
4614 0 11
4615 0 11
4616 0 10
4617 0 10
4618 0 9
4619 0 10
4620 0 9
4621 0 9
4622 0 9
4623 0 9
4624 0 9
4625 0 10
4626 0 11
4627 0 10
4628 0 11
4629 0 10
4630 0 10
4631 0 11
4632 0 11
4633 0 10
4634 0 10
4635 0 10
4636 0 10
4637 0 11
4638 0 10
4639 0 11
4640 0 11
4641 0 11
4642 0 11
4643 0 11
4644 0 11
4645 0 11
4646 0 12
4647 0 11
4648 0 12
4649 0 11
4650 0 11
4651 0 12
4652 0 11
4653 0 11
4654 0 10
4655 0 11
4656 0 11
4657 0 10
4658 0 11
4659 0 10
4660 0 10
4661 0 11
4662 0 11
4663 0 10
4664 0 10
4665 0 10
4666 0 10
4667 0 10
4668 0 10
4669 0 10
4670 0 11
4671 0 10
4672 0 10
4673 0 9
4674 0 10
4675 0 9
4676 0 9
4677 0 9
4678 0 9
4679 0 9
4680 0 10
4681 0 11
4682 0 10
4683 0 11
4684 0 9
4685 0 9
4686 0 9
4687 0 9
4688 0 10
4689 0 10
4690 0 10
4691 0 10
4692 0 10
4693 0 10
4694 0 10
4695 0 11
4696 0 10
4697 0 10
4698 0 9
4699 0 10
4700 0 9
4701 0 9
4702 0 9
4703 0 9
4704 0 9
4705 0 10
4706 0 10
4707 0 9
4708 0 10
4709 0 9
4710 0 9
4711 0 9
4712 0 9
4713 0 9
4714 0 9
4715 0 9
4716 0 9
4717 0 10
4718 0 9
4719 0 10
4720 0 9
4721 0 9
4722 0 9
4723 0 9
4724 0 10
4725 0 9
4726 0 10
4727 0 9
4728 0 9
4729 0 9
4730 0 9
4731 0 9
4732 0 9
4733 0 9
4734 0 9
4735 0 10
4736 0 9
4737 0 10
4738 0 9
4739 0 9
4740 0 9
4741 0 9
4742 0 9
4743 0 9
4744 0 9
4745 0 9
4746 0 9
4747 0 9
4748 0 9
4749 0 10
4750 0 9
4751 0 10
4752 0 9
4753 0 10
4754 0 10
4755 0 9
4756 0 10
4757 0 9
4758 0 9
4759 0 10
4760 0 10
4761 0 10
4762 0 10
4763 0 10
4764 0 10
4765 0 10
4766 0 10
4767 0 10
4768 0 10
4769 0 10
4770 0 10
4771 0 9
4772 0 10
4773 0 9
4774 0 9
4775 0 9
4776 0 9
4777 0 9
4778 0 10
4779 0 10
4780 0 9
4781 0 10
4782 0 9
4783 0 9
4784 0 9
4785 0 9
4786 0 10
4787 0 10
4788 0 10
4789 0 10
4790 0 10
4791 0 10
4792 0 10
4793 0 10
4794 0 10
4795 0 10
4796 0 9
4797 0 10
4798 0 9
4799 0 9
4800 0 9
4801 0 9
4802 0 9
4803 0 10
4804 0 10
4805 0 9
4806 0 10
4807 0 9
4808 0 9
4809 0 9
4810 0 9
4811 0 9
4812 0 9
4813 0 9
4814 0 9
4815 0 10
4816 0 9
4817 0 10
4818 0 9
4819 0 9
4820 0 9
4821 0 9
4822 0 10
4823 0 10
4824 0 9
4825 0 9
4826 0 10
4827 0 10
4828 0 10
4829 0 9
4830 0 9
4831 0 10
4832 0 10
4833 0 9
4834 0 9
4835 0 10
4836 0 10
4837 0 10
4838 0 9
4839 0 9
4840 0 9
4841 0 8
4842 0 9
4843 0 9
4844 0 9
4845 0 9
4846 0 9
4847 0 9
4848 0 10
4849 0 10
4850 0 9
4851 0 10
4852 0 9
4853 0 9
4854 0 9
4855 0 9
4856 0 9
4857 0 9
4858 0 9
4859 0 9
4860 0 10
4861 0 9
4862 0 10
4863 0 9
4864 0 9
4865 0 9
4866 0 9
4867 0 9
4868 0 9
4869 0 9
4870 0 9
4871 0 9
4872 0 9
4873 0 9
4874 0 9
4875 0 9
4876 0 9
4877 0 8
4878 0 9
4879 0 9
4880 0 8
4881 0 9
4882 0 8
4883 0 8
4884 0 9
4885 0 9
4886 0 10
4887 0 10
4888 0 10
4889 0 10
4890 0 10
4891 0 10
4892 0 10
4893 0 10
4894 0 10
4895 0 10
4896 0 9
4897 0 10
4898 0 9
4899 0 9
4900 0 9
4901 0 9
4902 0 9
4903 0 10
4904 0 10
4905 0 9
4906 0 10
4907 0 9
4908 0 9
4909 0 9
4910 0 9
4911 0 10
4912 0 10
4913 0 10
4914 0 10
4915 0 10
4916 0 10
4917 0 10
4918 0 10
4919 0 10
4920 0 10
4921 0 9
4922 0 10
4923 0 9
4924 0 9
4925 0 9
4926 0 9
4927 0 9
4928 0 10
4929 0 10
4930 0 9
4931 0 10
4932 0 10
4933 0 10
4934 0 10
4935 0 10
4936 0 10
4937 0 10
4938 0 9
4939 0 9
4940 0 10
4941 0 9
4942 0 10
4943 0 10
4944 0 10
4945 0 10
4946 0 10
4947 0 10
4948 0 10
4949 0 9
4950 0 9
4951 0 10
4952 0 10
4953 0 10
4954 0 9
4955 0 9
4956 0 10
4957 0 10
4958 0 9
4959 0 9
4960 0 10
4961 0 10
4962 0 10
4963 0 9
4964 0 9
4965 0 9
4966 0 8
4967 0 9
4968 0 9
4969 0 9
4970 0 9
4971 0 9
4972 0 9
4973 0 10
4974 0 10
4975 0 10
4976 0 10
4977 0 10
4978 0 10
4979 0 10
4980 0 10
4981 0 10
4982 0 10
4983 0 9
4984 0 10
4985 0 10
4986 0 10
4987 0 10
4988 0 11
4989 0 11
4990 0 10
4991 0 10
4992 0 10
4993 0 10
4994 0 9
4995 0 10
4996 0 10
4997 0 10
4998 0 10
4999 0 9
5000 0 10
5001 0 9
5002 0 9
5003 0 9
5004 0 9
5005 0 9
5006 0 9
5007 0 9
5008 0 9
5009 0 9
5010 0 9
5011 0 11
5012 0 11
5013 0 9
5014 0 10
5015 0 10
5016 0 11
5017 0 11
5018 0 9
5019 0 10
5020 0 9
5021 0 9
5022 0 9
5023 0 9
5024 0 9
5025 0 9
5026 0 9
5027 0 8
5028 0 10
5029 0 10
5030 0 10
5031 0 10
5032 0 10
5033 0 10
5034 0 10
5035 0 10
5036 0 10
5037 0 10
5038 0 9
5039 0 10
5040 0 10
5041 0 10
5042 0 10
5043 0 11
5044 0 11
5045 0 10
5046 0 10
5047 0 10
5048 0 10
5049 0 9
5050 0 10
5051 0 10
5052 0 10
5053 0 10
5054 0 9
5055 0 10
5056 0 9
5057 0 9
5058 0 9
5059 0 9
5060 0 9
5061 0 9
5062 0 9
5063 0 9
5064 0 9
5065 0 9
5066 0 10
5067 0 10
5068 0 10
5069 0 10
5070 0 10
5071 0 10
5072 0 10
5073 0 10
5074 0 10
5075 0 9
5076 0 10
5077 0 10
5078 0 10
5079 0 10
5080 0 11
5081 0 11
5082 0 10
5083 0 10
5084 0 10
5085 0 10
5086 0 9
5087 0 10
5088 0 10
5089 0 10
5090 0 10
5091 0 9
5092 0 10
5093 0 9
5094 0 9
5095 0 9
5096 0 9
5097 0 9
5098 0 9
5099 0 9
5100 0 9
5101 0 9
5102 0 9
5103 0 11
5104 0 11
5105 0 9
5106 0 10
5107 0 10
5108 0 11
5109 0 11
5110 0 9
5111 0 10
5112 0 9
5113 0 9
5114 0 9
5115 0 9
5116 0 9
5117 0 9
5118 0 9
5119 0 8
5120 0 10
5121 0 10
5122 0 10
5123 0 10
5124 0 10
5125 0 10
5126 0 10
5127 0 10
5128 0 10
5129 0 10
5130 0 9
5131 0 10
5132 0 10
5133 0 10
5134 0 10
5135 0 11
5136 0 11
5137 0 10
5138 0 10
5139 0 10
5140 0 10
5141 0 9
5142 0 10
5143 0 10
5144 0 10
5145 0 10
5146 0 9
5147 0 10
5148 0 9
5149 0 9
5150 0 9
5151 0 9
5152 0 9
5153 0 9
5154 0 9
5155 0 9
5156 0 9
5157 0 9
5158 0 10
5159 0 10
5160 0 9
5161 0 10
5162 0 9
5163 0 10
5164 0 10
5165 0 9
5166 0 10
5167 0 9
5168 0 9
5169 0 9
5170 0 9
5171 0 9
5172 0 9
5173 0 9
5174 0 8
5175 0 10
5176 0 9
5177 0 9
5178 0 9
5179 0 9
5180 0 9
5181 0 8
5182 0 8
5183 0 10
5184 0 10
5185 0 9
5186 0 10
5187 0 9
5188 0 10
5189 0 10
5190 0 9
5191 0 10
5192 0 9
5193 0 9
5194 0 9
5195 0 9
5196 0 9
5197 0 9
5198 0 9
5199 0 8
5200 0 10
5201 0 10
5202 0 10
5203 0 10
5204 0 10
5205 0 10
5206 0 9
5207 0 9
5208 0 10
5209 0 10
5210 0 9
5211 0 10
5212 0 10
5213 0 10
5214 0 10
5215 0 10
5216 0 10
5217 0 9
5218 0 9
5219 0 10
5220 0 10
5221 0 10
5222 0 10
5223 0 10
5224 0 9
5225 0 9
5226 0 10
5227 0 10
5228 0 9
5229 0 10
5230 0 10
5231 0 10
5232 0 10
5233 0 10
5234 0 10
5235 0 9
5236 0 9
5237 0 10
5238 0 10
5239 0 9
5240 0 10
5241 0 9
5242 0 10
5243 0 10
5244 0 9
5245 0 10
5246 0 10
5247 0 10
5248 0 10
5249 0 10
5250 0 10
5251 0 10
5252 0 10
5253 0 10
5254 0 10
5255 0 10
5256 0 11
5257 0 11
5258 0 11
5259 0 10
5260 0 11
5261 0 11
5262 0 11
5263 0 10
5264 0 11
5265 0 10
5266 0 11
5267 0 11
5268 0 10
5269 0 11
5270 0 10
5271 0 11
5272 0 10
5273 0 10
5274 0 10
5275 0 10
5276 0 10
5277 0 11
5278 0 11
5279 0 11
5280 0 10
5281 0 11
5282 0 11
5283 0 11
5284 0 11
5285 0 11
5286 0 11
5287 0 11
5288 0 11
5289 0 10
5290 0 11
5291 0 11
5292 0 11
5293 0 11
5294 0 11
5295 0 10
5296 0 10
5297 0 10
5298 0 11
5299 0 10
5300 0 11
5301 0 11
5302 0 11
5303 0 11
5304 0 11
5305 0 10
5306 0 10
5307 0 10
5308 0 11
5309 0 10
5310 0 11
5311 0 10
5312 0 11
5313 0 10
5314 0 11
5315 0 10
5316 0 11
5317 0 10
5318 0 11
5319 0 10
5320 0 10
5321 0 10
5322 0 10
5323 0 10
5324 0 11
5325 0 11
5326 0 10
5327 0 11
5328 0 11
5329 0 11
5330 0 11
5331 0 11
5332 0 10
5333 0 10
5334 0 10
5335 0 11
5336 0 10
5337 0 11
5338 0 11
5339 0 11
5340 0 11
5341 0 11
5342 0 10
5343 0 10
5344 0 10
5345 0 10
5346 0 10
5347 0 10
5348 0 9
5349 0 10
5350 0 10
5351 0 10
5352 0 9
5353 0 10
5354 0 9
5355 0 10
5356 0 9
5357 0 10
5358 0 9
5359 0 9
5360 0 10
5361 0 10
5362 0 10
5363 0 11
5364 0 11
5365 0 11
5366 0 10
5367 0 11
5368 0 11
5369 0 11
5370 0 10
5371 0 11
5372 0 10
5373 0 11
5374 0 11
5375 0 10
5376 0 11
5377 0 10
5378 0 11
5379 0 10
5380 0 10
5381 0 10
5382 0 10
5383 0 10
5384 0 11
5385 0 11
5386 0 11
5387 0 10
5388 0 11
5389 0 11
5390 0 11
5391 0 11
5392 0 11
5393 0 11
5394 0 11
5395 0 11
5396 0 10
5397 0 11
5398 0 11
5399 0 11
5400 0 11
5401 0 12
5402 0 11
5403 0 11
5404 0 11
5405 0 12
5406 0 10
5407 0 11
5408 0 11
5409 0 11
5410 0 11
5411 0 12
5412 0 11
5413 0 11
5414 0 11
5415 0 11
5416 0 10
5417 0 11
5418 0 10
5419 0 11
5420 0 10
5421 0 11
5422 0 10
5423 0 11
5424 0 10
5425 0 11
5426 0 10
5427 0 10
5428 0 10
5429 0 10
5430 0 10
5431 0 11
5432 0 11
5433 0 10
5434 0 11
5435 0 10
5436 0 11
5437 0 10
5438 0 10
5439 0 11
5440 0 11
5441 0 10
5442 0 10
5443 0 10
5444 0 11
5445 0 10
5446 0 11
5447 0 10
5448 0 11
5449 0 11
5450 0 11
5451 0 10
5452 0 10
5453 0 10
5454 0 11
5455 0 9
5456 0 10
5457 0 10
5458 0 10
5459 0 9
5460 0 10
5461 0 9
5462 0 10
5463 0 9
5464 0 10
5465 0 9
5466 0 9
5467 0 10
5468 0 10
5469 0 10
5470 0 11
5471 0 10
5472 0 11
5473 0 10
5474 0 11
5475 0 10
5476 0 10
5477 0 9
5478 0 10
5479 0 9
5480 0 9
5481 0 9
5482 0 9
5483 0 11
5484 0 10
5485 0 11
5486 0 10
5487 0 10
5488 0 11
5489 0 11
5490 0 10
5491 0 10
5492 0 10
5493 0 11
5494 0 10
5495 0 11
5496 0 10
5497 0 11
5498 0 11
5499 0 11
5500 0 10
5501 0 10
5502 0 10
5503 0 11
5504 0 9
5505 0 10
5506 0 10
5507 0 10
5508 0 9
5509 0 10
5510 0 9
5511 0 10
5512 0 9
5513 0 10
5514 0 9
5515 0 9
5516 0 10
5517 0 10
5518 0 10
5519 0 10
5520 0 11
5521 0 11
5522 0 9
5523 0 10
5524 0 11
5525 0 10
5526 0 9
5527 0 10
5528 0 9
5529 0 9
5530 0 9
5531 0 9
5532 0 11
5533 0 9
5534 0 11
5535 0 9
5536 0 9
5537 0 10
5538 0 10
5539 0 9
5540 0 10
5541 0 11
5542 0 11
5543 0 9
5544 0 10
5545 0 11
5546 0 10
5547 0 9
5548 0 10
5549 0 9
5550 0 9
5551 0 9
5552 0 9
5553 0 10
5554 0 11
5555 0 11
5556 0 9
5557 0 10
5558 0 11
5559 0 10
5560 0 9
5561 0 10
5562 0 9
5563 0 9
5564 0 9
5565 0 9
5566 0 11
5567 0 9
5568 0 11
5569 0 9
5570 0 9
5571 0 10
5572 0 10
5573 0 9
5574 0 10
5575 0 11
5576 0 11
5577 0 9
5578 0 10
5579 0 11
5580 0 10
5581 0 9
5582 0 10
5583 0 9
5584 0 9
5585 0 9
5586 0 9
5587 0 10
5588 0 9
5589 0 10
5590 0 9
5591 0 9
5592 0 10
5593 0 10
5594 0 9
5595 0 9
5596 0 9
5597 0 10
5598 0 9
5599 0 10
5600 0 9
5601 0 10
5602 0 10
5603 0 10
5604 0 9
5605 0 10
5606 0 10
5607 0 11
5608 0 9
5609 0 10
5610 0 10
5611 0 10
5612 0 10
5613 0 11
5614 0 9
5615 0 10
5616 0 10
5617 0 10
5618 0 9
5619 0 10
5620 0 9
5621 0 10
5622 0 10
5623 0 10
5624 0 11
5625 0 11
5626 0 11
5627 0 11
5628 0 11
5629 0 11
5630 0 11
5631 0 11
5632 0 11
5633 0 10
5634 0 11
5635 0 11
5636 0 11
5637 0 11
5638 0 12
5639 0 11
5640 0 11
5641 0 11
5642 0 10
5643 0 10
5644 0 11
5645 0 9
5646 0 10
5647 0 10
5648 0 10
5649 0 9
5650 0 10
5651 0 9
5652 0 10
5653 0 9
5654 0 10
5655 0 9
5656 0 9
5657 0 10
5658 0 10
5659 0 10
5660 0 11
5661 0 10
5662 0 11
5663 0 10
5664 0 11
5665 0 10
5666 0 10
5667 0 10
5668 0 10
5669 0 10
5670 0 10
5671 0 10
5672 0 9
5673 0 11
5674 0 11
5675 0 11
5676 0 11
5677 0 11
5678 0 11
5679 0 11
5680 0 11
5681 0 11
5682 0 10
5683 0 11
5684 0 11
5685 0 11
5686 0 11
5687 0 12
5688 0 11
5689 0 11
5690 0 11
5691 0 10
5692 0 10
5693 0 11
5694 0 9
5695 0 10
5696 0 10
5697 0 10
5698 0 9
5699 0 10
5700 0 9
5701 0 10
5702 0 9
5703 0 10
5704 0 9
5705 0 9
5706 0 10
5707 0 10
5708 0 10
5709 0 10
5710 0 10
5711 0 10
5712 0 9
5713 0 10
5714 0 10
5715 0 10
5716 0 9
5717 0 10
5718 0 9
5719 0 10
5720 0 10
5721 0 9
5722 0 10
5723 0 9
5724 0 10
5725 0 9
5726 0 9
5727 0 9
5728 0 9
5729 0 9
5730 0 10
5731 0 10
5732 0 10
5733 0 9
5734 0 10
5735 0 10
5736 0 10
5737 0 10
5738 0 10
5739 0 10
5740 0 10
5741 0 10
5742 0 9
5743 0 10
5744 0 10
5745 0 10
5746 0 10
5747 0 10
5748 0 9
5749 0 9
5750 0 9
5751 0 10
5752 0 9
5753 0 10
5754 0 10
5755 0 10
5756 0 10
5757 0 10
5758 0 9
5759 0 9
5760 0 9
5761 0 10
5762 0 10
5763 0 10
5764 0 10
5765 0 10
5766 0 9
5767 0 9
5768 0 9
5769 0 10
5770 0 9
5771 0 10
5772 0 10
5773 0 10
5774 0 10
5775 0 10
5776 0 9
5777 0 9
5778 0 9
5779 0 9
5780 0 9
5781 0 9
5782 0 8
5783 0 9
5784 0 9
5785 0 10
5786 0 9
5787 0 10
5788 0 9
5789 0 10
5790 0 9
5791 0 10
5792 0 9
5793 0 9
5794 0 10
5795 0 10
5796 0 10
5797 0 11
5798 0 11
5799 0 11
5800 0 10
5801 0 11
5802 0 11
5803 0 11
5804 0 10
5805 0 11
5806 0 10
5807 0 11
5808 0 11
5809 0 10
5810 0 11
5811 0 10
5812 0 11
5813 0 10
5814 0 10
5815 0 10
5816 0 10
5817 0 10
5818 0 11
5819 0 11
5820 0 11
5821 0 10
5822 0 11
5823 0 11
5824 0 11
5825 0 11
5826 0 11
5827 0 11
5828 0 11
5829 0 11
5830 0 10
5831 0 11
5832 0 11
5833 0 11
5834 0 11
5835 0 11
5836 0 10
5837 0 10
5838 0 10
5839 0 11
5840 0 10
5841 0 11
5842 0 11
5843 0 11
5844 0 11
5845 0 11
5846 0 10
5847 0 10
5848 0 10
5849 0 11
5850 0 10
5851 0 11
5852 0 10
5853 0 11
5854 0 10
5855 0 11
5856 0 10
5857 0 11
5858 0 10
5859 0 11
5860 0 10
5861 0 10
5862 0 10
5863 0 10
5864 0 10
5865 0 11
5866 0 11
5867 0 10
5868 0 11
5869 0 11
5870 0 11
5871 0 11
5872 0 11
5873 0 10
5874 0 10
5875 0 10
5876 0 11
5877 0 10
5878 0 11
5879 0 11
5880 0 11
5881 0 11
5882 0 11
5883 0 10
5884 0 10
5885 0 10
5886 0 10
5887 0 10
5888 0 10
5889 0 9
5890 0 10
5891 0 10
5892 0 10
5893 0 9
5894 0 10
5895 0 9
5896 0 10
5897 0 9
5898 0 10
5899 0 9
5900 0 9
5901 0 10
5902 0 10
5903 0 10
5904 0 11
5905 0 11
5906 0 11
5907 0 10
5908 0 11
5909 0 11
5910 0 11
5911 0 10
5912 0 11
5913 0 10
5914 0 11
5915 0 11
5916 0 10
5917 0 11
5918 0 10
5919 0 11
5920 0 10
5921 0 10
5922 0 10
5923 0 10
5924 0 10
5925 0 11
5926 0 11
5927 0 11
5928 0 10
5929 0 11
5930 0 11
5931 0 11
5932 0 11
5933 0 11
5934 0 11
5935 0 11
5936 0 11
5937 0 10
5938 0 11
5939 0 11
5940 0 11
5941 0 11
5942 0 12
5943 0 11
5944 0 11
5945 0 11
5946 0 12
5947 0 10
5948 0 11
5949 0 11
5950 0 11
5951 0 11
5952 0 12
5953 0 11
5954 0 11
5955 0 11
5956 0 11
5957 0 10
5958 0 11
5959 0 10
5960 0 11
5961 0 10
5962 0 11
5963 0 10
5964 0 11
5965 0 10
5966 0 11
5967 0 10
5968 0 10
5969 0 10
5970 0 10
5971 0 10
5972 0 11
5973 0 11
5974 0 10
5975 0 11
5976 0 10
5977 0 11
5978 0 10
5979 0 10
5980 0 11
5981 0 11
5982 0 10
5983 0 10
5984 0 10
5985 0 11
5986 0 10
5987 0 11
5988 0 10
5989 0 11
5990 0 11
5991 0 11
5992 0 10
5993 0 10
5994 0 11
5995 0 12
5996 0 9
5997 0 10
5998 0 11
5999 0 11
6000 0 9
6001 0 11
6002 0 9
6003 0 11
6004 0 9
6005 0 11
6006 0 9
6007 0 9
6008 0 11
6009 0 11
6010 0 10
6011 0 11
6012 0 11
6013 0 12
6014 0 10
6015 0 11
6016 0 11
6017 0 10
6018 0 9
6019 0 10
6020 0 9
6021 0 9
6022 0 9
6023 0 9
6024 0 11
6025 0 10
6026 0 11
6027 0 10
6028 0 10
6029 0 11
6030 0 11
6031 0 10
6032 0 10
6033 0 10
6034 0 11
6035 0 10
6036 0 11
6037 0 10
6038 0 11
6039 0 11
6040 0 11
6041 0 10
6042 0 10
6043 0 11
6044 0 12
6045 0 9
6046 0 10
6047 0 11
6048 0 11
6049 0 9
6050 0 11
6051 0 9
6052 0 11
6053 0 9
6054 0 11
6055 0 9
6056 0 9
6057 0 11
6058 0 11
6059 0 10
6060 0 10
6061 0 11
6062 0 11
6063 0 9
6064 0 10
6065 0 11
6066 0 10
6067 0 9
6068 0 10
6069 0 9
6070 0 9
6071 0 9
6072 0 9
6073 0 11
6074 0 9
6075 0 11
6076 0 9
6077 0 9
6078 0 10
6079 0 10
6080 0 9
6081 0 10
6082 0 11
6083 0 11
6084 0 9
6085 0 10
6086 0 11
6087 0 10
6088 0 9
6089 0 10
6090 0 9
6091 0 9
6092 0 9
6093 0 9
6094 0 10
6095 0 11
6096 0 11
6097 0 9
6098 0 10
6099 0 11
6100 0 10
6101 0 9
6102 0 10
6103 0 9
6104 0 9
6105 0 9
6106 0 9
6107 0 11
6108 0 9
6109 0 11
6110 0 9
6111 0 9
6112 0 10
6113 0 10
6114 0 9
6115 0 10
6116 0 11
6117 0 11
6118 0 9
6119 0 10
6120 0 11
6121 0 10
6122 0 9
6123 0 10
6124 0 9
6125 0 9
6126 0 9
6127 0 9
6128 0 10
6129 0 9
6130 0 10
6131 0 9
6132 0 9
6133 0 10
6134 0 10
6135 0 9
6136 0 9
6137 0 9
6138 0 10
6139 0 9
6140 0 10
6141 0 9
6142 0 10
6143 0 10
6144 0 10
6145 0 9
6146 0 10
6147 0 10
6148 0 11
6149 0 9
6150 0 10
6151 0 10
6152 0 10
6153 0 10
6154 0 11
6155 0 9
6156 0 10
6157 0 10
6158 0 10
6159 0 9
6160 0 10
6161 0 9
6162 0 10
6163 0 10
6164 0 10
6165 0 11
6166 0 10
6167 0 11
6168 0 10
6169 0 10
6170 0 10
6171 0 10
6172 0 10
6173 0 10
6174 0 10
6175 0 11
6176 0 10
6177 0 11
6178 0 10
6179 0 10
6180 0 10
6181 0 10
6182 0 10
6183 0 10
6184 0 10
6185 0 10
6186 0 9
6187 0 10
6188 0 10
6189 0 11
6190 0 9
6191 0 11
6192 0 9
6193 0 11
6194 0 9
6195 0 11
6196 0 9
6197 0 9
6198 0 10
6199 0 10
6200 0 10
6201 0 10
6202 0 10
6203 0 10
6204 0 9
6205 0 10
6206 0 10
6207 0 10
6208 0 9
6209 0 10
6210 0 9
6211 0 9
6212 0 9
6213 0 9
6214 0 11
6215 0 10
6216 0 11
6217 0 10
6218 0 10
6219 0 10
6220 0 10
6221 0 10
6222 0 10
6223 0 10
6224 0 11
6225 0 10
6226 0 11
6227 0 10
6228 0 10
6229 0 10
6230 0 10
6231 0 10
6232 0 10
6233 0 11
6234 0 11
6235 0 9
6236 0 10
6237 0 11
6238 0 11
6239 0 9
6240 0 11
6241 0 9
6242 0 11
6243 0 9
6244 0 11
6245 0 9
6246 0 9
6247 0 10
6248 0 10
6249 0 10
6250 0 10
6251 0 10
6252 0 10
6253 0 9
6254 0 10
6255 0 11
6256 0 11
6257 0 9
6258 0 11
6259 0 9
6260 0 9
6261 0 9
6262 0 10
6263 0 12
6264 0 9
6265 0 12
6266 0 9
6267 0 9
6268 0 9
6269 0 9
6270 0 9
6271 0 10
6272 0 10
6273 0 10
6274 0 9
6275 0 10
6276 0 11
6277 0 11
6278 0 9
6279 0 11
6280 0 9
6281 0 9
6282 0 9
6283 0 10
6284 0 11
6285 0 10
6286 0 11
6287 0 10
6288 0 9
6289 0 9
6290 0 9
6291 0 9
6292 0 10
6293 0 10
6294 0 11
6295 0 10
6296 0 11
6297 0 10
6298 0 9
6299 0 9
6300 0 9
6301 0 9
6302 0 11
6303 0 10
6304 0 11
6305 0 10
6306 0 9
6307 0 9
6308 0 9
6309 0 9
6310 0 10
6311 0 10
6312 0 11
6313 0 10
6314 0 11
6315 0 10
6316 0 9
6317 0 9
6318 0 9
6319 0 9
6320 0 9
6321 0 9
6322 0 9
6323 0 8
6324 0 9
6325 0 10
6326 0 11
6327 0 9
6328 0 11
6329 0 9
6330 0 11
6331 0 9
6332 0 11
6333 0 9
6334 0 9
6335 0 10
6336 0 10
6337 0 10
6338 0 10
6339 0 11
6340 0 11
6341 0 9
6342 0 10
6343 0 12
6344 0 11
6345 0 9
6346 0 11
6347 0 9
6348 0 9
6349 0 9
6350 0 10
6351 0 12
6352 0 9
6353 0 12
6354 0 9
6355 0 9
6356 0 10
6357 0 10
6358 0 9
6359 0 10
6360 0 11
6361 0 11
6362 0 9
6363 0 10
6364 0 12
6365 0 11
6366 0 9
6367 0 11
6368 0 9
6369 0 9
6370 0 9
6371 0 10
6372 0 10
6373 0 9
6374 0 10
6375 0 9
6376 0 9
6377 0 9
6378 0 9
6379 0 9
6380 0 9
6381 0 9
6382 0 10
6383 0 9
6384 0 10
6385 0 9
6386 0 9
6387 0 9
6388 0 9
6389 0 9
6390 0 9
6391 0 9
6392 0 9
6393 0 8
6394 0 9
6395 0 9
6396 0 9
6397 0 9
6398 0 9
6399 0 8
6400 0 9
6401 0 9
6402 0 9
6403 0 8
6404 0 9
6405 0 8
6406 0 9
6407 0 9
6408 0 9
6409 0 11
6410 0 10
6411 0 11
6412 0 10
6413 0 10
6414 0 10
6415 0 10
6416 0 10
6417 0 10
6418 0 10
6419 0 11
6420 0 10
6421 0 11
6422 0 10
6423 0 10
6424 0 10
6425 0 10
6426 0 10
6427 0 10
6428 0 10
6429 0 10
6430 0 9
6431 0 10
6432 0 10
6433 0 11
6434 0 9
6435 0 11
6436 0 9
6437 0 11
6438 0 9
6439 0 11
6440 0 9
6441 0 9
6442 0 10
6443 0 10
6444 0 10
6445 0 10
6446 0 10
6447 0 10
6448 0 9
6449 0 10
6450 0 10
6451 0 10
6452 0 9
6453 0 10
6454 0 9
6455 0 9
6456 0 9
6457 0 9
6458 0 11
6459 0 10
6460 0 11
6461 0 10
6462 0 10
6463 0 10
6464 0 10
6465 0 10
6466 0 10
6467 0 10
6468 0 11
6469 0 10
6470 0 11
6471 0 10
6472 0 10
6473 0 10
6474 0 10
6475 0 10
6476 0 10
6477 0 11
6478 0 11
6479 0 9
6480 0 10
6481 0 11
6482 0 11
6483 0 9
6484 0 11
6485 0 9
6486 0 11
6487 0 9
6488 0 11
6489 0 9
6490 0 9
6491 0 10
6492 0 10
6493 0 10
6494 0 10
6495 0 10
6496 0 10
6497 0 9
6498 0 10
6499 0 11
6500 0 11
6501 0 10
6502 0 11
6503 0 10
6504 0 10
6505 0 10
6506 0 10
6507 0 12
6508 0 10
6509 0 12
6510 0 10
6511 0 9
6512 0 9
6513 0 9
6514 0 9
6515 0 10
6516 0 10
6517 0 10
6518 0 9
6519 0 10
6520 0 11
6521 0 11
6522 0 10
6523 0 11
6524 0 10
6525 0 10
6526 0 10
6527 0 10
6528 0 11
6529 0 10
6530 0 11
6531 0 10
6532 0 9
6533 0 9
6534 0 9
6535 0 9
6536 0 10
6537 0 10
6538 0 11
6539 0 10
6540 0 11
6541 0 10
6542 0 9
6543 0 9
6544 0 9
6545 0 9
6546 0 11
6547 0 10
6548 0 11
6549 0 10
6550 0 9
6551 0 9
6552 0 9
6553 0 9
6554 0 10
6555 0 10
6556 0 11
6557 0 10
6558 0 11
6559 0 10
6560 0 9
6561 0 9
6562 0 9
6563 0 9
6564 0 9
6565 0 9
6566 0 9
6567 0 8
6568 0 9
6569 0 10
6570 0 11
6571 0 9
6572 0 11
6573 0 9
6574 0 11
6575 0 9
6576 0 11
6577 0 9
6578 0 9
6579 0 10
6580 0 10
6581 0 10
6582 0 10
6583 0 10
6584 0 10
6585 0 10
6586 0 10
6587 0 11
6588 0 11
6589 0 10
6590 0 11
6591 0 10
6592 0 10
6593 0 10
6594 0 10
6595 0 11
6596 0 10
6597 0 11
6598 0 10
6599 0 9
6600 0 9
6601 0 9
6602 0 10
6603 0 10
6604 0 10
6605 0 10
6606 0 10
6607 0 10
6608 0 11
6609 0 11
6610 0 11
6611 0 11
6612 0 11
6613 0 10
6614 0 10
6615 0 10
6616 0 10
6617 0 10
6618 0 10
6619 0 10
6620 0 9
6621 0 9
6622 0 9
6623 0 10
6624 0 10
6625 0 9
6626 0 10
6627 0 10
6628 0 10
6629 0 10
6630 0 9
6631 0 9
6632 0 9
6633 0 10
6634 0 9
6635 0 9
6636 0 9
6637 0 9
6638 0 9
6639 0 9
6640 0 9
6641 0 9
6642 0 9
6643 0 9
6644 0 9
6645 0 9
6646 0 9
6647 0 9
6648 0 9
6649 0 9
6650 0 9
6651 0 9
6652 0 9
6653 0 11
6654 0 11
6655 0 11
6656 0 11
6657 0 9
6658 0 9
6659 0 9
6660 0 10
6661 0 10
6662 0 10
6663 0 11
6664 0 11
6665 0 11
6666 0 11
6667 0 9
6668 0 9
6669 0 9
6670 0 10
6671 0 9
6672 0 9
6673 0 9
6674 0 9
6675 0 9
6676 0 10
6677 0 10
6678 0 9
6679 0 10
6680 0 9
6681 0 10
6682 0 9
6683 0 10
6684 0 9
6685 0 8
6686 0 9
6687 0 9
6688 0 10
6689 0 10
6690 0 10
6691 0 10
6692 0 10
6693 0 10
6694 0 11
6695 0 11
6696 0 10
6697 0 11
6698 0 10
6699 0 10
6700 0 10
6701 0 10
6702 0 11
6703 0 10
6704 0 11
6705 0 10
6706 0 9
6707 0 9
6708 0 9
6709 0 10
6710 0 10
6711 0 10
6712 0 10
6713 0 10
6714 0 10
6715 0 11
6716 0 11
6717 0 11
6718 0 11
6719 0 11
6720 0 10
6721 0 10
6722 0 10
6723 0 10
6724 0 10
6725 0 10
6726 0 10
6727 0 9
6728 0 9
6729 0 9
6730 0 10
6731 0 10
6732 0 9
6733 0 10
6734 0 10
6735 0 10
6736 0 10
6737 0 9
6738 0 9
6739 0 9
6740 0 10
6741 0 9
6742 0 9
6743 0 9
6744 0 9
6745 0 9
6746 0 9
6747 0 9
6748 0 9
6749 0 9
6750 0 9
6751 0 9
6752 0 9
6753 0 9
6754 0 9
6755 0 9
6756 0 9
6757 0 9
6758 0 9
6759 0 9
6760 0 10
6761 0 10
6762 0 10
6763 0 10
6764 0 10
6765 0 11
6766 0 11
6767 0 10
6768 0 11
6769 0 10
6770 0 10
6771 0 10
6772 0 10
6773 0 11
6774 0 10
6775 0 11
6776 0 10
6777 0 9
6778 0 9
6779 0 9
6780 0 10
6781 0 10
6782 0 10
6783 0 10
6784 0 10
6785 0 10
6786 0 11
6787 0 11
6788 0 11
6789 0 11
6790 0 11
6791 0 10
6792 0 10
6793 0 10
6794 0 10
6795 0 10
6796 0 10
6797 0 10
6798 0 9
6799 0 9
6800 0 9
6801 0 10
6802 0 10
6803 0 9
6804 0 10
6805 0 10
6806 0 10
6807 0 10
6808 0 9
6809 0 9
6810 0 9
6811 0 10
6812 0 9
6813 0 9
6814 0 9
6815 0 9
6816 0 9
6817 0 9
6818 0 9
6819 0 9
6820 0 9
6821 0 9
6822 0 9
6823 0 9
6824 0 9
6825 0 9
6826 0 9
6827 0 9
6828 0 9
6829 0 9
6830 0 9
6831 0 11
6832 0 11
6833 0 11
6834 0 11
6835 0 9
6836 0 9
6837 0 9
6838 0 10
6839 0 10
6840 0 10
6841 0 11
6842 0 11
6843 0 11
6844 0 11
6845 0 9
6846 0 9
6847 0 9
6848 0 10
6849 0 9
6850 0 9
6851 0 9
6852 0 9
6853 0 9
6854 0 10
6855 0 10
6856 0 9
6857 0 10
6858 0 9
6859 0 10
6860 0 9
6861 0 10
6862 0 9
6863 0 8
6864 0 9
6865 0 9
6866 0 10
6867 0 10
6868 0 10
6869 0 10
6870 0 10
6871 0 10
6872 0 11
6873 0 11
6874 0 10
6875 0 11
6876 0 10
6877 0 10
6878 0 10
6879 0 10
6880 0 11
6881 0 10
6882 0 11
6883 0 10
6884 0 9
6885 0 9
6886 0 9
6887 0 10
6888 0 10
6889 0 10
6890 0 10
6891 0 10
6892 0 10
6893 0 11
6894 0 11
6895 0 11
6896 0 11
6897 0 11
6898 0 10
6899 0 10
6900 0 10
6901 0 10
6902 0 10
6903 0 10
6904 0 10
6905 0 9
6906 0 9
6907 0 9
6908 0 10
6909 0 10
6910 0 9
6911 0 10
6912 0 10
6913 0 10
6914 0 10
6915 0 9
6916 0 9
6917 0 9
6918 0 10
6919 0 9
6920 0 9
6921 0 9
6922 0 9
6923 0 9
6924 0 9
6925 0 9
6926 0 9
6927 0 9
6928 0 9
6929 0 9
6930 0 9
6931 0 9
6932 0 9
6933 0 9
6934 0 9
6935 0 9
6936 0 9
6937 0 9
6938 0 10
6939 0 10
6940 0 10
6941 0 10
6942 0 9
6943 0 9
6944 0 9
6945 0 10
6946 0 9
6947 0 9
6948 0 10
6949 0 10
6950 0 10
6951 0 10
6952 0 9
6953 0 9
6954 0 9
6955 0 10
6956 0 9
6957 0 9
6958 0 9
6959 0 9
6960 0 9
6961 0 9
6962 0 10
6963 0 9
6964 0 10
6965 0 9
6966 0 10
6967 0 9
6968 0 10
6969 0 9
6970 0 8
6971 0 9
6972 0 9
6973 0 10
6974 0 9
6975 0 9
6976 0 9
6977 0 9
6978 0 9
6979 0 9
6980 0 9
6981 0 9
6982 0 9
6983 0 9
6984 0 8
6985 0 8
6986 0 8
6987 0 10
6988 0 10
6989 0 10
6990 0 10
6991 0 9
6992 0 9
6993 0 9
6994 0 10
6995 0 9
6996 0 9
6997 0 10
6998 0 10
6999 0 10
7000 0 10
7001 0 9
7002 0 9
7003 0 9
7004 0 10
7005 0 9
7006 0 10
7007 0 10
7008 0 9
7009 0 9
7010 0 10
7011 0 10
7012 0 9
7013 0 10
7014 0 9
7015 0 10
7016 0 9
7017 0 10
7018 0 9
7019 0 8
7020 0 9
7021 0 9
7022 0 10
7023 0 10
7024 0 10
7025 0 10
7026 0 10
7027 0 10
7028 0 11
7029 0 10
7030 0 10
7031 0 10
7032 0 10
7033 0 9
7034 0 9
7035 0 9
7036 0 11
7037 0 10
7038 0 11
7039 0 10
7040 0 9
7041 0 9
7042 0 9
7043 0 10
7044 0 10
7045 0 10
7046 0 10
7047 0 10
7048 0 10
7049 0 11
7050 0 10
7051 0 10
7052 0 10
7053 0 10
7054 0 9
7055 0 9
7056 0 9
7057 0 10
7058 0 10
7059 0 10
7060 0 10
7061 0 10
7062 0 11
7063 0 10
7064 0 10
7065 0 10
7066 0 10
7067 0 9
7068 0 9
7069 0 9
7070 0 11
7071 0 10
7072 0 11
7073 0 10
7074 0 9
7075 0 9
7076 0 9
7077 0 10
7078 0 10
7079 0 10
7080 0 10
7081 0 10
7082 0 10
7083 0 11
7084 0 10
7085 0 10
7086 0 10
7087 0 10
7088 0 9
7089 0 9
7090 0 9
7091 0 10
7092 0 10
7093 0 10
7094 0 10
7095 0 9
7096 0 9
7097 0 9
7098 0 10
7099 0 9
7100 0 9
7101 0 10
7102 0 10
7103 0 10
7104 0 10
7105 0 9
7106 0 9
7107 0 9
7108 0 10
7109 0 10
7110 0 10
7111 0 10
7112 0 10
7113 0 10
7114 0 10
7115 0 10
7116 0 10
7117 0 10
7118 0 10
7119 0 10
7120 0 10
7121 0 10
7122 0 10
7123 0 10
7124 0 10
7125 0 10
7126 0 10
7127 0 10
