0 0 54
1 0 54
2 0 54
3 0 54
4 0 54
5 0 53
6 0 54
7 0 54
8 0 53
9 0 53
10 0 54
11 0 54
12 0 54
13 0 54
14 0 54
15 0 53
16 0 54
17 0 54
18 0 53
19 0 53
20 0 53
21 0 54
22 0 54
23 0 53
24 0 53
25 0 53
26 0 53
27 0 53
28 0 53
29 0 53
30 0 53
31 0 53
32 0 54
33 0 53
34 0 54
35 0 54
36 0 53
37 0 53
38 0 54
39 0 54
40 0 54
41 0 53
42 0 53
43 0 53
44 0 53
45 0 54
46 0 53
47 0 53
48 0 53
49 0 53
50 0 53
51 0 53
52 0 54
53 0 55
54 0 54
55 0 54
56 0 54
57 0 53
58 0 54
59 0 54
60 0 54
61 0 54
62 0 54
63 0 55
64 0 54
65 0 54
66 0 54
67 0 53
68 0 54
69 0 55
70 0 53
71 0 53
72 0 53
73 0 54
74 0 55
75 0 53
76 0 53
77 0 53
78 0 53
79 0 53
80 0 53
81 0 53
82 0 53
83 0 53
84 0 54
85 0 53
86 0 54
87 0 54
88 0 53
89 0 53
90 0 53
91 0 54
92 0 55
93 0 53
94 0 53
95 0 54
96 0 54
97 0 54
98 0 53
99 0 53
100 0 53
101 0 53
102 0 53
103 0 53
104 0 54
105 0 54
106 0 54
107 0 53
108 0 53
109 0 52
110 0 54
111 0 54
112 0 53
113 0 53
114 0 53
115 0 54
116 0 55
117 0 53
118 0 53
119 0 54
120 0 54
121 0 54
122 0 53
123 0 53
124 0 53
125 0 53
126 0 53
127 0 53
128 0 53
129 0 53
130 0 53
131 0 53
132 0 53
133 0 52
134 0 53
135 0 53
136 0 52
137 0 52
138 0 53
139 0 53
140 0 53
141 0 53
142 0 53
143 0 52
144 0 53
145 0 53
146 0 53
147 0 53
148 0 53
149 0 52
150 0 53
151 0 53
152 0 52
153 0 52
154 0 53
155 0 53
156 0 53
157 0 53
158 0 53
159 0 52
160 0 53
161 0 53
162 0 52
163 0 52
164 0 52
165 0 54
166 0 54
167 0 52
168 0 52
169 0 53
170 0 53
171 0 53
172 0 53
173 0 53
174 0 53
175 0 53
176 0 53
177 0 53
178 0 54
179 0 55
180 0 53
181 0 53
182 0 53
183 0 54
184 0 55
185 0 53
186 0 53
187 0 54
188 0 54
189 0 54
190 0 53
191 0 53
192 0 53
193 0 53
194 0 53
195 0 53
196 0 54
197 0 55
198 0 54
199 0 54
200 0 54
201 0 53
202 0 54
203 0 55
204 0 53
205 0 53
206 0 53
207 0 54
208 0 55
209 0 53
210 0 53
211 0 54
212 0 54
213 0 54
214 0 53
215 0 53
216 0 53
217 0 53
218 0 53
219 0 53
220 0 53
221 0 53
222 0 53
223 0 53
224 0 53
225 0 53
226 0 53
227 0 53
228 0 52
229 0 52
230 0 53
231 0 53
232 0 53
233 0 54
234 0 54
235 0 53
236 0 53
237 0 53
238 0 52
239 0 52
240 0 53
241 0 53
242 0 53
243 0 52
244 0 52
245 0 53
246 0 53
247 0 52
248 0 52
249 0 53
250 0 53
251 0 53
252 0 52
253 0 52
254 0 52
255 0 52
256 0 53
257 0 53
258 0 53
259 0 53
260 0 53
261 0 53
262 0 53
263 0 54
264 0 54
265 0 55
266 0 54
267 0 54
268 0 53
269 0 55
270 0 55
271 0 53
272 0 53
273 0 54
274 0 54
275 0 55
276 0 54
277 0 54
278 0 53
279 0 54
280 0 54
281 0 53
282 0 53
283 0 53
284 0 54
285 0 54
286 0 53
287 0 53
288 0 53
289 0 53
290 0 53
291 0 53
292 0 53
293 0 53
294 0 53
295 0 54
296 0 53
297 0 54
298 0 54
299 0 53
300 0 53
301 0 54
302 0 54
303 0 54
304 0 53
305 0 53
306 0 53
307 0 53
308 0 54
309 0 54
310 0 54
311 0 54
312 0 54
313 0 53
314 0 53
315 0 55
316 0 55
317 0 55
318 0 54
319 0 54
320 0 53
321 0 55
322 0 55
323 0 54
324 0 54
325 0 55
326 0 55
327 0 55
328 0 54
329 0 54
330 0 53
331 0 54
332 0 55
333 0 53
334 0 53
335 0 53
336 0 54
337 0 55
338 0 53
339 0 53
340 0 53
341 0 53
342 0 53
343 0 53
344 0 53
345 0 53
346 0 53
347 0 54
348 0 53
349 0 54
350 0 54
351 0 53
352 0 53
353 0 53
354 0 55
355 0 55
356 0 53
357 0 53
358 0 54
359 0 54
360 0 54
361 0 53
362 0 53
363 0 53
364 0 53
365 0 53
366 0 53
367 0 54
368 0 54
369 0 54
370 0 53
371 0 53
372 0 52
373 0 54
374 0 54
375 0 53
376 0 53
377 0 53
378 0 55
379 0 55
380 0 53
381 0 53
382 0 54
383 0 54
384 0 55
385 0 53
386 0 53
387 0 53
388 0 53
389 0 53
390 0 53
391 0 53
392 0 53
393 0 53
394 0 53
395 0 53
396 0 52
397 0 53
398 0 53
399 0 52
400 0 52
401 0 53
402 0 53
403 0 53
404 0 53
405 0 53
406 0 52
407 0 53
408 0 53
409 0 53
410 0 53
411 0 53
412 0 52
413 0 53
414 0 53
415 0 52
416 0 52
417 0 53
418 0 53
419 0 53
420 0 53
421 0 53
422 0 52
423 0 53
424 0 53
425 0 52
426 0 52
427 0 52
428 0 54
429 0 54
430 0 52
431 0 52
432 0 53
433 0 53
434 0 53
435 0 53
436 0 53
437 0 53
438 0 53
439 0 53
440 0 53
441 0 54
442 0 54
443 0 53
444 0 53
445 0 53
446 0 54
447 0 54
448 0 53
449 0 53
450 0 54
451 0 54
452 0 54
453 0 53
454 0 53
455 0 53
456 0 53
457 0 53
458 0 53
459 0 54
460 0 54
461 0 54
462 0 53
463 0 53
464 0 52
465 0 54
466 0 54
467 0 53
468 0 53
469 0 53
470 0 55
471 0 55
472 0 53
473 0 53
474 0 54
475 0 54
476 0 54
477 0 53
478 0 53
479 0 53
480 0 53
481 0 53
482 0 53
483 0 54
484 0 54
485 0 54
486 0 54
487 0 54
488 0 53
489 0 54
490 0 54
491 0 53
492 0 53
493 0 54
494 0 54
495 0 54
496 0 54
497 0 54
498 0 53
499 0 53
500 0 53
501 0 53
502 0 53
503 0 53
504 0 53
505 0 53
506 0 53
507 0 53
508 0 53
509 0 53
510 0 53
511 0 53
512 0 53
513 0 53
514 0 53
515 0 53
516 0 53
517 0 53
518 0 53
519 0 53
520 0 53
521 0 53
522 0 53
523 0 53
524 0 53
525 0 53
526 0 54
527 0 54
528 0 54
529 0 54
530 0 54
531 0 53
532 0 54
533 0 54
534 0 53
535 0 53
536 0 54
537 0 54
538 0 54
539 0 54
540 0 54
541 0 53
542 0 53
543 0 53
544 0 53
545 0 53
546 0 53
547 0 53
548 0 53
549 0 53
550 0 53
551 0 53
552 0 53
553 0 53
554 0 53
555 0 53
556 0 53
557 0 52
558 0 52
559 0 52
560 0 54
561 0 54
562 0 53
563 0 53
564 0 53
565 0 54
566 0 54
567 0 53
568 0 53
569 0 54
570 0 54
571 0 54
572 0 53
573 0 53
574 0 53
575 0 53
576 0 53
577 0 53
578 0 54
579 0 54
580 0 54
581 0 53
582 0 53
583 0 52
584 0 54
585 0 54
586 0 53
587 0 53
588 0 53
589 0 55
590 0 55
591 0 53
592 0 53
593 0 54
594 0 54
595 0 54
596 0 53
597 0 53
598 0 53
599 0 53
600 0 53
601 0 53
602 0 54
603 0 54
604 0 54
605 0 54
606 0 54
607 0 53
608 0 54
609 0 54
610 0 53
611 0 53
612 0 54
613 0 54
614 0 54
615 0 54
616 0 54
617 0 53
618 0 53
619 0 53
620 0 53
621 0 53
622 0 53
623 0 53
624 0 53
625 0 53
626 0 53
627 0 53
628 0 53
629 0 53
630 0 53
631 0 53
632 0 53
633 0 53
634 0 53
635 0 53
636 0 53
637 0 53
638 0 53
639 0 53
640 0 53
641 0 53
642 0 53
643 0 53
644 0 53
645 0 53
646 0 53
647 0 53
648 0 53
649 0 53
650 0 52
651 0 53
652 0 53
653 0 52
654 0 52
655 0 53
656 0 53
657 0 53
658 0 53
659 0 53
660 0 52
661 0 53
662 0 53
663 0 53
664 0 53
665 0 53
666 0 53
667 0 53
668 0 53
669 0 53
670 0 53
671 0 53
672 0 53
673 0 53
674 0 53
675 0 53
676 0 52
677 0 52
678 0 52
679 0 53
680 0 53
681 0 53
682 0 53
683 0 54
684 0 53
685 0 53
686 0 53
687 0 53
688 0 53
689 0 53
690 0 54
691 0 52
692 0 52
693 0 52
694 0 52
695 0 52
696 0 52
697 0 53
698 0 53
699 0 53
700 0 53
701 0 53
702 0 52
703 0 53
704 0 53
705 0 52
706 0 52
707 0 53
708 0 53
709 0 53
710 0 53
711 0 53
712 0 52
713 0 53
714 0 53
715 0 53
716 0 53
717 0 53
718 0 53
719 0 53
720 0 53
721 0 53
722 0 53
723 0 53
724 0 53
725 0 53
726 0 53
727 0 53
728 0 52
729 0 52
730 0 52
731 0 53
732 0 53
733 0 53
734 0 53
735 0 53
736 0 52
737 0 53
738 0 53
739 0 52
740 0 52
741 0 53
742 0 53
743 0 53
744 0 53
745 0 53
746 0 52
747 0 53
748 0 53
749 0 53
750 0 53
751 0 53
752 0 53
753 0 53
754 0 53
755 0 53
756 0 53
757 0 53
758 0 53
759 0 53
760 0 53
761 0 53
762 0 52
763 0 52
764 0 52
765 0 53
766 0 53
767 0 53
768 0 53
769 0 54
770 0 53
771 0 53
772 0 53
773 0 53
774 0 53
775 0 53
776 0 54
777 0 52
778 0 52
779 0 52
780 0 52
781 0 52
782 0 52
783 0 53
784 0 53
785 0 53
786 0 53
787 0 53
788 0 52
789 0 53
790 0 53
791 0 52
792 0 52
793 0 53
794 0 53
795 0 53
796 0 53
797 0 53
798 0 52
799 0 53
800 0 53
801 0 53
802 0 53
803 0 53
804 0 53
805 0 53
806 0 53
807 0 53
808 0 53
809 0 53
810 0 53
811 0 53
812 0 53
813 0 53
814 0 52
815 0 52
816 0 52
817 0 53
818 0 53
819 0 52
820 0 52
821 0 53
822 0 53
823 0 53
824 0 52
825 0 52
826 0 53
827 0 53
828 0 53
829 0 52
830 0 52
831 0 52
832 0 52
833 0 52
834 0 52
835 0 53
836 0 53
837 0 53
838 0 52
839 0 52
840 0 52
841 0 54
842 0 54
843 0 52
844 0 52
845 0 53
846 0 54
847 0 54
848 0 52
849 0 52
850 0 53
851 0 53
852 0 54
853 0 52
854 0 52
855 0 52
856 0 52
857 0 52
858 0 52
859 0 53
860 0 53
861 0 53
862 0 53
863 0 53
864 0 52
865 0 53
866 0 53
867 0 52
868 0 52
869 0 53
870 0 53
871 0 53
872 0 53
873 0 53
874 0 52
875 0 53
876 0 53
877 0 53
878 0 53
879 0 53
880 0 52
881 0 53
882 0 53
883 0 52
884 0 52
885 0 53
886 0 53
887 0 53
888 0 53
889 0 53
890 0 52
891 0 53
892 0 53
893 0 52
894 0 52
895 0 52
896 0 53
897 0 53
898 0 52
899 0 52
900 0 53
901 0 53
902 0 53
903 0 53
904 0 53
905 0 53
906 0 53
907 0 53
908 0 52
909 0 54
910 0 54
911 0 53
912 0 53
913 0 53
914 0 55
915 0 55
916 0 53
917 0 53
918 0 54
919 0 54
920 0 54
921 0 53
922 0 53
923 0 53
924 0 53
925 0 53
926 0 53
927 0 54
928 0 55
929 0 54
930 0 53
931 0 53
932 0 52
933 0 54
934 0 54
935 0 53
936 0 53
937 0 53
938 0 55
939 0 55
940 0 53
941 0 53
942 0 54
943 0 54
944 0 54
945 0 53
946 0 53
947 0 53
948 0 53
949 0 53
950 0 53
951 0 54
952 0 54
953 0 54
954 0 54
955 0 54
956 0 53
957 0 54
958 0 54
959 0 53
960 0 53
961 0 54
962 0 54
963 0 54
964 0 54
965 0 54
966 0 53
967 0 53
968 0 53
969 0 53
970 0 53
971 0 53
972 0 53
973 0 53
974 0 53
975 0 53
976 0 53
977 0 53
978 0 53
979 0 53
980 0 53
981 0 53
982 0 53
983 0 53
984 0 53
985 0 53
986 0 53
987 0 53
988 0 53
989 0 53
990 0 53
991 0 53
992 0 53
993 0 53
994 0 54
995 0 55
996 0 54
997 0 54
998 0 54
999 0 53
1000 0 55
1001 0 55
1002 0 54
1003 0 54
1004 0 54
1005 0 55
1006 0 54
1007 0 54
1008 0 54
1009 0 53
1010 0 54
1011 0 54
1012 0 54
1013 0 54
1014 0 53
1015 0 54
1016 0 54
1017 0 54
1018 0 54
1019 0 53
1020 0 54
1021 0 53
1022 0 53
1023 0 54
1024 0 53
1025 0 53
1026 0 53
1027 0 52
1028 0 54
1029 0 54
1030 0 53
1031 0 53
1032 0 53
1033 0 55
1034 0 55
1035 0 53
1036 0 53
1037 0 54
1038 0 54
1039 0 54
1040 0 53
1041 0 53
1042 0 53
1043 0 53
1044 0 53
1045 0 53
1046 0 54
1047 0 55
1048 0 54
1049 0 53
1050 0 53
1051 0 52
1052 0 54
1053 0 54
1054 0 53
1055 0 53
1056 0 53
1057 0 55
1058 0 55
1059 0 53
1060 0 53
1061 0 54
1062 0 54
1063 0 54
1064 0 53
1065 0 53
1066 0 53
1067 0 53
1068 0 53
1069 0 53
1070 0 54
1071 0 54
1072 0 54
1073 0 54
1074 0 54
1075 0 53
1076 0 54
1077 0 54
1078 0 53
1079 0 53
1080 0 54
1081 0 54
1082 0 54
1083 0 54
1084 0 54
1085 0 53
1086 0 53
1087 0 53
1088 0 53
1089 0 53
1090 0 53
1091 0 53
1092 0 53
1093 0 53
1094 0 53
1095 0 53
1096 0 53
1097 0 53
1098 0 53
1099 0 53
1100 0 53
1101 0 53
1102 0 53
1103 0 53
1104 0 53
1105 0 53
1106 0 53
1107 0 53
1108 0 53
1109 0 53
1110 0 53
1111 0 53
1112 0 53
1113 0 53
1114 0 54
1115 0 53
1116 0 53
1117 0 53
1118 0 52
1119 0 53
1120 0 53
1121 0 53
1122 0 53
1123 0 53
1124 0 54
1125 0 53
1126 0 53
1127 0 53
1128 0 52
1129 0 53
1130 0 53
1131 0 53
1132 0 53
1133 0 53
1134 0 53
1135 0 53
1136 0 53
1137 0 53
1138 0 53
1139 0 54
1140 0 53
1141 0 53
1142 0 54
1143 0 53
1144 0 53
1145 0 53
1146 0 52
1147 0 53
1148 0 53
1149 0 53
1150 0 53
1151 0 53
1152 0 53
1153 0 53
1154 0 53
1155 0 53
1156 0 53
1157 0 53
1158 0 53
1159 0 52
1160 0 52
1161 0 52
1162 0 52
1163 0 52
1164 0 52
1165 0 53
1166 0 54
1167 0 53
1168 0 53
1169 0 53
1170 0 52
1171 0 53
1172 0 53
1173 0 53
1174 0 53
1175 0 53
1176 0 54
1177 0 53
1178 0 53
1179 0 53
1180 0 52
1181 0 54
1182 0 54
1183 0 54
1184 0 54
1185 0 53
1186 0 54
1187 0 54
1188 0 54
1189 0 54
1190 0 53
1191 0 54
1192 0 53
1193 0 53
1194 0 54
1195 0 53
1196 0 53
1197 0 53
1198 0 52
1199 0 53
1200 0 54
1201 0 52
1202 0 52
1203 0 52
1204 0 53
1205 0 54
1206 0 52
1207 0 52
1208 0 53
1209 0 53
1210 0 53
1211 0 52
1212 0 52
1213 0 52
1214 0 52
1215 0 52
1216 0 52
1217 0 53
1218 0 54
1219 0 53
1220 0 53
1221 0 53
1222 0 52
1223 0 53
1224 0 54
1225 0 52
1226 0 52
1227 0 52
1228 0 53
1229 0 54
1230 0 52
1231 0 52
1232 0 53
1233 0 53
1234 0 53
1235 0 52
1236 0 52
1237 0 52
1238 0 52
1239 0 52
1240 0 52
1241 0 53
1242 0 54
1243 0 52
1244 0 52
1245 0 52
1246 0 53
1247 0 54
1248 0 52
1249 0 52
1250 0 53
1251 0 53
1252 0 53
1253 0 52
1254 0 52
1255 0 52
1256 0 52
1257 0 52
1258 0 52
1259 0 53
1260 0 54
1261 0 53
1262 0 53
1263 0 53
1264 0 52
1265 0 53
1266 0 54
1267 0 52
1268 0 52
1269 0 52
1270 0 53
1271 0 54
1272 0 52
1273 0 52
1274 0 53
1275 0 53
1276 0 53
1277 0 52
1278 0 52
1279 0 52
1280 0 52
1281 0 52
1282 0 52
1283 0 52
1284 0 53
1285 0 52
1286 0 52
1287 0 52
1288 0 52
1289 0 52
1290 0 52
1291 0 52
1292 0 52
1293 0 52
1294 0 53
1295 0 52
1296 0 53
1297 0 53
1298 0 52
1299 0 53
1300 0 53
1301 0 52
1302 0 52
1303 0 52
1304 0 53
1305 0 53
1306 0 52
1307 0 52
1308 0 53
1309 0 53
1310 0 52
1311 0 52
1312 0 52
1313 0 53
1314 0 53
1315 0 52
1316 0 52
1317 0 52
1318 0 52
1319 0 52
1320 0 53
1321 0 53
1322 0 53
1323 0 53
1324 0 52
1325 0 52
1326 0 54
1327 0 54
1328 0 54
1329 0 54
1330 0 54
1331 0 54
1332 0 54
1333 0 54
1334 0 53
1335 0 53
1336 0 54
1337 0 54
1338 0 54
1339 0 55
1340 0 55
1341 0 54
1342 0 54
1343 0 55
1344 0 53
1345 0 53
1346 0 53
1347 0 54
1348 0 55
1349 0 53
1350 0 53
1351 0 53
1352 0 53
1353 0 53
1354 0 53
1355 0 53
1356 0 53
1357 0 53
1358 0 54
1359 0 53
1360 0 55
1361 0 55
1362 0 53
1363 0 53
1364 0 54
1365 0 55
1366 0 55
1367 0 53
1368 0 53
1369 0 53
1370 0 53
1371 0 54
1372 0 53
1373 0 53
1374 0 53
1375 0 53
1376 0 53
1377 0 53
1378 0 54
1379 0 55
1380 0 54
1381 0 54
1382 0 54
1383 0 54
1384 0 54
1385 0 54
1386 0 54
1387 0 54
1388 0 54
1389 0 55
1390 0 54
1391 0 55
1392 0 55
1393 0 54
1394 0 54
1395 0 55
1396 0 53
1397 0 53
1398 0 53
1399 0 54
1400 0 55
1401 0 53
1402 0 53
1403 0 53
1404 0 53
1405 0 53
1406 0 53
1407 0 53
1408 0 53
1409 0 53
1410 0 54
1411 0 53
1412 0 54
1413 0 54
1414 0 53
1415 0 53
1416 0 53
1417 0 54
1418 0 55
1419 0 53
1420 0 53
1421 0 54
1422 0 54
1423 0 54
1424 0 53
1425 0 53
1426 0 53
1427 0 53
1428 0 53
1429 0 53
1430 0 54
1431 0 54
1432 0 54
1433 0 53
1434 0 53
1435 0 52
1436 0 54
1437 0 54
1438 0 53
1439 0 53
1440 0 53
1441 0 54
1442 0 55
1443 0 53
1444 0 53
1445 0 54
1446 0 54
1447 0 54
1448 0 53
1449 0 53
1450 0 53
1451 0 53
1452 0 53
1453 0 53
1454 0 53
1455 0 53
1456 0 53
1457 0 53
1458 0 53
1459 0 52
1460 0 53
1461 0 53
1462 0 52
1463 0 52
1464 0 53
1465 0 53
1466 0 53
1467 0 53
1468 0 53
1469 0 52
1470 0 53
1471 0 53
1472 0 53
1473 0 53
1474 0 53
1475 0 52
1476 0 53
1477 0 53
1478 0 52
1479 0 52
1480 0 53
1481 0 53
1482 0 53
1483 0 53
1484 0 53
1485 0 52
1486 0 53
1487 0 53
1488 0 52
1489 0 52
1490 0 52
1491 0 54
1492 0 54
1493 0 52
1494 0 52
1495 0 53
1496 0 53
1497 0 53
1498 0 53
1499 0 53
1500 0 53
1501 0 53
1502 0 53
1503 0 53
1504 0 54
1505 0 55
1506 0 53
1507 0 53
1508 0 53
1509 0 54
1510 0 55
1511 0 53
1512 0 53
1513 0 54
1514 0 54
1515 0 54
1516 0 53
1517 0 53
1518 0 53
1519 0 53
1520 0 53
1521 0 53
1522 0 54
1523 0 55
1524 0 54
1525 0 54
1526 0 54
1527 0 53
1528 0 54
1529 0 55
1530 0 53
1531 0 53
1532 0 53
1533 0 54
1534 0 55
1535 0 53
1536 0 53
1537 0 54
1538 0 54
1539 0 54
1540 0 53
1541 0 53
1542 0 53
1543 0 53
1544 0 53
1545 0 53
1546 0 53
1547 0 53
1548 0 53
1549 0 53
1550 0 53
1551 0 53
1552 0 53
1553 0 53
1554 0 52
1555 0 52
1556 0 53
1557 0 53
1558 0 53
1559 0 54
1560 0 54
1561 0 53
1562 0 54
1563 0 54
1564 0 52
1565 0 52
1566 0 53
1567 0 54
1568 0 54
1569 0 52
1570 0 52
1571 0 54
1572 0 54
1573 0 52
1574 0 52
1575 0 53
1576 0 54
1577 0 54
1578 0 52
1579 0 52
1580 0 52
1581 0 52
1582 0 53
1583 0 53
1584 0 53
1585 0 53
1586 0 53
1587 0 53
1588 0 53
1589 0 54
1590 0 54
1591 0 55
1592 0 55
1593 0 55
1594 0 54
1595 0 55
1596 0 55
1597 0 53
1598 0 53
1599 0 54
1600 0 54
1601 0 55
1602 0 55
1603 0 55
1604 0 54
1605 0 54
1606 0 55
1607 0 53
1608 0 53
1609 0 53
1610 0 54
1611 0 55
1612 0 53
1613 0 53
1614 0 53
1615 0 53
1616 0 53
1617 0 53
1618 0 53
1619 0 53
1620 0 53
1621 0 54
1622 0 53
1623 0 55
1624 0 55
1625 0 53
1626 0 53
1627 0 54
1628 0 55
1629 0 55
1630 0 53
1631 0 53
1632 0 53
1633 0 53
1634 0 54
1635 0 54
1636 0 54
1637 0 54
1638 0 54
1639 0 53
1640 0 53
1641 0 55
1642 0 55
1643 0 55
1644 0 55
1645 0 55
1646 0 54
1647 0 55
1648 0 55
1649 0 54
1650 0 54
1651 0 55
1652 0 55
1653 0 55
1654 0 55
1655 0 55
1656 0 54
1657 0 54
1658 0 55
1659 0 53
1660 0 53
1661 0 53
1662 0 54
1663 0 55
1664 0 53
1665 0 53
1666 0 53
1667 0 53
1668 0 53
1669 0 53
1670 0 53
1671 0 53
1672 0 53
1673 0 54
1674 0 53
1675 0 54
1676 0 54
1677 0 53
1678 0 53
1679 0 53
1680 0 55
1681 0 55
1682 0 53
1683 0 53
1684 0 54
1685 0 54
1686 0 54
1687 0 53
1688 0 53
1689 0 53
1690 0 53
1691 0 53
1692 0 53
1693 0 54
1694 0 54
1695 0 54
1696 0 53
1697 0 53
1698 0 52
1699 0 54
1700 0 54
1701 0 53
1702 0 53
1703 0 53
1704 0 55
1705 0 55
1706 0 53
1707 0 53
1708 0 54
1709 0 54
1710 0 55
1711 0 53
1712 0 53
1713 0 53
1714 0 53
1715 0 53
1716 0 53
1717 0 53
1718 0 53
1719 0 53
1720 0 53
1721 0 53
1722 0 52
1723 0 53
1724 0 53
1725 0 52
1726 0 52
1727 0 53
1728 0 53
1729 0 53
1730 0 53
1731 0 53
1732 0 52
1733 0 53
1734 0 53
1735 0 53
1736 0 53
1737 0 53
1738 0 52
1739 0 53
1740 0 53
1741 0 52
1742 0 52
1743 0 53
1744 0 53
1745 0 53
1746 0 53
1747 0 53
1748 0 52
1749 0 53
1750 0 53
1751 0 52
1752 0 52
1753 0 52
1754 0 54
1755 0 54
1756 0 52
1757 0 52
1758 0 53
1759 0 53
1760 0 53
1761 0 53
1762 0 53
1763 0 53
1764 0 53
1765 0 53
1766 0 53
1767 0 54
1768 0 54
1769 0 53
1770 0 53
1771 0 54
1772 0 54
1773 0 54
1774 0 53
1775 0 53
1776 0 54
1777 0 54
1778 0 54
1779 0 53
1780 0 53
1781 0 53
1782 0 53
1783 0 53
1784 0 53
1785 0 54
1786 0 54
1787 0 54
1788 0 53
1789 0 53
1790 0 53
1791 0 55
1792 0 55
1793 0 53
1794 0 53
1795 0 54
1796 0 55
1797 0 55
1798 0 53
1799 0 53
1800 0 54
1801 0 54
1802 0 55
1803 0 53
1804 0 53
1805 0 53
1806 0 53
1807 0 53
1808 0 53
1809 0 54
1810 0 54
1811 0 54
1812 0 54
1813 0 54
1814 0 53
1815 0 54
1816 0 54
1817 0 53
1818 0 53
1819 0 54
1820 0 54
1821 0 54
1822 0 54
1823 0 54
1824 0 53
1825 0 53
1826 0 53
1827 0 53
1828 0 53
1829 0 54
1830 0 53
1831 0 53
1832 0 53
1833 0 53
1834 0 53
1835 0 53
1836 0 53
1837 0 53
1838 0 54
1839 0 53
1840 0 53
1841 0 53
1842 0 53
1843 0 53
1844 0 53
1845 0 54
1846 0 53
1847 0 53
1848 0 53
1849 0 53
1850 0 53
1851 0 53
1852 0 54
1853 0 54
1854 0 54
1855 0 54
1856 0 54
1857 0 53
1858 0 54
1859 0 54
1860 0 53
1861 0 53
1862 0 54
1863 0 54
1864 0 54
1865 0 54
1866 0 54
1867 0 53
1868 0 53
1869 0 53
1870 0 53
1871 0 53
1872 0 53
1873 0 53
1874 0 53
1875 0 53
1876 0 53
1877 0 53
1878 0 53
1879 0 53
1880 0 53
1881 0 53
1882 0 53
1883 0 52
1884 0 52
1885 0 52
1886 0 54
1887 0 54
1888 0 53
1889 0 53
1890 0 54
1891 0 54
1892 0 54
1893 0 53
1894 0 53
1895 0 54
1896 0 54
1897 0 54
1898 0 53
1899 0 53
1900 0 53
1901 0 53
1902 0 53
1903 0 53
1904 0 54
1905 0 54
1906 0 54
1907 0 53
1908 0 53
1909 0 53
1910 0 55
1911 0 55
1912 0 53
1913 0 53
1914 0 54
1915 0 55
1916 0 55
1917 0 53
1918 0 53
1919 0 54
1920 0 54
1921 0 55
1922 0 53
1923 0 53
1924 0 53
1925 0 53
1926 0 53
1927 0 53
1928 0 54
1929 0 54
1930 0 55
1931 0 54
1932 0 54
1933 0 54
1934 0 54
1935 0 54
1936 0 53
1937 0 53
1938 0 54
1939 0 54
1940 0 55
1941 0 55
1942 0 55
1943 0 54
1944 0 53
1945 0 53
1946 0 53
1947 0 53
1948 0 54
1949 0 53
1950 0 53
1951 0 53
1952 0 53
1953 0 53
1954 0 53
1955 0 53
1956 0 53
1957 0 54
1958 0 53
1959 0 53
1960 0 53
1961 0 53
1962 0 53
1963 0 53
1964 0 54
1965 0 53
1966 0 53
1967 0 53
1968 0 53
1969 0 53
1970 0 53
1971 0 53
1972 0 53
1973 0 53
1974 0 53
1975 0 53
1976 0 52
1977 0 53
1978 0 53
1979 0 52
1980 0 52
1981 0 53
1982 0 53
1983 0 53
1984 0 53
1985 0 53
1986 0 52
1987 0 53
1988 0 53
1989 0 53
1990 0 53
1991 0 53
1992 0 53
1993 0 53
1994 0 53
1995 0 53
1996 0 53
1997 0 53
1998 0 53
1999 0 53
2000 0 53
2001 0 53
2002 0 52
2003 0 52
2004 0 52
2005 0 53
2006 0 53
2007 0 53
2008 0 53
2009 0 54
2010 0 53
2011 0 53
2012 0 53
2013 0 53
2014 0 53
2015 0 53
2016 0 54
2017 0 52
2018 0 52
2019 0 52
2020 0 52
2021 0 52
2022 0 52
2023 0 53
2024 0 53
2025 0 53
2026 0 53
2027 0 53
2028 0 52
2029 0 53
2030 0 53
2031 0 52
2032 0 52
2033 0 53
2034 0 53
2035 0 53
2036 0 53
2037 0 53
2038 0 52
2039 0 53
2040 0 53
2041 0 53
2042 0 53
2043 0 53
2044 0 53
2045 0 53
2046 0 53
2047 0 53
2048 0 53
2049 0 53
2050 0 53
2051 0 53
2052 0 53
2053 0 53
2054 0 52
2055 0 52
2056 0 52
2057 0 53
2058 0 53
2059 0 53
2060 0 53
2061 0 53
2062 0 52
2063 0 53
2064 0 53
2065 0 52
2066 0 52
2067 0 53
2068 0 53
2069 0 53
2070 0 53
2071 0 53
2072 0 52
2073 0 53
2074 0 53
2075 0 53
2076 0 53
2077 0 53
2078 0 53
2079 0 53
2080 0 53
2081 0 53
2082 0 53
2083 0 53
2084 0 53
2085 0 53
2086 0 53
2087 0 53
2088 0 52
2089 0 52
2090 0 52
2091 0 53
2092 0 53
2093 0 53
2094 0 53
2095 0 54
2096 0 53
2097 0 53
2098 0 53
2099 0 53
2100 0 53
2101 0 53
2102 0 54
2103 0 52
2104 0 52
2105 0 52
2106 0 52
2107 0 52
2108 0 52
2109 0 53
2110 0 53
2111 0 53
2112 0 53
2113 0 53
2114 0 52
2115 0 53
2116 0 53
2117 0 52
2118 0 52
2119 0 53
2120 0 53
2121 0 53
2122 0 53
2123 0 53
2124 0 52
2125 0 53
2126 0 53
2127 0 53
2128 0 53
2129 0 53
2130 0 53
2131 0 53
2132 0 53
2133 0 53
2134 0 53
2135 0 53
2136 0 53
2137 0 53
2138 0 53
2139 0 53
2140 0 52
2141 0 52
2142 0 52
2143 0 53
2144 0 53
2145 0 52
2146 0 52
2147 0 53
2148 0 53
2149 0 53
2150 0 52
2151 0 52
2152 0 53
2153 0 53
2154 0 53
2155 0 52
2156 0 52
2157 0 52
2158 0 52
2159 0 52
2160 0 52
2161 0 53
2162 0 53
2163 0 53
2164 0 52
2165 0 52
2166 0 52
2167 0 54
2168 0 54
2169 0 52
2170 0 52
2171 0 53
2172 0 54
2173 0 54
2174 0 52
2175 0 52
2176 0 53
2177 0 53
2178 0 54
2179 0 52
2180 0 52
2181 0 52
2182 0 52
2183 0 52
2184 0 52
2185 0 53
2186 0 53
2187 0 53
2188 0 53
2189 0 53
2190 0 52
2191 0 53
2192 0 53
2193 0 52
2194 0 52
2195 0 53
2196 0 53
2197 0 53
2198 0 53
2199 0 53
2200 0 52
2201 0 53
2202 0 53
2203 0 53
2204 0 53
2205 0 53
2206 0 52
2207 0 53
2208 0 53
2209 0 52
2210 0 52
2211 0 53
2212 0 53
2213 0 53
2214 0 53
2215 0 53
2216 0 52
2217 0 53
2218 0 53
2219 0 52
2220 0 52
2221 0 52
2222 0 53
2223 0 53
2224 0 52
2225 0 52
2226 0 53
2227 0 53
2228 0 53
2229 0 53
2230 0 53
2231 0 53
2232 0 53
2233 0 53
2234 0 52
2235 0 54
2236 0 54
2237 0 54
2238 0 53
2239 0 54
2240 0 53
2241 0 54
2242 0 54
2243 0 54
2244 0 53
2245 0 54
2246 0 53
2247 0 53
2248 0 54
2249 0 53
2250 0 53
2251 0 53
2252 0 53
2253 0 53
2254 0 53
2255 0 53
2256 0 54
2257 0 53
2258 0 54
2259 0 54
2260 0 53
2261 0 53
2262 0 54
2263 0 53
2264 0 53
2265 0 53
2266 0 54
2267 0 54
2268 0 54
2269 0 53
2270 0 54
2271 0 54
2272 0 54
2273 0 54
2274 0 54
2275 0 53
2276 0 54
2277 0 53
2278 0 53
2279 0 54
2280 0 53
2281 0 53
2282 0 53
2283 0 53
2284 0 53
2285 0 53
2286 0 53
2287 0 54
2288 0 53
2289 0 53
2290 0 54
2291 0 53
2292 0 54
2293 0 54
2294 0 53
2295 0 53
2296 0 53
2297 0 54
2298 0 54
2299 0 53
2300 0 52
2301 0 54
2302 0 53
2303 0 53
2304 0 54
2305 0 53
2306 0 54
2307 0 54
2308 0 53
2309 0 53
2310 0 53
2311 0 53
2312 0 53
2313 0 53
2314 0 52
2315 0 53
2316 0 52
2317 0 53
2318 0 53
2319 0 53
2320 0 52
2321 0 53
2322 0 53
2323 0 53
2324 0 52
2325 0 53
2326 0 52
2327 0 53
2328 0 53
2329 0 53
2330 0 52
2331 0 53
2332 0 52
2333 0 52
2334 0 54
2335 0 52
2336 0 53
2337 0 53
2338 0 53
2339 0 53
2340 0 53
2341 0 53
2342 0 54
2343 0 53
2344 0 53
2345 0 54
2346 0 53
2347 0 54
2348 0 54
2349 0 53
2350 0 53
2351 0 53
2352 0 54
2353 0 54
2354 0 54
2355 0 53
2356 0 54
2357 0 53
2358 0 53
2359 0 54
2360 0 53
2361 0 54
2362 0 54
2363 0 53
2364 0 53
2365 0 53
2366 0 53
2367 0 53
2368 0 53
2369 0 53
2370 0 53
2371 0 52
2372 0 53
2373 0 53
2374 0 54
2375 0 53
2376 0 53
2377 0 52
2378 0 53
2379 0 53
2380 0 52
2381 0 53
2382 0 52
2383 0 53
2384 0 53
2385 0 52
2386 0 52
2387 0 53
2388 0 53
2389 0 53
2390 0 53
2391 0 54
2392 0 55
2393 0 54
2394 0 53
2395 0 55
2396 0 53
2397 0 54
2398 0 55
2399 0 54
2400 0 53
2401 0 54
2402 0 53
2403 0 53
2404 0 54
2405 0 53
2406 0 53
2407 0 53
2408 0 53
2409 0 53
2410 0 53
2411 0 53
2412 0 54
2413 0 53
2414 0 54
2415 0 54
2416 0 53
2417 0 53
2418 0 54
2419 0 54
2420 0 54
2421 0 53
2422 0 55
2423 0 55
2424 0 54
2425 0 53
2426 0 55
2427 0 54
2428 0 55
2429 0 55
2430 0 54
2431 0 53
2432 0 54
2433 0 53
2434 0 53
2435 0 54
2436 0 53
2437 0 53
2438 0 53
2439 0 53
2440 0 53
2441 0 53
2442 0 53
2443 0 54
2444 0 53
2445 0 53
2446 0 55
2447 0 53
2448 0 54
2449 0 54
2450 0 53
2451 0 53
2452 0 53
2453 0 54
2454 0 54
2455 0 53
2456 0 52
2457 0 54
2458 0 53
2459 0 53
2460 0 55
2461 0 53
2462 0 54
2463 0 55
2464 0 53
2465 0 53
2466 0 53
2467 0 53
2468 0 53
2469 0 53
2470 0 52
2471 0 53
2472 0 52
2473 0 53
2474 0 53
2475 0 53
2476 0 52
2477 0 53
2478 0 53
2479 0 53
2480 0 52
2481 0 53
2482 0 52
2483 0 53
2484 0 53
2485 0 53
2486 0 52
2487 0 53
2488 0 52
2489 0 52
2490 0 54
2491 0 52
2492 0 53
2493 0 53
2494 0 53
2495 0 53
2496 0 53
2497 0 53
2498 0 54
2499 0 53
2500 0 53
2501 0 54
2502 0 53
2503 0 54
2504 0 54
2505 0 53
2506 0 53
2507 0 53
2508 0 54
2509 0 54
2510 0 53
2511 0 52
2512 0 54
2513 0 53
2514 0 53
2515 0 55
2516 0 53
2517 0 54
2518 0 54
2519 0 53
2520 0 53
2521 0 53
2522 0 54
2523 0 54
2524 0 54
2525 0 53
2526 0 54
2527 0 53
2528 0 54
2529 0 54
2530 0 54
2531 0 53
2532 0 53
2533 0 53
2534 0 53
2535 0 53
2536 0 53
2537 0 53
2538 0 53
2539 0 53
2540 0 53
2541 0 53
2542 0 53
2543 0 53
2544 0 53
2545 0 53
2546 0 53
2547 0 54
2548 0 54
2549 0 54
2550 0 53
2551 0 54
2552 0 53
2553 0 54
2554 0 54
2555 0 54
2556 0 53
2557 0 53
2558 0 53
2559 0 53
2560 0 53
2561 0 53
2562 0 53
2563 0 53
2564 0 53
2565 0 53
2566 0 52
2567 0 52
2568 0 54
2569 0 53
2570 0 53
2571 0 54
2572 0 53
2573 0 54
2574 0 54
2575 0 53
2576 0 53
2577 0 53
2578 0 54
2579 0 54
2580 0 53
2581 0 52
2582 0 54
2583 0 53
2584 0 53
2585 0 55
2586 0 53
2587 0 54
2588 0 54
2589 0 53
2590 0 53
2591 0 53
2592 0 54
2593 0 54
2594 0 54
2595 0 53
2596 0 54
2597 0 53
2598 0 54
2599 0 54
2600 0 54
2601 0 53
2602 0 53
2603 0 53
2604 0 53
2605 0 53
2606 0 53
2607 0 53
2608 0 53
2609 0 53
2610 0 53
2611 0 53
2612 0 53
2613 0 53
2614 0 53
2615 0 53
2616 0 53
2617 0 53
2618 0 53
2619 0 53
2620 0 52
2621 0 53
2622 0 52
2623 0 53
2624 0 53
2625 0 53
2626 0 52
2627 0 53
2628 0 53
2629 0 53
2630 0 53
2631 0 53
2632 0 53
2633 0 53
2634 0 53
2635 0 53
2636 0 52
2637 0 52
2638 0 53
2639 0 53
2640 0 54
2641 0 53
2642 0 53
2643 0 53
2644 0 54
2645 0 52
2646 0 52
2647 0 52
2648 0 53
2649 0 53
2650 0 53
2651 0 52
2652 0 53
2653 0 52
2654 0 53
2655 0 53
2656 0 53
2657 0 52
2658 0 53
2659 0 53
2660 0 53
2661 0 53
2662 0 53
2663 0 53
2664 0 53
2665 0 53
2666 0 53
2667 0 52
2668 0 52
2669 0 53
2670 0 53
2671 0 53
2672 0 52
2673 0 53
2674 0 52
2675 0 53
2676 0 53
2677 0 53
2678 0 52
2679 0 53
2680 0 53
2681 0 53
2682 0 53
2683 0 53
2684 0 53
2685 0 53
2686 0 53
2687 0 53
2688 0 52
2689 0 52
2690 0 53
2691 0 53
2692 0 54
2693 0 53
2694 0 53
2695 0 53
2696 0 54
2697 0 52
2698 0 52
2699 0 52
2700 0 53
2701 0 53
2702 0 53
2703 0 52
2704 0 53
2705 0 52
2706 0 53
2707 0 53
2708 0 53
2709 0 52
2710 0 53
2711 0 53
2712 0 53
2713 0 53
2714 0 53
2715 0 53
2716 0 53
2717 0 53
2718 0 53
2719 0 52
2720 0 52
2721 0 53
2722 0 52
2723 0 53
2724 0 53
2725 0 52
2726 0 53
2727 0 53
2728 0 52
2729 0 52
2730 0 52
2731 0 53
2732 0 53
2733 0 52
2734 0 52
2735 0 54
2736 0 52
2737 0 53
2738 0 54
2739 0 52
2740 0 53
2741 0 54
2742 0 52
2743 0 52
2744 0 52
2745 0 53
2746 0 53
2747 0 53
2748 0 52
2749 0 53
2750 0 52
2751 0 53
2752 0 53
2753 0 53
2754 0 52
2755 0 53
2756 0 53
2757 0 53
2758 0 52
2759 0 53
2760 0 52
2761 0 53
2762 0 53
2763 0 53
2764 0 52
2765 0 53
2766 0 52
2767 0 52
2768 0 53
2769 0 52
2770 0 53
2771 0 53
2772 0 53
2773 0 53
2774 0 53
2775 0 52
2776 0 54
2777 0 53
2778 0 53
2779 0 55
2780 0 53
2781 0 54
2782 0 54
2783 0 53
2784 0 53
2785 0 53
2786 0 54
2787 0 54
2788 0 53
2789 0 52
2790 0 54
2791 0 53
2792 0 53
2793 0 55
2794 0 53
2795 0 54
2796 0 54
2797 0 53
2798 0 53
2799 0 53
2800 0 54
2801 0 54
2802 0 54
2803 0 53
2804 0 54
2805 0 53
2806 0 54
2807 0 54
2808 0 54
2809 0 53
2810 0 53
2811 0 53
2812 0 53
2813 0 53
2814 0 53
2815 0 53
2816 0 53
2817 0 53
2818 0 53
2819 0 53
2820 0 53
2821 0 53
2822 0 53
2823 0 53
2824 0 53
2825 0 54
2826 0 54
2827 0 54
2828 0 53
2829 0 55
2830 0 54
2831 0 54
2832 0 54
2833 0 54
2834 0 53
2835 0 54
2836 0 54
2837 0 53
2838 0 54
2839 0 54
2840 0 53
2841 0 53
2842 0 53
2843 0 53
2844 0 53
2845 0 52
2846 0 54
2847 0 53
2848 0 53
2849 0 55
2850 0 53
2851 0 54
2852 0 54
2853 0 53
2854 0 53
2855 0 53
2856 0 54
2857 0 54
2858 0 53
2859 0 52
2860 0 54
2861 0 53
2862 0 53
2863 0 55
2864 0 53
2865 0 54
2866 0 54
2867 0 53
2868 0 53
2869 0 53
2870 0 54
2871 0 54
2872 0 54
2873 0 53
2874 0 54
2875 0 53
2876 0 54
2877 0 54
2878 0 54
2879 0 53
2880 0 53
2881 0 53
2882 0 53
2883 0 53
2884 0 53
2885 0 53
2886 0 53
2887 0 53
2888 0 53
2889 0 53
2890 0 53
2891 0 53
2892 0 53
2893 0 53
2894 0 53
2895 0 53
2896 0 53
2897 0 53
2898 0 52
2899 0 53
2900 0 53
2901 0 53
2902 0 53
2903 0 53
2904 0 52
2905 0 53
2906 0 53
2907 0 53
2908 0 53
2909 0 53
2910 0 53
2911 0 53
2912 0 53
2913 0 53
2914 0 53
2915 0 52
2916 0 53
2917 0 53
2918 0 53
2919 0 53
2920 0 53
2921 0 53
2922 0 53
2923 0 52
2924 0 52
2925 0 52
2926 0 53
2927 0 53
2928 0 53
2929 0 52
2930 0 53
2931 0 53
2932 0 53
2933 0 53
2934 0 53
2935 0 52
2936 0 54
2937 0 54
2938 0 53
2939 0 54
2940 0 54
2941 0 53
2942 0 53
2943 0 53
2944 0 53
2945 0 53
2946 0 52
2947 0 53
2948 0 52
2949 0 52
2950 0 53
2951 0 52
2952 0 53
2953 0 53
2954 0 52
2955 0 52
2956 0 52
2957 0 53
2958 0 53
2959 0 53
2960 0 52
2961 0 53
2962 0 52
2963 0 52
2964 0 53
2965 0 52
2966 0 53
2967 0 53
2968 0 52
2969 0 52
2970 0 52
2971 0 53
2972 0 52
2973 0 52
2974 0 53
2975 0 52
2976 0 53
2977 0 53
2978 0 52
2979 0 52
2980 0 52
2981 0 53
2982 0 53
2983 0 53
2984 0 52
2985 0 53
2986 0 52
2987 0 52
2988 0 53
2989 0 52
2990 0 53
2991 0 53
2992 0 52
2993 0 52
2994 0 52
2995 0 52
2996 0 52
2997 0 52
2998 0 52
2999 0 52
3000 0 52
3001 0 52
3002 0 52
3003 0 53
3004 0 52
3005 0 53
3006 0 52
3007 0 52
3008 0 53
3009 0 52
3010 0 53
3011 0 52
3012 0 52
3013 0 53
3014 0 52
3015 0 52
3016 0 52
3017 0 53
3018 0 53
3019 0 52
3020 0 54
3021 0 54
3022 0 54
3023 0 54
3024 0 54
3025 0 53
3026 0 54
3027 0 54
3028 0 55
3029 0 54
3030 0 54
3031 0 53
3032 0 53
3033 0 54
3034 0 53
3035 0 53
3036 0 53
3037 0 53
3038 0 53
3039 0 53
3040 0 53
3041 0 55
3042 0 53
3043 0 54
3044 0 55
3045 0 53
3046 0 53
3047 0 54
3048 0 53
3049 0 53
3050 0 53
3051 0 54
3052 0 54
3053 0 54
3054 0 54
3055 0 54
3056 0 54
3057 0 54
3058 0 54
3059 0 55
3060 0 54
3061 0 54
3062 0 53
3063 0 53
3064 0 54
3065 0 53
3066 0 53
3067 0 53
3068 0 53
3069 0 53
3070 0 53
3071 0 53
3072 0 54
3073 0 53
3074 0 53
3075 0 54
3076 0 53
3077 0 54
3078 0 54
3079 0 53
3080 0 53
3081 0 53
3082 0 54
3083 0 54
3084 0 53
3085 0 52
3086 0 54
3087 0 53
3088 0 53
3089 0 54
3090 0 53
3091 0 54
3092 0 54
3093 0 53
3094 0 53
3095 0 53
3096 0 53
3097 0 53
3098 0 53
3099 0 52
3100 0 53
3101 0 52
3102 0 53
3103 0 53
3104 0 53
3105 0 52
3106 0 53
3107 0 53
3108 0 53
3109 0 52
3110 0 53
3111 0 52
3112 0 53
3113 0 53
3114 0 53
3115 0 52
3116 0 53
3117 0 52
3118 0 52
3119 0 54
3120 0 52
3121 0 53
3122 0 53
3123 0 53
3124 0 53
3125 0 53
3126 0 53
3127 0 54
3128 0 53
3129 0 53
3130 0 54
3131 0 53
3132 0 54
3133 0 54
3134 0 53
3135 0 53
3136 0 53
3137 0 54
3138 0 54
3139 0 54
3140 0 53
3141 0 54
3142 0 53
3143 0 53
3144 0 54
3145 0 53
3146 0 54
3147 0 54
3148 0 53
3149 0 53
3150 0 53
3151 0 53
3152 0 53
3153 0 53
3154 0 53
3155 0 53
3156 0 52
3157 0 53
3158 0 53
3159 0 54
3160 0 53
3161 0 54
3162 0 52
3163 0 53
3164 0 54
3165 0 52
3166 0 54
3167 0 52
3168 0 53
3169 0 54
3170 0 52
3171 0 52
3172 0 53
3173 0 53
3174 0 53
3175 0 53
3176 0 54
3177 0 55
3178 0 55
3179 0 54
3180 0 55
3181 0 53
3182 0 54
3183 0 55
3184 0 55
3185 0 54
3186 0 54
3187 0 53
3188 0 53
3189 0 54
3190 0 53
3191 0 53
3192 0 53
3193 0 53
3194 0 53
3195 0 53
3196 0 53
3197 0 55
3198 0 53
3199 0 54
3200 0 55
3201 0 53
3202 0 53
3203 0 54
3204 0 54
3205 0 54
3206 0 53
3207 0 55
3208 0 55
3209 0 55
3210 0 54
3211 0 55
3212 0 54
3213 0 55
3214 0 55
3215 0 55
3216 0 54
3217 0 54
3218 0 53
3219 0 53
3220 0 54
3221 0 53
3222 0 53
3223 0 53
3224 0 53
3225 0 53
3226 0 53
3227 0 53
3228 0 54
3229 0 53
3230 0 53
3231 0 55
3232 0 53
3233 0 54
3234 0 54
3235 0 53
3236 0 53
3237 0 53
3238 0 54
3239 0 54
3240 0 53
3241 0 52
3242 0 54
3243 0 53
3244 0 53
3245 0 55
3246 0 53
3247 0 54
3248 0 55
3249 0 53
3250 0 53
3251 0 53
3252 0 53
3253 0 53
3254 0 53
3255 0 52
3256 0 53
3257 0 52
3258 0 53
3259 0 53
3260 0 53
3261 0 52
3262 0 53
3263 0 53
3264 0 53
3265 0 52
3266 0 53
3267 0 52
3268 0 53
3269 0 53
3270 0 53
3271 0 52
3272 0 53
3273 0 52
3274 0 52
3275 0 54
3276 0 52
3277 0 53
3278 0 53
3279 0 53
3280 0 53
3281 0 53
3282 0 53
3283 0 54
3284 0 53
3285 0 54
3286 0 54
3287 0 53
3288 0 54
3289 0 54
3290 0 53
3291 0 53
3292 0 53
3293 0 54
3294 0 54
3295 0 53
3296 0 53
3297 0 55
3298 0 53
3299 0 54
3300 0 55
3301 0 53
3302 0 54
3303 0 55
3304 0 53
3305 0 53
3306 0 53
3307 0 54
3308 0 54
3309 0 54
3310 0 53
3311 0 54
3312 0 53
3313 0 54
3314 0 54
3315 0 54
3316 0 53
3317 0 53
3318 0 53
3319 0 54
3320 0 53
3321 0 53
3322 0 53
3323 0 53
3324 0 54
3325 0 53
3326 0 53
3327 0 53
3328 0 54
3329 0 53
3330 0 53
3331 0 53
3332 0 54
3333 0 54
3334 0 54
3335 0 53
3336 0 54
3337 0 53
3338 0 54
3339 0 54
3340 0 54
3341 0 53
3342 0 53
3343 0 53
3344 0 53
3345 0 53
3346 0 53
3347 0 53
3348 0 53
3349 0 53
3350 0 53
3351 0 52
3352 0 52
3353 0 54
3354 0 53
3355 0 54
3356 0 54
3357 0 53
3358 0 54
3359 0 54
3360 0 53
3361 0 53
3362 0 53
3363 0 54
3364 0 54
3365 0 53
3366 0 53
3367 0 55
3368 0 53
3369 0 54
3370 0 55
3371 0 53
3372 0 54
3373 0 55
3374 0 53
3375 0 53
3376 0 53
3377 0 54
3378 0 55
3379 0 54
3380 0 54
3381 0 54
3382 0 53
3383 0 54
3384 0 55
3385 0 55
3386 0 54
3387 0 53
3388 0 53
3389 0 54
3390 0 53
3391 0 53
3392 0 53
3393 0 53
3394 0 54
3395 0 53
3396 0 53
3397 0 53
3398 0 54
3399 0 53
3400 0 53
3401 0 53
3402 0 53
3403 0 53
3404 0 53
3405 0 52
3406 0 53
3407 0 52
3408 0 53
3409 0 53
3410 0 53
3411 0 52
3412 0 53
3413 0 53
3414 0 53
3415 0 53
3416 0 53
3417 0 53
3418 0 53
3419 0 53
3420 0 53
3421 0 52
3422 0 52
3423 0 53
3424 0 53
3425 0 54
3426 0 53
3427 0 53
3428 0 53
3429 0 54
3430 0 52
3431 0 52
3432 0 52
3433 0 53
3434 0 53
3435 0 53
3436 0 52
3437 0 53
3438 0 52
3439 0 53
3440 0 53
3441 0 53
3442 0 52
3443 0 53
3444 0 53
3445 0 53
3446 0 53
3447 0 53
3448 0 53
3449 0 53
3450 0 53
3451 0 53
3452 0 52
3453 0 52
3454 0 53
3455 0 53
3456 0 53
3457 0 52
3458 0 53
3459 0 52
3460 0 53
3461 0 53
3462 0 53
3463 0 52
3464 0 53
3465 0 53
3466 0 53
3467 0 53
3468 0 53
3469 0 53
3470 0 53
3471 0 53
3472 0 53
3473 0 52
3474 0 52
3475 0 53
3476 0 53
3477 0 54
3478 0 53
3479 0 53
3480 0 53
3481 0 54
3482 0 52
3483 0 52
3484 0 52
3485 0 53
3486 0 53
3487 0 53
3488 0 52
3489 0 53
3490 0 52
3491 0 53
3492 0 53
3493 0 53
3494 0 52
3495 0 53
3496 0 53
3497 0 53
3498 0 53
3499 0 53
3500 0 53
3501 0 53
3502 0 53
3503 0 53
3504 0 52
3505 0 52
3506 0 53
3507 0 52
3508 0 53
3509 0 53
3510 0 52
3511 0 53
3512 0 53
3513 0 52
3514 0 52
3515 0 52
3516 0 53
3517 0 53
3518 0 52
3519 0 52
3520 0 54
3521 0 52
3522 0 53
3523 0 54
3524 0 52
3525 0 53
3526 0 54
3527 0 52
3528 0 52
3529 0 52
3530 0 53
3531 0 53
3532 0 53
3533 0 52
3534 0 53
3535 0 52
3536 0 53
3537 0 53
3538 0 53
3539 0 52
3540 0 53
3541 0 53
3542 0 53
3543 0 52
3544 0 53
3545 0 52
3546 0 53
3547 0 53
3548 0 53
3549 0 52
3550 0 53
3551 0 52
3552 0 52
3553 0 53
3554 0 52
3555 0 53
3556 0 53
3557 0 53
3558 0 53
3559 0 53
3560 0 52
3561 0 54
3562 0 53
3563 0 54
3564 0 53
3565 0 53
3566 0 53
3567 0 53
3568 0 53
3569 0 53
3570 0 53
3571 0 53
3572 0 54
3573 0 54
3574 0 54
3575 0 53
3576 0 53
3577 0 53
3578 0 53
3579 0 53
3580 0 53
3581 0 54
3582 0 53
3583 0 54
3584 0 53
3585 0 53
3586 0 54
3587 0 53
3588 0 53
3589 0 52
3590 0 53
3591 0 53
3592 0 52
3593 0 53
3594 0 52
3595 0 52
3596 0 53
3597 0 53
3598 0 53
3599 0 53
3600 0 54
3601 0 53
3602 0 54
3603 0 53
3604 0 53
3605 0 54
3606 0 53
3607 0 53
3608 0 52
3609 0 53
3610 0 52
3611 0 52
3612 0 52
3613 0 52
3614 0 52
3615 0 53
3616 0 54
3617 0 53
3618 0 54
3619 0 53
3620 0 53
3621 0 53
3622 0 53
3623 0 53
3624 0 53
3625 0 53
3626 0 53
3627 0 55
3628 0 54
3629 0 55
3630 0 53
3631 0 53
3632 0 53
3633 0 53
3634 0 53
3635 0 53
3636 0 54
3637 0 53
3638 0 54
3639 0 53
3640 0 53
3641 0 54
3642 0 53
3643 0 53
3644 0 52
3645 0 53
3646 0 53
3647 0 52
3648 0 53
3649 0 52
3650 0 52
3651 0 53
3652 0 53
3653 0 53
3654 0 53
3655 0 54
3656 0 53
3657 0 54
3658 0 53
3659 0 53
3660 0 54
3661 0 53
3662 0 54
3663 0 53
3664 0 54
3665 0 53
3666 0 53
3667 0 53
3668 0 53
3669 0 53
3670 0 53
3671 0 54
3672 0 53
3673 0 54
3674 0 53
3675 0 53
3676 0 53
3677 0 53
3678 0 53
3679 0 53
3680 0 54
3681 0 53
3682 0 54
3683 0 53
3684 0 53
3685 0 54
3686 0 53
3687 0 54
3688 0 53
3689 0 54
3690 0 53
3691 0 53
3692 0 53
3693 0 53
3694 0 53
3695 0 53
3696 0 53
3697 0 52
3698 0 53
3699 0 53
3700 0 53
3701 0 53
3702 0 53
3703 0 53
3704 0 53
3705 0 53
3706 0 52
3707 0 53
3708 0 52
3709 0 53
3710 0 53
3711 0 53
3712 0 53
3713 0 53
3714 0 53
3715 0 52
3716 0 53
3717 0 53
3718 0 53
3719 0 53
3720 0 53
3721 0 53
3722 0 53
3723 0 53
3724 0 52
3725 0 53
3726 0 52
3727 0 53
3728 0 53
3729 0 53
3730 0 53
3731 0 53
3732 0 52
3733 0 52
3734 0 53
3735 0 52
3736 0 53
3737 0 52
3738 0 52
3739 0 53
3740 0 52
3741 0 53
3742 0 52
3743 0 53
3744 0 53
3745 0 52
3746 0 53
3747 0 52
3748 0 52
3749 0 53
3750 0 53
3751 0 53
3752 0 53
3753 0 54
3754 0 53
3755 0 54
3756 0 53
3757 0 53
3758 0 54
3759 0 53
3760 0 54
3761 0 53
3762 0 54
3763 0 53
3764 0 53
3765 0 53
3766 0 53
3767 0 53
3768 0 53
3769 0 54
3770 0 54
3771 0 54
3772 0 54
3773 0 54
3774 0 53
3775 0 53
3776 0 53
3777 0 53
3778 0 54
3779 0 53
3780 0 54
3781 0 53
3782 0 53
3783 0 54
3784 0 53
3785 0 54
3786 0 53
3787 0 54
3788 0 53
3789 0 53
3790 0 53
3791 0 53
3792 0 53
3793 0 53
3794 0 53
3795 0 53
3796 0 53
3797 0 53
3798 0 53
3799 0 53
3800 0 53
3801 0 53
3802 0 53
3803 0 53
3804 0 52
3805 0 53
3806 0 53
3807 0 53
3808 0 54
3809 0 54
3810 0 53
3811 0 53
3812 0 52
3813 0 52
3814 0 53
3815 0 52
3816 0 53
3817 0 52
3818 0 52
3819 0 53
3820 0 52
3821 0 52
3822 0 52
3823 0 53
3824 0 52
3825 0 53
3826 0 52
3827 0 52
3828 0 53
3829 0 52
3830 0 52
3831 0 52
3832 0 52
3833 0 52
3834 0 52
3835 0 52
3836 0 52
3837 0 52
3838 0 52
3839 0 54
3840 0 53
3841 0 54
3842 0 53
3843 0 53
3844 0 53
3845 0 53
3846 0 53
3847 0 53
3848 0 53
3849 0 53
3850 0 54
3851 0 54
3852 0 54
3853 0 53
3854 0 53
3855 0 53
3856 0 53
3857 0 53
3858 0 53
3859 0 54
3860 0 53
3861 0 54
3862 0 53
3863 0 53
3864 0 54
3865 0 53
3866 0 53
3867 0 52
3868 0 53
3869 0 53
3870 0 52
3871 0 53
3872 0 52
3873 0 52
3874 0 53
3875 0 53
3876 0 53
3877 0 53
3878 0 54
3879 0 53
3880 0 54
3881 0 53
3882 0 53
3883 0 54
3884 0 53
3885 0 53
3886 0 52
3887 0 53
3888 0 52
3889 0 52
3890 0 52
3891 0 52
3892 0 52
3893 0 53
3894 0 54
3895 0 53
3896 0 54
3897 0 53
3898 0 53
3899 0 53
3900 0 53
3901 0 53
3902 0 53
3903 0 53
3904 0 53
3905 0 55
3906 0 54
3907 0 55
3908 0 53
3909 0 53
3910 0 53
3911 0 53
3912 0 53
3913 0 53
3914 0 54
3915 0 53
3916 0 54
3917 0 53
3918 0 53
3919 0 54
3920 0 53
3921 0 53
3922 0 52
3923 0 53
3924 0 53
3925 0 52
3926 0 53
3927 0 52
3928 0 52
3929 0 53
3930 0 53
3931 0 53
3932 0 53
3933 0 54
3934 0 53
3935 0 54
3936 0 53
3937 0 53
3938 0 54
3939 0 53
3940 0 54
3941 0 53
3942 0 54
3943 0 53
3944 0 53
3945 0 53
3946 0 53
3947 0 53
3948 0 53
3949 0 54
3950 0 53
3951 0 54
3952 0 53
3953 0 53
3954 0 53
3955 0 53
3956 0 53
3957 0 53
3958 0 54
3959 0 53
3960 0 54
3961 0 53
3962 0 53
3963 0 54
3964 0 53
3965 0 54
3966 0 53
3967 0 54
3968 0 53
3969 0 53
3970 0 53
3971 0 53
3972 0 53
3973 0 53
3974 0 53
3975 0 52
3976 0 53
3977 0 53
3978 0 53
3979 0 53
3980 0 53
3981 0 53
3982 0 53
3983 0 53
3984 0 52
3985 0 53
3986 0 52
3987 0 53
3988 0 53
3989 0 53
3990 0 53
3991 0 53
3992 0 53
3993 0 52
3994 0 53
3995 0 53
3996 0 53
3997 0 53
3998 0 53
3999 0 53
4000 0 53
4001 0 53
4002 0 52
4003 0 53
4004 0 52
4005 0 53
4006 0 53
4007 0 53
4008 0 53
4009 0 53
4010 0 52
4011 0 52
4012 0 53
4013 0 52
4014 0 53
4015 0 52
4016 0 52
4017 0 53
4018 0 52
4019 0 53
4020 0 52
4021 0 53
4022 0 53
4023 0 52
4024 0 53
4025 0 52
4026 0 52
4027 0 53
4028 0 53
4029 0 53
4030 0 53
4031 0 53
4032 0 53
4033 0 53
4034 0 52
4035 0 53
4036 0 53
4037 0 52
4038 0 52
4039 0 53
4040 0 53
4041 0 53
4042 0 53
4043 0 53
4044 0 52
4045 0 53
4046 0 53
4047 0 53
4048 0 53
4049 0 53
4050 0 53
4051 0 53
4052 0 53
4053 0 53
4054 0 53
4055 0 53
4056 0 53
4057 0 53
4058 0 53
4059 0 53
4060 0 52
4061 0 52
4062 0 52
4063 0 53
4064 0 53
4065 0 53
4066 0 53
4067 0 54
4068 0 53
4069 0 53
4070 0 53
4071 0 53
4072 0 53
4073 0 53
4074 0 54
4075 0 52
4076 0 52
4077 0 52
4078 0 52
4079 0 52
4080 0 52
4081 0 53
4082 0 53
4083 0 53
4084 0 53
4085 0 53
4086 0 52
4087 0 53
4088 0 53
4089 0 52
4090 0 52
4091 0 53
4092 0 53
4093 0 53
4094 0 53
4095 0 53
4096 0 52
4097 0 53
4098 0 53
4099 0 53
4100 0 53
4101 0 53
4102 0 53
4103 0 53
4104 0 53
4105 0 53
4106 0 53
4107 0 53
4108 0 53
4109 0 53
4110 0 53
4111 0 53
4112 0 52
4113 0 52
4114 0 52
4115 0 53
4116 0 53
4117 0 53
4118 0 53
4119 0 53
4120 0 52
4121 0 53
4122 0 53
4123 0 52
4124 0 52
4125 0 53
4126 0 53
4127 0 53
4128 0 53
4129 0 53
4130 0 52
4131 0 53
4132 0 53
4133 0 53
4134 0 53
4135 0 53
4136 0 53
4137 0 53
4138 0 53
4139 0 53
4140 0 53
4141 0 53
4142 0 53
4143 0 53
4144 0 53
4145 0 53
4146 0 52
4147 0 52
4148 0 52
4149 0 53
4150 0 53
4151 0 53
4152 0 53
4153 0 54
4154 0 53
4155 0 53
4156 0 53
4157 0 53
4158 0 53
4159 0 53
4160 0 54
4161 0 52
4162 0 52
4163 0 52
4164 0 52
4165 0 52
4166 0 52
4167 0 53
4168 0 53
4169 0 53
4170 0 53
4171 0 53
4172 0 52
4173 0 53
4174 0 53
4175 0 52
4176 0 52
4177 0 53
4178 0 53
4179 0 53
4180 0 53
4181 0 53
4182 0 52
4183 0 53
4184 0 53
4185 0 53
4186 0 53
4187 0 53
4188 0 53
4189 0 53
4190 0 53
4191 0 53
4192 0 53
4193 0 53
4194 0 53
4195 0 53
4196 0 53
4197 0 53
4198 0 52
4199 0 52
4200 0 52
4201 0 53
4202 0 53
4203 0 52
4204 0 52
4205 0 53
4206 0 53
4207 0 53
4208 0 52
4209 0 52
4210 0 53
4211 0 53
4212 0 53
4213 0 52
4214 0 52
4215 0 52
4216 0 52
4217 0 52
4218 0 52
4219 0 53
4220 0 53
4221 0 53
4222 0 52
4223 0 52
4224 0 52
4225 0 54
4226 0 54
4227 0 52
4228 0 52
4229 0 53
4230 0 54
4231 0 54
4232 0 52
4233 0 52
4234 0 53
4235 0 53
4236 0 54
4237 0 52
4238 0 52
4239 0 52
4240 0 52
4241 0 52
4242 0 52
4243 0 53
4244 0 53
4245 0 53
4246 0 53
4247 0 53
4248 0 52
4249 0 53
4250 0 53
4251 0 52
4252 0 52
4253 0 53
4254 0 53
4255 0 53
4256 0 53
4257 0 53
4258 0 52
4259 0 53
4260 0 53
4261 0 53
4262 0 53
4263 0 53
4264 0 52
4265 0 53
4266 0 53
4267 0 52
4268 0 52
4269 0 53
4270 0 53
4271 0 53
4272 0 53
4273 0 53
4274 0 52
4275 0 53
4276 0 53
4277 0 52
4278 0 52
4279 0 52
4280 0 53
4281 0 53
4282 0 52
4283 0 52
4284 0 53
4285 0 53
4286 0 53
4287 0 53
4288 0 53
4289 0 53
4290 0 53
4291 0 53
4292 0 52
4293 0 54
4294 0 53
4295 0 54
4296 0 53
4297 0 53
4298 0 53
4299 0 53
4300 0 53
4301 0 53
4302 0 53
4303 0 53
4304 0 55
4305 0 54
4306 0 55
4307 0 53
4308 0 53
4309 0 53
4310 0 53
4311 0 53
4312 0 53
4313 0 54
4314 0 53
4315 0 54
4316 0 53
4317 0 53
4318 0 54
4319 0 53
4320 0 53
4321 0 52
4322 0 53
4323 0 53
4324 0 52
4325 0 53
4326 0 52
4327 0 52
4328 0 53
4329 0 53
4330 0 53
4331 0 53
4332 0 54
4333 0 53
4334 0 55
4335 0 53
4336 0 53
4337 0 54
4338 0 53
4339 0 53
4340 0 52
4341 0 53
4342 0 52
4343 0 52
4344 0 52
4345 0 52
4346 0 52
4347 0 53
4348 0 54
4349 0 53
4350 0 54
4351 0 53
4352 0 53
4353 0 53
4354 0 53
4355 0 53
4356 0 53
4357 0 53
4358 0 53
4359 0 55
4360 0 54
4361 0 55
4362 0 53
4363 0 53
4364 0 53
4365 0 53
4366 0 53
4367 0 53
4368 0 54
4369 0 53
4370 0 54
4371 0 53
4372 0 53
4373 0 54
4374 0 53
4375 0 53
4376 0 52
4377 0 53
4378 0 53
4379 0 52
4380 0 53
4381 0 52
4382 0 52
4383 0 53
4384 0 53
4385 0 53
4386 0 53
4387 0 54
4388 0 53
4389 0 54
4390 0 53
4391 0 53
4392 0 54
4393 0 53
4394 0 54
4395 0 53
4396 0 54
4397 0 53
4398 0 53
4399 0 53
4400 0 53
4401 0 53
4402 0 53
4403 0 54
4404 0 53
4405 0 54
4406 0 53
4407 0 53
4408 0 53
4409 0 53
4410 0 53
4411 0 53
4412 0 54
4413 0 53
4414 0 54
4415 0 53
4416 0 53
4417 0 54
4418 0 53
4419 0 54
4420 0 53
4421 0 54
4422 0 53
4423 0 53
4424 0 53
4425 0 53
4426 0 53
4427 0 53
4428 0 53
4429 0 52
4430 0 53
4431 0 53
4432 0 53
4433 0 53
4434 0 53
4435 0 53
4436 0 53
4437 0 53
4438 0 52
4439 0 53
4440 0 52
4441 0 53
4442 0 53
4443 0 53
4444 0 53
4445 0 53
4446 0 53
4447 0 52
4448 0 53
4449 0 53
4450 0 53
4451 0 53
4452 0 53
4453 0 53
4454 0 53
4455 0 53
4456 0 52
4457 0 53
4458 0 52
4459 0 53
4460 0 53
4461 0 53
4462 0 53
4463 0 53
4464 0 52
4465 0 52
4466 0 53
4467 0 52
4468 0 53
4469 0 52
4470 0 52
4471 0 53
4472 0 52
4473 0 53
4474 0 52
4475 0 53
4476 0 53
4477 0 52
4478 0 53
4479 0 52
4480 0 52
4481 0 53
4482 0 53
4483 0 53
4484 0 53
4485 0 54
4486 0 53
4487 0 55
4488 0 53
4489 0 53
4490 0 54
4491 0 53
4492 0 54
4493 0 53
4494 0 54
4495 0 53
4496 0 53
4497 0 53
4498 0 53
4499 0 53
4500 0 53
4501 0 55
4502 0 54
4503 0 55
4504 0 54
4505 0 54
4506 0 54
4507 0 54
4508 0 53
4509 0 53
4510 0 54
4511 0 53
4512 0 55
4513 0 53
4514 0 53
4515 0 54
4516 0 53
4517 0 54
4518 0 53
4519 0 54
4520 0 53
4521 0 53
4522 0 53
4523 0 53
4524 0 53
4525 0 53
4526 0 54
4527 0 53
4528 0 54
4529 0 53
4530 0 53
4531 0 54
4532 0 54
4533 0 53
4534 0 53
4535 0 53
4536 0 52
4537 0 54
4538 0 53
4539 0 54
4540 0 54
4541 0 54
4542 0 54
4543 0 54
4544 0 52
4545 0 52
4546 0 53
4547 0 52
4548 0 54
4549 0 52
4550 0 52
4551 0 53
4552 0 52
4553 0 52
4554 0 52
4555 0 53
4556 0 52
4557 0 54
4558 0 52
4559 0 52
4560 0 53
4561 0 52
4562 0 53
4563 0 52
4564 0 53
4565 0 52
4566 0 52
4567 0 52
4568 0 52
4569 0 52
4570 0 52
4571 0 54
4572 0 53
4573 0 54
4574 0 53
4575 0 53
4576 0 53
4577 0 53
4578 0 53
4579 0 53
4580 0 53
4581 0 53
4582 0 55
4583 0 54
4584 0 55
4585 0 53
4586 0 53
4587 0 53
4588 0 53
4589 0 53
4590 0 53
4591 0 54
4592 0 53
4593 0 54
4594 0 53
4595 0 53
4596 0 54
4597 0 53
4598 0 53
4599 0 52
4600 0 53
4601 0 53
4602 0 52
4603 0 53
4604 0 52
4605 0 52
4606 0 53
4607 0 53
4608 0 53
4609 0 53
4610 0 54
4611 0 53
4612 0 55
4613 0 53
4614 0 53
4615 0 54
4616 0 53
4617 0 53
4618 0 52
4619 0 53
4620 0 52
4621 0 52
4622 0 52
4623 0 52
4624 0 52
4625 0 53
4626 0 54
4627 0 53
4628 0 54
4629 0 53
4630 0 53
4631 0 53
4632 0 53
4633 0 53
4634 0 53
4635 0 53
4636 0 53
4637 0 55
4638 0 54
4639 0 55
4640 0 53
4641 0 53
4642 0 53
4643 0 53
4644 0 53
4645 0 53
4646 0 54
4647 0 53
4648 0 54
4649 0 53
4650 0 53
4651 0 54
4652 0 53
4653 0 53
4654 0 52
4655 0 53
4656 0 53
4657 0 52
4658 0 53
4659 0 52
4660 0 52
4661 0 53
4662 0 53
4663 0 53
4664 0 53
4665 0 54
4666 0 53
4667 0 54
4668 0 53
4669 0 53
4670 0 54
4671 0 53
4672 0 54
4673 0 53
4674 0 54
4675 0 53
4676 0 53
4677 0 53
4678 0 53
4679 0 53
4680 0 53
4681 0 54
4682 0 53
4683 0 54
4684 0 53
4685 0 53
4686 0 53
4687 0 53
4688 0 53
4689 0 53
4690 0 54
4691 0 53
4692 0 54
4693 0 53
4694 0 53
4695 0 54
4696 0 53
4697 0 54
4698 0 53
4699 0 54
4700 0 53
4701 0 53
4702 0 53
4703 0 53
4704 0 53
4705 0 53
4706 0 53
4707 0 52
4708 0 53
4709 0 53
4710 0 53
4711 0 53
4712 0 53
4713 0 53
4714 0 53
4715 0 53
4716 0 52
4717 0 53
4718 0 52
4719 0 53
4720 0 53
4721 0 53
4722 0 53
4723 0 53
4724 0 53
4725 0 52
4726 0 53
4727 0 53
4728 0 53
4729 0 53
4730 0 53
4731 0 53
4732 0 53
4733 0 53
4734 0 52
4735 0 53
4736 0 52
4737 0 53
4738 0 53
4739 0 53
4740 0 53
4741 0 53
4742 0 52
4743 0 52
4744 0 53
4745 0 52
4746 0 53
4747 0 52
4748 0 52
4749 0 53
4750 0 52
4751 0 53
4752 0 52
4753 0 53
4754 0 53
4755 0 52
4756 0 53
4757 0 52
4758 0 52
4759 0 53
4760 0 53
4761 0 53
4762 0 53
4763 0 53
4764 0 53
4765 0 54
4766 0 53
4767 0 53
4768 0 53
4769 0 53
4770 0 53
4771 0 52
4772 0 53
4773 0 52
4774 0 52
4775 0 52
4776 0 52
4777 0 52
4778 0 53
4779 0 53
4780 0 53
4781 0 53
4782 0 53
4783 0 53
4784 0 53
4785 0 53
4786 0 53
4787 0 53
4788 0 53
4789 0 53
4790 0 54
4791 0 53
4792 0 53
4793 0 53
4794 0 53
4795 0 53
4796 0 52
4797 0 53
4798 0 52
4799 0 52
4800 0 52
4801 0 52
4802 0 52
4803 0 53
4804 0 53
4805 0 52
4806 0 53
4807 0 53
4808 0 53
4809 0 53
4810 0 53
4811 0 53
4812 0 53
4813 0 53
4814 0 52
4815 0 53
4816 0 52
4817 0 53
4818 0 53
4819 0 53
4820 0 53
4821 0 53
4822 0 52
4823 0 52
4824 0 53
4825 0 52
4826 0 54
4827 0 52
4828 0 52
4829 0 53
4830 0 52
4831 0 52
4832 0 52
4833 0 53
4834 0 52
4835 0 54
4836 0 52
4837 0 52
4838 0 53
4839 0 52
4840 0 53
4841 0 52
4842 0 53
4843 0 52
4844 0 52
4845 0 52
4846 0 52
4847 0 52
4848 0 52
4849 0 53
4850 0 52
4851 0 53
4852 0 53
4853 0 53
4854 0 53
4855 0 53
4856 0 53
4857 0 53
4858 0 53
4859 0 52
4860 0 53
4861 0 52
4862 0 53
4863 0 53
4864 0 53
4865 0 53
4866 0 53
4867 0 52
4868 0 52
4869 0 53
4870 0 52
4871 0 53
4872 0 52
4873 0 52
4874 0 53
4875 0 52
4876 0 52
4877 0 52
4878 0 52
4879 0 52
4880 0 52
4881 0 52
4882 0 52
4883 0 52
4884 0 52
4885 0 52
4886 0 54
4887 0 54
4888 0 53
4889 0 53
4890 0 54
4891 0 54
4892 0 54
4893 0 53
4894 0 53
4895 0 53
4896 0 52
4897 0 53
4898 0 52
4899 0 52
4900 0 52
4901 0 52
4902 0 52
4903 0 53
4904 0 53
4905 0 53
4906 0 53
4907 0 53
4908 0 53
4909 0 53
4910 0 53
4911 0 54
4912 0 54
4913 0 53
4914 0 53
4915 0 54
4916 0 54
4917 0 54
4918 0 53
4919 0 53
4920 0 53
4921 0 52
4922 0 53
4923 0 52
4924 0 52
4925 0 52
4926 0 52
4927 0 52
4928 0 53
4929 0 54
4930 0 53
4931 0 54
4932 0 53
4933 0 53
4934 0 54
4935 0 54
4936 0 53
4937 0 53
4938 0 53
4939 0 52
4940 0 54
4941 0 53
4942 0 54
4943 0 54
4944 0 54
4945 0 54
4946 0 54
4947 0 52
4948 0 52
4949 0 53
4950 0 52
4951 0 54
4952 0 52
4953 0 52
4954 0 53
4955 0 52
4956 0 52
4957 0 52
4958 0 53
4959 0 52
4960 0 54
4961 0 52
4962 0 52
4963 0 53
4964 0 52
4965 0 53
4966 0 52
4967 0 53
4968 0 52
4969 0 52
4970 0 52
4971 0 52
4972 0 52
4973 0 52
4974 0 53
4975 0 53
4976 0 54
4977 0 53
4978 0 53
4979 0 52
4980 0 52
4981 0 53
4982 0 53
4983 0 52
4984 0 53
4985 0 53
4986 0 53
4987 0 54
4988 0 53
4989 0 53
4990 0 52
4991 0 52
4992 0 53
4993 0 53
4994 0 53
4995 0 53
4996 0 53
4997 0 53
4998 0 53
4999 0 53
5000 0 53
5001 0 52
5002 0 52
5003 0 52
5004 0 52
5005 0 52
5006 0 52
5007 0 52
5008 0 52
5009 0 52
5010 0 52
5011 0 53
5012 0 53
5013 0 53
5014 0 53
5015 0 54
5016 0 53
5017 0 53
5018 0 53
5019 0 53
5020 0 53
5021 0 52
5022 0 53
5023 0 52
5024 0 52
5025 0 52
5026 0 52
5027 0 52
5028 0 52
5029 0 53
5030 0 53
5031 0 54
5032 0 53
5033 0 53
5034 0 52
5035 0 52
5036 0 53
5037 0 53
5038 0 52
5039 0 53
5040 0 53
5041 0 53
5042 0 54
5043 0 53
5044 0 53
5045 0 52
5046 0 52
5047 0 53
5048 0 53
5049 0 53
5050 0 53
5051 0 53
5052 0 53
5053 0 53
5054 0 53
5055 0 53
5056 0 52
5057 0 52
5058 0 52
5059 0 52
5060 0 52
5061 0 52
5062 0 52
5063 0 52
5064 0 52
5065 0 52
5066 0 53
5067 0 53
5068 0 54
5069 0 53
5070 0 53
5071 0 52
5072 0 52
5073 0 53
5074 0 53
5075 0 52
5076 0 53
5077 0 53
5078 0 53
5079 0 54
5080 0 53
5081 0 53
5082 0 52
5083 0 52
5084 0 53
5085 0 53
5086 0 53
5087 0 53
5088 0 53
5089 0 53
5090 0 53
5091 0 53
5092 0 53
5093 0 52
5094 0 52
5095 0 52
5096 0 52
5097 0 52
5098 0 52
5099 0 52
5100 0 52
5101 0 52
5102 0 52
5103 0 53
5104 0 53
5105 0 53
5106 0 53
5107 0 54
5108 0 53
5109 0 53
5110 0 53
5111 0 53
5112 0 53
5113 0 52
5114 0 53
5115 0 52
5116 0 52
5117 0 52
5118 0 52
5119 0 52
5120 0 52
5121 0 53
5122 0 53
5123 0 54
5124 0 53
5125 0 53
5126 0 52
5127 0 52
5128 0 53
5129 0 53
5130 0 52
5131 0 53
5132 0 53
5133 0 53
5134 0 54
5135 0 53
5136 0 53
5137 0 52
5138 0 52
5139 0 53
5140 0 53
5141 0 53
5142 0 53
5143 0 53
5144 0 53
5145 0 53
5146 0 53
5147 0 53
5148 0 52
5149 0 52
5150 0 52
5151 0 52
5152 0 52
5153 0 52
5154 0 52
5155 0 52
5156 0 52
5157 0 52
5158 0 53
5159 0 53
5160 0 52
5161 0 53
5162 0 53
5163 0 53
5164 0 53
5165 0 52
5166 0 53
5167 0 52
5168 0 52
5169 0 52
5170 0 52
5171 0 52
5172 0 52
5173 0 52
5174 0 52
5175 0 52
5176 0 52
5177 0 52
5178 0 52
5179 0 52
5180 0 52
5181 0 52
5182 0 52
5183 0 53
5184 0 53
5185 0 52
5186 0 53
5187 0 53
5188 0 53
5189 0 53
5190 0 52
5191 0 53
5192 0 53
5193 0 52
5194 0 53
5195 0 52
5196 0 52
5197 0 52
5198 0 52
5199 0 52
5200 0 52
5201 0 53
5202 0 53
5203 0 53
5204 0 53
5205 0 53
5206 0 52
5207 0 52
5208 0 53
5209 0 53
5210 0 52
5211 0 52
5212 0 53
5213 0 53
5214 0 53
5215 0 53
5216 0 53
5217 0 52
5218 0 52
5219 0 53
5220 0 53
5221 0 53
5222 0 53
5223 0 53
5224 0 52
5225 0 52
5226 0 53
5227 0 53
5228 0 52
5229 0 52
5230 0 53
5231 0 53
5232 0 53
5233 0 53
5234 0 53
5235 0 52
5236 0 52
5237 0 53
5238 0 53
5239 0 52
5240 0 52
5241 0 52
5242 0 53
5243 0 53
5244 0 52
5245 0 52
5246 0 53
5247 0 52
5248 0 53
5249 0 53
5250 0 52
5251 0 53
5252 0 52
5253 0 52
5254 0 52
5255 0 52
5256 0 54
5257 0 54
5258 0 54
5259 0 53
5260 0 54
5261 0 54
5262 0 54
5263 0 53
5264 0 54
5265 0 53
5266 0 53
5267 0 53
5268 0 54
5269 0 54
5270 0 53
5271 0 54
5272 0 53
5273 0 53
5274 0 53
5275 0 53
5276 0 53
5277 0 55
5278 0 54
5279 0 54
5280 0 54
5281 0 55
5282 0 54
5283 0 55
5284 0 53
5285 0 55
5286 0 53
5287 0 53
5288 0 53
5289 0 54
5290 0 54
5291 0 53
5292 0 55
5293 0 53
5294 0 54
5295 0 53
5296 0 53
5297 0 53
5298 0 54
5299 0 53
5300 0 54
5301 0 53
5302 0 55
5303 0 53
5304 0 54
5305 0 53
5306 0 53
5307 0 53
5308 0 53
5309 0 53
5310 0 53
5311 0 52
5312 0 53
5313 0 53
5314 0 53
5315 0 53
5316 0 53
5317 0 52
5318 0 53
5319 0 53
5320 0 53
5321 0 52
5322 0 54
5323 0 52
5324 0 53
5325 0 53
5326 0 53
5327 0 55
5328 0 53
5329 0 55
5330 0 53
5331 0 54
5332 0 53
5333 0 53
5334 0 53
5335 0 55
5336 0 54
5337 0 55
5338 0 53
5339 0 55
5340 0 53
5341 0 54
5342 0 53
5343 0 53
5344 0 53
5345 0 53
5346 0 53
5347 0 53
5348 0 52
5349 0 53
5350 0 54
5351 0 53
5352 0 52
5353 0 53
5354 0 52
5355 0 53
5356 0 52
5357 0 53
5358 0 52
5359 0 52
5360 0 53
5361 0 53
5362 0 53
5363 0 54
5364 0 54
5365 0 55
5366 0 53
5367 0 54
5368 0 54
5369 0 54
5370 0 53
5371 0 54
5372 0 53
5373 0 53
5374 0 53
5375 0 54
5376 0 54
5377 0 53
5378 0 54
5379 0 53
5380 0 53
5381 0 54
5382 0 54
5383 0 53
5384 0 55
5385 0 54
5386 0 55
5387 0 54
5388 0 55
5389 0 54
5390 0 55
5391 0 53
5392 0 55
5393 0 53
5394 0 53
5395 0 53
5396 0 54
5397 0 54
5398 0 53
5399 0 55
5400 0 53
5401 0 54
5402 0 53
5403 0 53
5404 0 53
5405 0 54
5406 0 53
5407 0 54
5408 0 53
5409 0 55
5410 0 53
5411 0 54
5412 0 53
5413 0 53
5414 0 53
5415 0 53
5416 0 53
5417 0 53
5418 0 52
5419 0 53
5420 0 53
5421 0 53
5422 0 53
5423 0 53
5424 0 52
5425 0 53
5426 0 53
5427 0 53
5428 0 52
5429 0 54
5430 0 52
5431 0 53
5432 0 53
5433 0 53
5434 0 54
5435 0 53
5436 0 54
5437 0 53
5438 0 54
5439 0 53
5440 0 53
5441 0 53
5442 0 54
5443 0 53
5444 0 54
5445 0 53
5446 0 55
5447 0 53
5448 0 54
5449 0 53
5450 0 53
5451 0 53
5452 0 54
5453 0 54
5454 0 54
5455 0 53
5456 0 54
5457 0 54
5458 0 53
5459 0 53
5460 0 53
5461 0 53
5462 0 53
5463 0 53
5464 0 53
5465 0 53
5466 0 53
5467 0 53
5468 0 53
5469 0 53
5470 0 54
5471 0 54
5472 0 54
5473 0 53
5474 0 54
5475 0 54
5476 0 53
5477 0 53
5478 0 53
5479 0 53
5480 0 53
5481 0 53
5482 0 52
5483 0 54
5484 0 53
5485 0 54
5486 0 53
5487 0 54
5488 0 53
5489 0 53
5490 0 53
5491 0 54
5492 0 53
5493 0 54
5494 0 53
5495 0 55
5496 0 53
5497 0 54
5498 0 53
5499 0 53
5500 0 53
5501 0 54
5502 0 54
5503 0 54
5504 0 53
5505 0 54
5506 0 54
5507 0 53
5508 0 53
5509 0 53
5510 0 53
5511 0 53
5512 0 53
5513 0 53
5514 0 53
5515 0 53
5516 0 53
5517 0 53
5518 0 53
5519 0 53
5520 0 53
5521 0 53
5522 0 52
5523 0 53
5524 0 53
5525 0 53
5526 0 53
5527 0 53
5528 0 53
5529 0 53
5530 0 53
5531 0 52
5532 0 53
5533 0 53
5534 0 53
5535 0 53
5536 0 53
5537 0 52
5538 0 52
5539 0 52
5540 0 53
5541 0 53
5542 0 53
5543 0 52
5544 0 53
5545 0 53
5546 0 53
5547 0 53
5548 0 53
5549 0 53
5550 0 53
5551 0 53
5552 0 52
5553 0 53
5554 0 53
5555 0 53
5556 0 52
5557 0 53
5558 0 53
5559 0 53
5560 0 53
5561 0 53
5562 0 53
5563 0 53
5564 0 53
5565 0 52
5566 0 53
5567 0 53
5568 0 53
5569 0 53
5570 0 53
5571 0 52
5572 0 52
5573 0 52
5574 0 53
5575 0 53
5576 0 53
5577 0 52
5578 0 53
5579 0 53
5580 0 53
5581 0 53
5582 0 53
5583 0 53
5584 0 53
5585 0 53
5586 0 52
5587 0 53
5588 0 52
5589 0 53
5590 0 52
5591 0 53
5592 0 52
5593 0 52
5594 0 52
5595 0 53
5596 0 52
5597 0 54
5598 0 52
5599 0 54
5600 0 52
5601 0 53
5602 0 52
5603 0 52
5604 0 52
5605 0 53
5606 0 53
5607 0 53
5608 0 52
5609 0 53
5610 0 53
5611 0 53
5612 0 53
5613 0 53
5614 0 52
5615 0 53
5616 0 53
5617 0 53
5618 0 52
5619 0 53
5620 0 52
5621 0 53
5622 0 53
5623 0 53
5624 0 54
5625 0 53
5626 0 55
5627 0 53
5628 0 54
5629 0 53
5630 0 53
5631 0 53
5632 0 55
5633 0 53
5634 0 54
5635 0 53
5636 0 55
5637 0 53
5638 0 54
5639 0 53
5640 0 53
5641 0 53
5642 0 54
5643 0 54
5644 0 54
5645 0 53
5646 0 54
5647 0 54
5648 0 53
5649 0 53
5650 0 53
5651 0 53
5652 0 53
5653 0 53
5654 0 53
5655 0 53
5656 0 53
5657 0 53
5658 0 53
5659 0 53
5660 0 55
5661 0 54
5662 0 55
5663 0 54
5664 0 55
5665 0 54
5666 0 54
5667 0 54
5668 0 54
5669 0 54
5670 0 54
5671 0 54
5672 0 53
5673 0 54
5674 0 53
5675 0 55
5676 0 53
5677 0 54
5678 0 53
5679 0 53
5680 0 53
5681 0 55
5682 0 53
5683 0 54
5684 0 53
5685 0 55
5686 0 53
5687 0 54
5688 0 53
5689 0 53
5690 0 53
5691 0 54
5692 0 54
5693 0 54
5694 0 53
5695 0 54
5696 0 54
5697 0 53
5698 0 53
5699 0 53
5700 0 53
5701 0 53
5702 0 53
5703 0 53
5704 0 53
5705 0 53
5706 0 53
5707 0 53
5708 0 53
5709 0 54
5710 0 53
5711 0 53
5712 0 53
5713 0 54
5714 0 53
5715 0 53
5716 0 53
5717 0 53
5718 0 53
5719 0 54
5720 0 54
5721 0 53
5722 0 53
5723 0 53
5724 0 53
5725 0 53
5726 0 53
5727 0 52
5728 0 52
5729 0 52
5730 0 54
5731 0 53
5732 0 53
5733 0 53
5734 0 54
5735 0 53
5736 0 54
5737 0 54
5738 0 54
5739 0 54
5740 0 54
5741 0 54
5742 0 53
5743 0 54
5744 0 52
5745 0 54
5746 0 52
5747 0 53
5748 0 52
5749 0 52
5750 0 52
5751 0 54
5752 0 53
5753 0 54
5754 0 52
5755 0 54
5756 0 52
5757 0 53
5758 0 52
5759 0 52
5760 0 52
5761 0 54
5762 0 52
5763 0 54
5764 0 52
5765 0 53
5766 0 52
5767 0 52
5768 0 52
5769 0 54
5770 0 53
5771 0 54
5772 0 52
5773 0 54
5774 0 52
5775 0 53
5776 0 52
5777 0 52
5778 0 52
5779 0 53
5780 0 52
5781 0 52
5782 0 52
5783 0 53
5784 0 53
5785 0 53
5786 0 52
5787 0 53
5788 0 52
5789 0 53
5790 0 52
5791 0 53
5792 0 52
5793 0 52
5794 0 53
5795 0 53
5796 0 52
5797 0 54
5798 0 54
5799 0 54
5800 0 53
5801 0 54
5802 0 55
5803 0 55
5804 0 53
5805 0 55
5806 0 53
5807 0 53
5808 0 53
5809 0 54
5810 0 55
5811 0 53
5812 0 55
5813 0 53
5814 0 53
5815 0 53
5816 0 53
5817 0 53
5818 0 55
5819 0 54
5820 0 54
5821 0 54
5822 0 55
5823 0 55
5824 0 55
5825 0 53
5826 0 55
5827 0 53
5828 0 53
5829 0 53
5830 0 54
5831 0 54
5832 0 53
5833 0 55
5834 0 53
5835 0 54
5836 0 53
5837 0 53
5838 0 53
5839 0 54
5840 0 53
5841 0 54
5842 0 53
5843 0 55
5844 0 53
5845 0 54
5846 0 53
5847 0 53
5848 0 53
5849 0 53
5850 0 53
5851 0 53
5852 0 52
5853 0 53
5854 0 53
5855 0 53
5856 0 53
5857 0 53
5858 0 52
5859 0 53
5860 0 53
5861 0 53
5862 0 52
5863 0 54
5864 0 52
5865 0 53
5866 0 53
5867 0 53
5868 0 55
5869 0 53
5870 0 55
5871 0 53
5872 0 54
5873 0 53
5874 0 53
5875 0 53
5876 0 55
5877 0 54
5878 0 55
5879 0 53
5880 0 55
5881 0 53
5882 0 54
5883 0 53
5884 0 53
5885 0 53
5886 0 53
5887 0 53
5888 0 53
5889 0 52
5890 0 53
5891 0 54
5892 0 54
5893 0 52
5894 0 54
5895 0 52
5896 0 54
5897 0 52
5898 0 54
5899 0 52
5900 0 52
5901 0 53
5902 0 53
5903 0 53
5904 0 54
5905 0 55
5906 0 55
5907 0 53
5908 0 54
5909 0 55
5910 0 55
5911 0 53
5912 0 55
5913 0 53
5914 0 53
5915 0 53
5916 0 54
5917 0 55
5918 0 53
5919 0 55
5920 0 53
5921 0 53
5922 0 54
5923 0 54
5924 0 53
5925 0 55
5926 0 55
5927 0 55
5928 0 54
5929 0 55
5930 0 55
5931 0 55
5932 0 53
5933 0 55
5934 0 53
5935 0 53
5936 0 53
5937 0 54
5938 0 54
5939 0 53
5940 0 55
5941 0 53
5942 0 54
5943 0 53
5944 0 53
5945 0 53
5946 0 54
5947 0 53
5948 0 54
5949 0 53
5950 0 55
5951 0 53
5952 0 54
5953 0 53
5954 0 53
5955 0 53
5956 0 53
5957 0 53
5958 0 53
5959 0 52
5960 0 53
5961 0 53
5962 0 53
5963 0 53
5964 0 53
5965 0 52
5966 0 53
5967 0 53
5968 0 53
5969 0 52
5970 0 54
5971 0 52
5972 0 53
5973 0 53
5974 0 53
5975 0 54
5976 0 53
5977 0 54
5978 0 53
5979 0 54
5980 0 53
5981 0 53
5982 0 53
5983 0 54
5984 0 53
5985 0 55
5986 0 53
5987 0 55
5988 0 53
5989 0 54
5990 0 53
5991 0 53
5992 0 53
5993 0 54
5994 0 54
5995 0 54
5996 0 53
5997 0 54
5998 0 54
5999 0 53
6000 0 53
6001 0 53
6002 0 53
6003 0 53
6004 0 53
6005 0 53
6006 0 53
6007 0 53
6008 0 53
6009 0 53
6010 0 53
6011 0 54
6012 0 54
6013 0 54
6014 0 53
6015 0 54
6016 0 54
6017 0 53
6018 0 53
6019 0 53
6020 0 53
6021 0 53
6022 0 53
6023 0 52
6024 0 54
6025 0 53
6026 0 54
6027 0 53
6028 0 54
6029 0 53
6030 0 53
6031 0 53
6032 0 54
6033 0 53
6034 0 55
6035 0 53
6036 0 55
6037 0 53
6038 0 54
6039 0 53
6040 0 53
6041 0 53
6042 0 54
6043 0 54
6044 0 54
6045 0 53
6046 0 54
6047 0 55
6048 0 53
6049 0 53
6050 0 53
6051 0 53
6052 0 53
6053 0 53
6054 0 53
6055 0 53
6056 0 53
6057 0 53
6058 0 53
6059 0 53
6060 0 53
6061 0 53
6062 0 53
6063 0 52
6064 0 53
6065 0 53
6066 0 53
6067 0 53
6068 0 53
6069 0 53
6070 0 53
6071 0 53
6072 0 52
6073 0 53
6074 0 53
6075 0 53
6076 0 53
6077 0 53
6078 0 52
6079 0 52
6080 0 52
6081 0 53
6082 0 53
6083 0 53
6084 0 52
6085 0 53
6086 0 53
6087 0 53
6088 0 53
6089 0 53
6090 0 53
6091 0 53
6092 0 53
6093 0 52
6094 0 53
6095 0 53
6096 0 53
6097 0 52
6098 0 53
6099 0 53
6100 0 53
6101 0 53
6102 0 53
6103 0 53
6104 0 53
6105 0 53
6106 0 52
6107 0 53
6108 0 53
6109 0 53
6110 0 53
6111 0 53
6112 0 52
6113 0 52
6114 0 52
6115 0 53
6116 0 53
6117 0 53
6118 0 52
6119 0 53
6120 0 53
6121 0 53
6122 0 53
6123 0 53
6124 0 53
6125 0 53
6126 0 53
6127 0 52
6128 0 53
6129 0 52
6130 0 53
6131 0 52
6132 0 53
6133 0 52
6134 0 52
6135 0 52
6136 0 53
6137 0 52
6138 0 54
6139 0 52
6140 0 54
6141 0 52
6142 0 53
6143 0 52
6144 0 52
6145 0 52
6146 0 53
6147 0 53
6148 0 53
6149 0 52
6150 0 53
6151 0 53
6152 0 53
6153 0 53
6154 0 53
6155 0 52
6156 0 53
6157 0 53
6158 0 53
6159 0 52
6160 0 53
6161 0 52
6162 0 53
6163 0 53
6164 0 53
6165 0 54
6166 0 53
6167 0 54
6168 0 53
6169 0 53
6170 0 53
6171 0 53
6172 0 53
6173 0 54
6174 0 54
6175 0 54
6176 0 53
6177 0 54
6178 0 53
6179 0 53
6180 0 53
6181 0 53
6182 0 53
6183 0 53
6184 0 54
6185 0 54
6186 0 52
6187 0 53
6188 0 54
6189 0 53
6190 0 52
6191 0 53
6192 0 52
6193 0 53
6194 0 52
6195 0 53
6196 0 52
6197 0 52
6198 0 53
6199 0 53
6200 0 53
6201 0 53
6202 0 54
6203 0 54
6204 0 53
6205 0 53
6206 0 54
6207 0 53
6208 0 53
6209 0 53
6210 0 53
6211 0 53
6212 0 53
6213 0 53
6214 0 55
6215 0 53
6216 0 55
6217 0 53
6218 0 53
6219 0 53
6220 0 53
6221 0 53
6222 0 54
6223 0 54
6224 0 55
6225 0 53
6226 0 55
6227 0 53
6228 0 53
6229 0 53
6230 0 53
6231 0 53
6232 0 53
6233 0 54
6234 0 54
6235 0 52
6236 0 53
6237 0 55
6238 0 53
6239 0 52
6240 0 53
6241 0 52
6242 0 53
6243 0 52
6244 0 53
6245 0 52
6246 0 52
6247 0 53
6248 0 53
6249 0 53
6250 0 53
6251 0 54
6252 0 54
6253 0 52
6254 0 53
6255 0 54
6256 0 54
6257 0 53
6258 0 54
6259 0 53
6260 0 53
6261 0 53
6262 0 53
6263 0 54
6264 0 53
6265 0 54
6266 0 53
6267 0 53
6268 0 53
6269 0 53
6270 0 52
6271 0 53
6272 0 54
6273 0 54
6274 0 52
6275 0 53
6276 0 54
6277 0 54
6278 0 53
6279 0 54
6280 0 53
6281 0 53
6282 0 53
6283 0 53
6284 0 53
6285 0 52
6286 0 53
6287 0 52
6288 0 53
6289 0 53
6290 0 53
6291 0 52
6292 0 54
6293 0 54
6294 0 53
6295 0 52
6296 0 53
6297 0 52
6298 0 53
6299 0 53
6300 0 53
6301 0 52
6302 0 53
6303 0 52
6304 0 53
6305 0 52
6306 0 53
6307 0 53
6308 0 53
6309 0 52
6310 0 54
6311 0 54
6312 0 53
6313 0 52
6314 0 53
6315 0 52
6316 0 53
6317 0 53
6318 0 53
6319 0 52
6320 0 53
6321 0 53
6322 0 53
6323 0 52
6324 0 53
6325 0 54
6326 0 53
6327 0 52
6328 0 53
6329 0 52
6330 0 53
6331 0 52
6332 0 53
6333 0 52
6334 0 52
6335 0 53
6336 0 53
6337 0 52
6338 0 53
6339 0 54
6340 0 54
6341 0 52
6342 0 53
6343 0 54
6344 0 54
6345 0 53
6346 0 54
6347 0 53
6348 0 53
6349 0 53
6350 0 53
6351 0 54
6352 0 53
6353 0 54
6354 0 53
6355 0 53
6356 0 53
6357 0 53
6358 0 52
6359 0 53
6360 0 54
6361 0 54
6362 0 52
6363 0 53
6364 0 54
6365 0 54
6366 0 53
6367 0 54
6368 0 53
6369 0 53
6370 0 53
6371 0 53
6372 0 53
6373 0 52
6374 0 53
6375 0 52
6376 0 53
6377 0 53
6378 0 53
6379 0 52
6380 0 53
6381 0 53
6382 0 53
6383 0 52
6384 0 53
6385 0 52
6386 0 53
6387 0 53
6388 0 53
6389 0 52
6390 0 52
6391 0 53
6392 0 53
6393 0 52
6394 0 52
6395 0 53
6396 0 52
6397 0 53
6398 0 53
6399 0 52
6400 0 52
6401 0 53
6402 0 52
6403 0 52
6404 0 52
6405 0 52
6406 0 52
6407 0 52
6408 0 52
6409 0 54
6410 0 54
6411 0 54
6412 0 54
6413 0 53
6414 0 53
6415 0 53
6416 0 53
6417 0 54
6418 0 54
6419 0 54
6420 0 54
6421 0 54
6422 0 54
6423 0 53
6424 0 53
6425 0 53
6426 0 53
6427 0 53
6428 0 54
6429 0 54
6430 0 52
6431 0 53
6432 0 54
6433 0 53
6434 0 52
6435 0 53
6436 0 52
6437 0 53
6438 0 52
6439 0 53
6440 0 52
6441 0 52
6442 0 53
6443 0 53
6444 0 53
6445 0 53
6446 0 54
6447 0 54
6448 0 53
6449 0 53
6450 0 54
6451 0 53
6452 0 53
6453 0 53
6454 0 53
6455 0 53
6456 0 53
6457 0 53
6458 0 55
6459 0 54
6460 0 55
6461 0 54
6462 0 53
6463 0 53
6464 0 53
6465 0 53
6466 0 54
6467 0 54
6468 0 55
6469 0 54
6470 0 55
6471 0 54
6472 0 53
6473 0 53
6474 0 53
6475 0 53
6476 0 53
6477 0 54
6478 0 54
6479 0 52
6480 0 53
6481 0 55
6482 0 53
6483 0 52
6484 0 53
6485 0 52
6486 0 53
6487 0 52
6488 0 53
6489 0 52
6490 0 52
6491 0 53
6492 0 53
6493 0 53
6494 0 54
6495 0 54
6496 0 54
6497 0 53
6498 0 54
6499 0 55
6500 0 54
6501 0 53
6502 0 54
6503 0 53
6504 0 54
6505 0 54
6506 0 54
6507 0 54
6508 0 53
6509 0 54
6510 0 53
6511 0 53
6512 0 53
6513 0 53
6514 0 52
6515 0 54
6516 0 54
6517 0 54
6518 0 53
6519 0 54
6520 0 55
6521 0 55
6522 0 54
6523 0 55
6524 0 54
6525 0 54
6526 0 54
6527 0 54
6528 0 53
6529 0 52
6530 0 53
6531 0 52
6532 0 53
6533 0 53
6534 0 53
6535 0 52
6536 0 54
6537 0 54
6538 0 53
6539 0 52
6540 0 53
6541 0 52
6542 0 53
6543 0 53
6544 0 53
6545 0 52
6546 0 53
6547 0 52
6548 0 53
6549 0 52
6550 0 53
6551 0 53
6552 0 53
6553 0 52
6554 0 54
6555 0 54
6556 0 53
6557 0 52
6558 0 53
6559 0 52
6560 0 53
6561 0 53
6562 0 53
6563 0 52
6564 0 53
6565 0 53
6566 0 53
6567 0 52
6568 0 53
6569 0 54
6570 0 53
6571 0 52
6572 0 53
6573 0 52
6574 0 53
6575 0 52
6576 0 53
6577 0 52
6578 0 52
6579 0 53
6580 0 53
6581 0 52
6582 0 53
6583 0 53
6584 0 53
6585 0 53
6586 0 54
6587 0 53
6588 0 53
6589 0 53
6590 0 53
6591 0 53
6592 0 52
6593 0 52
6594 0 52
6595 0 53
6596 0 53
6597 0 53
6598 0 53
6599 0 52
6600 0 52
6601 0 52
6602 0 53
6603 0 53
6604 0 53
6605 0 53
6606 0 53
6607 0 54
6608 0 53
6609 0 53
6610 0 53
6611 0 53
6612 0 53
6613 0 52
6614 0 52
6615 0 52
6616 0 53
6617 0 53
6618 0 53
6619 0 53
6620 0 53
6621 0 53
6622 0 53
6623 0 53
6624 0 53
6625 0 53
6626 0 53
6627 0 53
6628 0 53
6629 0 53
6630 0 53
6631 0 53
6632 0 53
6633 0 53
6634 0 52
6635 0 53
6636 0 53
6637 0 52
6638 0 52
6639 0 53
6640 0 52
6641 0 53
6642 0 53
6643 0 52
6644 0 52
6645 0 53
6646 0 52
6647 0 52
6648 0 52
6649 0 52
6650 0 52
6651 0 52
6652 0 52
6653 0 53
6654 0 53
6655 0 53
6656 0 53
6657 0 53
6658 0 53
6659 0 53
6660 0 53
6661 0 54
6662 0 54
6663 0 53
6664 0 53
6665 0 53
6666 0 53
6667 0 53
6668 0 53
6669 0 53
6670 0 53
6671 0 53
6672 0 53
6673 0 53
6674 0 52
6675 0 53
6676 0 54
6677 0 52
6678 0 52
6679 0 52
6680 0 52
6681 0 52
6682 0 52
6683 0 52
6684 0 52
6685 0 52
6686 0 52
6687 0 52
6688 0 52
6689 0 53
6690 0 53
6691 0 53
6692 0 53
6693 0 54
6694 0 53
6695 0 53
6696 0 53
6697 0 53
6698 0 53
6699 0 52
6700 0 52
6701 0 52
6702 0 53
6703 0 53
6704 0 53
6705 0 53
6706 0 52
6707 0 52
6708 0 52
6709 0 53
6710 0 53
6711 0 53
6712 0 53
6713 0 53
6714 0 54
6715 0 53
6716 0 53
6717 0 53
6718 0 53
6719 0 53
6720 0 52
6721 0 52
6722 0 52
6723 0 53
6724 0 53
6725 0 53
6726 0 53
6727 0 53
6728 0 53
6729 0 53
6730 0 53
6731 0 53
6732 0 53
6733 0 53
6734 0 53
6735 0 53
6736 0 53
6737 0 53
6738 0 53
6739 0 53
6740 0 53
6741 0 52
6742 0 53
6743 0 53
6744 0 52
6745 0 52
6746 0 53
6747 0 52
6748 0 53
6749 0 53
6750 0 52
6751 0 52
6752 0 53
6753 0 52
6754 0 52
6755 0 52
6756 0 52
6757 0 52
6758 0 52
6759 0 52
6760 0 53
6761 0 53
6762 0 53
6763 0 53
6764 0 54
6765 0 53
6766 0 53
6767 0 53
6768 0 53
6769 0 53
6770 0 52
6771 0 52
6772 0 52
6773 0 53
6774 0 53
6775 0 53
6776 0 53
6777 0 52
6778 0 52
6779 0 52
6780 0 53
6781 0 53
6782 0 53
6783 0 53
6784 0 53
6785 0 54
6786 0 53
6787 0 53
6788 0 53
6789 0 53
6790 0 53
6791 0 52
6792 0 52
6793 0 52
6794 0 53
6795 0 53
6796 0 53
6797 0 53
6798 0 53
6799 0 53
6800 0 53
6801 0 53
6802 0 53
6803 0 53
6804 0 53
6805 0 53
6806 0 53
6807 0 53
6808 0 53
6809 0 53
6810 0 53
6811 0 53
6812 0 52
6813 0 53
6814 0 53
6815 0 52
6816 0 52
6817 0 53
6818 0 52
6819 0 53
6820 0 53
6821 0 52
6822 0 52
6823 0 53
6824 0 52
6825 0 52
6826 0 52
6827 0 52
6828 0 52
6829 0 52
6830 0 52
6831 0 53
6832 0 53
6833 0 53
6834 0 53
6835 0 53
6836 0 53
6837 0 53
6838 0 53
6839 0 54
6840 0 54
6841 0 53
6842 0 53
6843 0 53
6844 0 53
6845 0 53
6846 0 53
6847 0 53
6848 0 53
6849 0 53
6850 0 53
6851 0 53
6852 0 52
6853 0 53
6854 0 54
6855 0 52
6856 0 52
6857 0 52
6858 0 52
6859 0 52
6860 0 52
6861 0 52
6862 0 52
6863 0 52
6864 0 52
6865 0 52
6866 0 52
6867 0 53
6868 0 53
6869 0 53
6870 0 53
6871 0 54
6872 0 53
6873 0 53
6874 0 53
6875 0 53
6876 0 53
6877 0 52
6878 0 52
6879 0 52
6880 0 53
6881 0 53
6882 0 53
6883 0 53
6884 0 52
6885 0 52
6886 0 52
6887 0 53
6888 0 53
6889 0 53
6890 0 53
6891 0 53
6892 0 54
6893 0 53
6894 0 53
6895 0 53
6896 0 53
6897 0 53
6898 0 52
6899 0 52
6900 0 52
6901 0 53
6902 0 53
6903 0 53
6904 0 53
6905 0 53
6906 0 53
6907 0 53
6908 0 53
6909 0 53
6910 0 53
6911 0 53
6912 0 53
6913 0 53
6914 0 53
6915 0 53
6916 0 53
6917 0 53
6918 0 53
6919 0 52
6920 0 53
6921 0 53
6922 0 52
6923 0 52
6924 0 53
6925 0 52
6926 0 53
6927 0 53
6928 0 52
6929 0 52
6930 0 53
6931 0 52
6932 0 52
6933 0 52
6934 0 52
6935 0 52
6936 0 52
6937 0 52
6938 0 53
6939 0 53
6940 0 53
6941 0 53
6942 0 52
6943 0 52
6944 0 52
6945 0 53
6946 0 53
6947 0 53
6948 0 53
6949 0 53
6950 0 53
6951 0 53
6952 0 52
6953 0 52
6954 0 52
6955 0 53
6956 0 52
6957 0 53
6958 0 53
6959 0 52
6960 0 52
6961 0 53
6962 0 52
6963 0 52
6964 0 52
6965 0 52
6966 0 52
6967 0 52
6968 0 52
6969 0 52
6970 0 52
6971 0 52
6972 0 52
6973 0 52
6974 0 52
6975 0 53
6976 0 53
6977 0 52
6978 0 52
6979 0 53
6980 0 52
6981 0 52
6982 0 52
6983 0 52
6984 0 52
6985 0 52
6986 0 52
6987 0 54
6988 0 53
6989 0 54
6990 0 53
6991 0 52
6992 0 52
6993 0 52
6994 0 53
6995 0 53
6996 0 53
6997 0 54
6998 0 53
6999 0 54
7000 0 53
7001 0 52
7002 0 52
7003 0 52
7004 0 53
7005 0 53
7006 0 53
7007 0 53
7008 0 52
7009 0 53
7010 0 54
7011 0 52
7012 0 52
7013 0 52
7014 0 52
7015 0 52
7016 0 52
7017 0 52
7018 0 52
7019 0 52
7020 0 52
7021 0 52
7022 0 52
7023 0 53
7024 0 53
7025 0 53
7026 0 53
7027 0 53
7028 0 53
7029 0 53
7030 0 53
7031 0 53
7032 0 53
7033 0 52
7034 0 52
7035 0 52
7036 0 53
7037 0 53
7038 0 53
7039 0 53
7040 0 52
7041 0 52
7042 0 52
7043 0 52
7044 0 53
7045 0 53
7046 0 53
7047 0 53
7048 0 53
7049 0 53
7050 0 53
7051 0 53
7052 0 53
7053 0 53
7054 0 52
7055 0 52
7056 0 52
7057 0 53
7058 0 53
7059 0 53
7060 0 53
7061 0 53
7062 0 53
7063 0 53
7064 0 53
7065 0 53
7066 0 53
7067 0 52
7068 0 52
7069 0 52
7070 0 53
7071 0 53
7072 0 53
7073 0 53
7074 0 52
7075 0 52
7076 0 52
7077 0 52
7078 0 53
7079 0 53
7080 0 53
7081 0 53
7082 0 53
7083 0 53
7084 0 53
7085 0 53
7086 0 53
7087 0 53
7088 0 52
7089 0 52
7090 0 52
7091 0 53
7092 0 53
7093 0 53
7094 0 53
7095 0 52
7096 0 52
7097 0 52
7098 0 52
7099 0 52
7100 0 52
7101 0 53
7102 0 53
7103 0 53
7104 0 53
7105 0 52
7106 0 52
7107 0 52
7108 0 52
7109 0 53
7110 0 53
7111 0 53
7112 0 52
7113 0 53
7114 0 53
7115 0 53
7116 0 53
7117 0 53
7118 0 52
7119 0 53
7120 0 53
7121 0 53
7122 0 52
7123 0 53
7124 0 52
7125 0 52
7126 0 52
7127 0 52
