0 0 57
1 0 57
2 0 57
3 0 57
4 0 57
5 0 56
6 0 57
7 0 57
8 0 56
9 0 56
10 0 57
11 0 57
12 0 57
13 0 57
14 0 57
15 0 56
16 0 57
17 0 57
18 0 56
19 0 56
20 0 56
21 0 57
22 0 57
23 0 56
24 0 56
25 0 56
26 0 56
27 0 56
28 0 56
29 0 56
30 0 56
31 0 56
32 0 56
33 0 55
34 0 57
35 0 57
36 0 56
37 0 56
38 0 56
39 0 57
40 0 57
41 0 56
42 0 56
43 0 56
44 0 56
45 0 56
46 0 56
47 0 56
48 0 56
49 0 56
50 0 55
51 0 55
52 0 57
53 0 57
54 0 57
55 0 57
56 0 57
57 0 56
58 0 57
59 0 57
60 0 56
61 0 56
62 0 57
63 0 57
64 0 57
65 0 57
66 0 57
67 0 56
68 0 57
69 0 57
70 0 56
71 0 56
72 0 56
73 0 57
74 0 57
75 0 56
76 0 56
77 0 56
78 0 56
79 0 56
80 0 56
81 0 56
82 0 56
83 0 56
84 0 56
85 0 55
86 0 57
87 0 57
88 0 56
89 0 56
90 0 56
91 0 57
92 0 57
93 0 56
94 0 56
95 0 56
96 0 56
97 0 56
98 0 56
99 0 56
100 0 56
101 0 56
102 0 55
103 0 55
104 0 56
105 0 56
106 0 56
107 0 56
108 0 56
109 0 55
110 0 57
111 0 57
112 0 56
113 0 56
114 0 56
115 0 57
116 0 57
117 0 56
118 0 56
119 0 56
120 0 56
121 0 57
122 0 56
123 0 56
124 0 56
125 0 56
126 0 55
127 0 55
128 0 56
129 0 56
130 0 56
131 0 56
132 0 56
133 0 55
134 0 56
135 0 56
136 0 55
137 0 55
138 0 56
139 0 56
140 0 56
141 0 56
142 0 56
143 0 55
144 0 56
145 0 56
146 0 56
147 0 56
148 0 56
149 0 55
150 0 56
151 0 56
152 0 55
153 0 55
154 0 56
155 0 56
156 0 56
157 0 56
158 0 56
159 0 55
160 0 56
161 0 56
162 0 55
163 0 55
164 0 55
165 0 56
166 0 56
167 0 55
168 0 55
169 0 55
170 0 55
171 0 55
172 0 55
173 0 55
174 0 55
175 0 55
176 0 56
177 0 55
178 0 57
179 0 57
180 0 56
181 0 56
182 0 56
183 0 57
184 0 57
185 0 56
186 0 56
187 0 56
188 0 56
189 0 57
190 0 56
191 0 56
192 0 56
193 0 56
194 0 55
195 0 55
196 0 57
197 0 57
198 0 57
199 0 56
200 0 56
201 0 55
202 0 57
203 0 57
204 0 56
205 0 56
206 0 56
207 0 57
208 0 57
209 0 56
210 0 56
211 0 56
212 0 56
213 0 57
214 0 56
215 0 56
216 0 56
217 0 56
218 0 55
219 0 55
220 0 56
221 0 56
222 0 56
223 0 56
224 0 56
225 0 55
226 0 56
227 0 56
228 0 55
229 0 55
230 0 56
231 0 56
232 0 56
233 0 56
234 0 56
235 0 55
236 0 56
237 0 56
238 0 55
239 0 55
240 0 55
241 0 56
242 0 56
243 0 55
244 0 55
245 0 56
246 0 56
247 0 55
248 0 55
249 0 55
250 0 56
251 0 56
252 0 55
253 0 55
254 0 55
255 0 55
256 0 55
257 0 55
258 0 55
259 0 55
260 0 55
261 0 55
262 0 55
263 0 57
264 0 57
265 0 57
266 0 57
267 0 57
268 0 56
269 0 57
270 0 57
271 0 56
272 0 56
273 0 57
274 0 57
275 0 57
276 0 57
277 0 57
278 0 56
279 0 57
280 0 57
281 0 56
282 0 56
283 0 56
284 0 57
285 0 57
286 0 56
287 0 56
288 0 56
289 0 56
290 0 56
291 0 56
292 0 56
293 0 56
294 0 56
295 0 56
296 0 55
297 0 57
298 0 57
299 0 56
300 0 56
301 0 56
302 0 57
303 0 57
304 0 56
305 0 56
306 0 56
307 0 56
308 0 56
309 0 56
310 0 56
311 0 56
312 0 56
313 0 56
314 0 56
315 0 57
316 0 57
317 0 57
318 0 57
319 0 57
320 0 56
321 0 57
322 0 57
323 0 56
324 0 56
325 0 57
326 0 57
327 0 57
328 0 57
329 0 57
330 0 56
331 0 57
332 0 57
333 0 56
334 0 56
335 0 56
336 0 57
337 0 57
338 0 56
339 0 56
340 0 56
341 0 56
342 0 56
343 0 56
344 0 56
345 0 56
346 0 56
347 0 56
348 0 55
349 0 57
350 0 57
351 0 56
352 0 56
353 0 56
354 0 57
355 0 57
356 0 56
357 0 56
358 0 56
359 0 56
360 0 56
361 0 56
362 0 56
363 0 56
364 0 56
365 0 55
366 0 55
367 0 56
368 0 56
369 0 56
370 0 56
371 0 56
372 0 55
373 0 57
374 0 57
375 0 56
376 0 56
377 0 56
378 0 57
379 0 57
380 0 56
381 0 56
382 0 56
383 0 56
384 0 57
385 0 56
386 0 56
387 0 56
388 0 56
389 0 55
390 0 55
391 0 56
392 0 56
393 0 56
394 0 56
395 0 56
396 0 55
397 0 56
398 0 56
399 0 55
400 0 55
401 0 56
402 0 56
403 0 56
404 0 56
405 0 56
406 0 55
407 0 56
408 0 56
409 0 56
410 0 56
411 0 56
412 0 55
413 0 56
414 0 56
415 0 55
416 0 55
417 0 56
418 0 56
419 0 56
420 0 56
421 0 56
422 0 55
423 0 56
424 0 56
425 0 55
426 0 55
427 0 55
428 0 56
429 0 56
430 0 55
431 0 55
432 0 55
433 0 55
434 0 55
435 0 55
436 0 55
437 0 55
438 0 55
439 0 56
440 0 55
441 0 57
442 0 57
443 0 56
444 0 56
445 0 56
446 0 57
447 0 57
448 0 56
449 0 56
450 0 56
451 0 56
452 0 56
453 0 56
454 0 56
455 0 56
456 0 56
457 0 55
458 0 55
459 0 56
460 0 57
461 0 56
462 0 56
463 0 56
464 0 55
465 0 57
466 0 57
467 0 56
468 0 56
469 0 56
470 0 57
471 0 57
472 0 56
473 0 56
474 0 56
475 0 56
476 0 56
477 0 56
478 0 56
479 0 56
480 0 56
481 0 55
482 0 55
483 0 56
484 0 56
485 0 56
486 0 56
487 0 56
488 0 55
489 0 56
490 0 56
491 0 55
492 0 55
493 0 56
494 0 56
495 0 56
496 0 56
497 0 56
498 0 55
499 0 56
500 0 56
501 0 56
502 0 56
503 0 55
504 0 56
505 0 56
506 0 56
507 0 56
508 0 56
509 0 56
510 0 56
511 0 56
512 0 55
513 0 56
514 0 56
515 0 56
516 0 56
517 0 55
518 0 56
519 0 55
520 0 55
521 0 55
522 0 55
523 0 55
524 0 55
525 0 55
526 0 56
527 0 56
528 0 56
529 0 56
530 0 56
531 0 55
532 0 56
533 0 56
534 0 55
535 0 55
536 0 56
537 0 56
538 0 56
539 0 56
540 0 56
541 0 55
542 0 56
543 0 56
544 0 55
545 0 55
546 0 55
547 0 56
548 0 56
549 0 55
550 0 55
551 0 55
552 0 56
553 0 55
554 0 55
555 0 56
556 0 55
557 0 55
558 0 55
559 0 54
560 0 57
561 0 57
562 0 56
563 0 56
564 0 56
565 0 57
566 0 57
567 0 56
568 0 56
569 0 56
570 0 56
571 0 56
572 0 56
573 0 56
574 0 56
575 0 56
576 0 55
577 0 55
578 0 56
579 0 57
580 0 56
581 0 56
582 0 56
583 0 55
584 0 57
585 0 57
586 0 56
587 0 56
588 0 56
589 0 57
590 0 57
591 0 56
592 0 56
593 0 56
594 0 56
595 0 56
596 0 56
597 0 56
598 0 56
599 0 56
600 0 55
601 0 55
602 0 56
603 0 57
604 0 56
605 0 56
606 0 56
607 0 56
608 0 56
609 0 56
610 0 56
611 0 56
612 0 56
613 0 57
614 0 56
615 0 57
616 0 57
617 0 56
618 0 56
619 0 56
620 0 56
621 0 56
622 0 55
623 0 56
624 0 56
625 0 56
626 0 56
627 0 56
628 0 56
629 0 56
630 0 56
631 0 55
632 0 56
633 0 56
634 0 56
635 0 56
636 0 55
637 0 56
638 0 55
639 0 55
640 0 55
641 0 55
642 0 55
643 0 55
644 0 55
645 0 56
646 0 56
647 0 56
648 0 56
649 0 56
650 0 55
651 0 56
652 0 56
653 0 55
654 0 55
655 0 56
656 0 56
657 0 56
658 0 56
659 0 56
660 0 55
661 0 56
662 0 56
663 0 56
664 0 56
665 0 55
666 0 56
667 0 56
668 0 56
669 0 56
670 0 56
671 0 56
672 0 56
673 0 56
674 0 56
675 0 56
676 0 55
677 0 55
678 0 54
679 0 56
680 0 56
681 0 56
682 0 56
683 0 56
684 0 56
685 0 56
686 0 56
687 0 56
688 0 55
689 0 55
690 0 56
691 0 55
692 0 55
693 0 55
694 0 55
695 0 54
696 0 54
697 0 56
698 0 56
699 0 56
700 0 56
701 0 56
702 0 55
703 0 56
704 0 56
705 0 55
706 0 55
707 0 56
708 0 56
709 0 56
710 0 56
711 0 56
712 0 55
713 0 56
714 0 56
715 0 56
716 0 56
717 0 55
718 0 56
719 0 56
720 0 56
721 0 56
722 0 56
723 0 56
724 0 56
725 0 56
726 0 56
727 0 56
728 0 55
729 0 55
730 0 54
731 0 56
732 0 56
733 0 56
734 0 56
735 0 56
736 0 55
737 0 56
738 0 56
739 0 55
740 0 55
741 0 56
742 0 56
743 0 56
744 0 56
745 0 56
746 0 55
747 0 56
748 0 56
749 0 56
750 0 56
751 0 55
752 0 56
753 0 56
754 0 56
755 0 56
756 0 56
757 0 56
758 0 56
759 0 56
760 0 56
761 0 56
762 0 55
763 0 55
764 0 54
765 0 56
766 0 56
767 0 56
768 0 56
769 0 56
770 0 56
771 0 56
772 0 56
773 0 56
774 0 55
775 0 55
776 0 56
777 0 55
778 0 55
779 0 55
780 0 55
781 0 54
782 0 54
783 0 56
784 0 56
785 0 56
786 0 56
787 0 56
788 0 55
789 0 56
790 0 56
791 0 55
792 0 55
793 0 56
794 0 56
795 0 56
796 0 56
797 0 56
798 0 55
799 0 56
800 0 56
801 0 56
802 0 56
803 0 55
804 0 56
805 0 56
806 0 56
807 0 56
808 0 56
809 0 56
810 0 56
811 0 56
812 0 56
813 0 56
814 0 55
815 0 55
816 0 54
817 0 56
818 0 56
819 0 55
820 0 55
821 0 55
822 0 56
823 0 56
824 0 55
825 0 55
826 0 55
827 0 55
828 0 56
829 0 55
830 0 55
831 0 55
832 0 55
833 0 54
834 0 54
835 0 56
836 0 56
837 0 56
838 0 55
839 0 55
840 0 54
841 0 56
842 0 56
843 0 55
844 0 55
845 0 55
846 0 56
847 0 56
848 0 55
849 0 55
850 0 55
851 0 55
852 0 56
853 0 55
854 0 55
855 0 55
856 0 55
857 0 54
858 0 54
859 0 55
860 0 55
861 0 55
862 0 55
863 0 55
864 0 54
865 0 55
866 0 55
867 0 54
868 0 54
869 0 55
870 0 55
871 0 55
872 0 55
873 0 55
874 0 54
875 0 55
876 0 55
877 0 55
878 0 55
879 0 55
880 0 54
881 0 55
882 0 55
883 0 54
884 0 54
885 0 55
886 0 55
887 0 55
888 0 55
889 0 55
890 0 54
891 0 55
892 0 55
893 0 54
894 0 54
895 0 54
896 0 56
897 0 56
898 0 54
899 0 54
900 0 55
901 0 55
902 0 55
903 0 55
904 0 55
905 0 55
906 0 55
907 0 55
908 0 54
909 0 57
910 0 57
911 0 56
912 0 56
913 0 56
914 0 57
915 0 57
916 0 56
917 0 56
918 0 56
919 0 56
920 0 56
921 0 56
922 0 56
923 0 56
924 0 56
925 0 55
926 0 55
927 0 56
928 0 57
929 0 56
930 0 56
931 0 56
932 0 55
933 0 57
934 0 57
935 0 56
936 0 56
937 0 56
938 0 57
939 0 57
940 0 56
941 0 56
942 0 56
943 0 56
944 0 56
945 0 56
946 0 56
947 0 56
948 0 56
949 0 55
950 0 55
951 0 56
952 0 57
953 0 56
954 0 56
955 0 56
956 0 56
957 0 56
958 0 56
959 0 56
960 0 56
961 0 56
962 0 57
963 0 56
964 0 57
965 0 57
966 0 56
967 0 56
968 0 56
969 0 56
970 0 56
971 0 55
972 0 56
973 0 56
974 0 56
975 0 56
976 0 56
977 0 56
978 0 56
979 0 56
980 0 55
981 0 56
982 0 56
983 0 56
984 0 56
985 0 55
986 0 56
987 0 55
988 0 55
989 0 55
990 0 55
991 0 55
992 0 55
993 0 55
994 0 56
995 0 57
996 0 56
997 0 57
998 0 57
999 0 56
1000 0 57
1001 0 57
1002 0 56
1003 0 56
1004 0 56
1005 0 57
1006 0 56
1007 0 57
1008 0 57
1009 0 56
1010 0 56
1011 0 56
1012 0 56
1013 0 56
1014 0 55
1015 0 56
1016 0 56
1017 0 56
1018 0 56
1019 0 55
1020 0 56
1021 0 55
1022 0 55
1023 0 56
1024 0 55
1025 0 55
1026 0 55
1027 0 54
1028 0 57
1029 0 57
1030 0 56
1031 0 56
1032 0 56
1033 0 57
1034 0 57
1035 0 56
1036 0 56
1037 0 56
1038 0 56
1039 0 56
1040 0 56
1041 0 56
1042 0 56
1043 0 56
1044 0 55
1045 0 55
1046 0 56
1047 0 57
1048 0 56
1049 0 56
1050 0 56
1051 0 55
1052 0 57
1053 0 57
1054 0 56
1055 0 56
1056 0 56
1057 0 57
1058 0 57
1059 0 56
1060 0 56
1061 0 56
1062 0 56
1063 0 56
1064 0 56
1065 0 56
1066 0 56
1067 0 56
1068 0 55
1069 0 55
1070 0 56
1071 0 57
1072 0 56
1073 0 56
1074 0 56
1075 0 56
1076 0 56
1077 0 56
1078 0 56
1079 0 56
1080 0 56
1081 0 57
1082 0 56
1083 0 57
1084 0 57
1085 0 56
1086 0 56
1087 0 56
1088 0 56
1089 0 56
1090 0 55
1091 0 56
1092 0 56
1093 0 56
1094 0 56
1095 0 56
1096 0 56
1097 0 56
1098 0 56
1099 0 55
1100 0 56
1101 0 56
1102 0 56
1103 0 56
1104 0 55
1105 0 56
1106 0 55
1107 0 55
1108 0 55
1109 0 55
1110 0 55
1111 0 55
1112 0 55
1113 0 56
1114 0 56
1115 0 56
1116 0 56
1117 0 56
1118 0 55
1119 0 56
1120 0 56
1121 0 55
1122 0 55
1123 0 56
1124 0 56
1125 0 56
1126 0 56
1127 0 56
1128 0 55
1129 0 56
1130 0 56
1131 0 55
1132 0 55
1133 0 55
1134 0 56
1135 0 56
1136 0 55
1137 0 55
1138 0 55
1139 0 56
1140 0 55
1141 0 55
1142 0 56
1143 0 55
1144 0 55
1145 0 55
1146 0 54
1147 0 56
1148 0 56
1149 0 55
1150 0 55
1151 0 55
1152 0 56
1153 0 56
1154 0 55
1155 0 55
1156 0 55
1157 0 55
1158 0 55
1159 0 55
1160 0 55
1161 0 55
1162 0 55
1163 0 54
1164 0 54
1165 0 56
1166 0 56
1167 0 56
1168 0 56
1169 0 56
1170 0 55
1171 0 56
1172 0 56
1173 0 55
1174 0 55
1175 0 56
1176 0 56
1177 0 56
1178 0 56
1179 0 56
1180 0 55
1181 0 56
1182 0 56
1183 0 56
1184 0 56
1185 0 55
1186 0 56
1187 0 56
1188 0 56
1189 0 56
1190 0 55
1191 0 56
1192 0 55
1193 0 55
1194 0 56
1195 0 55
1196 0 55
1197 0 55
1198 0 54
1199 0 56
1200 0 56
1201 0 55
1202 0 55
1203 0 55
1204 0 56
1205 0 56
1206 0 55
1207 0 55
1208 0 55
1209 0 55
1210 0 56
1211 0 55
1212 0 55
1213 0 55
1214 0 55
1215 0 54
1216 0 54
1217 0 56
1218 0 56
1219 0 56
1220 0 55
1221 0 55
1222 0 54
1223 0 56
1224 0 56
1225 0 55
1226 0 55
1227 0 55
1228 0 56
1229 0 56
1230 0 55
1231 0 55
1232 0 55
1233 0 55
1234 0 56
1235 0 55
1236 0 55
1237 0 55
1238 0 55
1239 0 54
1240 0 54
1241 0 56
1242 0 56
1243 0 55
1244 0 55
1245 0 55
1246 0 56
1247 0 56
1248 0 55
1249 0 55
1250 0 55
1251 0 55
1252 0 56
1253 0 55
1254 0 55
1255 0 55
1256 0 55
1257 0 54
1258 0 54
1259 0 56
1260 0 56
1261 0 56
1262 0 55
1263 0 55
1264 0 54
1265 0 56
1266 0 56
1267 0 55
1268 0 55
1269 0 55
1270 0 56
1271 0 56
1272 0 55
1273 0 55
1274 0 55
1275 0 55
1276 0 56
1277 0 55
1278 0 55
1279 0 55
1280 0 55
1281 0 54
1282 0 54
1283 0 55
1284 0 55
1285 0 55
1286 0 55
1287 0 55
1288 0 54
1289 0 55
1290 0 55
1291 0 54
1292 0 54
1293 0 55
1294 0 55
1295 0 55
1296 0 55
1297 0 55
1298 0 54
1299 0 55
1300 0 56
1301 0 54
1302 0 54
1303 0 54
1304 0 55
1305 0 56
1306 0 54
1307 0 54
1308 0 55
1309 0 56
1310 0 54
1311 0 54
1312 0 54
1313 0 55
1314 0 56
1315 0 54
1316 0 54
1317 0 54
1318 0 54
1319 0 54
1320 0 55
1321 0 55
1322 0 55
1323 0 55
1324 0 54
1325 0 54
1326 0 57
1327 0 57
1328 0 57
1329 0 57
1330 0 57
1331 0 56
1332 0 57
1333 0 57
1334 0 56
1335 0 56
1336 0 57
1337 0 57
1338 0 57
1339 0 57
1340 0 57
1341 0 56
1342 0 57
1343 0 57
1344 0 56
1345 0 56
1346 0 56
1347 0 57
1348 0 57
1349 0 56
1350 0 56
1351 0 56
1352 0 56
1353 0 56
1354 0 56
1355 0 56
1356 0 56
1357 0 56
1358 0 56
1359 0 56
1360 0 57
1361 0 57
1362 0 56
1363 0 56
1364 0 56
1365 0 57
1366 0 57
1367 0 56
1368 0 56
1369 0 56
1370 0 56
1371 0 56
1372 0 56
1373 0 56
1374 0 56
1375 0 56
1376 0 55
1377 0 55
1378 0 57
1379 0 57
1380 0 57
1381 0 57
1382 0 57
1383 0 56
1384 0 57
1385 0 57
1386 0 56
1387 0 56
1388 0 57
1389 0 57
1390 0 57
1391 0 57
1392 0 57
1393 0 56
1394 0 57
1395 0 57
1396 0 56
1397 0 56
1398 0 56
1399 0 57
1400 0 57
1401 0 56
1402 0 56
1403 0 56
1404 0 56
1405 0 56
1406 0 56
1407 0 56
1408 0 56
1409 0 56
1410 0 56
1411 0 56
1412 0 57
1413 0 57
1414 0 56
1415 0 56
1416 0 56
1417 0 57
1418 0 57
1419 0 56
1420 0 56
1421 0 56
1422 0 56
1423 0 56
1424 0 56
1425 0 56
1426 0 56
1427 0 56
1428 0 55
1429 0 55
1430 0 56
1431 0 56
1432 0 56
1433 0 56
1434 0 56
1435 0 55
1436 0 57
1437 0 57
1438 0 56
1439 0 56
1440 0 56
1441 0 57
1442 0 57
1443 0 56
1444 0 56
1445 0 56
1446 0 56
1447 0 57
1448 0 56
1449 0 56
1450 0 56
1451 0 56
1452 0 55
1453 0 55
1454 0 56
1455 0 56
1456 0 56
1457 0 56
1458 0 56
1459 0 55
1460 0 56
1461 0 56
1462 0 55
1463 0 55
1464 0 56
1465 0 56
1466 0 56
1467 0 56
1468 0 56
1469 0 55
1470 0 56
1471 0 56
1472 0 56
1473 0 56
1474 0 56
1475 0 55
1476 0 56
1477 0 56
1478 0 55
1479 0 55
1480 0 56
1481 0 56
1482 0 56
1483 0 56
1484 0 56
1485 0 55
1486 0 56
1487 0 56
1488 0 55
1489 0 55
1490 0 55
1491 0 56
1492 0 56
1493 0 55
1494 0 55
1495 0 55
1496 0 55
1497 0 55
1498 0 55
1499 0 55
1500 0 55
1501 0 55
1502 0 56
1503 0 55
1504 0 57
1505 0 57
1506 0 56
1507 0 56
1508 0 56
1509 0 57
1510 0 57
1511 0 56
1512 0 56
1513 0 56
1514 0 56
1515 0 57
1516 0 56
1517 0 56
1518 0 56
1519 0 56
1520 0 55
1521 0 55
1522 0 57
1523 0 57
1524 0 57
1525 0 56
1526 0 56
1527 0 55
1528 0 57
1529 0 57
1530 0 56
1531 0 56
1532 0 56
1533 0 57
1534 0 57
1535 0 56
1536 0 56
1537 0 56
1538 0 56
1539 0 57
1540 0 56
1541 0 56
1542 0 56
1543 0 56
1544 0 55
1545 0 55
1546 0 56
1547 0 56
1548 0 56
1549 0 56
1550 0 56
1551 0 55
1552 0 56
1553 0 56
1554 0 55
1555 0 55
1556 0 56
1557 0 56
1558 0 56
1559 0 56
1560 0 56
1561 0 55
1562 0 56
1563 0 56
1564 0 55
1565 0 55
1566 0 55
1567 0 56
1568 0 56
1569 0 55
1570 0 55
1571 0 56
1572 0 56
1573 0 55
1574 0 55
1575 0 55
1576 0 56
1577 0 56
1578 0 55
1579 0 55
1580 0 55
1581 0 55
1582 0 55
1583 0 56
1584 0 56
1585 0 56
1586 0 56
1587 0 55
1588 0 55
1589 0 57
1590 0 57
1591 0 57
1592 0 57
1593 0 57
1594 0 56
1595 0 57
1596 0 57
1597 0 56
1598 0 56
1599 0 57
1600 0 57
1601 0 57
1602 0 57
1603 0 57
1604 0 56
1605 0 57
1606 0 57
1607 0 56
1608 0 56
1609 0 56
1610 0 57
1611 0 57
1612 0 56
1613 0 56
1614 0 56
1615 0 56
1616 0 56
1617 0 56
1618 0 56
1619 0 56
1620 0 56
1621 0 56
1622 0 56
1623 0 57
1624 0 57
1625 0 56
1626 0 56
1627 0 56
1628 0 57
1629 0 57
1630 0 56
1631 0 56
1632 0 56
1633 0 56
1634 0 56
1635 0 56
1636 0 56
1637 0 56
1638 0 56
1639 0 56
1640 0 56
1641 0 57
1642 0 57
1643 0 57
1644 0 57
1645 0 57
1646 0 56
1647 0 57
1648 0 57
1649 0 56
1650 0 56
1651 0 57
1652 0 57
1653 0 57
1654 0 57
1655 0 57
1656 0 56
1657 0 57
1658 0 57
1659 0 56
1660 0 56
1661 0 56
1662 0 57
1663 0 57
1664 0 56
1665 0 56
1666 0 56
1667 0 56
1668 0 56
1669 0 56
1670 0 56
1671 0 56
1672 0 56
1673 0 56
1674 0 56
1675 0 57
1676 0 57
1677 0 56
1678 0 56
1679 0 56
1680 0 57
1681 0 57
1682 0 56
1683 0 56
1684 0 56
1685 0 56
1686 0 56
1687 0 56
1688 0 56
1689 0 56
1690 0 56
1691 0 55
1692 0 55
1693 0 56
1694 0 56
1695 0 56
1696 0 56
1697 0 56
1698 0 55
1699 0 57
1700 0 57
1701 0 56
1702 0 56
1703 0 56
1704 0 57
1705 0 57
1706 0 56
1707 0 56
1708 0 56
1709 0 56
1710 0 57
1711 0 56
1712 0 56
1713 0 56
1714 0 56
1715 0 55
1716 0 55
1717 0 56
1718 0 56
1719 0 56
1720 0 56
1721 0 56
1722 0 55
1723 0 56
1724 0 56
1725 0 55
1726 0 55
1727 0 56
1728 0 56
1729 0 56
1730 0 56
1731 0 56
1732 0 55
1733 0 56
1734 0 56
1735 0 56
1736 0 56
1737 0 56
1738 0 55
1739 0 56
1740 0 56
1741 0 55
1742 0 55
1743 0 56
1744 0 56
1745 0 56
1746 0 56
1747 0 56
1748 0 55
1749 0 56
1750 0 56
1751 0 55
1752 0 55
1753 0 55
1754 0 56
1755 0 56
1756 0 55
1757 0 55
1758 0 55
1759 0 55
1760 0 55
1761 0 55
1762 0 55
1763 0 55
1764 0 55
1765 0 56
1766 0 55
1767 0 57
1768 0 57
1769 0 56
1770 0 56
1771 0 56
1772 0 57
1773 0 57
1774 0 56
1775 0 56
1776 0 56
1777 0 56
1778 0 57
1779 0 56
1780 0 56
1781 0 56
1782 0 56
1783 0 55
1784 0 55
1785 0 57
1786 0 57
1787 0 57
1788 0 56
1789 0 56
1790 0 55
1791 0 57
1792 0 57
1793 0 56
1794 0 56
1795 0 56
1796 0 57
1797 0 57
1798 0 56
1799 0 56
1800 0 56
1801 0 56
1802 0 57
1803 0 56
1804 0 56
1805 0 56
1806 0 56
1807 0 55
1808 0 55
1809 0 56
1810 0 56
1811 0 56
1812 0 56
1813 0 56
1814 0 55
1815 0 56
1816 0 56
1817 0 55
1818 0 55
1819 0 56
1820 0 56
1821 0 56
1822 0 56
1823 0 56
1824 0 55
1825 0 56
1826 0 56
1827 0 56
1828 0 56
1829 0 56
1830 0 56
1831 0 56
1832 0 56
1833 0 56
1834 0 56
1835 0 56
1836 0 56
1837 0 56
1838 0 56
1839 0 56
1840 0 56
1841 0 56
1842 0 56
1843 0 56
1844 0 56
1845 0 56
1846 0 55
1847 0 55
1848 0 55
1849 0 55
1850 0 55
1851 0 55
1852 0 56
1853 0 56
1854 0 56
1855 0 56
1856 0 56
1857 0 55
1858 0 56
1859 0 56
1860 0 55
1861 0 55
1862 0 56
1863 0 56
1864 0 56
1865 0 56
1866 0 56
1867 0 55
1868 0 56
1869 0 56
1870 0 55
1871 0 55
1872 0 55
1873 0 56
1874 0 56
1875 0 55
1876 0 55
1877 0 56
1878 0 56
1879 0 56
1880 0 56
1881 0 56
1882 0 56
1883 0 55
1884 0 55
1885 0 54
1886 0 57
1887 0 57
1888 0 56
1889 0 56
1890 0 56
1891 0 57
1892 0 57
1893 0 56
1894 0 56
1895 0 56
1896 0 56
1897 0 57
1898 0 56
1899 0 56
1900 0 56
1901 0 56
1902 0 55
1903 0 55
1904 0 57
1905 0 57
1906 0 57
1907 0 56
1908 0 56
1909 0 55
1910 0 57
1911 0 57
1912 0 56
1913 0 56
1914 0 56
1915 0 57
1916 0 57
1917 0 56
1918 0 56
1919 0 56
1920 0 56
1921 0 57
1922 0 56
1923 0 56
1924 0 56
1925 0 56
1926 0 55
1927 0 55
1928 0 57
1929 0 57
1930 0 57
1931 0 56
1932 0 56
1933 0 56
1934 0 56
1935 0 56
1936 0 56
1937 0 56
1938 0 57
1939 0 57
1940 0 57
1941 0 57
1942 0 57
1943 0 56
1944 0 56
1945 0 56
1946 0 56
1947 0 56
1948 0 56
1949 0 56
1950 0 56
1951 0 56
1952 0 56
1953 0 56
1954 0 56
1955 0 56
1956 0 56
1957 0 56
1958 0 56
1959 0 56
1960 0 56
1961 0 56
1962 0 56
1963 0 56
1964 0 56
1965 0 55
1966 0 55
1967 0 55
1968 0 55
1969 0 55
1970 0 55
1971 0 56
1972 0 56
1973 0 56
1974 0 56
1975 0 56
1976 0 55
1977 0 56
1978 0 56
1979 0 55
1980 0 55
1981 0 56
1982 0 56
1983 0 56
1984 0 56
1985 0 56
1986 0 55
1987 0 56
1988 0 56
1989 0 56
1990 0 56
1991 0 55
1992 0 56
1993 0 56
1994 0 56
1995 0 56
1996 0 56
1997 0 56
1998 0 56
1999 0 56
2000 0 56
2001 0 56
2002 0 55
2003 0 55
2004 0 54
2005 0 56
2006 0 56
2007 0 56
2008 0 56
2009 0 56
2010 0 56
2011 0 56
2012 0 56
2013 0 56
2014 0 55
2015 0 55
2016 0 56
2017 0 55
2018 0 55
2019 0 55
2020 0 55
2021 0 54
2022 0 54
2023 0 56
2024 0 56
2025 0 56
2026 0 56
2027 0 56
2028 0 55
2029 0 56
2030 0 56
2031 0 55
2032 0 55
2033 0 56
2034 0 56
2035 0 56
2036 0 56
2037 0 56
2038 0 55
2039 0 56
2040 0 56
2041 0 56
2042 0 56
2043 0 55
2044 0 56
2045 0 56
2046 0 56
2047 0 56
2048 0 56
2049 0 56
2050 0 56
2051 0 56
2052 0 56
2053 0 56
2054 0 55
2055 0 55
2056 0 54
2057 0 56
2058 0 56
2059 0 56
2060 0 56
2061 0 56
2062 0 55
2063 0 56
2064 0 56
2065 0 55
2066 0 55
2067 0 56
2068 0 56
2069 0 56
2070 0 56
2071 0 56
2072 0 55
2073 0 56
2074 0 56
2075 0 56
2076 0 56
2077 0 55
2078 0 56
2079 0 56
2080 0 56
2081 0 56
2082 0 56
2083 0 56
2084 0 56
2085 0 56
2086 0 56
2087 0 56
2088 0 55
2089 0 55
2090 0 54
2091 0 56
2092 0 56
2093 0 56
2094 0 56
2095 0 56
2096 0 56
2097 0 56
2098 0 56
2099 0 56
2100 0 55
2101 0 55
2102 0 56
2103 0 55
2104 0 55
2105 0 55
2106 0 55
2107 0 54
2108 0 54
2109 0 56
2110 0 56
2111 0 56
2112 0 56
2113 0 56
2114 0 55
2115 0 56
2116 0 56
2117 0 55
2118 0 55
2119 0 56
2120 0 56
2121 0 56
2122 0 56
2123 0 56
2124 0 55
2125 0 56
2126 0 56
2127 0 56
2128 0 56
2129 0 55
2130 0 56
2131 0 56
2132 0 56
2133 0 56
2134 0 56
2135 0 56
2136 0 56
2137 0 56
2138 0 56
2139 0 56
2140 0 55
2141 0 55
2142 0 54
2143 0 56
2144 0 56
2145 0 55
2146 0 55
2147 0 55
2148 0 56
2149 0 56
2150 0 55
2151 0 55
2152 0 55
2153 0 55
2154 0 56
2155 0 55
2156 0 55
2157 0 55
2158 0 55
2159 0 54
2160 0 54
2161 0 56
2162 0 56
2163 0 56
2164 0 55
2165 0 55
2166 0 54
2167 0 56
2168 0 56
2169 0 55
2170 0 55
2171 0 55
2172 0 56
2173 0 56
2174 0 55
2175 0 55
2176 0 55
2177 0 55
2178 0 56
2179 0 55
2180 0 55
2181 0 55
2182 0 55
2183 0 54
2184 0 54
2185 0 55
2186 0 55
2187 0 55
2188 0 55
2189 0 55
2190 0 54
2191 0 55
2192 0 55
2193 0 54
2194 0 54
2195 0 55
2196 0 55
2197 0 55
2198 0 55
2199 0 55
2200 0 54
2201 0 55
2202 0 55
2203 0 55
2204 0 55
2205 0 55
2206 0 54
2207 0 55
2208 0 55
2209 0 54
2210 0 54
2211 0 55
2212 0 55
2213 0 55
2214 0 55
2215 0 55
2216 0 54
2217 0 55
2218 0 55
2219 0 54
2220 0 54
2221 0 54
2222 0 56
2223 0 56
2224 0 54
2225 0 54
2226 0 55
2227 0 55
2228 0 55
2229 0 55
2230 0 55
2231 0 55
2232 0 55
2233 0 55
2234 0 54
2235 0 57
2236 0 57
2237 0 57
2238 0 56
2239 0 57
2240 0 56
2241 0 57
2242 0 57
2243 0 57
2244 0 56
2245 0 57
2246 0 56
2247 0 56
2248 0 57
2249 0 56
2250 0 56
2251 0 56
2252 0 56
2253 0 56
2254 0 56
2255 0 55
2256 0 57
2257 0 56
2258 0 56
2259 0 57
2260 0 56
2261 0 56
2262 0 56
2263 0 56
2264 0 56
2265 0 55
2266 0 57
2267 0 57
2268 0 57
2269 0 56
2270 0 57
2271 0 56
2272 0 57
2273 0 57
2274 0 57
2275 0 56
2276 0 57
2277 0 56
2278 0 56
2279 0 57
2280 0 56
2281 0 56
2282 0 56
2283 0 56
2284 0 56
2285 0 56
2286 0 55
2287 0 57
2288 0 56
2289 0 56
2290 0 57
2291 0 56
2292 0 56
2293 0 56
2294 0 56
2295 0 56
2296 0 55
2297 0 56
2298 0 56
2299 0 56
2300 0 55
2301 0 57
2302 0 56
2303 0 56
2304 0 57
2305 0 56
2306 0 56
2307 0 57
2308 0 56
2309 0 56
2310 0 55
2311 0 56
2312 0 56
2313 0 56
2314 0 55
2315 0 56
2316 0 55
2317 0 56
2318 0 56
2319 0 56
2320 0 55
2321 0 56
2322 0 56
2323 0 56
2324 0 55
2325 0 56
2326 0 55
2327 0 56
2328 0 56
2329 0 56
2330 0 55
2331 0 56
2332 0 55
2333 0 55
2334 0 56
2335 0 55
2336 0 55
2337 0 55
2338 0 55
2339 0 55
2340 0 55
2341 0 55
2342 0 57
2343 0 56
2344 0 56
2345 0 57
2346 0 56
2347 0 56
2348 0 57
2349 0 56
2350 0 56
2351 0 55
2352 0 57
2353 0 57
2354 0 56
2355 0 55
2356 0 57
2357 0 56
2358 0 56
2359 0 57
2360 0 56
2361 0 56
2362 0 57
2363 0 56
2364 0 56
2365 0 55
2366 0 56
2367 0 56
2368 0 56
2369 0 55
2370 0 56
2371 0 55
2372 0 56
2373 0 56
2374 0 56
2375 0 55
2376 0 56
2377 0 55
2378 0 55
2379 0 56
2380 0 55
2381 0 56
2382 0 55
2383 0 55
2384 0 56
2385 0 55
2386 0 55
2387 0 55
2388 0 55
2389 0 55
2390 0 55
2391 0 57
2392 0 57
2393 0 57
2394 0 56
2395 0 57
2396 0 56
2397 0 57
2398 0 57
2399 0 57
2400 0 56
2401 0 57
2402 0 56
2403 0 56
2404 0 57
2405 0 56
2406 0 56
2407 0 56
2408 0 56
2409 0 56
2410 0 56
2411 0 55
2412 0 57
2413 0 56
2414 0 56
2415 0 57
2416 0 56
2417 0 56
2418 0 56
2419 0 56
2420 0 56
2421 0 56
2422 0 57
2423 0 57
2424 0 57
2425 0 56
2426 0 57
2427 0 56
2428 0 57
2429 0 57
2430 0 57
2431 0 56
2432 0 57
2433 0 56
2434 0 56
2435 0 57
2436 0 56
2437 0 56
2438 0 56
2439 0 56
2440 0 56
2441 0 56
2442 0 55
2443 0 57
2444 0 56
2445 0 56
2446 0 57
2447 0 56
2448 0 56
2449 0 56
2450 0 56
2451 0 56
2452 0 55
2453 0 56
2454 0 56
2455 0 56
2456 0 55
2457 0 57
2458 0 56
2459 0 56
2460 0 57
2461 0 56
2462 0 56
2463 0 57
2464 0 56
2465 0 56
2466 0 55
2467 0 56
2468 0 56
2469 0 56
2470 0 55
2471 0 56
2472 0 55
2473 0 56
2474 0 56
2475 0 56
2476 0 55
2477 0 56
2478 0 56
2479 0 56
2480 0 55
2481 0 56
2482 0 55
2483 0 56
2484 0 56
2485 0 56
2486 0 55
2487 0 56
2488 0 55
2489 0 55
2490 0 56
2491 0 55
2492 0 55
2493 0 55
2494 0 55
2495 0 55
2496 0 55
2497 0 55
2498 0 57
2499 0 56
2500 0 56
2501 0 57
2502 0 56
2503 0 56
2504 0 56
2505 0 56
2506 0 56
2507 0 55
2508 0 56
2509 0 56
2510 0 56
2511 0 55
2512 0 57
2513 0 56
2514 0 56
2515 0 57
2516 0 56
2517 0 56
2518 0 56
2519 0 56
2520 0 56
2521 0 55
2522 0 56
2523 0 56
2524 0 56
2525 0 55
2526 0 56
2527 0 55
2528 0 56
2529 0 56
2530 0 56
2531 0 55
2532 0 56
2533 0 56
2534 0 55
2535 0 56
2536 0 56
2537 0 56
2538 0 56
2539 0 55
2540 0 56
2541 0 56
2542 0 55
2543 0 55
2544 0 55
2545 0 55
2546 0 55
2547 0 56
2548 0 56
2549 0 56
2550 0 55
2551 0 56
2552 0 55
2553 0 56
2554 0 56
2555 0 56
2556 0 55
2557 0 56
2558 0 55
2559 0 55
2560 0 56
2561 0 55
2562 0 55
2563 0 55
2564 0 55
2565 0 55
2566 0 55
2567 0 54
2568 0 57
2569 0 56
2570 0 56
2571 0 57
2572 0 56
2573 0 56
2574 0 56
2575 0 56
2576 0 56
2577 0 55
2578 0 56
2579 0 56
2580 0 56
2581 0 55
2582 0 57
2583 0 56
2584 0 56
2585 0 57
2586 0 56
2587 0 56
2588 0 56
2589 0 56
2590 0 56
2591 0 55
2592 0 56
2593 0 56
2594 0 56
2595 0 56
2596 0 56
2597 0 56
2598 0 56
2599 0 56
2600 0 57
2601 0 56
2602 0 56
2603 0 56
2604 0 55
2605 0 56
2606 0 56
2607 0 56
2608 0 56
2609 0 55
2610 0 56
2611 0 56
2612 0 55
2613 0 55
2614 0 55
2615 0 55
2616 0 55
2617 0 56
2618 0 56
2619 0 56
2620 0 55
2621 0 56
2622 0 55
2623 0 56
2624 0 56
2625 0 56
2626 0 55
2627 0 56
2628 0 56
2629 0 55
2630 0 56
2631 0 56
2632 0 56
2633 0 56
2634 0 56
2635 0 56
2636 0 55
2637 0 54
2638 0 56
2639 0 56
2640 0 56
2641 0 56
2642 0 56
2643 0 55
2644 0 56
2645 0 55
2646 0 55
2647 0 54
2648 0 56
2649 0 56
2650 0 56
2651 0 55
2652 0 56
2653 0 55
2654 0 56
2655 0 56
2656 0 56
2657 0 55
2658 0 56
2659 0 56
2660 0 55
2661 0 56
2662 0 56
2663 0 56
2664 0 56
2665 0 56
2666 0 56
2667 0 55
2668 0 54
2669 0 56
2670 0 56
2671 0 56
2672 0 55
2673 0 56
2674 0 55
2675 0 56
2676 0 56
2677 0 56
2678 0 55
2679 0 56
2680 0 56
2681 0 55
2682 0 56
2683 0 56
2684 0 56
2685 0 56
2686 0 56
2687 0 56
2688 0 55
2689 0 54
2690 0 56
2691 0 56
2692 0 56
2693 0 56
2694 0 56
2695 0 55
2696 0 56
2697 0 55
2698 0 55
2699 0 54
2700 0 56
2701 0 56
2702 0 56
2703 0 55
2704 0 56
2705 0 55
2706 0 56
2707 0 56
2708 0 56
2709 0 55
2710 0 56
2711 0 56
2712 0 55
2713 0 56
2714 0 56
2715 0 56
2716 0 56
2717 0 56
2718 0 56
2719 0 55
2720 0 54
2721 0 56
2722 0 55
2723 0 55
2724 0 56
2725 0 55
2726 0 55
2727 0 56
2728 0 55
2729 0 55
2730 0 54
2731 0 56
2732 0 56
2733 0 55
2734 0 54
2735 0 56
2736 0 55
2737 0 55
2738 0 56
2739 0 55
2740 0 55
2741 0 56
2742 0 55
2743 0 55
2744 0 54
2745 0 55
2746 0 55
2747 0 55
2748 0 54
2749 0 55
2750 0 54
2751 0 55
2752 0 55
2753 0 55
2754 0 54
2755 0 55
2756 0 55
2757 0 55
2758 0 54
2759 0 55
2760 0 54
2761 0 55
2762 0 55
2763 0 55
2764 0 54
2765 0 55
2766 0 54
2767 0 54
2768 0 56
2769 0 54
2770 0 55
2771 0 55
2772 0 55
2773 0 55
2774 0 55
2775 0 54
2776 0 57
2777 0 56
2778 0 56
2779 0 57
2780 0 56
2781 0 56
2782 0 56
2783 0 56
2784 0 56
2785 0 55
2786 0 56
2787 0 56
2788 0 56
2789 0 55
2790 0 57
2791 0 56
2792 0 56
2793 0 57
2794 0 56
2795 0 56
2796 0 56
2797 0 56
2798 0 56
2799 0 55
2800 0 56
2801 0 56
2802 0 56
2803 0 56
2804 0 56
2805 0 56
2806 0 56
2807 0 56
2808 0 57
2809 0 56
2810 0 56
2811 0 56
2812 0 55
2813 0 56
2814 0 56
2815 0 56
2816 0 56
2817 0 55
2818 0 56
2819 0 56
2820 0 55
2821 0 55
2822 0 55
2823 0 55
2824 0 55
2825 0 56
2826 0 56
2827 0 57
2828 0 56
2829 0 57
2830 0 56
2831 0 56
2832 0 56
2833 0 57
2834 0 56
2835 0 56
2836 0 56
2837 0 55
2838 0 56
2839 0 56
2840 0 55
2841 0 55
2842 0 55
2843 0 55
2844 0 55
2845 0 54
2846 0 57
2847 0 56
2848 0 56
2849 0 57
2850 0 56
2851 0 56
2852 0 56
2853 0 56
2854 0 56
2855 0 55
2856 0 56
2857 0 56
2858 0 56
2859 0 55
2860 0 57
2861 0 56
2862 0 56
2863 0 57
2864 0 56
2865 0 56
2866 0 56
2867 0 56
2868 0 56
2869 0 55
2870 0 56
2871 0 56
2872 0 56
2873 0 56
2874 0 56
2875 0 56
2876 0 56
2877 0 56
2878 0 57
2879 0 56
2880 0 56
2881 0 56
2882 0 55
2883 0 56
2884 0 56
2885 0 56
2886 0 56
2887 0 55
2888 0 56
2889 0 56
2890 0 55
2891 0 55
2892 0 55
2893 0 55
2894 0 55
2895 0 56
2896 0 56
2897 0 56
2898 0 55
2899 0 56
2900 0 55
2901 0 56
2902 0 56
2903 0 56
2904 0 55
2905 0 56
2906 0 55
2907 0 55
2908 0 56
2909 0 55
2910 0 55
2911 0 55
2912 0 55
2913 0 55
2914 0 55
2915 0 54
2916 0 56
2917 0 55
2918 0 55
2919 0 56
2920 0 55
2921 0 55
2922 0 55
2923 0 55
2924 0 55
2925 0 54
2926 0 56
2927 0 56
2928 0 56
2929 0 55
2930 0 56
2931 0 55
2932 0 56
2933 0 56
2934 0 56
2935 0 55
2936 0 56
2937 0 56
2938 0 55
2939 0 56
2940 0 56
2941 0 55
2942 0 55
2943 0 55
2944 0 55
2945 0 55
2946 0 54
2947 0 56
2948 0 55
2949 0 55
2950 0 56
2951 0 55
2952 0 55
2953 0 56
2954 0 55
2955 0 55
2956 0 54
2957 0 56
2958 0 56
2959 0 55
2960 0 54
2961 0 56
2962 0 55
2963 0 55
2964 0 56
2965 0 55
2966 0 55
2967 0 56
2968 0 55
2969 0 55
2970 0 54
2971 0 56
2972 0 55
2973 0 55
2974 0 56
2975 0 55
2976 0 55
2977 0 56
2978 0 55
2979 0 55
2980 0 54
2981 0 56
2982 0 56
2983 0 55
2984 0 54
2985 0 56
2986 0 55
2987 0 55
2988 0 56
2989 0 55
2990 0 55
2991 0 56
2992 0 55
2993 0 55
2994 0 54
2995 0 55
2996 0 55
2997 0 55
2998 0 54
2999 0 55
3000 0 54
3001 0 55
3002 0 55
3003 0 55
3004 0 54
3005 0 55
3006 0 54
3007 0 54
3008 0 55
3009 0 54
3010 0 55
3011 0 54
3012 0 54
3013 0 55
3014 0 54
3015 0 54
3016 0 54
3017 0 55
3018 0 55
3019 0 54
3020 0 57
3021 0 57
3022 0 57
3023 0 56
3024 0 57
3025 0 56
3026 0 57
3027 0 57
3028 0 57
3029 0 56
3030 0 57
3031 0 56
3032 0 56
3033 0 57
3034 0 56
3035 0 56
3036 0 56
3037 0 56
3038 0 56
3039 0 56
3040 0 56
3041 0 57
3042 0 56
3043 0 56
3044 0 57
3045 0 56
3046 0 56
3047 0 56
3048 0 56
3049 0 56
3050 0 55
3051 0 57
3052 0 57
3053 0 57
3054 0 56
3055 0 57
3056 0 56
3057 0 57
3058 0 57
3059 0 57
3060 0 56
3061 0 57
3062 0 56
3063 0 56
3064 0 57
3065 0 56
3066 0 56
3067 0 56
3068 0 56
3069 0 56
3070 0 56
3071 0 56
3072 0 57
3073 0 56
3074 0 56
3075 0 57
3076 0 56
3077 0 56
3078 0 56
3079 0 56
3080 0 56
3081 0 55
3082 0 56
3083 0 56
3084 0 56
3085 0 55
3086 0 57
3087 0 56
3088 0 56
3089 0 57
3090 0 56
3091 0 56
3092 0 57
3093 0 56
3094 0 56
3095 0 55
3096 0 56
3097 0 56
3098 0 56
3099 0 55
3100 0 56
3101 0 55
3102 0 56
3103 0 56
3104 0 56
3105 0 55
3106 0 56
3107 0 56
3108 0 56
3109 0 55
3110 0 56
3111 0 55
3112 0 56
3113 0 56
3114 0 56
3115 0 55
3116 0 56
3117 0 55
3118 0 55
3119 0 56
3120 0 55
3121 0 55
3122 0 55
3123 0 55
3124 0 55
3125 0 55
3126 0 55
3127 0 57
3128 0 56
3129 0 56
3130 0 57
3131 0 56
3132 0 56
3133 0 57
3134 0 56
3135 0 56
3136 0 55
3137 0 57
3138 0 57
3139 0 56
3140 0 55
3141 0 57
3142 0 56
3143 0 56
3144 0 57
3145 0 56
3146 0 56
3147 0 57
3148 0 56
3149 0 56
3150 0 55
3151 0 56
3152 0 56
3153 0 56
3154 0 55
3155 0 56
3156 0 55
3157 0 56
3158 0 56
3159 0 56
3160 0 55
3161 0 56
3162 0 55
3163 0 55
3164 0 56
3165 0 55
3166 0 56
3167 0 55
3168 0 55
3169 0 56
3170 0 55
3171 0 55
3172 0 55
3173 0 56
3174 0 56
3175 0 55
3176 0 57
3177 0 57
3178 0 57
3179 0 56
3180 0 57
3181 0 56
3182 0 57
3183 0 57
3184 0 57
3185 0 56
3186 0 57
3187 0 56
3188 0 56
3189 0 57
3190 0 56
3191 0 56
3192 0 56
3193 0 56
3194 0 56
3195 0 56
3196 0 56
3197 0 57
3198 0 56
3199 0 56
3200 0 57
3201 0 56
3202 0 56
3203 0 56
3204 0 56
3205 0 56
3206 0 56
3207 0 57
3208 0 57
3209 0 57
3210 0 56
3211 0 57
3212 0 56
3213 0 57
3214 0 57
3215 0 57
3216 0 56
3217 0 57
3218 0 56
3219 0 56
3220 0 57
3221 0 56
3222 0 56
3223 0 56
3224 0 56
3225 0 56
3226 0 56
3227 0 56
3228 0 57
3229 0 56
3230 0 56
3231 0 57
3232 0 56
3233 0 56
3234 0 56
3235 0 56
3236 0 56
3237 0 55
3238 0 56
3239 0 56
3240 0 56
3241 0 55
3242 0 57
3243 0 56
3244 0 56
3245 0 57
3246 0 56
3247 0 56
3248 0 57
3249 0 56
3250 0 56
3251 0 55
3252 0 56
3253 0 56
3254 0 56
3255 0 55
3256 0 56
3257 0 55
3258 0 56
3259 0 56
3260 0 56
3261 0 55
3262 0 56
3263 0 56
3264 0 56
3265 0 55
3266 0 56
3267 0 55
3268 0 56
3269 0 56
3270 0 56
3271 0 55
3272 0 56
3273 0 55
3274 0 55
3275 0 56
3276 0 55
3277 0 55
3278 0 55
3279 0 55
3280 0 55
3281 0 55
3282 0 55
3283 0 57
3284 0 56
3285 0 56
3286 0 57
3287 0 56
3288 0 56
3289 0 57
3290 0 56
3291 0 56
3292 0 55
3293 0 57
3294 0 57
3295 0 56
3296 0 55
3297 0 57
3298 0 56
3299 0 56
3300 0 57
3301 0 56
3302 0 56
3303 0 57
3304 0 56
3305 0 56
3306 0 55
3307 0 56
3308 0 56
3309 0 56
3310 0 55
3311 0 56
3312 0 55
3313 0 56
3314 0 56
3315 0 56
3316 0 55
3317 0 56
3318 0 56
3319 0 56
3320 0 56
3321 0 56
3322 0 56
3323 0 56
3324 0 56
3325 0 56
3326 0 56
3327 0 56
3328 0 56
3329 0 55
3330 0 55
3331 0 55
3332 0 56
3333 0 56
3334 0 56
3335 0 55
3336 0 56
3337 0 55
3338 0 56
3339 0 56
3340 0 56
3341 0 55
3342 0 56
3343 0 55
3344 0 55
3345 0 56
3346 0 55
3347 0 56
3348 0 56
3349 0 56
3350 0 56
3351 0 55
3352 0 54
3353 0 57
3354 0 56
3355 0 56
3356 0 57
3357 0 56
3358 0 56
3359 0 57
3360 0 56
3361 0 56
3362 0 55
3363 0 57
3364 0 57
3365 0 56
3366 0 55
3367 0 57
3368 0 56
3369 0 56
3370 0 57
3371 0 56
3372 0 56
3373 0 57
3374 0 56
3375 0 56
3376 0 55
3377 0 57
3378 0 57
3379 0 56
3380 0 56
3381 0 56
3382 0 56
3383 0 57
3384 0 57
3385 0 57
3386 0 56
3387 0 56
3388 0 56
3389 0 56
3390 0 56
3391 0 56
3392 0 56
3393 0 56
3394 0 56
3395 0 56
3396 0 56
3397 0 56
3398 0 56
3399 0 55
3400 0 55
3401 0 55
3402 0 56
3403 0 56
3404 0 56
3405 0 55
3406 0 56
3407 0 55
3408 0 56
3409 0 56
3410 0 56
3411 0 55
3412 0 56
3413 0 56
3414 0 55
3415 0 56
3416 0 56
3417 0 56
3418 0 56
3419 0 56
3420 0 56
3421 0 55
3422 0 54
3423 0 56
3424 0 56
3425 0 56
3426 0 56
3427 0 56
3428 0 55
3429 0 56
3430 0 55
3431 0 55
3432 0 54
3433 0 56
3434 0 56
3435 0 56
3436 0 55
3437 0 56
3438 0 55
3439 0 56
3440 0 56
3441 0 56
3442 0 55
3443 0 56
3444 0 56
3445 0 55
3446 0 56
3447 0 56
3448 0 56
3449 0 56
3450 0 56
3451 0 56
3452 0 55
3453 0 54
3454 0 56
3455 0 56
3456 0 56
3457 0 55
3458 0 56
3459 0 55
3460 0 56
3461 0 56
3462 0 56
3463 0 55
3464 0 56
3465 0 56
3466 0 55
3467 0 56
3468 0 56
3469 0 56
3470 0 56
3471 0 56
3472 0 56
3473 0 55
3474 0 54
3475 0 56
3476 0 56
3477 0 56
3478 0 56
3479 0 56
3480 0 55
3481 0 56
3482 0 55
3483 0 55
3484 0 54
3485 0 56
3486 0 56
3487 0 56
3488 0 55
3489 0 56
3490 0 55
3491 0 56
3492 0 56
3493 0 56
3494 0 55
3495 0 56
3496 0 56
3497 0 55
3498 0 56
3499 0 56
3500 0 56
3501 0 56
3502 0 56
3503 0 56
3504 0 55
3505 0 54
3506 0 56
3507 0 55
3508 0 55
3509 0 56
3510 0 55
3511 0 55
3512 0 56
3513 0 55
3514 0 55
3515 0 54
3516 0 56
3517 0 56
3518 0 55
3519 0 54
3520 0 56
3521 0 55
3522 0 55
3523 0 56
3524 0 55
3525 0 55
3526 0 56
3527 0 55
3528 0 55
3529 0 54
3530 0 55
3531 0 55
3532 0 55
3533 0 54
3534 0 55
3535 0 54
3536 0 55
3537 0 55
3538 0 55
3539 0 54
3540 0 55
3541 0 55
3542 0 55
3543 0 54
3544 0 55
3545 0 54
3546 0 55
3547 0 55
3548 0 55
3549 0 54
3550 0 55
3551 0 54
3552 0 54
3553 0 56
3554 0 54
3555 0 55
3556 0 55
3557 0 55
3558 0 55
3559 0 55
3560 0 54
3561 0 57
3562 0 56
3563 0 57
3564 0 56
3565 0 56
3566 0 56
3567 0 56
3568 0 56
3569 0 56
3570 0 56
3571 0 55
3572 0 57
3573 0 56
3574 0 57
3575 0 56
3576 0 56
3577 0 56
3578 0 56
3579 0 56
3580 0 56
3581 0 56
3582 0 55
3583 0 56
3584 0 56
3585 0 56
3586 0 56
3587 0 55
3588 0 56
3589 0 55
3590 0 56
3591 0 56
3592 0 55
3593 0 56
3594 0 55
3595 0 55
3596 0 55
3597 0 55
3598 0 56
3599 0 56
3600 0 56
3601 0 55
3602 0 57
3603 0 56
3604 0 56
3605 0 56
3606 0 55
3607 0 56
3608 0 55
3609 0 56
3610 0 55
3611 0 55
3612 0 55
3613 0 55
3614 0 55
3615 0 55
3616 0 57
3617 0 56
3618 0 57
3619 0 56
3620 0 56
3621 0 56
3622 0 56
3623 0 56
3624 0 56
3625 0 56
3626 0 56
3627 0 57
3628 0 56
3629 0 57
3630 0 56
3631 0 56
3632 0 56
3633 0 56
3634 0 56
3635 0 56
3636 0 56
3637 0 55
3638 0 56
3639 0 56
3640 0 56
3641 0 56
3642 0 55
3643 0 56
3644 0 55
3645 0 56
3646 0 56
3647 0 55
3648 0 56
3649 0 55
3650 0 55
3651 0 55
3652 0 55
3653 0 56
3654 0 56
3655 0 56
3656 0 55
3657 0 56
3658 0 56
3659 0 56
3660 0 56
3661 0 55
3662 0 56
3663 0 55
3664 0 56
3665 0 56
3666 0 56
3667 0 56
3668 0 56
3669 0 55
3670 0 55
3671 0 56
3672 0 55
3673 0 56
3674 0 55
3675 0 55
3676 0 55
3677 0 55
3678 0 56
3679 0 56
3680 0 56
3681 0 55
3682 0 56
3683 0 56
3684 0 56
3685 0 56
3686 0 55
3687 0 56
3688 0 56
3689 0 56
3690 0 56
3691 0 56
3692 0 56
3693 0 56
3694 0 55
3695 0 55
3696 0 56
3697 0 55
3698 0 56
3699 0 56
3700 0 56
3701 0 56
3702 0 56
3703 0 56
3704 0 56
3705 0 55
3706 0 54
3707 0 56
3708 0 55
3709 0 56
3710 0 56
3711 0 56
3712 0 56
3713 0 56
3714 0 56
3715 0 55
3716 0 56
3717 0 56
3718 0 56
3719 0 56
3720 0 56
3721 0 56
3722 0 56
3723 0 55
3724 0 54
3725 0 56
3726 0 55
3727 0 56
3728 0 56
3729 0 56
3730 0 56
3731 0 56
3732 0 55
3733 0 55
3734 0 55
3735 0 54
3736 0 56
3737 0 55
3738 0 55
3739 0 55
3740 0 54
3741 0 55
3742 0 54
3743 0 55
3744 0 55
3745 0 54
3746 0 55
3747 0 54
3748 0 54
3749 0 55
3750 0 55
3751 0 56
3752 0 56
3753 0 56
3754 0 55
3755 0 56
3756 0 56
3757 0 56
3758 0 56
3759 0 55
3760 0 56
3761 0 56
3762 0 56
3763 0 56
3764 0 56
3765 0 56
3766 0 56
3767 0 55
3768 0 55
3769 0 56
3770 0 56
3771 0 56
3772 0 56
3773 0 56
3774 0 55
3775 0 55
3776 0 56
3777 0 56
3778 0 56
3779 0 55
3780 0 56
3781 0 56
3782 0 56
3783 0 56
3784 0 55
3785 0 56
3786 0 56
3787 0 56
3788 0 56
3789 0 56
3790 0 56
3791 0 56
3792 0 55
3793 0 55
3794 0 56
3795 0 55
3796 0 56
3797 0 55
3798 0 55
3799 0 55
3800 0 55
3801 0 55
3802 0 55
3803 0 55
3804 0 54
3805 0 56
3806 0 55
3807 0 56
3808 0 56
3809 0 56
3810 0 55
3811 0 55
3812 0 55
3813 0 55
3814 0 55
3815 0 54
3816 0 56
3817 0 55
3818 0 55
3819 0 55
3820 0 54
3821 0 55
3822 0 55
3823 0 55
3824 0 54
3825 0 56
3826 0 55
3827 0 55
3828 0 55
3829 0 54
3830 0 55
3831 0 54
3832 0 55
3833 0 54
3834 0 54
3835 0 54
3836 0 54
3837 0 54
3838 0 54
3839 0 57
3840 0 56
3841 0 57
3842 0 56
3843 0 56
3844 0 56
3845 0 56
3846 0 56
3847 0 56
3848 0 56
3849 0 55
3850 0 57
3851 0 56
3852 0 57
3853 0 56
3854 0 56
3855 0 56
3856 0 56
3857 0 56
3858 0 56
3859 0 56
3860 0 55
3861 0 56
3862 0 56
3863 0 56
3864 0 56
3865 0 55
3866 0 56
3867 0 55
3868 0 56
3869 0 56
3870 0 55
3871 0 56
3872 0 55
3873 0 55
3874 0 55
3875 0 55
3876 0 56
3877 0 56
3878 0 56
3879 0 55
3880 0 57
3881 0 56
3882 0 56
3883 0 56
3884 0 55
3885 0 56
3886 0 55
3887 0 56
3888 0 55
3889 0 55
3890 0 55
3891 0 55
3892 0 55
3893 0 55
3894 0 57
3895 0 56
3896 0 57
3897 0 56
3898 0 56
3899 0 56
3900 0 56
3901 0 56
3902 0 56
3903 0 56
3904 0 56
3905 0 57
3906 0 56
3907 0 57
3908 0 56
3909 0 56
3910 0 56
3911 0 56
3912 0 56
3913 0 56
3914 0 56
3915 0 55
3916 0 56
3917 0 56
3918 0 56
3919 0 56
3920 0 55
3921 0 56
3922 0 55
3923 0 56
3924 0 56
3925 0 55
3926 0 56
3927 0 55
3928 0 55
3929 0 55
3930 0 55
3931 0 56
3932 0 56
3933 0 56
3934 0 55
3935 0 57
3936 0 56
3937 0 56
3938 0 56
3939 0 55
3940 0 56
3941 0 55
3942 0 56
3943 0 56
3944 0 56
3945 0 56
3946 0 56
3947 0 56
3948 0 55
3949 0 56
3950 0 55
3951 0 56
3952 0 55
3953 0 55
3954 0 56
3955 0 56
3956 0 56
3957 0 56
3958 0 56
3959 0 55
3960 0 57
3961 0 56
3962 0 56
3963 0 56
3964 0 55
3965 0 57
3966 0 56
3967 0 57
3968 0 56
3969 0 56
3970 0 56
3971 0 56
3972 0 56
3973 0 55
3974 0 56
3975 0 55
3976 0 56
3977 0 56
3978 0 56
3979 0 56
3980 0 56
3981 0 56
3982 0 56
3983 0 55
3984 0 54
3985 0 56
3986 0 55
3987 0 56
3988 0 56
3989 0 56
3990 0 56
3991 0 56
3992 0 56
3993 0 55
3994 0 56
3995 0 56
3996 0 56
3997 0 56
3998 0 56
3999 0 56
4000 0 56
4001 0 55
4002 0 54
4003 0 56
4004 0 55
4005 0 56
4006 0 56
4007 0 56
4008 0 56
4009 0 56
4010 0 55
4011 0 55
4012 0 55
4013 0 54
4014 0 56
4015 0 55
4016 0 55
4017 0 55
4018 0 54
4019 0 55
4020 0 54
4021 0 55
4022 0 55
4023 0 54
4024 0 55
4025 0 54
4026 0 54
4027 0 55
4028 0 55
4029 0 56
4030 0 56
4031 0 56
4032 0 56
4033 0 56
4034 0 55
4035 0 56
4036 0 56
4037 0 55
4038 0 55
4039 0 56
4040 0 56
4041 0 56
4042 0 56
4043 0 56
4044 0 55
4045 0 56
4046 0 56
4047 0 56
4048 0 56
4049 0 55
4050 0 56
4051 0 56
4052 0 56
4053 0 56
4054 0 56
4055 0 56
4056 0 56
4057 0 56
4058 0 56
4059 0 56
4060 0 55
4061 0 55
4062 0 54
4063 0 56
4064 0 56
4065 0 56
4066 0 56
4067 0 56
4068 0 56
4069 0 56
4070 0 56
4071 0 56
4072 0 55
4073 0 55
4074 0 56
4075 0 55
4076 0 55
4077 0 55
4078 0 55
4079 0 54
4080 0 54
4081 0 56
4082 0 56
4083 0 56
4084 0 56
4085 0 56
4086 0 55
4087 0 56
4088 0 56
4089 0 55
4090 0 55
4091 0 56
4092 0 56
4093 0 56
4094 0 56
4095 0 56
4096 0 55
4097 0 56
4098 0 56
4099 0 56
4100 0 56
4101 0 55
4102 0 56
4103 0 56
4104 0 56
4105 0 56
4106 0 56
4107 0 56
4108 0 56
4109 0 56
4110 0 56
4111 0 56
4112 0 55
4113 0 55
4114 0 54
4115 0 56
4116 0 56
4117 0 56
4118 0 56
4119 0 56
4120 0 55
4121 0 56
4122 0 56
4123 0 55
4124 0 55
4125 0 56
4126 0 56
4127 0 56
4128 0 56
4129 0 56
4130 0 55
4131 0 56
4132 0 56
4133 0 56
4134 0 56
4135 0 55
4136 0 56
4137 0 56
4138 0 56
4139 0 56
4140 0 56
4141 0 56
4142 0 56
4143 0 56
4144 0 56
4145 0 56
4146 0 55
4147 0 55
4148 0 54
4149 0 56
4150 0 56
4151 0 56
4152 0 56
4153 0 56
4154 0 56
4155 0 56
4156 0 56
4157 0 56
4158 0 55
4159 0 55
4160 0 56
4161 0 55
4162 0 55
4163 0 55
4164 0 55
4165 0 54
4166 0 54
4167 0 56
4168 0 56
4169 0 56
4170 0 56
4171 0 56
4172 0 55
4173 0 56
4174 0 56
4175 0 55
4176 0 55
4177 0 56
4178 0 56
4179 0 56
4180 0 56
4181 0 56
4182 0 55
4183 0 56
4184 0 56
4185 0 56
4186 0 56
4187 0 55
4188 0 56
4189 0 56
4190 0 56
4191 0 56
4192 0 56
4193 0 56
4194 0 56
4195 0 56
4196 0 56
4197 0 56
4198 0 55
4199 0 55
4200 0 54
4201 0 56
4202 0 56
4203 0 55
4204 0 55
4205 0 55
4206 0 56
4207 0 56
4208 0 55
4209 0 55
4210 0 55
4211 0 55
4212 0 56
4213 0 55
4214 0 55
4215 0 55
4216 0 55
4217 0 54
4218 0 54
4219 0 56
4220 0 56
4221 0 56
4222 0 55
4223 0 55
4224 0 54
4225 0 56
4226 0 56
4227 0 55
4228 0 55
4229 0 55
4230 0 56
4231 0 56
4232 0 55
4233 0 55
4234 0 55
4235 0 55
4236 0 56
4237 0 55
4238 0 55
4239 0 55
4240 0 55
4241 0 54
4242 0 54
4243 0 55
4244 0 55
4245 0 55
4246 0 55
4247 0 55
4248 0 54
4249 0 55
4250 0 55
4251 0 54
4252 0 54
4253 0 55
4254 0 55
4255 0 55
4256 0 55
4257 0 55
4258 0 54
4259 0 55
4260 0 55
4261 0 55
4262 0 55
4263 0 55
4264 0 54
4265 0 55
4266 0 55
4267 0 54
4268 0 54
4269 0 55
4270 0 55
4271 0 55
4272 0 55
4273 0 55
4274 0 54
4275 0 55
4276 0 55
4277 0 54
4278 0 54
4279 0 54
4280 0 56
4281 0 56
4282 0 54
4283 0 54
4284 0 55
4285 0 55
4286 0 55
4287 0 55
4288 0 55
4289 0 55
4290 0 55
4291 0 55
4292 0 54
4293 0 57
4294 0 56
4295 0 57
4296 0 56
4297 0 56
4298 0 56
4299 0 56
4300 0 56
4301 0 56
4302 0 56
4303 0 55
4304 0 57
4305 0 56
4306 0 57
4307 0 56
4308 0 56
4309 0 56
4310 0 56
4311 0 56
4312 0 56
4313 0 56
4314 0 55
4315 0 56
4316 0 56
4317 0 56
4318 0 56
4319 0 55
4320 0 56
4321 0 55
4322 0 56
4323 0 56
4324 0 55
4325 0 56
4326 0 55
4327 0 55
4328 0 55
4329 0 55
4330 0 56
4331 0 56
4332 0 56
4333 0 55
4334 0 57
4335 0 56
4336 0 56
4337 0 56
4338 0 55
4339 0 56
4340 0 55
4341 0 56
4342 0 55
4343 0 55
4344 0 55
4345 0 55
4346 0 55
4347 0 55
4348 0 57
4349 0 56
4350 0 57
4351 0 56
4352 0 56
4353 0 56
4354 0 56
4355 0 56
4356 0 56
4357 0 56
4358 0 56
4359 0 57
4360 0 56
4361 0 57
4362 0 56
4363 0 56
4364 0 56
4365 0 56
4366 0 56
4367 0 56
4368 0 56
4369 0 55
4370 0 56
4371 0 56
4372 0 56
4373 0 56
4374 0 55
4375 0 56
4376 0 55
4377 0 56
4378 0 56
4379 0 55
4380 0 56
4381 0 55
4382 0 55
4383 0 55
4384 0 55
4385 0 56
4386 0 56
4387 0 56
4388 0 55
4389 0 57
4390 0 56
4391 0 56
4392 0 56
4393 0 55
4394 0 56
4395 0 55
4396 0 56
4397 0 56
4398 0 56
4399 0 56
4400 0 56
4401 0 56
4402 0 55
4403 0 56
4404 0 55
4405 0 56
4406 0 55
4407 0 55
4408 0 56
4409 0 56
4410 0 56
4411 0 56
4412 0 56
4413 0 55
4414 0 57
4415 0 56
4416 0 56
4417 0 56
4418 0 55
4419 0 57
4420 0 56
4421 0 57
4422 0 56
4423 0 56
4424 0 56
4425 0 56
4426 0 56
4427 0 55
4428 0 56
4429 0 55
4430 0 56
4431 0 56
4432 0 56
4433 0 56
4434 0 56
4435 0 56
4436 0 56
4437 0 55
4438 0 54
4439 0 56
4440 0 55
4441 0 56
4442 0 56
4443 0 56
4444 0 56
4445 0 56
4446 0 56
4447 0 55
4448 0 56
4449 0 56
4450 0 56
4451 0 56
4452 0 56
4453 0 56
4454 0 56
4455 0 55
4456 0 54
4457 0 56
4458 0 55
4459 0 56
4460 0 56
4461 0 56
4462 0 56
4463 0 56
4464 0 55
4465 0 55
4466 0 55
4467 0 54
4468 0 56
4469 0 55
4470 0 55
4471 0 55
4472 0 54
4473 0 55
4474 0 54
4475 0 55
4476 0 55
4477 0 54
4478 0 55
4479 0 54
4480 0 54
4481 0 55
4482 0 55
4483 0 56
4484 0 56
4485 0 56
4486 0 55
4487 0 57
4488 0 56
4489 0 56
4490 0 56
4491 0 55
4492 0 57
4493 0 56
4494 0 57
4495 0 56
4496 0 56
4497 0 56
4498 0 56
4499 0 56
4500 0 55
4501 0 57
4502 0 56
4503 0 57
4504 0 56
4505 0 56
4506 0 56
4507 0 56
4508 0 56
4509 0 56
4510 0 56
4511 0 55
4512 0 57
4513 0 56
4514 0 56
4515 0 56
4516 0 55
4517 0 57
4518 0 56
4519 0 57
4520 0 56
4521 0 56
4522 0 56
4523 0 56
4524 0 56
4525 0 55
4526 0 56
4527 0 55
4528 0 56
4529 0 55
4530 0 55
4531 0 56
4532 0 56
4533 0 55
4534 0 55
4535 0 55
4536 0 54
4537 0 56
4538 0 55
4539 0 56
4540 0 56
4541 0 56
4542 0 56
4543 0 56
4544 0 55
4545 0 55
4546 0 55
4547 0 54
4548 0 56
4549 0 55
4550 0 55
4551 0 55
4552 0 54
4553 0 55
4554 0 55
4555 0 55
4556 0 54
4557 0 56
4558 0 55
4559 0 55
4560 0 55
4561 0 54
4562 0 55
4563 0 54
4564 0 55
4565 0 54
4566 0 54
4567 0 54
4568 0 54
4569 0 54
4570 0 54
4571 0 57
4572 0 56
4573 0 57
4574 0 56
4575 0 56
4576 0 56
4577 0 56
4578 0 56
4579 0 56
4580 0 56
4581 0 55
4582 0 57
4583 0 56
4584 0 57
4585 0 56
4586 0 56
4587 0 56
4588 0 56
4589 0 56
4590 0 56
4591 0 56
4592 0 55
4593 0 56
4594 0 56
4595 0 56
4596 0 56
4597 0 55
4598 0 56
4599 0 55
4600 0 56
4601 0 56
4602 0 55
4603 0 56
4604 0 55
4605 0 55
4606 0 55
4607 0 55
4608 0 56
4609 0 56
4610 0 56
4611 0 55
4612 0 57
4613 0 56
4614 0 56
4615 0 56
4616 0 55
4617 0 56
4618 0 55
4619 0 56
4620 0 55
4621 0 55
4622 0 55
4623 0 55
4624 0 55
4625 0 55
4626 0 57
4627 0 56
4628 0 57
4629 0 56
4630 0 56
4631 0 56
4632 0 56
4633 0 56
4634 0 56
4635 0 56
4636 0 56
4637 0 57
4638 0 56
4639 0 57
4640 0 56
4641 0 56
4642 0 56
4643 0 56
4644 0 56
4645 0 56
4646 0 56
4647 0 55
4648 0 56
4649 0 56
4650 0 56
4651 0 56
4652 0 55
4653 0 56
4654 0 55
4655 0 56
4656 0 56
4657 0 55
4658 0 56
4659 0 55
4660 0 55
4661 0 55
4662 0 55
4663 0 56
4664 0 56
4665 0 56
4666 0 55
4667 0 57
4668 0 56
4669 0 56
4670 0 56
4671 0 55
4672 0 56
4673 0 55
4674 0 56
4675 0 56
4676 0 56
4677 0 56
4678 0 56
4679 0 56
4680 0 55
4681 0 56
4682 0 55
4683 0 56
4684 0 55
4685 0 55
4686 0 56
4687 0 56
4688 0 56
4689 0 56
4690 0 56
4691 0 55
4692 0 57
4693 0 56
4694 0 56
4695 0 56
4696 0 55
4697 0 57
4698 0 56
4699 0 57
4700 0 56
4701 0 56
4702 0 56
4703 0 56
4704 0 56
4705 0 55
4706 0 56
4707 0 55
4708 0 56
4709 0 56
4710 0 56
4711 0 56
4712 0 56
4713 0 56
4714 0 56
4715 0 55
4716 0 54
4717 0 56
4718 0 55
4719 0 56
4720 0 56
4721 0 56
4722 0 56
4723 0 56
4724 0 56
4725 0 55
4726 0 56
4727 0 56
4728 0 56
4729 0 56
4730 0 56
4731 0 56
4732 0 56
4733 0 55
4734 0 54
4735 0 56
4736 0 55
4737 0 56
4738 0 56
4739 0 56
4740 0 56
4741 0 56
4742 0 55
4743 0 55
4744 0 55
4745 0 54
4746 0 56
4747 0 55
4748 0 55
4749 0 55
4750 0 54
4751 0 55
4752 0 54
4753 0 55
4754 0 55
4755 0 54
4756 0 55
4757 0 54
4758 0 54
4759 0 55
4760 0 55
4761 0 56
4762 0 56
4763 0 56
4764 0 55
4765 0 56
4766 0 56
4767 0 56
4768 0 56
4769 0 55
4770 0 56
4771 0 55
4772 0 56
4773 0 55
4774 0 55
4775 0 55
4776 0 55
4777 0 55
4778 0 55
4779 0 56
4780 0 55
4781 0 56
4782 0 55
4783 0 55
4784 0 55
4785 0 55
4786 0 56
4787 0 56
4788 0 56
4789 0 55
4790 0 56
4791 0 56
4792 0 56
4793 0 56
4794 0 55
4795 0 56
4796 0 55
4797 0 56
4798 0 55
4799 0 55
4800 0 55
4801 0 55
4802 0 55
4803 0 55
4804 0 56
4805 0 55
4806 0 56
4807 0 55
4808 0 55
4809 0 55
4810 0 55
4811 0 55
4812 0 55
4813 0 55
4814 0 54
4815 0 56
4816 0 55
4817 0 56
4818 0 56
4819 0 56
4820 0 55
4821 0 55
4822 0 55
4823 0 55
4824 0 55
4825 0 54
4826 0 56
4827 0 55
4828 0 55
4829 0 55
4830 0 54
4831 0 55
4832 0 55
4833 0 55
4834 0 54
4835 0 56
4836 0 55
4837 0 55
4838 0 55
4839 0 54
4840 0 55
4841 0 54
4842 0 55
4843 0 54
4844 0 54
4845 0 54
4846 0 54
4847 0 54
4848 0 54
4849 0 56
4850 0 55
4851 0 56
4852 0 56
4853 0 56
4854 0 55
4855 0 55
4856 0 56
4857 0 56
4858 0 55
4859 0 54
4860 0 56
4861 0 55
4862 0 56
4863 0 56
4864 0 56
4865 0 55
4866 0 55
4867 0 55
4868 0 55
4869 0 55
4870 0 54
4871 0 55
4872 0 55
4873 0 55
4874 0 55
4875 0 54
4876 0 55
4877 0 54
4878 0 55
4879 0 55
4880 0 54
4881 0 55
4882 0 54
4883 0 54
4884 0 54
4885 0 54
4886 0 56
4887 0 56
4888 0 56
4889 0 56
4890 0 56
4891 0 56
4892 0 56
4893 0 56
4894 0 56
4895 0 56
4896 0 55
4897 0 56
4898 0 55
4899 0 55
4900 0 55
4901 0 55
4902 0 55
4903 0 55
4904 0 56
4905 0 55
4906 0 56
4907 0 55
4908 0 55
4909 0 55
4910 0 55
4911 0 56
4912 0 56
4913 0 56
4914 0 56
4915 0 56
4916 0 56
4917 0 56
4918 0 56
4919 0 56
4920 0 56
4921 0 55
4922 0 56
4923 0 55
4924 0 55
4925 0 55
4926 0 55
4927 0 55
4928 0 55
4929 0 56
4930 0 55
4931 0 56
4932 0 55
4933 0 55
4934 0 56
4935 0 56
4936 0 55
4937 0 55
4938 0 55
4939 0 54
4940 0 56
4941 0 55
4942 0 56
4943 0 56
4944 0 56
4945 0 56
4946 0 56
4947 0 55
4948 0 55
4949 0 55
4950 0 54
4951 0 56
4952 0 55
4953 0 55
4954 0 55
4955 0 54
4956 0 55
4957 0 55
4958 0 55
4959 0 54
4960 0 56
4961 0 55
4962 0 55
4963 0 55
4964 0 54
4965 0 55
4966 0 54
4967 0 55
4968 0 54
4969 0 54
4970 0 54
4971 0 54
4972 0 54
4973 0 54
4974 0 56
4975 0 55
4976 0 56
4977 0 55
4978 0 55
4979 0 55
4980 0 55
4981 0 55
4982 0 55
4983 0 55
4984 0 55
4985 0 56
4986 0 56
4987 0 56
4988 0 55
4989 0 55
4990 0 55
4991 0 55
4992 0 55
4993 0 55
4994 0 55
4995 0 55
4996 0 55
4997 0 55
4998 0 55
4999 0 56
5000 0 55
5001 0 55
5002 0 54
5003 0 55
5004 0 55
5005 0 54
5006 0 55
5007 0 54
5008 0 54
5009 0 54
5010 0 54
5011 0 55
5012 0 55
5013 0 56
5014 0 55
5015 0 56
5016 0 55
5017 0 55
5018 0 56
5019 0 55
5020 0 55
5021 0 54
5022 0 55
5023 0 54
5024 0 54
5025 0 54
5026 0 54
5027 0 54
5028 0 54
5029 0 56
5030 0 55
5031 0 56
5032 0 55
5033 0 55
5034 0 55
5035 0 55
5036 0 55
5037 0 55
5038 0 55
5039 0 55
5040 0 56
5041 0 56
5042 0 56
5043 0 55
5044 0 55
5045 0 55
5046 0 55
5047 0 55
5048 0 55
5049 0 55
5050 0 55
5051 0 55
5052 0 55
5053 0 55
5054 0 56
5055 0 55
5056 0 55
5057 0 54
5058 0 55
5059 0 55
5060 0 54
5061 0 55
5062 0 54
5063 0 54
5064 0 54
5065 0 54
5066 0 56
5067 0 55
5068 0 56
5069 0 55
5070 0 55
5071 0 55
5072 0 55
5073 0 55
5074 0 55
5075 0 55
5076 0 55
5077 0 56
5078 0 56
5079 0 56
5080 0 55
5081 0 55
5082 0 55
5083 0 55
5084 0 55
5085 0 55
5086 0 55
5087 0 55
5088 0 55
5089 0 55
5090 0 55
5091 0 56
5092 0 55
5093 0 55
5094 0 54
5095 0 55
5096 0 55
5097 0 54
5098 0 55
5099 0 54
5100 0 54
5101 0 54
5102 0 54
5103 0 55
5104 0 55
5105 0 56
5106 0 55
5107 0 56
5108 0 55
5109 0 55
5110 0 56
5111 0 55
5112 0 55
5113 0 54
5114 0 55
5115 0 54
5116 0 54
5117 0 54
5118 0 54
5119 0 54
5120 0 54
5121 0 56
5122 0 55
5123 0 56
5124 0 55
5125 0 55
5126 0 55
5127 0 55
5128 0 55
5129 0 55
5130 0 55
5131 0 55
5132 0 56
5133 0 56
5134 0 56
5135 0 55
5136 0 55
5137 0 55
5138 0 55
5139 0 55
5140 0 55
5141 0 55
5142 0 55
5143 0 55
5144 0 55
5145 0 55
5146 0 56
5147 0 55
5148 0 55
5149 0 54
5150 0 55
5151 0 55
5152 0 54
5153 0 55
5154 0 54
5155 0 54
5156 0 54
5157 0 54
5158 0 55
5159 0 55
5160 0 55
5161 0 55
5162 0 55
5163 0 55
5164 0 55
5165 0 55
5166 0 55
5167 0 55
5168 0 54
5169 0 55
5170 0 54
5171 0 54
5172 0 54
5173 0 54
5174 0 54
5175 0 54
5176 0 55
5177 0 54
5178 0 55
5179 0 54
5180 0 54
5181 0 54
5182 0 54
5183 0 56
5184 0 56
5185 0 55
5186 0 55
5187 0 55
5188 0 56
5189 0 56
5190 0 55
5191 0 55
5192 0 55
5193 0 54
5194 0 55
5195 0 54
5196 0 54
5197 0 54
5198 0 54
5199 0 54
5200 0 54
5201 0 55
5202 0 55
5203 0 56
5204 0 55
5205 0 55
5206 0 54
5207 0 54
5208 0 55
5209 0 55
5210 0 54
5211 0 54
5212 0 55
5213 0 55
5214 0 56
5215 0 55
5216 0 55
5217 0 54
5218 0 54
5219 0 55
5220 0 55
5221 0 56
5222 0 55
5223 0 55
5224 0 54
5225 0 54
5226 0 55
5227 0 55
5228 0 54
5229 0 54
5230 0 55
5231 0 55
5232 0 56
5233 0 55
5234 0 55
5235 0 54
5236 0 54
5237 0 55
5238 0 55
5239 0 54
5240 0 54
5241 0 54
5242 0 55
5243 0 55
5244 0 54
5245 0 54
5246 0 55
5247 0 54
5248 0 55
5249 0 55
5250 0 54
5251 0 55
5252 0 54
5253 0 54
5254 0 54
5255 0 54
5256 0 57
5257 0 57
5258 0 57
5259 0 56
5260 0 57
5261 0 57
5262 0 57
5263 0 56
5264 0 57
5265 0 56
5266 0 56
5267 0 56
5268 0 56
5269 0 57
5270 0 56
5271 0 57
5272 0 56
5273 0 56
5274 0 56
5275 0 56
5276 0 55
5277 0 57
5278 0 57
5279 0 57
5280 0 56
5281 0 57
5282 0 57
5283 0 57
5284 0 56
5285 0 57
5286 0 56
5287 0 56
5288 0 56
5289 0 56
5290 0 57
5291 0 56
5292 0 57
5293 0 56
5294 0 56
5295 0 56
5296 0 56
5297 0 55
5298 0 56
5299 0 56
5300 0 57
5301 0 56
5302 0 57
5303 0 56
5304 0 56
5305 0 56
5306 0 56
5307 0 55
5308 0 56
5309 0 56
5310 0 56
5311 0 55
5312 0 56
5313 0 56
5314 0 56
5315 0 56
5316 0 56
5317 0 55
5318 0 56
5319 0 56
5320 0 56
5321 0 55
5322 0 56
5323 0 55
5324 0 55
5325 0 55
5326 0 56
5327 0 57
5328 0 56
5329 0 57
5330 0 56
5331 0 56
5332 0 56
5333 0 56
5334 0 55
5335 0 57
5336 0 56
5337 0 57
5338 0 56
5339 0 57
5340 0 56
5341 0 56
5342 0 56
5343 0 56
5344 0 55
5345 0 56
5346 0 56
5347 0 56
5348 0 55
5349 0 56
5350 0 56
5351 0 56
5352 0 55
5353 0 56
5354 0 55
5355 0 56
5356 0 55
5357 0 56
5358 0 55
5359 0 55
5360 0 55
5361 0 55
5362 0 55
5363 0 57
5364 0 57
5365 0 57
5366 0 56
5367 0 57
5368 0 57
5369 0 57
5370 0 56
5371 0 57
5372 0 56
5373 0 56
5374 0 56
5375 0 56
5376 0 57
5377 0 56
5378 0 57
5379 0 56
5380 0 56
5381 0 56
5382 0 56
5383 0 56
5384 0 57
5385 0 57
5386 0 57
5387 0 56
5388 0 57
5389 0 57
5390 0 57
5391 0 56
5392 0 57
5393 0 56
5394 0 56
5395 0 56
5396 0 56
5397 0 57
5398 0 56
5399 0 57
5400 0 56
5401 0 56
5402 0 56
5403 0 56
5404 0 55
5405 0 56
5406 0 56
5407 0 57
5408 0 56
5409 0 57
5410 0 56
5411 0 56
5412 0 56
5413 0 56
5414 0 55
5415 0 56
5416 0 56
5417 0 56
5418 0 55
5419 0 56
5420 0 56
5421 0 56
5422 0 56
5423 0 56
5424 0 55
5425 0 56
5426 0 56
5427 0 56
5428 0 55
5429 0 56
5430 0 55
5431 0 55
5432 0 55
5433 0 56
5434 0 57
5435 0 56
5436 0 57
5437 0 56
5438 0 56
5439 0 56
5440 0 56
5441 0 55
5442 0 57
5443 0 56
5444 0 57
5445 0 56
5446 0 57
5447 0 56
5448 0 56
5449 0 56
5450 0 56
5451 0 55
5452 0 56
5453 0 56
5454 0 56
5455 0 55
5456 0 56
5457 0 56
5458 0 56
5459 0 56
5460 0 56
5461 0 56
5462 0 56
5463 0 56
5464 0 56
5465 0 56
5466 0 56
5467 0 55
5468 0 55
5469 0 55
5470 0 56
5471 0 56
5472 0 56
5473 0 55
5474 0 56
5475 0 56
5476 0 56
5477 0 55
5478 0 56
5479 0 55
5480 0 56
5481 0 56
5482 0 55
5483 0 57
5484 0 56
5485 0 57
5486 0 56
5487 0 56
5488 0 56
5489 0 56
5490 0 55
5491 0 57
5492 0 56
5493 0 57
5494 0 56
5495 0 57
5496 0 56
5497 0 56
5498 0 56
5499 0 56
5500 0 55
5501 0 57
5502 0 56
5503 0 56
5504 0 56
5505 0 57
5506 0 57
5507 0 56
5508 0 56
5509 0 56
5510 0 56
5511 0 56
5512 0 56
5513 0 56
5514 0 56
5515 0 56
5516 0 55
5517 0 55
5518 0 55
5519 0 56
5520 0 56
5521 0 56
5522 0 55
5523 0 56
5524 0 56
5525 0 56
5526 0 56
5527 0 56
5528 0 56
5529 0 56
5530 0 56
5531 0 55
5532 0 56
5533 0 56
5534 0 56
5535 0 56
5536 0 55
5537 0 55
5538 0 55
5539 0 54
5540 0 56
5541 0 56
5542 0 56
5543 0 55
5544 0 56
5545 0 56
5546 0 56
5547 0 56
5548 0 56
5549 0 56
5550 0 56
5551 0 56
5552 0 55
5553 0 56
5554 0 56
5555 0 56
5556 0 55
5557 0 56
5558 0 56
5559 0 56
5560 0 56
5561 0 56
5562 0 56
5563 0 56
5564 0 56
5565 0 55
5566 0 56
5567 0 56
5568 0 56
5569 0 56
5570 0 55
5571 0 55
5572 0 55
5573 0 54
5574 0 56
5575 0 56
5576 0 56
5577 0 55
5578 0 56
5579 0 56
5580 0 56
5581 0 56
5582 0 56
5583 0 56
5584 0 56
5585 0 56
5586 0 55
5587 0 56
5588 0 55
5589 0 56
5590 0 55
5591 0 55
5592 0 55
5593 0 55
5594 0 54
5595 0 56
5596 0 55
5597 0 56
5598 0 55
5599 0 56
5600 0 55
5601 0 55
5602 0 55
5603 0 55
5604 0 54
5605 0 55
5606 0 55
5607 0 55
5608 0 54
5609 0 55
5610 0 55
5611 0 55
5612 0 55
5613 0 55
5614 0 54
5615 0 55
5616 0 55
5617 0 55
5618 0 54
5619 0 56
5620 0 54
5621 0 55
5622 0 55
5623 0 55
5624 0 57
5625 0 56
5626 0 57
5627 0 56
5628 0 56
5629 0 56
5630 0 56
5631 0 55
5632 0 57
5633 0 56
5634 0 57
5635 0 56
5636 0 57
5637 0 56
5638 0 56
5639 0 56
5640 0 56
5641 0 55
5642 0 57
5643 0 56
5644 0 56
5645 0 56
5646 0 57
5647 0 57
5648 0 56
5649 0 56
5650 0 56
5651 0 56
5652 0 56
5653 0 56
5654 0 56
5655 0 56
5656 0 56
5657 0 55
5658 0 55
5659 0 55
5660 0 57
5661 0 57
5662 0 57
5663 0 56
5664 0 57
5665 0 57
5666 0 56
5667 0 56
5668 0 56
5669 0 56
5670 0 56
5671 0 56
5672 0 55
5673 0 57
5674 0 56
5675 0 57
5676 0 56
5677 0 56
5678 0 56
5679 0 56
5680 0 55
5681 0 57
5682 0 56
5683 0 57
5684 0 56
5685 0 57
5686 0 56
5687 0 56
5688 0 56
5689 0 56
5690 0 55
5691 0 57
5692 0 56
5693 0 56
5694 0 56
5695 0 57
5696 0 57
5697 0 56
5698 0 56
5699 0 56
5700 0 56
5701 0 56
5702 0 56
5703 0 56
5704 0 56
5705 0 56
5706 0 55
5707 0 55
5708 0 55
5709 0 56
5710 0 56
5711 0 56
5712 0 55
5713 0 56
5714 0 56
5715 0 56
5716 0 55
5717 0 56
5718 0 55
5719 0 56
5720 0 56
5721 0 55
5722 0 56
5723 0 55
5724 0 56
5725 0 55
5726 0 55
5727 0 55
5728 0 55
5729 0 54
5730 0 56
5731 0 56
5732 0 56
5733 0 55
5734 0 56
5735 0 56
5736 0 56
5737 0 56
5738 0 56
5739 0 56
5740 0 56
5741 0 56
5742 0 55
5743 0 56
5744 0 55
5745 0 56
5746 0 55
5747 0 55
5748 0 55
5749 0 55
5750 0 54
5751 0 56
5752 0 55
5753 0 56
5754 0 55
5755 0 56
5756 0 55
5757 0 55
5758 0 55
5759 0 55
5760 0 54
5761 0 56
5762 0 55
5763 0 56
5764 0 55
5765 0 55
5766 0 55
5767 0 55
5768 0 54
5769 0 56
5770 0 55
5771 0 56
5772 0 55
5773 0 56
5774 0 55
5775 0 55
5776 0 55
5777 0 55
5778 0 54
5779 0 55
5780 0 55
5781 0 55
5782 0 54
5783 0 55
5784 0 55
5785 0 56
5786 0 54
5787 0 56
5788 0 54
5789 0 56
5790 0 54
5791 0 56
5792 0 54
5793 0 54
5794 0 55
5795 0 55
5796 0 54
5797 0 57
5798 0 57
5799 0 57
5800 0 56
5801 0 57
5802 0 57
5803 0 57
5804 0 56
5805 0 57
5806 0 56
5807 0 56
5808 0 56
5809 0 56
5810 0 57
5811 0 56
5812 0 57
5813 0 56
5814 0 56
5815 0 56
5816 0 56
5817 0 55
5818 0 57
5819 0 57
5820 0 57
5821 0 56
5822 0 57
5823 0 57
5824 0 57
5825 0 56
5826 0 57
5827 0 56
5828 0 56
5829 0 56
5830 0 56
5831 0 57
5832 0 56
5833 0 57
5834 0 56
5835 0 56
5836 0 56
5837 0 56
5838 0 55
5839 0 56
5840 0 56
5841 0 57
5842 0 56
5843 0 57
5844 0 56
5845 0 56
5846 0 56
5847 0 56
5848 0 55
5849 0 56
5850 0 56
5851 0 56
5852 0 55
5853 0 56
5854 0 56
5855 0 56
5856 0 56
5857 0 56
5858 0 55
5859 0 56
5860 0 56
5861 0 56
5862 0 55
5863 0 56
5864 0 55
5865 0 55
5866 0 55
5867 0 56
5868 0 57
5869 0 56
5870 0 57
5871 0 56
5872 0 56
5873 0 56
5874 0 56
5875 0 55
5876 0 57
5877 0 56
5878 0 57
5879 0 56
5880 0 57
5881 0 56
5882 0 56
5883 0 56
5884 0 56
5885 0 55
5886 0 56
5887 0 56
5888 0 56
5889 0 55
5890 0 56
5891 0 56
5892 0 56
5893 0 55
5894 0 56
5895 0 55
5896 0 56
5897 0 55
5898 0 56
5899 0 55
5900 0 55
5901 0 56
5902 0 56
5903 0 55
5904 0 57
5905 0 57
5906 0 57
5907 0 56
5908 0 57
5909 0 57
5910 0 57
5911 0 56
5912 0 57
5913 0 56
5914 0 56
5915 0 56
5916 0 56
5917 0 57
5918 0 56
5919 0 57
5920 0 56
5921 0 56
5922 0 56
5923 0 56
5924 0 56
5925 0 57
5926 0 57
5927 0 57
5928 0 56
5929 0 57
5930 0 57
5931 0 57
5932 0 56
5933 0 57
5934 0 56
5935 0 56
5936 0 56
5937 0 56
5938 0 57
5939 0 56
5940 0 57
5941 0 56
5942 0 56
5943 0 56
5944 0 56
5945 0 55
5946 0 56
5947 0 56
5948 0 57
5949 0 56
5950 0 57
5951 0 56
5952 0 56
5953 0 56
5954 0 56
5955 0 55
5956 0 56
5957 0 56
5958 0 56
5959 0 55
5960 0 56
5961 0 56
5962 0 56
5963 0 56
5964 0 56
5965 0 55
5966 0 56
5967 0 56
5968 0 56
5969 0 55
5970 0 56
5971 0 55
5972 0 55
5973 0 55
5974 0 56
5975 0 57
5976 0 56
5977 0 57
5978 0 56
5979 0 56
5980 0 56
5981 0 56
5982 0 55
5983 0 57
5984 0 56
5985 0 57
5986 0 56
5987 0 57
5988 0 56
5989 0 56
5990 0 56
5991 0 56
5992 0 55
5993 0 56
5994 0 56
5995 0 56
5996 0 55
5997 0 56
5998 0 56
5999 0 56
6000 0 56
6001 0 56
6002 0 56
6003 0 56
6004 0 56
6005 0 56
6006 0 56
6007 0 56
6008 0 55
6009 0 55
6010 0 55
6011 0 56
6012 0 56
6013 0 56
6014 0 55
6015 0 56
6016 0 56
6017 0 56
6018 0 55
6019 0 56
6020 0 55
6021 0 56
6022 0 56
6023 0 55
6024 0 57
6025 0 56
6026 0 57
6027 0 56
6028 0 56
6029 0 56
6030 0 56
6031 0 55
6032 0 57
6033 0 56
6034 0 57
6035 0 56
6036 0 57
6037 0 56
6038 0 56
6039 0 56
6040 0 56
6041 0 55
6042 0 57
6043 0 56
6044 0 56
6045 0 56
6046 0 57
6047 0 57
6048 0 56
6049 0 56
6050 0 56
6051 0 56
6052 0 56
6053 0 56
6054 0 56
6055 0 56
6056 0 56
6057 0 55
6058 0 55
6059 0 55
6060 0 56
6061 0 56
6062 0 56
6063 0 55
6064 0 56
6065 0 56
6066 0 56
6067 0 56
6068 0 56
6069 0 56
6070 0 56
6071 0 56
6072 0 55
6073 0 56
6074 0 56
6075 0 56
6076 0 56
6077 0 55
6078 0 55
6079 0 55
6080 0 54
6081 0 56
6082 0 56
6083 0 56
6084 0 55
6085 0 56
6086 0 56
6087 0 56
6088 0 56
6089 0 56
6090 0 56
6091 0 56
6092 0 56
6093 0 55
6094 0 56
6095 0 56
6096 0 56
6097 0 55
6098 0 56
6099 0 56
6100 0 56
6101 0 56
6102 0 56
6103 0 56
6104 0 56
6105 0 56
6106 0 55
6107 0 56
6108 0 56
6109 0 56
6110 0 56
6111 0 55
6112 0 55
6113 0 55
6114 0 54
6115 0 56
6116 0 56
6117 0 56
6118 0 55
6119 0 56
6120 0 56
6121 0 56
6122 0 56
6123 0 56
6124 0 56
6125 0 56
6126 0 56
6127 0 55
6128 0 56
6129 0 55
6130 0 56
6131 0 55
6132 0 55
6133 0 55
6134 0 55
6135 0 54
6136 0 56
6137 0 55
6138 0 56
6139 0 55
6140 0 56
6141 0 55
6142 0 55
6143 0 55
6144 0 55
6145 0 54
6146 0 55
6147 0 55
6148 0 55
6149 0 54
6150 0 55
6151 0 55
6152 0 55
6153 0 55
6154 0 55
6155 0 54
6156 0 55
6157 0 55
6158 0 55
6159 0 54
6160 0 56
6161 0 54
6162 0 55
6163 0 55
6164 0 55
6165 0 57
6166 0 56
6167 0 57
6168 0 56
6169 0 56
6170 0 56
6171 0 56
6172 0 55
6173 0 56
6174 0 56
6175 0 57
6176 0 56
6177 0 57
6178 0 56
6179 0 56
6180 0 56
6181 0 56
6182 0 55
6183 0 56
6184 0 56
6185 0 56
6186 0 55
6187 0 56
6188 0 57
6189 0 56
6190 0 55
6191 0 56
6192 0 55
6193 0 56
6194 0 55
6195 0 56
6196 0 55
6197 0 55
6198 0 55
6199 0 55
6200 0 55
6201 0 56
6202 0 57
6203 0 57
6204 0 55
6205 0 56
6206 0 57
6207 0 56
6208 0 55
6209 0 56
6210 0 55
6211 0 55
6212 0 55
6213 0 55
6214 0 57
6215 0 56
6216 0 57
6217 0 56
6218 0 56
6219 0 56
6220 0 56
6221 0 55
6222 0 56
6223 0 56
6224 0 57
6225 0 56
6226 0 57
6227 0 56
6228 0 56
6229 0 56
6230 0 56
6231 0 55
6232 0 56
6233 0 56
6234 0 56
6235 0 55
6236 0 56
6237 0 57
6238 0 56
6239 0 55
6240 0 56
6241 0 55
6242 0 56
6243 0 55
6244 0 56
6245 0 55
6246 0 55
6247 0 55
6248 0 55
6249 0 55
6250 0 56
6251 0 56
6252 0 56
6253 0 55
6254 0 56
6255 0 56
6256 0 56
6257 0 55
6258 0 56
6259 0 55
6260 0 55
6261 0 55
6262 0 55
6263 0 56
6264 0 55
6265 0 56
6266 0 55
6267 0 55
6268 0 55
6269 0 55
6270 0 54
6271 0 56
6272 0 56
6273 0 56
6274 0 55
6275 0 56
6276 0 56
6277 0 56
6278 0 56
6279 0 56
6280 0 56
6281 0 55
6282 0 55
6283 0 55
6284 0 56
6285 0 55
6286 0 56
6287 0 55
6288 0 55
6289 0 56
6290 0 56
6291 0 54
6292 0 56
6293 0 56
6294 0 56
6295 0 55
6296 0 56
6297 0 55
6298 0 55
6299 0 56
6300 0 56
6301 0 54
6302 0 56
6303 0 55
6304 0 56
6305 0 55
6306 0 55
6307 0 56
6308 0 56
6309 0 54
6310 0 56
6311 0 56
6312 0 56
6313 0 55
6314 0 56
6315 0 55
6316 0 55
6317 0 56
6318 0 56
6319 0 54
6320 0 55
6321 0 56
6322 0 56
6323 0 54
6324 0 55
6325 0 56
6326 0 55
6327 0 54
6328 0 55
6329 0 54
6330 0 55
6331 0 54
6332 0 55
6333 0 54
6334 0 54
6335 0 55
6336 0 55
6337 0 54
6338 0 56
6339 0 56
6340 0 56
6341 0 55
6342 0 56
6343 0 56
6344 0 56
6345 0 56
6346 0 56
6347 0 56
6348 0 55
6349 0 55
6350 0 55
6351 0 56
6352 0 56
6353 0 56
6354 0 56
6355 0 55
6356 0 55
6357 0 55
6358 0 54
6359 0 56
6360 0 56
6361 0 56
6362 0 55
6363 0 56
6364 0 56
6365 0 56
6366 0 56
6367 0 56
6368 0 56
6369 0 55
6370 0 55
6371 0 55
6372 0 56
6373 0 55
6374 0 56
6375 0 55
6376 0 55
6377 0 55
6378 0 55
6379 0 54
6380 0 55
6381 0 55
6382 0 56
6383 0 55
6384 0 56
6385 0 55
6386 0 55
6387 0 55
6388 0 55
6389 0 54
6390 0 55
6391 0 56
6392 0 56
6393 0 54
6394 0 55
6395 0 56
6396 0 55
6397 0 56
6398 0 56
6399 0 54
6400 0 55
6401 0 56
6402 0 55
6403 0 54
6404 0 55
6405 0 54
6406 0 54
6407 0 54
6408 0 54
6409 0 57
6410 0 56
6411 0 57
6412 0 56
6413 0 56
6414 0 56
6415 0 56
6416 0 56
6417 0 56
6418 0 56
6419 0 57
6420 0 56
6421 0 57
6422 0 56
6423 0 56
6424 0 56
6425 0 56
6426 0 56
6427 0 56
6428 0 56
6429 0 56
6430 0 55
6431 0 56
6432 0 57
6433 0 56
6434 0 55
6435 0 56
6436 0 55
6437 0 56
6438 0 55
6439 0 56
6440 0 55
6441 0 55
6442 0 55
6443 0 55
6444 0 55
6445 0 56
6446 0 57
6447 0 57
6448 0 55
6449 0 56
6450 0 57
6451 0 56
6452 0 55
6453 0 56
6454 0 55
6455 0 55
6456 0 55
6457 0 55
6458 0 57
6459 0 56
6460 0 57
6461 0 56
6462 0 56
6463 0 56
6464 0 56
6465 0 56
6466 0 56
6467 0 56
6468 0 57
6469 0 56
6470 0 57
6471 0 56
6472 0 56
6473 0 56
6474 0 56
6475 0 56
6476 0 56
6477 0 56
6478 0 56
6479 0 55
6480 0 56
6481 0 57
6482 0 56
6483 0 55
6484 0 56
6485 0 55
6486 0 56
6487 0 55
6488 0 56
6489 0 55
6490 0 55
6491 0 55
6492 0 55
6493 0 55
6494 0 56
6495 0 57
6496 0 57
6497 0 55
6498 0 56
6499 0 57
6500 0 56
6501 0 55
6502 0 56
6503 0 55
6504 0 56
6505 0 56
6506 0 56
6507 0 56
6508 0 55
6509 0 56
6510 0 55
6511 0 55
6512 0 56
6513 0 56
6514 0 54
6515 0 56
6516 0 57
6517 0 57
6518 0 55
6519 0 56
6520 0 57
6521 0 57
6522 0 56
6523 0 57
6524 0 56
6525 0 56
6526 0 56
6527 0 56
6528 0 56
6529 0 55
6530 0 56
6531 0 55
6532 0 55
6533 0 56
6534 0 56
6535 0 54
6536 0 56
6537 0 56
6538 0 56
6539 0 55
6540 0 56
6541 0 55
6542 0 55
6543 0 56
6544 0 56
6545 0 54
6546 0 56
6547 0 55
6548 0 56
6549 0 55
6550 0 55
6551 0 56
6552 0 56
6553 0 54
6554 0 56
6555 0 56
6556 0 56
6557 0 55
6558 0 56
6559 0 55
6560 0 55
6561 0 56
6562 0 56
6563 0 54
6564 0 55
6565 0 56
6566 0 56
6567 0 54
6568 0 55
6569 0 56
6570 0 55
6571 0 54
6572 0 55
6573 0 54
6574 0 55
6575 0 54
6576 0 55
6577 0 54
6578 0 54
6579 0 55
6580 0 55
6581 0 54
6582 0 56
6583 0 56
6584 0 56
6585 0 55
6586 0 56
6587 0 56
6588 0 56
6589 0 55
6590 0 56
6591 0 55
6592 0 55
6593 0 55
6594 0 55
6595 0 56
6596 0 55
6597 0 56
6598 0 55
6599 0 55
6600 0 55
6601 0 55
6602 0 55
6603 0 56
6604 0 56
6605 0 56
6606 0 56
6607 0 56
6608 0 56
6609 0 56
6610 0 55
6611 0 56
6612 0 55
6613 0 55
6614 0 55
6615 0 55
6616 0 56
6617 0 55
6618 0 56
6619 0 55
6620 0 55
6621 0 56
6622 0 56
6623 0 55
6624 0 55
6625 0 55
6626 0 56
6627 0 55
6628 0 56
6629 0 55
6630 0 56
6631 0 56
6632 0 56
6633 0 55
6634 0 55
6635 0 56
6636 0 56
6637 0 54
6638 0 55
6639 0 56
6640 0 55
6641 0 56
6642 0 56
6643 0 54
6644 0 55
6645 0 56
6646 0 55
6647 0 54
6648 0 55
6649 0 54
6650 0 54
6651 0 54
6652 0 54
6653 0 56
6654 0 55
6655 0 56
6656 0 55
6657 0 56
6658 0 56
6659 0 56
6660 0 55
6661 0 56
6662 0 56
6663 0 56
6664 0 55
6665 0 56
6666 0 55
6667 0 56
6668 0 56
6669 0 56
6670 0 55
6671 0 55
6672 0 55
6673 0 55
6674 0 54
6675 0 55
6676 0 56
6677 0 55
6678 0 54
6679 0 55
6680 0 54
6681 0 55
6682 0 54
6683 0 55
6684 0 54
6685 0 54
6686 0 54
6687 0 54
6688 0 54
6689 0 56
6690 0 56
6691 0 56
6692 0 55
6693 0 56
6694 0 56
6695 0 56
6696 0 55
6697 0 56
6698 0 55
6699 0 55
6700 0 55
6701 0 55
6702 0 56
6703 0 55
6704 0 56
6705 0 55
6706 0 55
6707 0 55
6708 0 55
6709 0 55
6710 0 56
6711 0 56
6712 0 56
6713 0 56
6714 0 56
6715 0 56
6716 0 56
6717 0 55
6718 0 56
6719 0 55
6720 0 55
6721 0 55
6722 0 55
6723 0 56
6724 0 55
6725 0 56
6726 0 55
6727 0 55
6728 0 56
6729 0 56
6730 0 55
6731 0 55
6732 0 55
6733 0 56
6734 0 55
6735 0 56
6736 0 55
6737 0 56
6738 0 56
6739 0 56
6740 0 55
6741 0 55
6742 0 56
6743 0 56
6744 0 54
6745 0 55
6746 0 56
6747 0 55
6748 0 56
6749 0 56
6750 0 54
6751 0 55
6752 0 56
6753 0 55
6754 0 54
6755 0 55
6756 0 54
6757 0 54
6758 0 54
6759 0 54
6760 0 56
6761 0 56
6762 0 56
6763 0 55
6764 0 56
6765 0 56
6766 0 56
6767 0 55
6768 0 56
6769 0 55
6770 0 55
6771 0 55
6772 0 55
6773 0 56
6774 0 55
6775 0 56
6776 0 55
6777 0 55
6778 0 55
6779 0 55
6780 0 55
6781 0 56
6782 0 56
6783 0 56
6784 0 56
6785 0 56
6786 0 56
6787 0 56
6788 0 55
6789 0 56
6790 0 55
6791 0 55
6792 0 55
6793 0 55
6794 0 56
6795 0 55
6796 0 56
6797 0 55
6798 0 55
6799 0 56
6800 0 56
6801 0 55
6802 0 55
6803 0 55
6804 0 56
6805 0 55
6806 0 56
6807 0 55
6808 0 56
6809 0 56
6810 0 56
6811 0 55
6812 0 55
6813 0 56
6814 0 56
6815 0 54
6816 0 55
6817 0 56
6818 0 55
6819 0 56
6820 0 56
6821 0 54
6822 0 55
6823 0 56
6824 0 55
6825 0 54
6826 0 55
6827 0 54
6828 0 54
6829 0 54
6830 0 54
6831 0 56
6832 0 55
6833 0 56
6834 0 55
6835 0 56
6836 0 56
6837 0 56
6838 0 55
6839 0 56
6840 0 56
6841 0 56
6842 0 55
6843 0 56
6844 0 55
6845 0 56
6846 0 56
6847 0 56
6848 0 55
6849 0 55
6850 0 55
6851 0 55
6852 0 54
6853 0 55
6854 0 56
6855 0 55
6856 0 54
6857 0 55
6858 0 54
6859 0 55
6860 0 54
6861 0 55
6862 0 54
6863 0 54
6864 0 54
6865 0 54
6866 0 54
6867 0 56
6868 0 56
6869 0 56
6870 0 55
6871 0 56
6872 0 56
6873 0 56
6874 0 55
6875 0 56
6876 0 55
6877 0 55
6878 0 55
6879 0 55
6880 0 56
6881 0 55
6882 0 56
6883 0 55
6884 0 55
6885 0 55
6886 0 55
6887 0 55
6888 0 56
6889 0 56
6890 0 56
6891 0 56
6892 0 56
6893 0 56
6894 0 56
6895 0 55
6896 0 56
6897 0 55
6898 0 55
6899 0 55
6900 0 55
6901 0 56
6902 0 55
6903 0 56
6904 0 55
6905 0 55
6906 0 56
6907 0 56
6908 0 55
6909 0 55
6910 0 55
6911 0 56
6912 0 55
6913 0 56
6914 0 55
6915 0 56
6916 0 56
6917 0 56
6918 0 55
6919 0 55
6920 0 56
6921 0 56
6922 0 54
6923 0 55
6924 0 56
6925 0 55
6926 0 56
6927 0 56
6928 0 54
6929 0 55
6930 0 56
6931 0 55
6932 0 54
6933 0 55
6934 0 54
6935 0 54
6936 0 54
6937 0 54
6938 0 56
6939 0 55
6940 0 56
6941 0 55
6942 0 55
6943 0 55
6944 0 55
6945 0 55
6946 0 55
6947 0 55
6948 0 56
6949 0 55
6950 0 56
6951 0 55
6952 0 55
6953 0 55
6954 0 55
6955 0 55
6956 0 55
6957 0 55
6958 0 55
6959 0 54
6960 0 55
6961 0 56
6962 0 55
6963 0 54
6964 0 55
6965 0 54
6966 0 55
6967 0 54
6968 0 55
6969 0 54
6970 0 54
6971 0 54
6972 0 54
6973 0 54
6974 0 55
6975 0 56
6976 0 56
6977 0 54
6978 0 55
6979 0 56
6980 0 55
6981 0 54
6982 0 55
6983 0 54
6984 0 54
6985 0 54
6986 0 54
6987 0 56
6988 0 56
6989 0 56
6990 0 56
6991 0 55
6992 0 55
6993 0 55
6994 0 55
6995 0 55
6996 0 55
6997 0 56
6998 0 56
6999 0 56
7000 0 56
7001 0 55
7002 0 55
7003 0 55
7004 0 55
7005 0 55
7006 0 55
7007 0 55
7008 0 54
7009 0 55
7010 0 56
7011 0 55
7012 0 54
7013 0 55
7014 0 54
7015 0 55
7016 0 54
7017 0 55
7018 0 54
7019 0 54
7020 0 54
7021 0 54
7022 0 54
7023 0 55
7024 0 55
7025 0 55
7026 0 55
7027 0 56
7028 0 55
7029 0 55
7030 0 55
7031 0 55
7032 0 55
7033 0 54
7034 0 54
7035 0 54
7036 0 55
7037 0 55
7038 0 55
7039 0 55
7040 0 54
7041 0 54
7042 0 54
7043 0 54
7044 0 55
7045 0 55
7046 0 55
7047 0 55
7048 0 56
7049 0 55
7050 0 55
7051 0 55
7052 0 55
7053 0 55
7054 0 54
7055 0 54
7056 0 54
7057 0 55
7058 0 55
7059 0 55
7060 0 55
7061 0 56
7062 0 55
7063 0 55
7064 0 55
7065 0 55
7066 0 55
7067 0 54
7068 0 54
7069 0 54
7070 0 55
7071 0 55
7072 0 55
7073 0 55
7074 0 54
7075 0 54
7076 0 54
7077 0 54
7078 0 55
7079 0 55
7080 0 55
7081 0 55
7082 0 56
7083 0 55
7084 0 55
7085 0 55
7086 0 55
7087 0 55
7088 0 54
7089 0 54
7090 0 54
7091 0 55
7092 0 55
7093 0 55
7094 0 55
7095 0 54
7096 0 54
7097 0 54
7098 0 54
7099 0 54
7100 0 54
7101 0 56
7102 0 55
7103 0 56
7104 0 55
7105 0 54
7106 0 54
7107 0 54
7108 0 54
7109 0 55
7110 0 55
7111 0 55
7112 0 54
7113 0 55
7114 0 55
7115 0 55
7116 0 55
7117 0 55
7118 0 54
7119 0 55
7120 0 55
7121 0 55
7122 0 54
7123 0 55
7124 0 54
7125 0 54
7126 0 54
7127 0 54
