0 0 59
1 0 59
2 0 59
3 0 59
4 0 59
5 0 58
6 0 59
7 0 59
8 0 58
9 0 58
10 0 59
11 0 59
12 0 59
13 0 59
14 0 59
15 0 58
16 0 59
17 0 59
18 0 58
19 0 58
20 0 58
21 0 59
22 0 59
23 0 58
24 0 58
25 0 58
26 0 58
27 0 58
28 0 58
29 0 58
30 0 58
31 0 58
32 0 58
33 0 58
34 0 59
35 0 59
36 0 58
37 0 58
38 0 58
39 0 59
40 0 59
41 0 58
42 0 58
43 0 58
44 0 58
45 0 58
46 0 58
47 0 58
48 0 58
49 0 58
50 0 58
51 0 58
52 0 59
53 0 59
54 0 59
55 0 59
56 0 59
57 0 58
58 0 59
59 0 59
60 0 58
61 0 58
62 0 59
63 0 59
64 0 59
65 0 59
66 0 59
67 0 58
68 0 59
69 0 59
70 0 58
71 0 58
72 0 58
73 0 59
74 0 59
75 0 58
76 0 58
77 0 58
78 0 58
79 0 58
80 0 58
81 0 58
82 0 58
83 0 58
84 0 58
85 0 58
86 0 59
87 0 59
88 0 58
89 0 58
90 0 58
91 0 59
92 0 59
93 0 58
94 0 58
95 0 59
96 0 59
97 0 59
98 0 58
99 0 58
100 0 58
101 0 58
102 0 58
103 0 58
104 0 59
105 0 59
106 0 59
107 0 58
108 0 58
109 0 57
110 0 59
111 0 59
112 0 58
113 0 58
114 0 58
115 0 59
116 0 59
117 0 58
118 0 58
119 0 59
120 0 59
121 0 59
122 0 58
123 0 58
124 0 58
125 0 58
126 0 58
127 0 58
128 0 58
129 0 58
130 0 58
131 0 58
132 0 58
133 0 57
134 0 58
135 0 58
136 0 57
137 0 57
138 0 58
139 0 58
140 0 58
141 0 58
142 0 58
143 0 57
144 0 58
145 0 58
146 0 58
147 0 58
148 0 58
149 0 57
150 0 58
151 0 58
152 0 57
153 0 57
154 0 58
155 0 58
156 0 58
157 0 58
158 0 58
159 0 57
160 0 58
161 0 58
162 0 57
163 0 57
164 0 57
165 0 58
166 0 58
167 0 57
168 0 57
169 0 58
170 0 58
171 0 58
172 0 58
173 0 58
174 0 58
175 0 58
176 0 58
177 0 57
178 0 59
179 0 59
180 0 58
181 0 58
182 0 58
183 0 59
184 0 59
185 0 58
186 0 58
187 0 59
188 0 59
189 0 59
190 0 58
191 0 58
192 0 58
193 0 58
194 0 58
195 0 58
196 0 59
197 0 59
198 0 59
199 0 58
200 0 58
201 0 57
202 0 59
203 0 59
204 0 58
205 0 58
206 0 58
207 0 59
208 0 59
209 0 58
210 0 58
211 0 59
212 0 59
213 0 59
214 0 58
215 0 58
216 0 58
217 0 58
218 0 58
219 0 58
220 0 58
221 0 58
222 0 58
223 0 58
224 0 58
225 0 57
226 0 58
227 0 58
228 0 57
229 0 57
230 0 58
231 0 58
232 0 58
233 0 58
234 0 58
235 0 57
236 0 58
237 0 58
238 0 57
239 0 57
240 0 57
241 0 58
242 0 58
243 0 57
244 0 57
245 0 58
246 0 58
247 0 57
248 0 57
249 0 57
250 0 58
251 0 58
252 0 57
253 0 57
254 0 57
255 0 57
256 0 57
257 0 58
258 0 58
259 0 58
260 0 58
261 0 57
262 0 57
263 0 59
264 0 59
265 0 59
266 0 59
267 0 59
268 0 58
269 0 59
270 0 59
271 0 58
272 0 58
273 0 59
274 0 59
275 0 59
276 0 59
277 0 59
278 0 58
279 0 59
280 0 59
281 0 58
282 0 58
283 0 58
284 0 59
285 0 59
286 0 58
287 0 58
288 0 58
289 0 58
290 0 58
291 0 58
292 0 58
293 0 58
294 0 58
295 0 58
296 0 58
297 0 59
298 0 59
299 0 58
300 0 58
301 0 58
302 0 59
303 0 59
304 0 58
305 0 58
306 0 58
307 0 58
308 0 58
309 0 58
310 0 58
311 0 58
312 0 58
313 0 58
314 0 58
315 0 59
316 0 59
317 0 59
318 0 59
319 0 59
320 0 58
321 0 59
322 0 59
323 0 58
324 0 58
325 0 59
326 0 59
327 0 59
328 0 59
329 0 59
330 0 58
331 0 59
332 0 59
333 0 58
334 0 58
335 0 58
336 0 59
337 0 59
338 0 58
339 0 58
340 0 58
341 0 58
342 0 58
343 0 58
344 0 58
345 0 58
346 0 58
347 0 58
348 0 58
349 0 59
350 0 59
351 0 58
352 0 58
353 0 58
354 0 59
355 0 59
356 0 58
357 0 58
358 0 59
359 0 59
360 0 59
361 0 58
362 0 58
363 0 58
364 0 58
365 0 58
366 0 58
367 0 59
368 0 59
369 0 59
370 0 58
371 0 58
372 0 57
373 0 59
374 0 59
375 0 58
376 0 58
377 0 58
378 0 59
379 0 59
380 0 58
381 0 58
382 0 59
383 0 59
384 0 59
385 0 58
386 0 58
387 0 58
388 0 58
389 0 58
390 0 58
391 0 58
392 0 58
393 0 58
394 0 58
395 0 58
396 0 57
397 0 58
398 0 58
399 0 57
400 0 57
401 0 58
402 0 58
403 0 58
404 0 58
405 0 58
406 0 57
407 0 58
408 0 58
409 0 58
410 0 58
411 0 58
412 0 57
413 0 58
414 0 58
415 0 57
416 0 57
417 0 58
418 0 58
419 0 58
420 0 58
421 0 58
422 0 57
423 0 58
424 0 58
425 0 57
426 0 57
427 0 57
428 0 58
429 0 58
430 0 57
431 0 57
432 0 58
433 0 58
434 0 58
435 0 58
436 0 58
437 0 58
438 0 58
439 0 58
440 0 57
441 0 59
442 0 59
443 0 58
444 0 58
445 0 58
446 0 59
447 0 59
448 0 58
449 0 58
450 0 59
451 0 59
452 0 59
453 0 58
454 0 58
455 0 58
456 0 58
457 0 58
458 0 58
459 0 59
460 0 59
461 0 59
462 0 58
463 0 58
464 0 57
465 0 59
466 0 59
467 0 58
468 0 58
469 0 58
470 0 59
471 0 59
472 0 58
473 0 58
474 0 59
475 0 59
476 0 59
477 0 58
478 0 58
479 0 58
480 0 58
481 0 58
482 0 58
483 0 59
484 0 59
485 0 59
486 0 59
487 0 59
488 0 58
489 0 59
490 0 59
491 0 58
492 0 58
493 0 59
494 0 59
495 0 59
496 0 59
497 0 59
498 0 58
499 0 58
500 0 58
501 0 58
502 0 58
503 0 58
504 0 58
505 0 58
506 0 58
507 0 58
508 0 58
509 0 58
510 0 58
511 0 58
512 0 58
513 0 58
514 0 58
515 0 58
516 0 58
517 0 58
518 0 58
519 0 58
520 0 58
521 0 58
522 0 58
523 0 58
524 0 58
525 0 58
526 0 59
527 0 59
528 0 59
529 0 59
530 0 59
531 0 58
532 0 59
533 0 59
534 0 58
535 0 58
536 0 59
537 0 59
538 0 59
539 0 59
540 0 59
541 0 58
542 0 58
543 0 58
544 0 58
545 0 58
546 0 58
547 0 58
548 0 58
549 0 58
550 0 58
551 0 58
552 0 58
553 0 58
554 0 58
555 0 58
556 0 58
557 0 57
558 0 57
559 0 57
560 0 59
561 0 59
562 0 58
563 0 58
564 0 58
565 0 59
566 0 59
567 0 58
568 0 58
569 0 59
570 0 59
571 0 59
572 0 58
573 0 58
574 0 58
575 0 58
576 0 58
577 0 58
578 0 59
579 0 59
580 0 59
581 0 58
582 0 58
583 0 57
584 0 59
585 0 59
586 0 58
587 0 58
588 0 58
589 0 59
590 0 59
591 0 58
592 0 58
593 0 59
594 0 59
595 0 59
596 0 58
597 0 58
598 0 58
599 0 58
600 0 58
601 0 58
602 0 59
603 0 59
604 0 59
605 0 59
606 0 59
607 0 58
608 0 59
609 0 59
610 0 58
611 0 58
612 0 59
613 0 59
614 0 59
615 0 59
616 0 59
617 0 58
618 0 58
619 0 58
620 0 58
621 0 58
622 0 58
623 0 58
624 0 58
625 0 58
626 0 58
627 0 58
628 0 58
629 0 58
630 0 58
631 0 58
632 0 58
633 0 58
634 0 58
635 0 58
636 0 58
637 0 58
638 0 58
639 0 58
640 0 58
641 0 58
642 0 58
643 0 58
644 0 58
645 0 58
646 0 58
647 0 58
648 0 58
649 0 58
650 0 57
651 0 58
652 0 58
653 0 57
654 0 57
655 0 58
656 0 58
657 0 58
658 0 58
659 0 58
660 0 57
661 0 58
662 0 58
663 0 58
664 0 58
665 0 58
666 0 58
667 0 58
668 0 58
669 0 58
670 0 58
671 0 58
672 0 58
673 0 58
674 0 58
675 0 58
676 0 57
677 0 57
678 0 57
679 0 58
680 0 58
681 0 58
682 0 58
683 0 58
684 0 58
685 0 58
686 0 58
687 0 58
688 0 58
689 0 58
690 0 58
691 0 57
692 0 57
693 0 57
694 0 57
695 0 57
696 0 57
697 0 58
698 0 58
699 0 58
700 0 58
701 0 58
702 0 57
703 0 58
704 0 58
705 0 57
706 0 57
707 0 58
708 0 58
709 0 58
710 0 58
711 0 58
712 0 57
713 0 58
714 0 58
715 0 58
716 0 58
717 0 58
718 0 58
719 0 58
720 0 58
721 0 58
722 0 58
723 0 58
724 0 58
725 0 58
726 0 58
727 0 58
728 0 57
729 0 57
730 0 57
731 0 58
732 0 58
733 0 58
734 0 58
735 0 58
736 0 57
737 0 58
738 0 58
739 0 57
740 0 57
741 0 58
742 0 58
743 0 58
744 0 58
745 0 58
746 0 57
747 0 58
748 0 58
749 0 58
750 0 58
751 0 58
752 0 58
753 0 58
754 0 58
755 0 58
756 0 58
757 0 58
758 0 58
759 0 58
760 0 58
761 0 58
762 0 57
763 0 57
764 0 57
765 0 58
766 0 58
767 0 58
768 0 58
769 0 58
770 0 58
771 0 58
772 0 58
773 0 58
774 0 58
775 0 58
776 0 58
777 0 57
778 0 57
779 0 57
780 0 57
781 0 57
782 0 57
783 0 58
784 0 58
785 0 58
786 0 58
787 0 58
788 0 57
789 0 58
790 0 58
791 0 57
792 0 57
793 0 58
794 0 58
795 0 58
796 0 58
797 0 58
798 0 57
799 0 58
800 0 58
801 0 58
802 0 58
803 0 58
804 0 58
805 0 58
806 0 58
807 0 58
808 0 58
809 0 58
810 0 58
811 0 58
812 0 58
813 0 58
814 0 57
815 0 57
816 0 57
817 0 58
818 0 58
819 0 57
820 0 57
821 0 57
822 0 58
823 0 58
824 0 57
825 0 57
826 0 58
827 0 58
828 0 58
829 0 57
830 0 57
831 0 57
832 0 57
833 0 57
834 0 57
835 0 58
836 0 58
837 0 58
838 0 57
839 0 57
840 0 56
841 0 58
842 0 58
843 0 57
844 0 57
845 0 57
846 0 58
847 0 58
848 0 57
849 0 57
850 0 58
851 0 58
852 0 58
853 0 57
854 0 57
855 0 57
856 0 57
857 0 57
858 0 57
859 0 58
860 0 58
861 0 58
862 0 58
863 0 58
864 0 57
865 0 58
866 0 58
867 0 57
868 0 57
869 0 58
870 0 58
871 0 58
872 0 58
873 0 58
874 0 57
875 0 58
876 0 58
877 0 58
878 0 58
879 0 58
880 0 57
881 0 58
882 0 58
883 0 57
884 0 57
885 0 58
886 0 58
887 0 58
888 0 58
889 0 58
890 0 57
891 0 58
892 0 58
893 0 57
894 0 57
895 0 57
896 0 58
897 0 58
898 0 57
899 0 57
900 0 58
901 0 58
902 0 58
903 0 58
904 0 58
905 0 58
906 0 57
907 0 57
908 0 57
909 0 59
910 0 59
911 0 58
912 0 58
913 0 58
914 0 59
915 0 59
916 0 58
917 0 58
918 0 59
919 0 59
920 0 59
921 0 58
922 0 58
923 0 58
924 0 58
925 0 58
926 0 58
927 0 59
928 0 59
929 0 59
930 0 58
931 0 58
932 0 57
933 0 59
934 0 59
935 0 58
936 0 58
937 0 58
938 0 59
939 0 59
940 0 58
941 0 58
942 0 59
943 0 59
944 0 59
945 0 58
946 0 58
947 0 58
948 0 58
949 0 58
950 0 58
951 0 59
952 0 59
953 0 59
954 0 59
955 0 59
956 0 58
957 0 59
958 0 59
959 0 58
960 0 58
961 0 59
962 0 59
963 0 59
964 0 59
965 0 59
966 0 58
967 0 58
968 0 58
969 0 58
970 0 58
971 0 58
972 0 58
973 0 58
974 0 58
975 0 58
976 0 58
977 0 58
978 0 58
979 0 58
980 0 58
981 0 58
982 0 58
983 0 58
984 0 58
985 0 58
986 0 58
987 0 58
988 0 58
989 0 58
990 0 58
991 0 58
992 0 58
993 0 58
994 0 59
995 0 59
996 0 59
997 0 59
998 0 59
999 0 58
1000 0 59
1001 0 59
1002 0 58
1003 0 58
1004 0 59
1005 0 59
1006 0 59
1007 0 59
1008 0 59
1009 0 58
1010 0 58
1011 0 58
1012 0 58
1013 0 58
1014 0 58
1015 0 58
1016 0 58
1017 0 58
1018 0 58
1019 0 58
1020 0 58
1021 0 58
1022 0 58
1023 0 58
1024 0 58
1025 0 57
1026 0 57
1027 0 57
1028 0 59
1029 0 59
1030 0 58
1031 0 58
1032 0 58
1033 0 59
1034 0 59
1035 0 58
1036 0 58
1037 0 59
1038 0 59
1039 0 59
1040 0 58
1041 0 58
1042 0 58
1043 0 58
1044 0 58
1045 0 58
1046 0 59
1047 0 59
1048 0 59
1049 0 58
1050 0 58
1051 0 57
1052 0 59
1053 0 59
1054 0 58
1055 0 58
1056 0 58
1057 0 59
1058 0 59
1059 0 58
1060 0 58
1061 0 59
1062 0 59
1063 0 59
1064 0 58
1065 0 58
1066 0 58
1067 0 58
1068 0 58
1069 0 58
1070 0 59
1071 0 59
1072 0 59
1073 0 59
1074 0 59
1075 0 58
1076 0 59
1077 0 59
1078 0 58
1079 0 58
1080 0 59
1081 0 59
1082 0 59
1083 0 59
1084 0 59
1085 0 58
1086 0 58
1087 0 58
1088 0 58
1089 0 58
1090 0 58
1091 0 58
1092 0 58
1093 0 58
1094 0 58
1095 0 58
1096 0 58
1097 0 58
1098 0 58
1099 0 58
1100 0 58
1101 0 58
1102 0 58
1103 0 58
1104 0 58
1105 0 58
1106 0 58
1107 0 58
1108 0 58
1109 0 58
1110 0 58
1111 0 58
1112 0 58
1113 0 58
1114 0 58
1115 0 58
1116 0 58
1117 0 58
1118 0 57
1119 0 58
1120 0 58
1121 0 57
1122 0 57
1123 0 58
1124 0 58
1125 0 58
1126 0 58
1127 0 58
1128 0 57
1129 0 58
1130 0 58
1131 0 58
1132 0 58
1133 0 58
1134 0 58
1135 0 58
1136 0 58
1137 0 58
1138 0 58
1139 0 58
1140 0 58
1141 0 58
1142 0 58
1143 0 58
1144 0 57
1145 0 57
1146 0 57
1147 0 58
1148 0 58
1149 0 58
1150 0 58
1151 0 58
1152 0 58
1153 0 58
1154 0 58
1155 0 58
1156 0 58
1157 0 58
1158 0 58
1159 0 57
1160 0 57
1161 0 57
1162 0 57
1163 0 57
1164 0 57
1165 0 58
1166 0 58
1167 0 58
1168 0 58
1169 0 58
1170 0 57
1171 0 58
1172 0 58
1173 0 57
1174 0 57
1175 0 58
1176 0 58
1177 0 58
1178 0 58
1179 0 58
1180 0 57
1181 0 58
1182 0 58
1183 0 58
1184 0 58
1185 0 58
1186 0 58
1187 0 58
1188 0 58
1189 0 58
1190 0 58
1191 0 58
1192 0 58
1193 0 58
1194 0 58
1195 0 58
1196 0 57
1197 0 57
1198 0 57
1199 0 58
1200 0 58
1201 0 57
1202 0 57
1203 0 57
1204 0 58
1205 0 58
1206 0 57
1207 0 57
1208 0 58
1209 0 58
1210 0 58
1211 0 57
1212 0 57
1213 0 57
1214 0 57
1215 0 57
1216 0 57
1217 0 58
1218 0 58
1219 0 58
1220 0 57
1221 0 57
1222 0 56
1223 0 58
1224 0 58
1225 0 57
1226 0 57
1227 0 57
1228 0 58
1229 0 58
1230 0 57
1231 0 57
1232 0 58
1233 0 58
1234 0 58
1235 0 57
1236 0 57
1237 0 57
1238 0 57
1239 0 57
1240 0 57
1241 0 58
1242 0 58
1243 0 57
1244 0 57
1245 0 57
1246 0 58
1247 0 58
1248 0 57
1249 0 57
1250 0 58
1251 0 58
1252 0 58
1253 0 57
1254 0 57
1255 0 57
1256 0 57
1257 0 57
1258 0 57
1259 0 58
1260 0 58
1261 0 58
1262 0 57
1263 0 57
1264 0 56
1265 0 58
1266 0 58
1267 0 57
1268 0 57
1269 0 57
1270 0 58
1271 0 58
1272 0 57
1273 0 57
1274 0 58
1275 0 58
1276 0 58
1277 0 57
1278 0 57
1279 0 57
1280 0 57
1281 0 57
1282 0 57
1283 0 57
1284 0 57
1285 0 57
1286 0 57
1287 0 57
1288 0 56
1289 0 57
1290 0 57
1291 0 56
1292 0 56
1293 0 57
1294 0 57
1295 0 57
1296 0 57
1297 0 57
1298 0 56
1299 0 58
1300 0 58
1301 0 57
1302 0 57
1303 0 57
1304 0 58
1305 0 58
1306 0 57
1307 0 57
1308 0 58
1309 0 58
1310 0 57
1311 0 57
1312 0 57
1313 0 58
1314 0 58
1315 0 57
1316 0 57
1317 0 57
1318 0 57
1319 0 57
1320 0 57
1321 0 57
1322 0 57
1323 0 57
1324 0 57
1325 0 57
1326 0 59
1327 0 59
1328 0 59
1329 0 59
1330 0 59
1331 0 58
1332 0 59
1333 0 59
1334 0 58
1335 0 58
1336 0 59
1337 0 59
1338 0 59
1339 0 59
1340 0 59
1341 0 58
1342 0 59
1343 0 59
1344 0 58
1345 0 58
1346 0 58
1347 0 59
1348 0 59
1349 0 58
1350 0 58
1351 0 58
1352 0 58
1353 0 58
1354 0 58
1355 0 58
1356 0 58
1357 0 58
1358 0 58
1359 0 58
1360 0 59
1361 0 59
1362 0 58
1363 0 58
1364 0 58
1365 0 59
1366 0 59
1367 0 58
1368 0 58
1369 0 58
1370 0 58
1371 0 58
1372 0 58
1373 0 58
1374 0 58
1375 0 58
1376 0 58
1377 0 58
1378 0 59
1379 0 59
1380 0 59
1381 0 59
1382 0 59
1383 0 58
1384 0 59
1385 0 59
1386 0 58
1387 0 58
1388 0 59
1389 0 59
1390 0 59
1391 0 59
1392 0 59
1393 0 58
1394 0 59
1395 0 59
1396 0 58
1397 0 58
1398 0 58
1399 0 59
1400 0 59
1401 0 58
1402 0 58
1403 0 58
1404 0 58
1405 0 58
1406 0 58
1407 0 58
1408 0 58
1409 0 58
1410 0 58
1411 0 58
1412 0 59
1413 0 59
1414 0 58
1415 0 58
1416 0 58
1417 0 59
1418 0 59
1419 0 58
1420 0 58
1421 0 59
1422 0 59
1423 0 59
1424 0 58
1425 0 58
1426 0 58
1427 0 58
1428 0 58
1429 0 58
1430 0 59
1431 0 59
1432 0 59
1433 0 58
1434 0 58
1435 0 57
1436 0 59
1437 0 59
1438 0 58
1439 0 58
1440 0 58
1441 0 59
1442 0 59
1443 0 58
1444 0 58
1445 0 59
1446 0 59
1447 0 59
1448 0 58
1449 0 58
1450 0 58
1451 0 58
1452 0 58
1453 0 58
1454 0 58
1455 0 58
1456 0 58
1457 0 58
1458 0 58
1459 0 57
1460 0 58
1461 0 58
1462 0 57
1463 0 57
1464 0 58
1465 0 58
1466 0 58
1467 0 58
1468 0 58
1469 0 57
1470 0 58
1471 0 58
1472 0 58
1473 0 58
1474 0 58
1475 0 57
1476 0 58
1477 0 58
1478 0 57
1479 0 57
1480 0 58
1481 0 58
1482 0 58
1483 0 58
1484 0 58
1485 0 57
1486 0 58
1487 0 58
1488 0 57
1489 0 57
1490 0 57
1491 0 58
1492 0 58
1493 0 57
1494 0 57
1495 0 58
1496 0 58
1497 0 58
1498 0 58
1499 0 58
1500 0 58
1501 0 58
1502 0 58
1503 0 57
1504 0 59
1505 0 59
1506 0 58
1507 0 58
1508 0 58
1509 0 59
1510 0 59
1511 0 58
1512 0 58
1513 0 59
1514 0 59
1515 0 59
1516 0 58
1517 0 58
1518 0 58
1519 0 58
1520 0 58
1521 0 58
1522 0 59
1523 0 59
1524 0 59
1525 0 58
1526 0 58
1527 0 57
1528 0 59
1529 0 59
1530 0 58
1531 0 58
1532 0 58
1533 0 59
1534 0 59
1535 0 58
1536 0 58
1537 0 59
1538 0 59
1539 0 59
1540 0 58
1541 0 58
1542 0 58
1543 0 58
1544 0 58
1545 0 58
1546 0 58
1547 0 58
1548 0 58
1549 0 58
1550 0 58
1551 0 57
1552 0 58
1553 0 58
1554 0 57
1555 0 57
1556 0 58
1557 0 58
1558 0 58
1559 0 58
1560 0 58
1561 0 57
1562 0 58
1563 0 58
1564 0 57
1565 0 57
1566 0 57
1567 0 58
1568 0 58
1569 0 57
1570 0 57
1571 0 58
1572 0 58
1573 0 57
1574 0 57
1575 0 57
1576 0 58
1577 0 58
1578 0 57
1579 0 57
1580 0 57
1581 0 57
1582 0 57
1583 0 58
1584 0 58
1585 0 58
1586 0 58
1587 0 57
1588 0 57
1589 0 59
1590 0 59
1591 0 59
1592 0 59
1593 0 59
1594 0 58
1595 0 59
1596 0 59
1597 0 58
1598 0 58
1599 0 59
1600 0 59
1601 0 59
1602 0 59
1603 0 59
1604 0 58
1605 0 59
1606 0 59
1607 0 58
1608 0 58
1609 0 58
1610 0 59
1611 0 59
1612 0 58
1613 0 58
1614 0 58
1615 0 58
1616 0 58
1617 0 58
1618 0 58
1619 0 58
1620 0 58
1621 0 58
1622 0 58
1623 0 59
1624 0 59
1625 0 58
1626 0 58
1627 0 58
1628 0 59
1629 0 59
1630 0 58
1631 0 58
1632 0 58
1633 0 58
1634 0 58
1635 0 58
1636 0 58
1637 0 58
1638 0 58
1639 0 58
1640 0 58
1641 0 59
1642 0 59
1643 0 59
1644 0 59
1645 0 59
1646 0 58
1647 0 59
1648 0 59
1649 0 58
1650 0 58
1651 0 59
1652 0 59
1653 0 59
1654 0 59
1655 0 59
1656 0 58
1657 0 59
1658 0 59
1659 0 58
1660 0 58
1661 0 58
1662 0 59
1663 0 59
1664 0 58
1665 0 58
1666 0 58
1667 0 58
1668 0 58
1669 0 58
1670 0 58
1671 0 58
1672 0 58
1673 0 58
1674 0 58
1675 0 59
1676 0 59
1677 0 58
1678 0 58
1679 0 58
1680 0 59
1681 0 59
1682 0 58
1683 0 58
1684 0 59
1685 0 59
1686 0 59
1687 0 58
1688 0 58
1689 0 58
1690 0 58
1691 0 58
1692 0 58
1693 0 59
1694 0 59
1695 0 59
1696 0 58
1697 0 58
1698 0 57
1699 0 59
1700 0 59
1701 0 58
1702 0 58
1703 0 58
1704 0 59
1705 0 59
1706 0 58
1707 0 58
1708 0 59
1709 0 59
1710 0 59
1711 0 58
1712 0 58
1713 0 58
1714 0 58
1715 0 58
1716 0 58
1717 0 58
1718 0 58
1719 0 58
1720 0 58
1721 0 58
1722 0 57
1723 0 58
1724 0 58
1725 0 57
1726 0 57
1727 0 58
1728 0 58
1729 0 58
1730 0 58
1731 0 58
1732 0 57
1733 0 58
1734 0 58
1735 0 58
1736 0 58
1737 0 58
1738 0 57
1739 0 58
1740 0 58
1741 0 57
1742 0 57
1743 0 58
1744 0 58
1745 0 58
1746 0 58
1747 0 58
1748 0 57
1749 0 58
1750 0 58
1751 0 57
1752 0 57
1753 0 57
1754 0 58
1755 0 58
1756 0 57
1757 0 57
1758 0 58
1759 0 58
1760 0 58
1761 0 58
1762 0 58
1763 0 58
1764 0 58
1765 0 58
1766 0 57
1767 0 59
1768 0 59
1769 0 58
1770 0 58
1771 0 58
1772 0 59
1773 0 59
1774 0 58
1775 0 58
1776 0 59
1777 0 59
1778 0 59
1779 0 58
1780 0 58
1781 0 58
1782 0 58
1783 0 58
1784 0 58
1785 0 59
1786 0 59
1787 0 59
1788 0 58
1789 0 58
1790 0 57
1791 0 59
1792 0 59
1793 0 58
1794 0 58
1795 0 58
1796 0 59
1797 0 59
1798 0 58
1799 0 58
1800 0 59
1801 0 59
1802 0 59
1803 0 58
1804 0 58
1805 0 58
1806 0 58
1807 0 58
1808 0 58
1809 0 59
1810 0 59
1811 0 59
1812 0 59
1813 0 59
1814 0 58
1815 0 59
1816 0 59
1817 0 58
1818 0 58
1819 0 59
1820 0 59
1821 0 59
1822 0 59
1823 0 59
1824 0 58
1825 0 58
1826 0 58
1827 0 58
1828 0 58
1829 0 58
1830 0 58
1831 0 58
1832 0 58
1833 0 58
1834 0 58
1835 0 58
1836 0 58
1837 0 58
1838 0 58
1839 0 58
1840 0 58
1841 0 58
1842 0 58
1843 0 58
1844 0 58
1845 0 58
1846 0 58
1847 0 58
1848 0 58
1849 0 58
1850 0 58
1851 0 58
1852 0 59
1853 0 59
1854 0 59
1855 0 59
1856 0 59
1857 0 58
1858 0 59
1859 0 59
1860 0 58
1861 0 58
1862 0 59
1863 0 59
1864 0 59
1865 0 59
1866 0 59
1867 0 58
1868 0 58
1869 0 58
1870 0 58
1871 0 58
1872 0 58
1873 0 58
1874 0 58
1875 0 58
1876 0 58
1877 0 58
1878 0 58
1879 0 58
1880 0 58
1881 0 58
1882 0 58
1883 0 57
1884 0 57
1885 0 57
1886 0 59
1887 0 59
1888 0 58
1889 0 58
1890 0 58
1891 0 59
1892 0 59
1893 0 58
1894 0 58
1895 0 59
1896 0 59
1897 0 59
1898 0 58
1899 0 58
1900 0 58
1901 0 58
1902 0 58
1903 0 58
1904 0 59
1905 0 59
1906 0 59
1907 0 58
1908 0 58
1909 0 57
1910 0 59
1911 0 59
1912 0 58
1913 0 58
1914 0 58
1915 0 59
1916 0 59
1917 0 58
1918 0 58
1919 0 59
1920 0 59
1921 0 59
1922 0 58
1923 0 58
1924 0 58
1925 0 58
1926 0 58
1927 0 58
1928 0 59
1929 0 59
1930 0 59
1931 0 59
1932 0 59
1933 0 58
1934 0 59
1935 0 59
1936 0 58
1937 0 58
1938 0 59
1939 0 59
1940 0 59
1941 0 59
1942 0 59
1943 0 58
1944 0 58
1945 0 58
1946 0 58
1947 0 58
1948 0 58
1949 0 58
1950 0 58
1951 0 58
1952 0 58
1953 0 58
1954 0 58
1955 0 58
1956 0 58
1957 0 58
1958 0 58
1959 0 58
1960 0 58
1961 0 58
1962 0 58
1963 0 58
1964 0 58
1965 0 58
1966 0 58
1967 0 58
1968 0 58
1969 0 58
1970 0 58
1971 0 58
1972 0 58
1973 0 58
1974 0 58
1975 0 58
1976 0 57
1977 0 58
1978 0 58
1979 0 57
1980 0 57
1981 0 58
1982 0 58
1983 0 58
1984 0 58
1985 0 58
1986 0 57
1987 0 58
1988 0 58
1989 0 58
1990 0 58
1991 0 58
1992 0 58
1993 0 58
1994 0 58
1995 0 58
1996 0 58
1997 0 58
1998 0 58
1999 0 58
2000 0 58
2001 0 58
2002 0 57
2003 0 57
2004 0 57
2005 0 58
2006 0 58
2007 0 58
2008 0 58
2009 0 58
2010 0 58
2011 0 58
2012 0 58
2013 0 58
2014 0 58
2015 0 58
2016 0 58
2017 0 57
2018 0 57
2019 0 57
2020 0 57
2021 0 57
2022 0 57
2023 0 58
2024 0 58
2025 0 58
2026 0 58
2027 0 58
2028 0 57
2029 0 58
2030 0 58
2031 0 57
2032 0 57
2033 0 58
2034 0 58
2035 0 58
2036 0 58
2037 0 58
2038 0 57
2039 0 58
2040 0 58
2041 0 58
2042 0 58
2043 0 58
2044 0 58
2045 0 58
2046 0 58
2047 0 58
2048 0 58
2049 0 58
2050 0 58
2051 0 58
2052 0 58
2053 0 58
2054 0 57
2055 0 57
2056 0 57
2057 0 58
2058 0 58
2059 0 58
2060 0 58
2061 0 58
2062 0 57
2063 0 58
2064 0 58
2065 0 57
2066 0 57
2067 0 58
2068 0 58
2069 0 58
2070 0 58
2071 0 58
2072 0 57
2073 0 58
2074 0 58
2075 0 58
2076 0 58
2077 0 58
2078 0 58
2079 0 58
2080 0 58
2081 0 58
2082 0 58
2083 0 58
2084 0 58
2085 0 58
2086 0 58
2087 0 58
2088 0 57
2089 0 57
2090 0 57
2091 0 58
2092 0 58
2093 0 58
2094 0 58
2095 0 58
2096 0 58
2097 0 58
2098 0 58
2099 0 58
2100 0 58
2101 0 58
2102 0 58
2103 0 57
2104 0 57
2105 0 57
2106 0 57
2107 0 57
2108 0 57
2109 0 58
2110 0 58
2111 0 58
2112 0 58
2113 0 58
2114 0 57
2115 0 58
2116 0 58
2117 0 57
2118 0 57
2119 0 58
2120 0 58
2121 0 58
2122 0 58
2123 0 58
2124 0 57
2125 0 58
2126 0 58
2127 0 58
2128 0 58
2129 0 58
2130 0 58
2131 0 58
2132 0 58
2133 0 58
2134 0 58
2135 0 58
2136 0 58
2137 0 58
2138 0 58
2139 0 58
2140 0 57
2141 0 57
2142 0 57
2143 0 58
2144 0 58
2145 0 57
2146 0 57
2147 0 57
2148 0 58
2149 0 58
2150 0 57
2151 0 57
2152 0 58
2153 0 58
2154 0 58
2155 0 57
2156 0 57
2157 0 57
2158 0 57
2159 0 57
2160 0 57
2161 0 58
2162 0 58
2163 0 58
2164 0 57
2165 0 57
2166 0 56
2167 0 58
2168 0 58
2169 0 57
2170 0 57
2171 0 57
2172 0 58
2173 0 58
2174 0 57
2175 0 57
2176 0 58
2177 0 58
2178 0 58
2179 0 57
2180 0 57
2181 0 57
2182 0 57
2183 0 57
2184 0 57
2185 0 58
2186 0 58
2187 0 58
2188 0 58
2189 0 58
2190 0 57
2191 0 58
2192 0 58
2193 0 57
2194 0 57
2195 0 58
2196 0 58
2197 0 58
2198 0 58
2199 0 58
2200 0 57
2201 0 58
2202 0 58
2203 0 58
2204 0 58
2205 0 58
2206 0 57
2207 0 58
2208 0 58
2209 0 57
2210 0 57
2211 0 58
2212 0 58
2213 0 58
2214 0 58
2215 0 58
2216 0 57
2217 0 58
2218 0 58
2219 0 57
2220 0 57
2221 0 57
2222 0 58
2223 0 58
2224 0 57
2225 0 57
2226 0 58
2227 0 58
2228 0 58
2229 0 58
2230 0 58
2231 0 58
2232 0 57
2233 0 57
2234 0 57
2235 0 59
2236 0 59
2237 0 59
2238 0 58
2239 0 59
2240 0 58
2241 0 59
2242 0 59
2243 0 59
2244 0 58
2245 0 59
2246 0 58
2247 0 58
2248 0 59
2249 0 58
2250 0 58
2251 0 58
2252 0 58
2253 0 58
2254 0 58
2255 0 58
2256 0 59
2257 0 58
2258 0 58
2259 0 59
2260 0 58
2261 0 58
2262 0 58
2263 0 58
2264 0 58
2265 0 58
2266 0 59
2267 0 59
2268 0 59
2269 0 58
2270 0 59
2271 0 58
2272 0 59
2273 0 59
2274 0 59
2275 0 58
2276 0 59
2277 0 58
2278 0 58
2279 0 59
2280 0 58
2281 0 58
2282 0 58
2283 0 58
2284 0 58
2285 0 58
2286 0 58
2287 0 59
2288 0 58
2289 0 58
2290 0 59
2291 0 58
2292 0 59
2293 0 59
2294 0 58
2295 0 58
2296 0 58
2297 0 59
2298 0 59
2299 0 58
2300 0 57
2301 0 59
2302 0 58
2303 0 58
2304 0 59
2305 0 58
2306 0 59
2307 0 59
2308 0 58
2309 0 58
2310 0 58
2311 0 58
2312 0 58
2313 0 58
2314 0 57
2315 0 58
2316 0 57
2317 0 58
2318 0 58
2319 0 58
2320 0 57
2321 0 58
2322 0 58
2323 0 58
2324 0 57
2325 0 58
2326 0 57
2327 0 58
2328 0 58
2329 0 58
2330 0 57
2331 0 58
2332 0 57
2333 0 57
2334 0 58
2335 0 57
2336 0 58
2337 0 58
2338 0 58
2339 0 58
2340 0 58
2341 0 57
2342 0 59
2343 0 58
2344 0 58
2345 0 59
2346 0 58
2347 0 59
2348 0 59
2349 0 58
2350 0 58
2351 0 58
2352 0 59
2353 0 59
2354 0 58
2355 0 57
2356 0 59
2357 0 58
2358 0 58
2359 0 59
2360 0 58
2361 0 59
2362 0 59
2363 0 58
2364 0 58
2365 0 58
2366 0 58
2367 0 58
2368 0 58
2369 0 57
2370 0 58
2371 0 57
2372 0 58
2373 0 58
2374 0 58
2375 0 57
2376 0 58
2377 0 57
2378 0 57
2379 0 58
2380 0 57
2381 0 58
2382 0 57
2383 0 57
2384 0 58
2385 0 57
2386 0 57
2387 0 57
2388 0 58
2389 0 58
2390 0 57
2391 0 59
2392 0 59
2393 0 59
2394 0 58
2395 0 59
2396 0 58
2397 0 59
2398 0 59
2399 0 59
2400 0 58
2401 0 59
2402 0 58
2403 0 58
2404 0 59
2405 0 58
2406 0 58
2407 0 58
2408 0 58
2409 0 58
2410 0 58
2411 0 58
2412 0 59
2413 0 58
2414 0 58
2415 0 59
2416 0 58
2417 0 58
2418 0 58
2419 0 58
2420 0 58
2421 0 58
2422 0 59
2423 0 59
2424 0 59
2425 0 58
2426 0 59
2427 0 58
2428 0 59
2429 0 59
2430 0 59
2431 0 58
2432 0 59
2433 0 58
2434 0 58
2435 0 59
2436 0 58
2437 0 58
2438 0 58
2439 0 58
2440 0 58
2441 0 58
2442 0 58
2443 0 59
2444 0 58
2445 0 58
2446 0 59
2447 0 58
2448 0 59
2449 0 59
2450 0 58
2451 0 58
2452 0 58
2453 0 59
2454 0 59
2455 0 58
2456 0 57
2457 0 59
2458 0 58
2459 0 58
2460 0 59
2461 0 58
2462 0 59
2463 0 59
2464 0 58
2465 0 58
2466 0 58
2467 0 58
2468 0 58
2469 0 58
2470 0 57
2471 0 58
2472 0 57
2473 0 58
2474 0 58
2475 0 58
2476 0 57
2477 0 58
2478 0 58
2479 0 58
2480 0 57
2481 0 58
2482 0 57
2483 0 58
2484 0 58
2485 0 58
2486 0 57
2487 0 58
2488 0 57
2489 0 57
2490 0 58
2491 0 57
2492 0 58
2493 0 58
2494 0 58
2495 0 58
2496 0 58
2497 0 57
2498 0 59
2499 0 58
2500 0 58
2501 0 59
2502 0 58
2503 0 59
2504 0 59
2505 0 58
2506 0 58
2507 0 58
2508 0 59
2509 0 59
2510 0 58
2511 0 57
2512 0 59
2513 0 58
2514 0 58
2515 0 59
2516 0 58
2517 0 59
2518 0 59
2519 0 58
2520 0 58
2521 0 58
2522 0 59
2523 0 59
2524 0 59
2525 0 58
2526 0 59
2527 0 58
2528 0 59
2529 0 59
2530 0 59
2531 0 58
2532 0 58
2533 0 58
2534 0 58
2535 0 58
2536 0 58
2537 0 58
2538 0 58
2539 0 58
2540 0 58
2541 0 58
2542 0 58
2543 0 58
2544 0 58
2545 0 58
2546 0 58
2547 0 59
2548 0 59
2549 0 59
2550 0 58
2551 0 59
2552 0 58
2553 0 59
2554 0 59
2555 0 59
2556 0 58
2557 0 58
2558 0 58
2559 0 58
2560 0 58
2561 0 58
2562 0 58
2563 0 58
2564 0 58
2565 0 58
2566 0 57
2567 0 57
2568 0 59
2569 0 58
2570 0 58
2571 0 59
2572 0 58
2573 0 59
2574 0 59
2575 0 58
2576 0 58
2577 0 58
2578 0 59
2579 0 59
2580 0 58
2581 0 57
2582 0 59
2583 0 58
2584 0 58
2585 0 59
2586 0 58
2587 0 59
2588 0 59
2589 0 58
2590 0 58
2591 0 58
2592 0 59
2593 0 59
2594 0 59
2595 0 58
2596 0 59
2597 0 58
2598 0 59
2599 0 59
2600 0 59
2601 0 58
2602 0 58
2603 0 58
2604 0 58
2605 0 58
2606 0 58
2607 0 58
2608 0 58
2609 0 58
2610 0 58
2611 0 58
2612 0 58
2613 0 58
2614 0 58
2615 0 58
2616 0 58
2617 0 58
2618 0 58
2619 0 58
2620 0 57
2621 0 58
2622 0 57
2623 0 58
2624 0 58
2625 0 58
2626 0 57
2627 0 58
2628 0 58
2629 0 58
2630 0 58
2631 0 58
2632 0 58
2633 0 58
2634 0 58
2635 0 58
2636 0 57
2637 0 57
2638 0 58
2639 0 58
2640 0 58
2641 0 58
2642 0 58
2643 0 58
2644 0 58
2645 0 57
2646 0 57
2647 0 57
2648 0 58
2649 0 58
2650 0 58
2651 0 57
2652 0 58
2653 0 57
2654 0 58
2655 0 58
2656 0 58
2657 0 57
2658 0 58
2659 0 58
2660 0 58
2661 0 58
2662 0 58
2663 0 58
2664 0 58
2665 0 58
2666 0 58
2667 0 57
2668 0 57
2669 0 58
2670 0 58
2671 0 58
2672 0 57
2673 0 58
2674 0 57
2675 0 58
2676 0 58
2677 0 58
2678 0 57
2679 0 58
2680 0 58
2681 0 58
2682 0 58
2683 0 58
2684 0 58
2685 0 58
2686 0 58
2687 0 58
2688 0 57
2689 0 57
2690 0 58
2691 0 58
2692 0 58
2693 0 58
2694 0 58
2695 0 58
2696 0 58
2697 0 57
2698 0 57
2699 0 57
2700 0 58
2701 0 58
2702 0 58
2703 0 57
2704 0 58
2705 0 57
2706 0 58
2707 0 58
2708 0 58
2709 0 57
2710 0 58
2711 0 58
2712 0 58
2713 0 58
2714 0 58
2715 0 58
2716 0 58
2717 0 58
2718 0 58
2719 0 57
2720 0 57
2721 0 58
2722 0 57
2723 0 57
2724 0 58
2725 0 57
2726 0 58
2727 0 58
2728 0 57
2729 0 57
2730 0 57
2731 0 58
2732 0 58
2733 0 57
2734 0 56
2735 0 58
2736 0 57
2737 0 57
2738 0 58
2739 0 57
2740 0 58
2741 0 58
2742 0 57
2743 0 57
2744 0 57
2745 0 58
2746 0 58
2747 0 58
2748 0 57
2749 0 58
2750 0 57
2751 0 58
2752 0 58
2753 0 58
2754 0 57
2755 0 58
2756 0 58
2757 0 58
2758 0 57
2759 0 58
2760 0 57
2761 0 58
2762 0 58
2763 0 58
2764 0 57
2765 0 58
2766 0 57
2767 0 57
2768 0 58
2769 0 57
2770 0 58
2771 0 58
2772 0 58
2773 0 58
2774 0 57
2775 0 57
2776 0 59
2777 0 58
2778 0 58
2779 0 59
2780 0 58
2781 0 59
2782 0 59
2783 0 58
2784 0 58
2785 0 58
2786 0 59
2787 0 59
2788 0 58
2789 0 57
2790 0 59
2791 0 58
2792 0 58
2793 0 59
2794 0 58
2795 0 59
2796 0 59
2797 0 58
2798 0 58
2799 0 58
2800 0 59
2801 0 59
2802 0 59
2803 0 58
2804 0 59
2805 0 58
2806 0 59
2807 0 59
2808 0 59
2809 0 58
2810 0 58
2811 0 58
2812 0 58
2813 0 58
2814 0 58
2815 0 58
2816 0 58
2817 0 58
2818 0 58
2819 0 58
2820 0 58
2821 0 58
2822 0 58
2823 0 58
2824 0 58
2825 0 59
2826 0 59
2827 0 59
2828 0 58
2829 0 59
2830 0 58
2831 0 59
2832 0 59
2833 0 59
2834 0 58
2835 0 58
2836 0 58
2837 0 58
2838 0 58
2839 0 58
2840 0 58
2841 0 58
2842 0 58
2843 0 58
2844 0 57
2845 0 57
2846 0 59
2847 0 58
2848 0 58
2849 0 59
2850 0 58
2851 0 59
2852 0 59
2853 0 58
2854 0 58
2855 0 58
2856 0 59
2857 0 59
2858 0 58
2859 0 57
2860 0 59
2861 0 58
2862 0 58
2863 0 59
2864 0 58
2865 0 59
2866 0 59
2867 0 58
2868 0 58
2869 0 58
2870 0 59
2871 0 59
2872 0 59
2873 0 58
2874 0 59
2875 0 58
2876 0 59
2877 0 59
2878 0 59
2879 0 58
2880 0 58
2881 0 58
2882 0 58
2883 0 58
2884 0 58
2885 0 58
2886 0 58
2887 0 58
2888 0 58
2889 0 58
2890 0 58
2891 0 58
2892 0 58
2893 0 58
2894 0 58
2895 0 58
2896 0 58
2897 0 58
2898 0 57
2899 0 58
2900 0 57
2901 0 58
2902 0 58
2903 0 58
2904 0 57
2905 0 58
2906 0 58
2907 0 58
2908 0 58
2909 0 58
2910 0 58
2911 0 58
2912 0 58
2913 0 58
2914 0 57
2915 0 57
2916 0 58
2917 0 58
2918 0 58
2919 0 58
2920 0 58
2921 0 58
2922 0 58
2923 0 57
2924 0 57
2925 0 57
2926 0 58
2927 0 58
2928 0 58
2929 0 57
2930 0 58
2931 0 57
2932 0 58
2933 0 58
2934 0 58
2935 0 57
2936 0 58
2937 0 58
2938 0 58
2939 0 58
2940 0 58
2941 0 58
2942 0 58
2943 0 58
2944 0 58
2945 0 57
2946 0 57
2947 0 58
2948 0 57
2949 0 57
2950 0 58
2951 0 57
2952 0 58
2953 0 58
2954 0 57
2955 0 57
2956 0 57
2957 0 58
2958 0 58
2959 0 57
2960 0 56
2961 0 58
2962 0 57
2963 0 57
2964 0 58
2965 0 57
2966 0 58
2967 0 58
2968 0 57
2969 0 57
2970 0 57
2971 0 58
2972 0 57
2973 0 57
2974 0 58
2975 0 57
2976 0 58
2977 0 58
2978 0 57
2979 0 57
2980 0 57
2981 0 58
2982 0 58
2983 0 57
2984 0 56
2985 0 58
2986 0 57
2987 0 57
2988 0 58
2989 0 57
2990 0 58
2991 0 58
2992 0 57
2993 0 57
2994 0 57
2995 0 57
2996 0 57
2997 0 57
2998 0 56
2999 0 57
3000 0 56
3001 0 57
3002 0 57
3003 0 57
3004 0 56
3005 0 58
3006 0 57
3007 0 57
3008 0 58
3009 0 57
3010 0 58
3011 0 57
3012 0 57
3013 0 58
3014 0 57
3015 0 57
3016 0 57
3017 0 57
3018 0 57
3019 0 57
3020 0 59
3021 0 59
3022 0 59
3023 0 58
3024 0 59
3025 0 58
3026 0 59
3027 0 59
3028 0 59
3029 0 58
3030 0 59
3031 0 58
3032 0 58
3033 0 59
3034 0 58
3035 0 58
3036 0 58
3037 0 58
3038 0 58
3039 0 58
3040 0 58
3041 0 59
3042 0 58
3043 0 58
3044 0 59
3045 0 58
3046 0 58
3047 0 58
3048 0 58
3049 0 58
3050 0 58
3051 0 59
3052 0 59
3053 0 59
3054 0 58
3055 0 59
3056 0 58
3057 0 59
3058 0 59
3059 0 59
3060 0 58
3061 0 59
3062 0 58
3063 0 58
3064 0 59
3065 0 58
3066 0 58
3067 0 58
3068 0 58
3069 0 58
3070 0 58
3071 0 58
3072 0 59
3073 0 58
3074 0 58
3075 0 59
3076 0 58
3077 0 59
3078 0 59
3079 0 58
3080 0 58
3081 0 58
3082 0 59
3083 0 59
3084 0 58
3085 0 57
3086 0 59
3087 0 58
3088 0 58
3089 0 59
3090 0 58
3091 0 59
3092 0 59
3093 0 58
3094 0 58
3095 0 58
3096 0 58
3097 0 58
3098 0 58
3099 0 57
3100 0 58
3101 0 57
3102 0 58
3103 0 58
3104 0 58
3105 0 57
3106 0 58
3107 0 58
3108 0 58
3109 0 57
3110 0 58
3111 0 57
3112 0 58
3113 0 58
3114 0 58
3115 0 57
3116 0 58
3117 0 57
3118 0 57
3119 0 58
3120 0 57
3121 0 58
3122 0 58
3123 0 58
3124 0 58
3125 0 58
3126 0 57
3127 0 59
3128 0 58
3129 0 58
3130 0 59
3131 0 58
3132 0 59
3133 0 59
3134 0 58
3135 0 58
3136 0 58
3137 0 59
3138 0 59
3139 0 58
3140 0 57
3141 0 59
3142 0 58
3143 0 58
3144 0 59
3145 0 58
3146 0 59
3147 0 59
3148 0 58
3149 0 58
3150 0 58
3151 0 58
3152 0 58
3153 0 58
3154 0 57
3155 0 58
3156 0 57
3157 0 58
3158 0 58
3159 0 58
3160 0 57
3161 0 58
3162 0 57
3163 0 57
3164 0 58
3165 0 57
3166 0 58
3167 0 57
3168 0 57
3169 0 58
3170 0 57
3171 0 57
3172 0 57
3173 0 58
3174 0 58
3175 0 57
3176 0 59
3177 0 59
3178 0 59
3179 0 58
3180 0 59
3181 0 58
3182 0 59
3183 0 59
3184 0 59
3185 0 58
3186 0 59
3187 0 58
3188 0 58
3189 0 59
3190 0 58
3191 0 58
3192 0 58
3193 0 58
3194 0 58
3195 0 58
3196 0 58
3197 0 59
3198 0 58
3199 0 58
3200 0 59
3201 0 58
3202 0 58
3203 0 58
3204 0 58
3205 0 58
3206 0 58
3207 0 59
3208 0 59
3209 0 59
3210 0 58
3211 0 59
3212 0 58
3213 0 59
3214 0 59
3215 0 59
3216 0 58
3217 0 59
3218 0 58
3219 0 58
3220 0 59
3221 0 58
3222 0 58
3223 0 58
3224 0 58
3225 0 58
3226 0 58
3227 0 58
3228 0 59
3229 0 58
3230 0 58
3231 0 59
3232 0 58
3233 0 59
3234 0 59
3235 0 58
3236 0 58
3237 0 58
3238 0 59
3239 0 59
3240 0 58
3241 0 57
3242 0 59
3243 0 58
3244 0 58
3245 0 59
3246 0 58
3247 0 59
3248 0 59
3249 0 58
3250 0 58
3251 0 58
3252 0 58
3253 0 58
3254 0 58
3255 0 57
3256 0 58
3257 0 57
3258 0 58
3259 0 58
3260 0 58
3261 0 57
3262 0 58
3263 0 58
3264 0 58
3265 0 57
3266 0 58
3267 0 57
3268 0 58
3269 0 58
3270 0 58
3271 0 57
3272 0 58
3273 0 57
3274 0 57
3275 0 58
3276 0 57
3277 0 58
3278 0 58
3279 0 58
3280 0 58
3281 0 58
3282 0 57
3283 0 59
3284 0 58
3285 0 58
3286 0 59
3287 0 58
3288 0 59
3289 0 59
3290 0 58
3291 0 58
3292 0 58
3293 0 59
3294 0 59
3295 0 58
3296 0 57
3297 0 59
3298 0 58
3299 0 58
3300 0 59
3301 0 58
3302 0 59
3303 0 59
3304 0 58
3305 0 58
3306 0 58
3307 0 59
3308 0 59
3309 0 59
3310 0 58
3311 0 59
3312 0 58
3313 0 59
3314 0 59
3315 0 59
3316 0 58
3317 0 58
3318 0 58
3319 0 58
3320 0 58
3321 0 58
3322 0 58
3323 0 58
3324 0 58
3325 0 58
3326 0 58
3327 0 58
3328 0 58
3329 0 58
3330 0 58
3331 0 58
3332 0 59
3333 0 59
3334 0 59
3335 0 58
3336 0 59
3337 0 58
3338 0 59
3339 0 59
3340 0 59
3341 0 58
3342 0 58
3343 0 58
3344 0 58
3345 0 58
3346 0 58
3347 0 58
3348 0 58
3349 0 58
3350 0 58
3351 0 57
3352 0 57
3353 0 59
3354 0 58
3355 0 58
3356 0 59
3357 0 58
3358 0 59
3359 0 59
3360 0 58
3361 0 58
3362 0 58
3363 0 59
3364 0 59
3365 0 58
3366 0 57
3367 0 59
3368 0 58
3369 0 58
3370 0 59
3371 0 58
3372 0 59
3373 0 59
3374 0 58
3375 0 58
3376 0 58
3377 0 59
3378 0 59
3379 0 59
3380 0 58
3381 0 59
3382 0 58
3383 0 59
3384 0 59
3385 0 59
3386 0 58
3387 0 58
3388 0 58
3389 0 58
3390 0 58
3391 0 58
3392 0 58
3393 0 58
3394 0 58
3395 0 58
3396 0 58
3397 0 58
3398 0 58
3399 0 58
3400 0 58
3401 0 58
3402 0 58
3403 0 58
3404 0 58
3405 0 57
3406 0 58
3407 0 57
3408 0 58
3409 0 58
3410 0 58
3411 0 57
3412 0 58
3413 0 58
3414 0 58
3415 0 58
3416 0 58
3417 0 58
3418 0 58
3419 0 58
3420 0 58
3421 0 57
3422 0 57
3423 0 58
3424 0 58
3425 0 58
3426 0 58
3427 0 58
3428 0 58
3429 0 58
3430 0 57
3431 0 57
3432 0 57
3433 0 58
3434 0 58
3435 0 58
3436 0 57
3437 0 58
3438 0 57
3439 0 58
3440 0 58
3441 0 58
3442 0 57
3443 0 58
3444 0 58
3445 0 58
3446 0 58
3447 0 58
3448 0 58
3449 0 58
3450 0 58
3451 0 58
3452 0 57
3453 0 57
3454 0 58
3455 0 58
3456 0 58
3457 0 57
3458 0 58
3459 0 57
3460 0 58
3461 0 58
3462 0 58
3463 0 57
3464 0 58
3465 0 58
3466 0 58
3467 0 58
3468 0 58
3469 0 58
3470 0 58
3471 0 58
3472 0 58
3473 0 57
3474 0 57
3475 0 58
3476 0 58
3477 0 58
3478 0 58
3479 0 58
3480 0 58
3481 0 58
3482 0 57
3483 0 57
3484 0 57
3485 0 58
3486 0 58
3487 0 58
3488 0 57
3489 0 58
3490 0 57
3491 0 58
3492 0 58
3493 0 58
3494 0 57
3495 0 58
3496 0 58
3497 0 58
3498 0 58
3499 0 58
3500 0 58
3501 0 58
3502 0 58
3503 0 58
3504 0 57
3505 0 57
3506 0 58
3507 0 57
3508 0 57
3509 0 58
3510 0 57
3511 0 58
3512 0 58
3513 0 57
3514 0 57
3515 0 57
3516 0 58
3517 0 58
3518 0 57
3519 0 56
3520 0 58
3521 0 57
3522 0 57
3523 0 58
3524 0 57
3525 0 58
3526 0 58
3527 0 57
3528 0 57
3529 0 57
3530 0 58
3531 0 58
3532 0 58
3533 0 57
3534 0 58
3535 0 57
3536 0 58
3537 0 58
3538 0 58
3539 0 57
3540 0 58
3541 0 58
3542 0 58
3543 0 57
3544 0 58
3545 0 57
3546 0 58
3547 0 58
3548 0 58
3549 0 57
3550 0 58
3551 0 57
3552 0 57
3553 0 58
3554 0 57
3555 0 58
3556 0 58
3557 0 58
3558 0 58
3559 0 57
3560 0 57
3561 0 59
3562 0 58
3563 0 59
3564 0 58
3565 0 58
3566 0 58
3567 0 58
3568 0 58
3569 0 58
3570 0 58
3571 0 58
3572 0 59
3573 0 58
3574 0 59
3575 0 58
3576 0 58
3577 0 58
3578 0 58
3579 0 58
3580 0 58
3581 0 59
3582 0 58
3583 0 59
3584 0 58
3585 0 58
3586 0 59
3587 0 58
3588 0 58
3589 0 57
3590 0 58
3591 0 58
3592 0 57
3593 0 58
3594 0 57
3595 0 57
3596 0 58
3597 0 58
3598 0 58
3599 0 58
3600 0 59
3601 0 58
3602 0 59
3603 0 58
3604 0 58
3605 0 59
3606 0 58
3607 0 58
3608 0 57
3609 0 58
3610 0 57
3611 0 57
3612 0 57
3613 0 57
3614 0 57
3615 0 57
3616 0 59
3617 0 58
3618 0 59
3619 0 58
3620 0 58
3621 0 58
3622 0 58
3623 0 58
3624 0 58
3625 0 58
3626 0 58
3627 0 59
3628 0 58
3629 0 59
3630 0 58
3631 0 58
3632 0 58
3633 0 58
3634 0 58
3635 0 58
3636 0 59
3637 0 58
3638 0 59
3639 0 58
3640 0 58
3641 0 59
3642 0 58
3643 0 58
3644 0 57
3645 0 58
3646 0 58
3647 0 57
3648 0 58
3649 0 57
3650 0 57
3651 0 58
3652 0 58
3653 0 58
3654 0 58
3655 0 59
3656 0 58
3657 0 59
3658 0 58
3659 0 58
3660 0 59
3661 0 58
3662 0 59
3663 0 58
3664 0 59
3665 0 58
3666 0 58
3667 0 58
3668 0 58
3669 0 58
3670 0 58
3671 0 59
3672 0 58
3673 0 59
3674 0 58
3675 0 58
3676 0 58
3677 0 58
3678 0 58
3679 0 58
3680 0 59
3681 0 58
3682 0 59
3683 0 58
3684 0 58
3685 0 59
3686 0 58
3687 0 59
3688 0 58
3689 0 59
3690 0 58
3691 0 58
3692 0 58
3693 0 58
3694 0 58
3695 0 58
3696 0 58
3697 0 57
3698 0 58
3699 0 58
3700 0 58
3701 0 58
3702 0 58
3703 0 58
3704 0 58
3705 0 58
3706 0 57
3707 0 58
3708 0 57
3709 0 58
3710 0 58
3711 0 58
3712 0 58
3713 0 58
3714 0 58
3715 0 57
3716 0 58
3717 0 58
3718 0 58
3719 0 58
3720 0 58
3721 0 58
3722 0 58
3723 0 58
3724 0 57
3725 0 58
3726 0 57
3727 0 58
3728 0 58
3729 0 58
3730 0 58
3731 0 58
3732 0 57
3733 0 57
3734 0 58
3735 0 57
3736 0 58
3737 0 57
3738 0 57
3739 0 58
3740 0 57
3741 0 58
3742 0 57
3743 0 58
3744 0 58
3745 0 57
3746 0 58
3747 0 57
3748 0 57
3749 0 58
3750 0 58
3751 0 58
3752 0 58
3753 0 59
3754 0 58
3755 0 59
3756 0 58
3757 0 58
3758 0 59
3759 0 58
3760 0 59
3761 0 58
3762 0 59
3763 0 58
3764 0 58
3765 0 58
3766 0 58
3767 0 58
3768 0 58
3769 0 59
3770 0 58
3771 0 59
3772 0 58
3773 0 58
3774 0 58
3775 0 58
3776 0 58
3777 0 58
3778 0 59
3779 0 58
3780 0 59
3781 0 58
3782 0 58
3783 0 59
3784 0 58
3785 0 59
3786 0 58
3787 0 59
3788 0 58
3789 0 58
3790 0 58
3791 0 58
3792 0 58
3793 0 58
3794 0 58
3795 0 57
3796 0 58
3797 0 58
3798 0 58
3799 0 58
3800 0 58
3801 0 58
3802 0 58
3803 0 58
3804 0 57
3805 0 58
3806 0 57
3807 0 58
3808 0 58
3809 0 58
3810 0 58
3811 0 58
3812 0 57
3813 0 57
3814 0 58
3815 0 57
3816 0 58
3817 0 57
3818 0 57
3819 0 58
3820 0 57
3821 0 57
3822 0 57
3823 0 58
3824 0 57
3825 0 58
3826 0 57
3827 0 57
3828 0 58
3829 0 57
3830 0 57
3831 0 56
3832 0 57
3833 0 57
3834 0 57
3835 0 57
3836 0 57
3837 0 57
3838 0 57
3839 0 59
3840 0 58
3841 0 59
3842 0 58
3843 0 58
3844 0 58
3845 0 58
3846 0 58
3847 0 58
3848 0 58
3849 0 58
3850 0 59
3851 0 58
3852 0 59
3853 0 58
3854 0 58
3855 0 58
3856 0 58
3857 0 58
3858 0 58
3859 0 59
3860 0 58
3861 0 59
3862 0 58
3863 0 58
3864 0 59
3865 0 58
3866 0 58
3867 0 57
3868 0 58
3869 0 58
3870 0 57
3871 0 58
3872 0 57
3873 0 57
3874 0 58
3875 0 58
3876 0 58
3877 0 58
3878 0 59
3879 0 58
3880 0 59
3881 0 58
3882 0 58
3883 0 59
3884 0 58
3885 0 58
3886 0 57
3887 0 58
3888 0 57
3889 0 57
3890 0 57
3891 0 57
3892 0 57
3893 0 57
3894 0 59
3895 0 58
3896 0 59
3897 0 58
3898 0 58
3899 0 58
3900 0 58
3901 0 58
3902 0 58
3903 0 58
3904 0 58
3905 0 59
3906 0 58
3907 0 59
3908 0 58
3909 0 58
3910 0 58
3911 0 58
3912 0 58
3913 0 58
3914 0 59
3915 0 58
3916 0 59
3917 0 58
3918 0 58
3919 0 59
3920 0 58
3921 0 58
3922 0 57
3923 0 58
3924 0 58
3925 0 57
3926 0 58
3927 0 57
3928 0 57
3929 0 58
3930 0 58
3931 0 58
3932 0 58
3933 0 59
3934 0 58
3935 0 59
3936 0 58
3937 0 58
3938 0 59
3939 0 58
3940 0 59
3941 0 58
3942 0 59
3943 0 58
3944 0 58
3945 0 58
3946 0 58
3947 0 58
3948 0 58
3949 0 59
3950 0 58
3951 0 59
3952 0 58
3953 0 58
3954 0 58
3955 0 58
3956 0 58
3957 0 58
3958 0 59
3959 0 58
3960 0 59
3961 0 58
3962 0 58
3963 0 59
3964 0 58
3965 0 59
3966 0 58
3967 0 59
3968 0 58
3969 0 58
3970 0 58
3971 0 58
3972 0 58
3973 0 58
3974 0 58
3975 0 57
3976 0 58
3977 0 58
3978 0 58
3979 0 58
3980 0 58
3981 0 58
3982 0 58
3983 0 58
3984 0 57
3985 0 58
3986 0 57
3987 0 58
3988 0 58
3989 0 58
3990 0 58
3991 0 58
3992 0 58
3993 0 57
3994 0 58
3995 0 58
3996 0 58
3997 0 58
3998 0 58
3999 0 58
4000 0 58
4001 0 58
4002 0 57
4003 0 58
4004 0 57
4005 0 58
4006 0 58
4007 0 58
4008 0 58
4009 0 58
4010 0 57
4011 0 57
4012 0 58
4013 0 57
4014 0 58
4015 0 57
4016 0 57
4017 0 58
4018 0 57
4019 0 58
4020 0 57
4021 0 58
4022 0 58
4023 0 57
4024 0 58
4025 0 57
4026 0 57
4027 0 58
4028 0 58
4029 0 58
4030 0 58
4031 0 58
4032 0 58
4033 0 58
4034 0 57
4035 0 58
4036 0 58
4037 0 57
4038 0 57
4039 0 58
4040 0 58
4041 0 58
4042 0 58
4043 0 58
4044 0 57
4045 0 58
4046 0 58
4047 0 58
4048 0 58
4049 0 58
4050 0 58
4051 0 58
4052 0 58
4053 0 58
4054 0 58
4055 0 58
4056 0 58
4057 0 58
4058 0 58
4059 0 58
4060 0 57
4061 0 57
4062 0 57
4063 0 58
4064 0 58
4065 0 58
4066 0 58
4067 0 58
4068 0 58
4069 0 58
4070 0 58
4071 0 58
4072 0 58
4073 0 58
4074 0 58
4075 0 57
4076 0 57
4077 0 57
4078 0 57
4079 0 57
4080 0 57
4081 0 58
4082 0 58
4083 0 58
4084 0 58
4085 0 58
4086 0 57
4087 0 58
4088 0 58
4089 0 57
4090 0 57
4091 0 58
4092 0 58
4093 0 58
4094 0 58
4095 0 58
4096 0 57
4097 0 58
4098 0 58
4099 0 58
4100 0 58
4101 0 58
4102 0 58
4103 0 58
4104 0 58
4105 0 58
4106 0 58
4107 0 58
4108 0 58
4109 0 58
4110 0 58
4111 0 58
4112 0 57
4113 0 57
4114 0 57
4115 0 58
4116 0 58
4117 0 58
4118 0 58
4119 0 58
4120 0 57
4121 0 58
4122 0 58
4123 0 57
4124 0 57
4125 0 58
4126 0 58
4127 0 58
4128 0 58
4129 0 58
4130 0 57
4131 0 58
4132 0 58
4133 0 58
4134 0 58
4135 0 58
4136 0 58
4137 0 58
4138 0 58
4139 0 58
4140 0 58
4141 0 58
4142 0 58
4143 0 58
4144 0 58
4145 0 58
4146 0 57
4147 0 57
4148 0 57
4149 0 58
4150 0 58
4151 0 58
4152 0 58
4153 0 58
4154 0 58
4155 0 58
4156 0 58
4157 0 58
4158 0 58
4159 0 58
4160 0 58
4161 0 57
4162 0 57
4163 0 57
4164 0 57
4165 0 57
4166 0 57
4167 0 58
4168 0 58
4169 0 58
4170 0 58
4171 0 58
4172 0 57
4173 0 58
4174 0 58
4175 0 57
4176 0 57
4177 0 58
4178 0 58
4179 0 58
4180 0 58
4181 0 58
4182 0 57
4183 0 58
4184 0 58
4185 0 58
4186 0 58
4187 0 58
4188 0 58
4189 0 58
4190 0 58
4191 0 58
4192 0 58
4193 0 58
4194 0 58
4195 0 58
4196 0 58
4197 0 58
4198 0 57
4199 0 57
4200 0 57
4201 0 58
4202 0 58
4203 0 57
4204 0 57
4205 0 57
4206 0 58
4207 0 58
4208 0 57
4209 0 57
4210 0 58
4211 0 58
4212 0 58
4213 0 57
4214 0 57
4215 0 57
4216 0 57
4217 0 57
4218 0 57
4219 0 58
4220 0 58
4221 0 58
4222 0 57
4223 0 57
4224 0 56
4225 0 58
4226 0 58
4227 0 57
4228 0 57
4229 0 57
4230 0 58
4231 0 58
4232 0 57
4233 0 57
4234 0 58
4235 0 58
4236 0 58
4237 0 57
4238 0 57
4239 0 57
4240 0 57
4241 0 57
4242 0 57
4243 0 58
4244 0 58
4245 0 58
4246 0 58
4247 0 58
4248 0 57
4249 0 58
4250 0 58
4251 0 57
4252 0 57
4253 0 58
4254 0 58
4255 0 58
4256 0 58
4257 0 58
4258 0 57
4259 0 58
4260 0 58
4261 0 58
4262 0 58
4263 0 58
4264 0 57
4265 0 58
4266 0 58
4267 0 57
4268 0 57
4269 0 58
4270 0 58
4271 0 58
4272 0 58
4273 0 58
4274 0 57
4275 0 58
4276 0 58
4277 0 57
4278 0 57
4279 0 57
4280 0 58
4281 0 58
4282 0 57
4283 0 57
4284 0 58
4285 0 58
4286 0 58
4287 0 58
4288 0 58
4289 0 58
4290 0 57
4291 0 57
4292 0 57
4293 0 59
4294 0 58
4295 0 59
4296 0 58
4297 0 58
4298 0 58
4299 0 58
4300 0 58
4301 0 58
4302 0 58
4303 0 58
4304 0 59
4305 0 58
4306 0 59
4307 0 58
4308 0 58
4309 0 58
4310 0 58
4311 0 58
4312 0 58
4313 0 59
4314 0 58
4315 0 59
4316 0 58
4317 0 58
4318 0 59
4319 0 58
4320 0 58
4321 0 57
4322 0 58
4323 0 58
4324 0 57
4325 0 58
4326 0 57
4327 0 57
4328 0 58
4329 0 58
4330 0 58
4331 0 58
4332 0 59
4333 0 58
4334 0 59
4335 0 58
4336 0 58
4337 0 59
4338 0 58
4339 0 58
4340 0 57
4341 0 58
4342 0 57
4343 0 57
4344 0 57
4345 0 57
4346 0 57
4347 0 57
4348 0 59
4349 0 58
4350 0 59
4351 0 58
4352 0 58
4353 0 58
4354 0 58
4355 0 58
4356 0 58
4357 0 58
4358 0 58
4359 0 59
4360 0 58
4361 0 59
4362 0 58
4363 0 58
4364 0 58
4365 0 58
4366 0 58
4367 0 58
4368 0 59
4369 0 58
4370 0 59
4371 0 58
4372 0 58
4373 0 59
4374 0 58
4375 0 58
4376 0 57
4377 0 58
4378 0 58
4379 0 57
4380 0 58
4381 0 57
4382 0 57
4383 0 58
4384 0 58
4385 0 58
4386 0 58
4387 0 59
4388 0 58
4389 0 59
4390 0 58
4391 0 58
4392 0 59
4393 0 58
4394 0 59
4395 0 58
4396 0 59
4397 0 58
4398 0 58
4399 0 58
4400 0 58
4401 0 58
4402 0 58
4403 0 59
4404 0 58
4405 0 59
4406 0 58
4407 0 58
4408 0 58
4409 0 58
4410 0 58
4411 0 58
4412 0 59
4413 0 58
4414 0 59
4415 0 58
4416 0 58
4417 0 59
4418 0 58
4419 0 59
4420 0 58
4421 0 59
4422 0 58
4423 0 58
4424 0 58
4425 0 58
4426 0 58
4427 0 58
4428 0 58
4429 0 57
4430 0 58
4431 0 58
4432 0 58
4433 0 58
4434 0 58
4435 0 58
4436 0 58
4437 0 58
4438 0 57
4439 0 58
4440 0 57
4441 0 58
4442 0 58
4443 0 58
4444 0 58
4445 0 58
4446 0 58
4447 0 57
4448 0 58
4449 0 58
4450 0 58
4451 0 58
4452 0 58
4453 0 58
4454 0 58
4455 0 58
4456 0 57
4457 0 58
4458 0 57
4459 0 58
4460 0 58
4461 0 58
4462 0 58
4463 0 58
4464 0 57
4465 0 57
4466 0 58
4467 0 57
4468 0 58
4469 0 57
4470 0 57
4471 0 58
4472 0 57
4473 0 58
4474 0 57
4475 0 58
4476 0 58
4477 0 57
4478 0 58
4479 0 57
4480 0 57
4481 0 58
4482 0 58
4483 0 58
4484 0 58
4485 0 59
4486 0 58
4487 0 59
4488 0 58
4489 0 58
4490 0 59
4491 0 58
4492 0 59
4493 0 58
4494 0 59
4495 0 58
4496 0 58
4497 0 58
4498 0 58
4499 0 58
4500 0 58
4501 0 59
4502 0 58
4503 0 59
4504 0 58
4505 0 58
4506 0 58
4507 0 58
4508 0 58
4509 0 58
4510 0 59
4511 0 58
4512 0 59
4513 0 58
4514 0 58
4515 0 59
4516 0 58
4517 0 59
4518 0 58
4519 0 59
4520 0 58
4521 0 58
4522 0 58
4523 0 58
4524 0 58
4525 0 58
4526 0 58
4527 0 57
4528 0 58
4529 0 58
4530 0 58
4531 0 58
4532 0 58
4533 0 58
4534 0 58
4535 0 58
4536 0 57
4537 0 58
4538 0 57
4539 0 58
4540 0 58
4541 0 58
4542 0 58
4543 0 58
4544 0 57
4545 0 57
4546 0 58
4547 0 57
4548 0 58
4549 0 57
4550 0 57
4551 0 58
4552 0 57
4553 0 57
4554 0 57
4555 0 58
4556 0 57
4557 0 58
4558 0 57
4559 0 57
4560 0 58
4561 0 57
4562 0 57
4563 0 56
4564 0 57
4565 0 57
4566 0 57
4567 0 57
4568 0 57
4569 0 57
4570 0 57
4571 0 59
4572 0 58
4573 0 59
4574 0 58
4575 0 58
4576 0 58
4577 0 58
4578 0 58
4579 0 58
4580 0 58
4581 0 58
4582 0 59
4583 0 58
4584 0 59
4585 0 58
4586 0 58
4587 0 58
4588 0 58
4589 0 58
4590 0 58
4591 0 59
4592 0 58
4593 0 59
4594 0 58
4595 0 58
4596 0 59
4597 0 58
4598 0 58
4599 0 57
4600 0 58
4601 0 58
4602 0 57
4603 0 58
4604 0 57
4605 0 57
4606 0 58
4607 0 58
4608 0 58
4609 0 58
4610 0 59
4611 0 58
4612 0 59
4613 0 58
4614 0 58
4615 0 59
4616 0 58
4617 0 58
4618 0 57
4619 0 58
4620 0 57
4621 0 57
4622 0 57
4623 0 57
4624 0 57
4625 0 57
4626 0 59
4627 0 58
4628 0 59
4629 0 58
4630 0 58
4631 0 58
4632 0 58
4633 0 58
4634 0 58
4635 0 58
4636 0 58
4637 0 59
4638 0 58
4639 0 59
4640 0 58
4641 0 58
4642 0 58
4643 0 58
4644 0 58
4645 0 58
4646 0 59
4647 0 58
4648 0 59
4649 0 58
4650 0 58
4651 0 59
4652 0 58
4653 0 58
4654 0 57
4655 0 58
4656 0 58
4657 0 57
4658 0 58
4659 0 57
4660 0 57
4661 0 58
4662 0 58
4663 0 58
4664 0 58
4665 0 59
4666 0 58
4667 0 59
4668 0 58
4669 0 58
4670 0 59
4671 0 58
4672 0 59
4673 0 58
4674 0 59
4675 0 58
4676 0 58
4677 0 58
4678 0 58
4679 0 58
4680 0 58
4681 0 59
4682 0 58
4683 0 59
4684 0 58
4685 0 58
4686 0 58
4687 0 58
4688 0 58
4689 0 58
4690 0 59
4691 0 58
4692 0 59
4693 0 58
4694 0 58
4695 0 59
4696 0 58
4697 0 59
4698 0 58
4699 0 59
4700 0 58
4701 0 58
4702 0 58
4703 0 58
4704 0 58
4705 0 58
4706 0 58
4707 0 57
4708 0 58
4709 0 58
4710 0 58
4711 0 58
4712 0 58
4713 0 58
4714 0 58
4715 0 58
4716 0 57
4717 0 58
4718 0 57
4719 0 58
4720 0 58
4721 0 58
4722 0 58
4723 0 58
4724 0 58
4725 0 57
4726 0 58
4727 0 58
4728 0 58
4729 0 58
4730 0 58
4731 0 58
4732 0 58
4733 0 58
4734 0 57
4735 0 58
4736 0 57
4737 0 58
4738 0 58
4739 0 58
4740 0 58
4741 0 58
4742 0 57
4743 0 57
4744 0 58
4745 0 57
4746 0 58
4747 0 57
4748 0 57
4749 0 58
4750 0 57
4751 0 58
4752 0 57
4753 0 58
4754 0 58
4755 0 57
4756 0 58
4757 0 57
4758 0 57
4759 0 58
4760 0 58
4761 0 58
4762 0 58
4763 0 58
4764 0 58
4765 0 58
4766 0 58
4767 0 58
4768 0 58
4769 0 58
4770 0 58
4771 0 57
4772 0 58
4773 0 57
4774 0 57
4775 0 57
4776 0 57
4777 0 57
4778 0 57
4779 0 58
4780 0 57
4781 0 58
4782 0 57
4783 0 57
4784 0 57
4785 0 57
4786 0 58
4787 0 58
4788 0 58
4789 0 58
4790 0 58
4791 0 58
4792 0 58
4793 0 58
4794 0 58
4795 0 58
4796 0 57
4797 0 58
4798 0 57
4799 0 57
4800 0 57
4801 0 57
4802 0 57
4803 0 57
4804 0 58
4805 0 57
4806 0 58
4807 0 58
4808 0 58
4809 0 58
4810 0 58
4811 0 58
4812 0 58
4813 0 58
4814 0 57
4815 0 58
4816 0 57
4817 0 58
4818 0 58
4819 0 58
4820 0 58
4821 0 58
4822 0 57
4823 0 57
4824 0 58
4825 0 57
4826 0 58
4827 0 57
4828 0 57
4829 0 58
4830 0 57
4831 0 57
4832 0 57
4833 0 58
4834 0 57
4835 0 58
4836 0 57
4837 0 57
4838 0 58
4839 0 57
4840 0 57
4841 0 56
4842 0 57
4843 0 57
4844 0 57
4845 0 57
4846 0 57
4847 0 57
4848 0 57
4849 0 58
4850 0 57
4851 0 58
4852 0 58
4853 0 58
4854 0 58
4855 0 58
4856 0 58
4857 0 58
4858 0 58
4859 0 57
4860 0 58
4861 0 57
4862 0 58
4863 0 58
4864 0 58
4865 0 58
4866 0 58
4867 0 57
4868 0 57
4869 0 58
4870 0 57
4871 0 58
4872 0 57
4873 0 57
4874 0 58
4875 0 57
4876 0 57
4877 0 56
4878 0 57
4879 0 57
4880 0 56
4881 0 57
4882 0 56
4883 0 56
4884 0 57
4885 0 57
4886 0 58
4887 0 58
4888 0 58
4889 0 58
4890 0 58
4891 0 58
4892 0 58
4893 0 58
4894 0 58
4895 0 58
4896 0 57
4897 0 58
4898 0 57
4899 0 57
4900 0 57
4901 0 57
4902 0 57
4903 0 57
4904 0 58
4905 0 57
4906 0 58
4907 0 57
4908 0 57
4909 0 57
4910 0 57
4911 0 58
4912 0 58
4913 0 58
4914 0 58
4915 0 58
4916 0 58
4917 0 58
4918 0 58
4919 0 58
4920 0 58
4921 0 57
4922 0 58
4923 0 57
4924 0 57
4925 0 57
4926 0 57
4927 0 57
4928 0 57
4929 0 58
4930 0 57
4931 0 58
4932 0 58
4933 0 58
4934 0 58
4935 0 58
4936 0 58
4937 0 58
4938 0 58
4939 0 57
4940 0 58
4941 0 57
4942 0 58
4943 0 58
4944 0 58
4945 0 58
4946 0 58
4947 0 57
4948 0 57
4949 0 58
4950 0 57
4951 0 58
4952 0 57
4953 0 57
4954 0 58
4955 0 57
4956 0 57
4957 0 57
4958 0 58
4959 0 57
4960 0 58
4961 0 57
4962 0 57
4963 0 58
4964 0 57
4965 0 57
4966 0 56
4967 0 57
4968 0 57
4969 0 57
4970 0 57
4971 0 57
4972 0 57
4973 0 57
4974 0 58
4975 0 58
4976 0 58
4977 0 58
4978 0 58
4979 0 57
4980 0 57
4981 0 58
4982 0 58
4983 0 57
4984 0 57
4985 0 58
4986 0 58
4987 0 58
4988 0 58
4989 0 58
4990 0 57
4991 0 57
4992 0 58
4993 0 58
4994 0 58
4995 0 58
4996 0 58
4997 0 58
4998 0 58
4999 0 58
5000 0 58
5001 0 57
5002 0 57
5003 0 57
5004 0 57
5005 0 57
5006 0 57
5007 0 57
5008 0 57
5009 0 57
5010 0 57
5011 0 58
5012 0 58
5013 0 58
5014 0 58
5015 0 58
5016 0 58
5017 0 58
5018 0 58
5019 0 58
5020 0 57
5021 0 57
5022 0 57
5023 0 57
5024 0 57
5025 0 57
5026 0 57
5027 0 56
5028 0 57
5029 0 58
5030 0 58
5031 0 58
5032 0 58
5033 0 58
5034 0 57
5035 0 57
5036 0 58
5037 0 58
5038 0 57
5039 0 57
5040 0 58
5041 0 58
5042 0 58
5043 0 58
5044 0 58
5045 0 57
5046 0 57
5047 0 58
5048 0 58
5049 0 58
5050 0 58
5051 0 58
5052 0 58
5053 0 58
5054 0 58
5055 0 58
5056 0 57
5057 0 57
5058 0 57
5059 0 57
5060 0 57
5061 0 57
5062 0 57
5063 0 57
5064 0 57
5065 0 57
5066 0 58
5067 0 58
5068 0 58
5069 0 58
5070 0 58
5071 0 57
5072 0 57
5073 0 58
5074 0 58
5075 0 57
5076 0 57
5077 0 58
5078 0 58
5079 0 58
5080 0 58
5081 0 58
5082 0 57
5083 0 57
5084 0 58
5085 0 58
5086 0 58
5087 0 58
5088 0 58
5089 0 58
5090 0 58
5091 0 58
5092 0 58
5093 0 57
5094 0 57
5095 0 57
5096 0 57
5097 0 57
5098 0 57
5099 0 57
5100 0 57
5101 0 57
5102 0 57
5103 0 58
5104 0 58
5105 0 58
5106 0 58
5107 0 58
5108 0 58
5109 0 58
5110 0 58
5111 0 58
5112 0 57
5113 0 57
5114 0 57
5115 0 57
5116 0 57
5117 0 57
5118 0 57
5119 0 56
5120 0 57
5121 0 58
5122 0 58
5123 0 58
5124 0 58
5125 0 58
5126 0 57
5127 0 57
5128 0 58
5129 0 58
5130 0 57
5131 0 57
5132 0 58
5133 0 58
5134 0 58
5135 0 58
5136 0 58
5137 0 57
5138 0 57
5139 0 58
5140 0 58
5141 0 58
5142 0 58
5143 0 58
5144 0 58
5145 0 58
5146 0 58
5147 0 58
5148 0 57
5149 0 57
5150 0 57
5151 0 57
5152 0 57
5153 0 57
5154 0 57
5155 0 57
5156 0 57
5157 0 57
5158 0 58
5159 0 58
5160 0 57
5161 0 57
5162 0 57
5163 0 58
5164 0 58
5165 0 57
5166 0 57
5167 0 57
5168 0 57
5169 0 57
5170 0 57
5171 0 57
5172 0 57
5173 0 57
5174 0 56
5175 0 57
5176 0 57
5177 0 57
5178 0 57
5179 0 57
5180 0 57
5181 0 56
5182 0 56
5183 0 58
5184 0 58
5185 0 57
5186 0 57
5187 0 57
5188 0 58
5189 0 58
5190 0 57
5191 0 57
5192 0 57
5193 0 57
5194 0 57
5195 0 57
5196 0 57
5197 0 57
5198 0 57
5199 0 56
5200 0 57
5201 0 58
5202 0 57
5203 0 58
5204 0 58
5205 0 58
5206 0 57
5207 0 57
5208 0 58
5209 0 58
5210 0 57
5211 0 57
5212 0 58
5213 0 57
5214 0 58
5215 0 58
5216 0 58
5217 0 57
5218 0 57
5219 0 58
5220 0 57
5221 0 58
5222 0 58
5223 0 58
5224 0 57
5225 0 57
5226 0 58
5227 0 58
5228 0 57
5229 0 57
5230 0 58
5231 0 57
5232 0 58
5233 0 58
5234 0 58
5235 0 57
5236 0 57
5237 0 57
5238 0 57
5239 0 57
5240 0 57
5241 0 57
5242 0 57
5243 0 57
5244 0 57
5245 0 57
5246 0 57
5247 0 57
5248 0 57
5249 0 57
5250 0 57
5251 0 57
5252 0 57
5253 0 57
5254 0 57
5255 0 57
5256 0 59
5257 0 59
5258 0 59
5259 0 58
5260 0 59
5261 0 59
5262 0 59
5263 0 58
5264 0 59
5265 0 58
5266 0 58
5267 0 58
5268 0 58
5269 0 59
5270 0 58
5271 0 59
5272 0 58
5273 0 58
5274 0 58
5275 0 58
5276 0 58
5277 0 59
5278 0 59
5279 0 59
5280 0 58
5281 0 59
5282 0 59
5283 0 59
5284 0 58
5285 0 59
5286 0 58
5287 0 58
5288 0 58
5289 0 58
5290 0 59
5291 0 58
5292 0 59
5293 0 58
5294 0 59
5295 0 58
5296 0 58
5297 0 58
5298 0 59
5299 0 58
5300 0 59
5301 0 58
5302 0 59
5303 0 58
5304 0 59
5305 0 58
5306 0 58
5307 0 58
5308 0 58
5309 0 58
5310 0 58
5311 0 57
5312 0 58
5313 0 58
5314 0 58
5315 0 58
5316 0 58
5317 0 57
5318 0 58
5319 0 58
5320 0 58
5321 0 57
5322 0 58
5323 0 57
5324 0 58
5325 0 58
5326 0 58
5327 0 59
5328 0 58
5329 0 59
5330 0 58
5331 0 59
5332 0 58
5333 0 58
5334 0 58
5335 0 59
5336 0 58
5337 0 59
5338 0 58
5339 0 59
5340 0 58
5341 0 59
5342 0 58
5343 0 58
5344 0 58
5345 0 58
5346 0 58
5347 0 58
5348 0 57
5349 0 58
5350 0 58
5351 0 58
5352 0 57
5353 0 58
5354 0 57
5355 0 58
5356 0 57
5357 0 58
5358 0 57
5359 0 57
5360 0 58
5361 0 58
5362 0 57
5363 0 59
5364 0 59
5365 0 59
5366 0 58
5367 0 59
5368 0 59
5369 0 59
5370 0 58
5371 0 59
5372 0 58
5373 0 58
5374 0 58
5375 0 58
5376 0 59
5377 0 58
5378 0 59
5379 0 58
5380 0 58
5381 0 58
5382 0 58
5383 0 58
5384 0 59
5385 0 59
5386 0 59
5387 0 58
5388 0 59
5389 0 59
5390 0 59
5391 0 58
5392 0 59
5393 0 58
5394 0 58
5395 0 58
5396 0 58
5397 0 59
5398 0 58
5399 0 59
5400 0 58
5401 0 59
5402 0 58
5403 0 58
5404 0 58
5405 0 59
5406 0 58
5407 0 59
5408 0 58
5409 0 59
5410 0 58
5411 0 59
5412 0 58
5413 0 58
5414 0 58
5415 0 58
5416 0 58
5417 0 58
5418 0 57
5419 0 58
5420 0 58
5421 0 58
5422 0 58
5423 0 58
5424 0 57
5425 0 58
5426 0 58
5427 0 58
5428 0 57
5429 0 58
5430 0 57
5431 0 58
5432 0 58
5433 0 58
5434 0 59
5435 0 58
5436 0 59
5437 0 58
5438 0 59
5439 0 58
5440 0 58
5441 0 58
5442 0 59
5443 0 58
5444 0 59
5445 0 58
5446 0 59
5447 0 58
5448 0 59
5449 0 58
5450 0 58
5451 0 58
5452 0 59
5453 0 59
5454 0 59
5455 0 58
5456 0 59
5457 0 59
5458 0 58
5459 0 58
5460 0 58
5461 0 58
5462 0 58
5463 0 58
5464 0 58
5465 0 58
5466 0 58
5467 0 58
5468 0 58
5469 0 58
5470 0 59
5471 0 59
5472 0 59
5473 0 58
5474 0 59
5475 0 59
5476 0 58
5477 0 58
5478 0 58
5479 0 58
5480 0 58
5481 0 58
5482 0 57
5483 0 59
5484 0 58
5485 0 59
5486 0 58
5487 0 59
5488 0 58
5489 0 58
5490 0 58
5491 0 59
5492 0 58
5493 0 59
5494 0 58
5495 0 59
5496 0 58
5497 0 59
5498 0 58
5499 0 58
5500 0 58
5501 0 59
5502 0 59
5503 0 59
5504 0 58
5505 0 59
5506 0 59
5507 0 58
5508 0 58
5509 0 58
5510 0 58
5511 0 58
5512 0 58
5513 0 58
5514 0 58
5515 0 58
5516 0 58
5517 0 58
5518 0 58
5519 0 58
5520 0 58
5521 0 58
5522 0 57
5523 0 58
5524 0 58
5525 0 58
5526 0 58
5527 0 58
5528 0 58
5529 0 58
5530 0 58
5531 0 57
5532 0 58
5533 0 58
5534 0 58
5535 0 58
5536 0 58
5537 0 57
5538 0 57
5539 0 57
5540 0 58
5541 0 58
5542 0 58
5543 0 57
5544 0 58
5545 0 58
5546 0 58
5547 0 58
5548 0 58
5549 0 58
5550 0 58
5551 0 58
5552 0 57
5553 0 58
5554 0 58
5555 0 58
5556 0 57
5557 0 58
5558 0 58
5559 0 58
5560 0 58
5561 0 58
5562 0 58
5563 0 58
5564 0 58
5565 0 57
5566 0 58
5567 0 58
5568 0 58
5569 0 58
5570 0 58
5571 0 57
5572 0 57
5573 0 57
5574 0 58
5575 0 58
5576 0 58
5577 0 57
5578 0 58
5579 0 58
5580 0 58
5581 0 58
5582 0 58
5583 0 58
5584 0 58
5585 0 58
5586 0 57
5587 0 58
5588 0 57
5589 0 58
5590 0 57
5591 0 58
5592 0 57
5593 0 57
5594 0 57
5595 0 58
5596 0 57
5597 0 58
5598 0 57
5599 0 58
5600 0 57
5601 0 58
5602 0 57
5603 0 57
5604 0 57
5605 0 58
5606 0 58
5607 0 58
5608 0 57
5609 0 58
5610 0 58
5611 0 58
5612 0 58
5613 0 58
5614 0 57
5615 0 58
5616 0 58
5617 0 58
5618 0 57
5619 0 58
5620 0 57
5621 0 58
5622 0 58
5623 0 57
5624 0 59
5625 0 58
5626 0 59
5627 0 58
5628 0 59
5629 0 58
5630 0 58
5631 0 58
5632 0 59
5633 0 58
5634 0 59
5635 0 58
5636 0 59
5637 0 58
5638 0 59
5639 0 58
5640 0 58
5641 0 58
5642 0 59
5643 0 59
5644 0 59
5645 0 58
5646 0 59
5647 0 59
5648 0 58
5649 0 58
5650 0 58
5651 0 58
5652 0 58
5653 0 58
5654 0 58
5655 0 58
5656 0 58
5657 0 58
5658 0 58
5659 0 58
5660 0 59
5661 0 59
5662 0 59
5663 0 58
5664 0 59
5665 0 59
5666 0 58
5667 0 58
5668 0 58
5669 0 58
5670 0 58
5671 0 58
5672 0 57
5673 0 59
5674 0 58
5675 0 59
5676 0 58
5677 0 59
5678 0 58
5679 0 58
5680 0 58
5681 0 59
5682 0 58
5683 0 59
5684 0 58
5685 0 59
5686 0 58
5687 0 59
5688 0 58
5689 0 58
5690 0 58
5691 0 59
5692 0 59
5693 0 59
5694 0 58
5695 0 59
5696 0 59
5697 0 58
5698 0 58
5699 0 58
5700 0 58
5701 0 58
5702 0 58
5703 0 58
5704 0 58
5705 0 58
5706 0 58
5707 0 58
5708 0 58
5709 0 58
5710 0 58
5711 0 58
5712 0 57
5713 0 58
5714 0 58
5715 0 58
5716 0 58
5717 0 58
5718 0 58
5719 0 58
5720 0 58
5721 0 57
5722 0 58
5723 0 58
5724 0 58
5725 0 58
5726 0 58
5727 0 57
5728 0 57
5729 0 57
5730 0 58
5731 0 58
5732 0 58
5733 0 57
5734 0 58
5735 0 58
5736 0 58
5737 0 58
5738 0 58
5739 0 58
5740 0 58
5741 0 58
5742 0 57
5743 0 58
5744 0 57
5745 0 58
5746 0 57
5747 0 58
5748 0 57
5749 0 57
5750 0 57
5751 0 58
5752 0 57
5753 0 58
5754 0 57
5755 0 58
5756 0 57
5757 0 58
5758 0 57
5759 0 57
5760 0 57
5761 0 58
5762 0 57
5763 0 58
5764 0 57
5765 0 58
5766 0 57
5767 0 57
5768 0 57
5769 0 58
5770 0 57
5771 0 58
5772 0 57
5773 0 58
5774 0 57
5775 0 58
5776 0 57
5777 0 57
5778 0 57
5779 0 57
5780 0 57
5781 0 57
5782 0 56
5783 0 57
5784 0 57
5785 0 58
5786 0 57
5787 0 58
5788 0 57
5789 0 58
5790 0 57
5791 0 58
5792 0 57
5793 0 57
5794 0 57
5795 0 57
5796 0 57
5797 0 59
5798 0 59
5799 0 59
5800 0 58
5801 0 59
5802 0 59
5803 0 59
5804 0 58
5805 0 59
5806 0 58
5807 0 58
5808 0 58
5809 0 58
5810 0 59
5811 0 58
5812 0 59
5813 0 58
5814 0 58
5815 0 58
5816 0 58
5817 0 58
5818 0 59
5819 0 59
5820 0 59
5821 0 58
5822 0 59
5823 0 59
5824 0 59
5825 0 58
5826 0 59
5827 0 58
5828 0 58
5829 0 58
5830 0 58
5831 0 59
5832 0 58
5833 0 59
5834 0 58
5835 0 59
5836 0 58
5837 0 58
5838 0 58
5839 0 59
5840 0 58
5841 0 59
5842 0 58
5843 0 59
5844 0 58
5845 0 59
5846 0 58
5847 0 58
5848 0 58
5849 0 58
5850 0 58
5851 0 58
5852 0 57
5853 0 58
5854 0 58
5855 0 58
5856 0 58
5857 0 58
5858 0 57
5859 0 58
5860 0 58
5861 0 58
5862 0 57
5863 0 58
5864 0 57
5865 0 58
5866 0 58
5867 0 58
5868 0 59
5869 0 58
5870 0 59
5871 0 58
5872 0 59
5873 0 58
5874 0 58
5875 0 58
5876 0 59
5877 0 58
5878 0 59
5879 0 58
5880 0 59
5881 0 58
5882 0 59
5883 0 58
5884 0 58
5885 0 58
5886 0 58
5887 0 58
5888 0 58
5889 0 57
5890 0 58
5891 0 58
5892 0 58
5893 0 57
5894 0 58
5895 0 57
5896 0 58
5897 0 57
5898 0 58
5899 0 57
5900 0 57
5901 0 58
5902 0 58
5903 0 57
5904 0 59
5905 0 59
5906 0 59
5907 0 58
5908 0 59
5909 0 59
5910 0 59
5911 0 58
5912 0 59
5913 0 58
5914 0 58
5915 0 58
5916 0 58
5917 0 59
5918 0 58
5919 0 59
5920 0 58
5921 0 58
5922 0 58
5923 0 58
5924 0 58
5925 0 59
5926 0 59
5927 0 59
5928 0 58
5929 0 59
5930 0 59
5931 0 59
5932 0 58
5933 0 59
5934 0 58
5935 0 58
5936 0 58
5937 0 58
5938 0 59
5939 0 58
5940 0 59
5941 0 58
5942 0 59
5943 0 58
5944 0 58
5945 0 58
5946 0 59
5947 0 58
5948 0 59
5949 0 58
5950 0 59
5951 0 58
5952 0 59
5953 0 58
5954 0 58
5955 0 58
5956 0 58
5957 0 58
5958 0 58
5959 0 57
5960 0 58
5961 0 58
5962 0 58
5963 0 58
5964 0 58
5965 0 57
5966 0 58
5967 0 58
5968 0 58
5969 0 57
5970 0 58
5971 0 57
5972 0 58
5973 0 58
5974 0 58
5975 0 59
5976 0 58
5977 0 59
5978 0 58
5979 0 59
5980 0 58
5981 0 58
5982 0 58
5983 0 59
5984 0 58
5985 0 59
5986 0 58
5987 0 59
5988 0 58
5989 0 59
5990 0 58
5991 0 58
5992 0 58
5993 0 59
5994 0 59
5995 0 59
5996 0 58
5997 0 59
5998 0 59
5999 0 58
6000 0 58
6001 0 58
6002 0 58
6003 0 58
6004 0 58
6005 0 58
6006 0 58
6007 0 58
6008 0 58
6009 0 58
6010 0 58
6011 0 59
6012 0 59
6013 0 59
6014 0 58
6015 0 59
6016 0 59
6017 0 58
6018 0 58
6019 0 58
6020 0 58
6021 0 58
6022 0 58
6023 0 57
6024 0 59
6025 0 58
6026 0 59
6027 0 58
6028 0 59
6029 0 58
6030 0 58
6031 0 58
6032 0 59
6033 0 58
6034 0 59
6035 0 58
6036 0 59
6037 0 58
6038 0 59
6039 0 58
6040 0 58
6041 0 58
6042 0 59
6043 0 59
6044 0 59
6045 0 58
6046 0 59
6047 0 59
6048 0 58
6049 0 58
6050 0 58
6051 0 58
6052 0 58
6053 0 58
6054 0 58
6055 0 58
6056 0 58
6057 0 58
6058 0 58
6059 0 58
6060 0 58
6061 0 58
6062 0 58
6063 0 57
6064 0 58
6065 0 58
6066 0 58
6067 0 58
6068 0 58
6069 0 58
6070 0 58
6071 0 58
6072 0 57
6073 0 58
6074 0 58
6075 0 58
6076 0 58
6077 0 58
6078 0 57
6079 0 57
6080 0 57
6081 0 58
6082 0 58
6083 0 58
6084 0 57
6085 0 58
6086 0 58
6087 0 58
6088 0 58
6089 0 58
6090 0 58
6091 0 58
6092 0 58
6093 0 57
6094 0 58
6095 0 58
6096 0 58
6097 0 57
6098 0 58
6099 0 58
6100 0 58
6101 0 58
6102 0 58
6103 0 58
6104 0 58
6105 0 58
6106 0 57
6107 0 58
6108 0 58
6109 0 58
6110 0 58
6111 0 58
6112 0 57
6113 0 57
6114 0 57
6115 0 58
6116 0 58
6117 0 58
6118 0 57
6119 0 58
6120 0 58
6121 0 58
6122 0 58
6123 0 58
6124 0 58
6125 0 58
6126 0 58
6127 0 57
6128 0 58
6129 0 57
6130 0 58
6131 0 57
6132 0 58
6133 0 57
6134 0 57
6135 0 57
6136 0 58
6137 0 57
6138 0 58
6139 0 57
6140 0 58
6141 0 57
6142 0 58
6143 0 57
6144 0 57
6145 0 57
6146 0 58
6147 0 58
6148 0 58
6149 0 57
6150 0 58
6151 0 58
6152 0 58
6153 0 58
6154 0 58
6155 0 57
6156 0 58
6157 0 58
6158 0 58
6159 0 57
6160 0 58
6161 0 57
6162 0 58
6163 0 58
6164 0 57
6165 0 59
6166 0 58
6167 0 59
6168 0 58
6169 0 58
6170 0 58
6171 0 58
6172 0 58
6173 0 58
6174 0 58
6175 0 59
6176 0 58
6177 0 59
6178 0 58
6179 0 58
6180 0 58
6181 0 58
6182 0 58
6183 0 58
6184 0 59
6185 0 59
6186 0 57
6187 0 58
6188 0 59
6189 0 58
6190 0 57
6191 0 58
6192 0 57
6193 0 58
6194 0 57
6195 0 58
6196 0 57
6197 0 57
6198 0 58
6199 0 58
6200 0 57
6201 0 58
6202 0 59
6203 0 59
6204 0 57
6205 0 58
6206 0 59
6207 0 58
6208 0 57
6209 0 58
6210 0 57
6211 0 57
6212 0 57
6213 0 57
6214 0 59
6215 0 58
6216 0 59
6217 0 58
6218 0 58
6219 0 58
6220 0 58
6221 0 58
6222 0 58
6223 0 58
6224 0 59
6225 0 58
6226 0 59
6227 0 58
6228 0 58
6229 0 58
6230 0 58
6231 0 58
6232 0 58
6233 0 59
6234 0 59
6235 0 57
6236 0 58
6237 0 59
6238 0 58
6239 0 57
6240 0 58
6241 0 57
6242 0 58
6243 0 57
6244 0 58
6245 0 57
6246 0 57
6247 0 58
6248 0 58
6249 0 57
6250 0 58
6251 0 59
6252 0 59
6253 0 57
6254 0 58
6255 0 59
6256 0 59
6257 0 58
6258 0 59
6259 0 58
6260 0 58
6261 0 58
6262 0 58
6263 0 59
6264 0 58
6265 0 59
6266 0 58
6267 0 58
6268 0 58
6269 0 58
6270 0 57
6271 0 58
6272 0 59
6273 0 59
6274 0 57
6275 0 58
6276 0 59
6277 0 59
6278 0 58
6279 0 59
6280 0 58
6281 0 58
6282 0 58
6283 0 58
6284 0 58
6285 0 57
6286 0 58
6287 0 57
6288 0 58
6289 0 58
6290 0 58
6291 0 57
6292 0 58
6293 0 58
6294 0 58
6295 0 57
6296 0 58
6297 0 57
6298 0 58
6299 0 58
6300 0 58
6301 0 57
6302 0 58
6303 0 57
6304 0 58
6305 0 57
6306 0 58
6307 0 58
6308 0 58
6309 0 57
6310 0 58
6311 0 58
6312 0 58
6313 0 57
6314 0 58
6315 0 57
6316 0 58
6317 0 58
6318 0 58
6319 0 57
6320 0 57
6321 0 58
6322 0 58
6323 0 56
6324 0 57
6325 0 58
6326 0 58
6327 0 57
6328 0 58
6329 0 57
6330 0 58
6331 0 57
6332 0 58
6333 0 57
6334 0 57
6335 0 58
6336 0 58
6337 0 57
6338 0 58
6339 0 59
6340 0 59
6341 0 57
6342 0 58
6343 0 59
6344 0 59
6345 0 58
6346 0 59
6347 0 58
6348 0 58
6349 0 58
6350 0 58
6351 0 59
6352 0 58
6353 0 59
6354 0 58
6355 0 58
6356 0 58
6357 0 58
6358 0 57
6359 0 58
6360 0 59
6361 0 59
6362 0 57
6363 0 58
6364 0 59
6365 0 59
6366 0 58
6367 0 59
6368 0 58
6369 0 58
6370 0 58
6371 0 58
6372 0 58
6373 0 57
6374 0 58
6375 0 57
6376 0 58
6377 0 58
6378 0 58
6379 0 57
6380 0 58
6381 0 58
6382 0 58
6383 0 57
6384 0 58
6385 0 57
6386 0 58
6387 0 58
6388 0 58
6389 0 57
6390 0 57
6391 0 58
6392 0 58
6393 0 56
6394 0 57
6395 0 58
6396 0 57
6397 0 58
6398 0 58
6399 0 56
6400 0 57
6401 0 58
6402 0 57
6403 0 56
6404 0 57
6405 0 56
6406 0 57
6407 0 57
6408 0 57
6409 0 59
6410 0 58
6411 0 59
6412 0 58
6413 0 58
6414 0 58
6415 0 58
6416 0 58
6417 0 58
6418 0 58
6419 0 59
6420 0 58
6421 0 59
6422 0 58
6423 0 58
6424 0 58
6425 0 58
6426 0 58
6427 0 58
6428 0 59
6429 0 59
6430 0 57
6431 0 58
6432 0 59
6433 0 58
6434 0 57
6435 0 58
6436 0 57
6437 0 58
6438 0 57
6439 0 58
6440 0 57
6441 0 57
6442 0 58
6443 0 58
6444 0 57
6445 0 58
6446 0 59
6447 0 59
6448 0 57
6449 0 58
6450 0 59
6451 0 58
6452 0 57
6453 0 58
6454 0 57
6455 0 57
6456 0 57
6457 0 57
6458 0 59
6459 0 58
6460 0 59
6461 0 58
6462 0 58
6463 0 58
6464 0 58
6465 0 58
6466 0 58
6467 0 58
6468 0 59
6469 0 58
6470 0 59
6471 0 58
6472 0 58
6473 0 58
6474 0 58
6475 0 58
6476 0 58
6477 0 59
6478 0 59
6479 0 57
6480 0 58
6481 0 59
6482 0 58
6483 0 57
6484 0 58
6485 0 57
6486 0 58
6487 0 57
6488 0 58
6489 0 57
6490 0 57
6491 0 58
6492 0 58
6493 0 57
6494 0 58
6495 0 59
6496 0 59
6497 0 57
6498 0 58
6499 0 59
6500 0 59
6501 0 58
6502 0 59
6503 0 58
6504 0 58
6505 0 58
6506 0 58
6507 0 59
6508 0 58
6509 0 59
6510 0 58
6511 0 58
6512 0 58
6513 0 58
6514 0 57
6515 0 58
6516 0 59
6517 0 59
6518 0 57
6519 0 58
6520 0 59
6521 0 59
6522 0 58
6523 0 59
6524 0 58
6525 0 58
6526 0 58
6527 0 58
6528 0 58
6529 0 57
6530 0 58
6531 0 57
6532 0 58
6533 0 58
6534 0 58
6535 0 57
6536 0 58
6537 0 58
6538 0 58
6539 0 57
6540 0 58
6541 0 57
6542 0 58
6543 0 58
6544 0 58
6545 0 57
6546 0 58
6547 0 57
6548 0 58
6549 0 57
6550 0 58
6551 0 58
6552 0 58
6553 0 57
6554 0 58
6555 0 58
6556 0 58
6557 0 57
6558 0 58
6559 0 57
6560 0 58
6561 0 58
6562 0 58
6563 0 57
6564 0 57
6565 0 58
6566 0 58
6567 0 56
6568 0 57
6569 0 58
6570 0 58
6571 0 57
6572 0 58
6573 0 57
6574 0 58
6575 0 57
6576 0 58
6577 0 57
6578 0 57
6579 0 58
6580 0 58
6581 0 57
6582 0 58
6583 0 58
6584 0 58
6585 0 58
6586 0 58
6587 0 58
6588 0 58
6589 0 58
6590 0 58
6591 0 58
6592 0 57
6593 0 57
6594 0 57
6595 0 58
6596 0 58
6597 0 58
6598 0 58
6599 0 57
6600 0 57
6601 0 57
6602 0 57
6603 0 58
6604 0 58
6605 0 58
6606 0 58
6607 0 58
6608 0 58
6609 0 58
6610 0 58
6611 0 58
6612 0 58
6613 0 57
6614 0 57
6615 0 57
6616 0 58
6617 0 58
6618 0 58
6619 0 58
6620 0 58
6621 0 58
6622 0 58
6623 0 58
6624 0 58
6625 0 58
6626 0 58
6627 0 58
6628 0 58
6629 0 58
6630 0 58
6631 0 58
6632 0 58
6633 0 58
6634 0 57
6635 0 58
6636 0 58
6637 0 57
6638 0 57
6639 0 58
6640 0 57
6641 0 58
6642 0 58
6643 0 57
6644 0 57
6645 0 58
6646 0 57
6647 0 57
6648 0 57
6649 0 57
6650 0 57
6651 0 57
6652 0 57
6653 0 58
6654 0 58
6655 0 58
6656 0 58
6657 0 58
6658 0 58
6659 0 58
6660 0 58
6661 0 58
6662 0 58
6663 0 58
6664 0 58
6665 0 58
6666 0 58
6667 0 58
6668 0 58
6669 0 58
6670 0 58
6671 0 57
6672 0 58
6673 0 58
6674 0 57
6675 0 57
6676 0 58
6677 0 57
6678 0 57
6679 0 57
6680 0 57
6681 0 57
6682 0 57
6683 0 57
6684 0 57
6685 0 56
6686 0 57
6687 0 57
6688 0 57
6689 0 58
6690 0 58
6691 0 58
6692 0 58
6693 0 58
6694 0 58
6695 0 58
6696 0 58
6697 0 58
6698 0 58
6699 0 57
6700 0 57
6701 0 57
6702 0 58
6703 0 58
6704 0 58
6705 0 58
6706 0 57
6707 0 57
6708 0 57
6709 0 57
6710 0 58
6711 0 58
6712 0 58
6713 0 58
6714 0 58
6715 0 58
6716 0 58
6717 0 58
6718 0 58
6719 0 58
6720 0 57
6721 0 57
6722 0 57
6723 0 58
6724 0 58
6725 0 58
6726 0 58
6727 0 58
6728 0 58
6729 0 58
6730 0 58
6731 0 58
6732 0 58
6733 0 58
6734 0 58
6735 0 58
6736 0 58
6737 0 58
6738 0 58
6739 0 58
6740 0 58
6741 0 57
6742 0 58
6743 0 58
6744 0 57
6745 0 57
6746 0 58
6747 0 57
6748 0 58
6749 0 58
6750 0 57
6751 0 57
6752 0 58
6753 0 57
6754 0 57
6755 0 57
6756 0 57
6757 0 57
6758 0 57
6759 0 57
6760 0 58
6761 0 58
6762 0 58
6763 0 58
6764 0 58
6765 0 58
6766 0 58
6767 0 58
6768 0 58
6769 0 58
6770 0 57
6771 0 57
6772 0 57
6773 0 58
6774 0 58
6775 0 58
6776 0 58
6777 0 57
6778 0 57
6779 0 57
6780 0 57
6781 0 58
6782 0 58
6783 0 58
6784 0 58
6785 0 58
6786 0 58
6787 0 58
6788 0 58
6789 0 58
6790 0 58
6791 0 57
6792 0 57
6793 0 57
6794 0 58
6795 0 58
6796 0 58
6797 0 58
6798 0 58
6799 0 58
6800 0 58
6801 0 58
6802 0 58
6803 0 58
6804 0 58
6805 0 58
6806 0 58
6807 0 58
6808 0 58
6809 0 58
6810 0 58
6811 0 58
6812 0 57
6813 0 58
6814 0 58
6815 0 57
6816 0 57
6817 0 58
6818 0 57
6819 0 58
6820 0 58
6821 0 57
6822 0 57
6823 0 58
6824 0 57
6825 0 57
6826 0 57
6827 0 57
6828 0 57
6829 0 57
6830 0 57
6831 0 58
6832 0 58
6833 0 58
6834 0 58
6835 0 58
6836 0 58
6837 0 58
6838 0 58
6839 0 58
6840 0 58
6841 0 58
6842 0 58
6843 0 58
6844 0 58
6845 0 58
6846 0 58
6847 0 58
6848 0 58
6849 0 57
6850 0 58
6851 0 58
6852 0 57
6853 0 57
6854 0 58
6855 0 57
6856 0 57
6857 0 57
6858 0 57
6859 0 57
6860 0 57
6861 0 57
6862 0 57
6863 0 56
6864 0 57
6865 0 57
6866 0 57
6867 0 58
6868 0 58
6869 0 58
6870 0 58
6871 0 58
6872 0 58
6873 0 58
6874 0 58
6875 0 58
6876 0 58
6877 0 57
6878 0 57
6879 0 57
6880 0 58
6881 0 58
6882 0 58
6883 0 58
6884 0 57
6885 0 57
6886 0 57
6887 0 57
6888 0 58
6889 0 58
6890 0 58
6891 0 58
6892 0 58
6893 0 58
6894 0 58
6895 0 58
6896 0 58
6897 0 58
6898 0 57
6899 0 57
6900 0 57
6901 0 58
6902 0 58
6903 0 58
6904 0 58
6905 0 58
6906 0 58
6907 0 58
6908 0 58
6909 0 58
6910 0 58
6911 0 58
6912 0 58
6913 0 58
6914 0 58
6915 0 58
6916 0 58
6917 0 58
6918 0 58
6919 0 57
6920 0 58
6921 0 58
6922 0 57
6923 0 57
6924 0 58
6925 0 57
6926 0 58
6927 0 58
6928 0 57
6929 0 57
6930 0 58
6931 0 57
6932 0 57
6933 0 57
6934 0 57
6935 0 57
6936 0 57
6937 0 57
6938 0 58
6939 0 58
6940 0 58
6941 0 58
6942 0 57
6943 0 57
6944 0 57
6945 0 57
6946 0 57
6947 0 57
6948 0 58
6949 0 58
6950 0 58
6951 0 58
6952 0 57
6953 0 57
6954 0 57
6955 0 57
6956 0 57
6957 0 58
6958 0 58
6959 0 57
6960 0 57
6961 0 58
6962 0 57
6963 0 57
6964 0 57
6965 0 57
6966 0 57
6967 0 57
6968 0 57
6969 0 57
6970 0 56
6971 0 57
6972 0 57
6973 0 57
6974 0 57
6975 0 58
6976 0 58
6977 0 57
6978 0 57
6979 0 58
6980 0 57
6981 0 57
6982 0 57
6983 0 57
6984 0 56
6985 0 56
6986 0 56
6987 0 58
6988 0 58
6989 0 58
6990 0 58
6991 0 57
6992 0 57
6993 0 57
6994 0 57
6995 0 57
6996 0 57
6997 0 58
6998 0 58
6999 0 58
7000 0 58
7001 0 57
7002 0 57
7003 0 57
7004 0 57
7005 0 57
7006 0 58
7007 0 58
7008 0 57
7009 0 57
7010 0 58
7011 0 57
7012 0 57
7013 0 57
7014 0 57
7015 0 57
7016 0 57
7017 0 57
7018 0 57
7019 0 56
7020 0 57
7021 0 57
7022 0 57
7023 0 58
7024 0 58
7025 0 58
7026 0 57
7027 0 58
7028 0 58
7029 0 58
7030 0 58
7031 0 58
7032 0 58
7033 0 57
7034 0 57
7035 0 57
7036 0 58
7037 0 58
7038 0 58
7039 0 58
7040 0 57
7041 0 57
7042 0 57
7043 0 57
7044 0 58
7045 0 58
7046 0 58
7047 0 57
7048 0 58
7049 0 58
7050 0 58
7051 0 58
7052 0 58
7053 0 58
7054 0 57
7055 0 57
7056 0 57
7057 0 58
7058 0 58
7059 0 58
7060 0 57
7061 0 58
7062 0 58
7063 0 58
7064 0 58
7065 0 58
7066 0 58
7067 0 57
7068 0 57
7069 0 57
7070 0 58
7071 0 58
7072 0 58
7073 0 58
7074 0 57
7075 0 57
7076 0 57
7077 0 57
7078 0 58
7079 0 58
7080 0 58
7081 0 57
7082 0 58
7083 0 58
7084 0 58
7085 0 58
7086 0 58
7087 0 58
7088 0 57
7089 0 57
7090 0 57
7091 0 58
7092 0 57
7093 0 58
7094 0 57
7095 0 57
7096 0 57
7097 0 57
7098 0 57
7099 0 57
7100 0 57
7101 0 58
7102 0 57
7103 0 58
7104 0 57
7105 0 57
7106 0 57
7107 0 57
7108 0 57
7109 0 57
7110 0 58
7111 0 58
7112 0 57
7113 0 57
7114 0 58
7115 0 57
7116 0 58
7117 0 58
7118 0 57
7119 0 57
7120 0 58
7121 0 57
7122 0 57
7123 0 57
7124 0 57
7125 0 57
7126 0 57
7127 0 57
