0 0 62
1 0 62
2 0 62
3 0 62
4 0 62
5 0 61
6 0 62
7 0 62
8 0 61
9 0 61
10 0 62
11 0 62
12 0 62
13 0 62
14 0 62
15 0 61
16 0 62
17 0 62
18 0 61
19 0 61
20 0 61
21 0 62
22 0 62
23 0 61
24 0 61
25 0 61
26 0 61
27 0 61
28 0 61
29 0 61
30 0 61
31 0 61
32 0 61
33 0 60
34 0 62
35 0 62
36 0 61
37 0 61
38 0 61
39 0 62
40 0 62
41 0 61
42 0 61
43 0 61
44 0 61
45 0 61
46 0 61
47 0 61
48 0 61
49 0 61
50 0 60
51 0 60
52 0 62
53 0 62
54 0 62
55 0 62
56 0 62
57 0 61
58 0 62
59 0 62
60 0 61
61 0 61
62 0 62
63 0 62
64 0 62
65 0 62
66 0 62
67 0 61
68 0 62
69 0 62
70 0 61
71 0 61
72 0 61
73 0 62
74 0 62
75 0 61
76 0 61
77 0 61
78 0 61
79 0 61
80 0 61
81 0 61
82 0 61
83 0 61
84 0 61
85 0 60
86 0 62
87 0 62
88 0 60
89 0 60
90 0 61
91 0 62
92 0 62
93 0 60
94 0 60
95 0 61
96 0 61
97 0 61
98 0 61
99 0 61
100 0 61
101 0 61
102 0 60
103 0 60
104 0 61
105 0 61
106 0 61
107 0 61
108 0 61
109 0 60
110 0 62
111 0 62
112 0 60
113 0 60
114 0 61
115 0 62
116 0 62
117 0 60
118 0 60
119 0 61
120 0 61
121 0 62
122 0 61
123 0 61
124 0 61
125 0 61
126 0 60
127 0 60
128 0 60
129 0 60
130 0 60
131 0 61
132 0 61
133 0 60
134 0 61
135 0 61
136 0 59
137 0 59
138 0 60
139 0 60
140 0 60
141 0 61
142 0 61
143 0 60
144 0 60
145 0 60
146 0 60
147 0 61
148 0 61
149 0 60
150 0 61
151 0 61
152 0 59
153 0 59
154 0 60
155 0 60
156 0 60
157 0 61
158 0 61
159 0 60
160 0 61
161 0 61
162 0 59
163 0 59
164 0 60
165 0 61
166 0 61
167 0 59
168 0 59
169 0 60
170 0 60
171 0 60
172 0 60
173 0 60
174 0 60
175 0 60
176 0 60
177 0 60
178 0 62
179 0 62
180 0 60
181 0 60
182 0 61
183 0 62
184 0 62
185 0 60
186 0 60
187 0 61
188 0 61
189 0 62
190 0 61
191 0 61
192 0 61
193 0 61
194 0 60
195 0 60
196 0 62
197 0 62
198 0 62
199 0 61
200 0 61
201 0 60
202 0 62
203 0 62
204 0 60
205 0 60
206 0 61
207 0 62
208 0 62
209 0 60
210 0 60
211 0 61
212 0 61
213 0 62
214 0 61
215 0 61
216 0 61
217 0 61
218 0 60
219 0 60
220 0 61
221 0 61
222 0 61
223 0 61
224 0 61
225 0 60
226 0 61
227 0 61
228 0 60
229 0 60
230 0 61
231 0 61
232 0 61
233 0 61
234 0 61
235 0 60
236 0 61
237 0 61
238 0 60
239 0 60
240 0 60
241 0 61
242 0 61
243 0 60
244 0 60
245 0 61
246 0 61
247 0 60
248 0 60
249 0 60
250 0 61
251 0 61
252 0 60
253 0 60
254 0 60
255 0 60
256 0 60
257 0 60
258 0 60
259 0 60
260 0 60
261 0 60
262 0 60
263 0 62
264 0 62
265 0 62
266 0 62
267 0 62
268 0 61
269 0 62
270 0 62
271 0 61
272 0 61
273 0 62
274 0 62
275 0 62
276 0 62
277 0 62
278 0 61
279 0 62
280 0 62
281 0 61
282 0 61
283 0 61
284 0 62
285 0 62
286 0 61
287 0 61
288 0 61
289 0 61
290 0 61
291 0 61
292 0 61
293 0 61
294 0 61
295 0 61
296 0 60
297 0 62
298 0 62
299 0 61
300 0 61
301 0 61
302 0 62
303 0 62
304 0 61
305 0 61
306 0 61
307 0 61
308 0 61
309 0 61
310 0 61
311 0 61
312 0 61
313 0 60
314 0 60
315 0 62
316 0 62
317 0 62
318 0 62
319 0 62
320 0 61
321 0 62
322 0 62
323 0 61
324 0 61
325 0 62
326 0 62
327 0 62
328 0 62
329 0 62
330 0 61
331 0 62
332 0 62
333 0 61
334 0 61
335 0 61
336 0 62
337 0 62
338 0 61
339 0 61
340 0 61
341 0 61
342 0 61
343 0 61
344 0 61
345 0 61
346 0 61
347 0 61
348 0 60
349 0 62
350 0 62
351 0 60
352 0 60
353 0 61
354 0 62
355 0 62
356 0 60
357 0 60
358 0 61
359 0 61
360 0 61
361 0 61
362 0 61
363 0 61
364 0 61
365 0 60
366 0 60
367 0 61
368 0 61
369 0 61
370 0 61
371 0 61
372 0 60
373 0 62
374 0 62
375 0 60
376 0 60
377 0 61
378 0 62
379 0 62
380 0 60
381 0 60
382 0 61
383 0 61
384 0 62
385 0 61
386 0 61
387 0 61
388 0 61
389 0 60
390 0 60
391 0 60
392 0 60
393 0 60
394 0 61
395 0 61
396 0 60
397 0 61
398 0 61
399 0 59
400 0 59
401 0 60
402 0 60
403 0 60
404 0 61
405 0 61
406 0 60
407 0 60
408 0 60
409 0 60
410 0 61
411 0 61
412 0 60
413 0 61
414 0 61
415 0 59
416 0 59
417 0 60
418 0 60
419 0 60
420 0 61
421 0 61
422 0 60
423 0 61
424 0 61
425 0 59
426 0 59
427 0 60
428 0 61
429 0 61
430 0 59
431 0 59
432 0 60
433 0 60
434 0 60
435 0 60
436 0 60
437 0 60
438 0 60
439 0 60
440 0 60
441 0 62
442 0 62
443 0 61
444 0 61
445 0 61
446 0 62
447 0 62
448 0 61
449 0 61
450 0 61
451 0 61
452 0 61
453 0 60
454 0 60
455 0 60
456 0 60
457 0 60
458 0 60
459 0 61
460 0 62
461 0 61
462 0 61
463 0 61
464 0 60
465 0 62
466 0 62
467 0 61
468 0 61
469 0 61
470 0 62
471 0 62
472 0 61
473 0 61
474 0 61
475 0 61
476 0 61
477 0 60
478 0 60
479 0 60
480 0 60
481 0 60
482 0 60
483 0 61
484 0 61
485 0 61
486 0 61
487 0 61
488 0 60
489 0 61
490 0 61
491 0 60
492 0 60
493 0 61
494 0 61
495 0 61
496 0 61
497 0 61
498 0 60
499 0 61
500 0 61
501 0 61
502 0 61
503 0 60
504 0 61
505 0 61
506 0 61
507 0 61
508 0 61
509 0 61
510 0 61
511 0 61
512 0 60
513 0 61
514 0 61
515 0 61
516 0 61
517 0 60
518 0 61
519 0 60
520 0 60
521 0 60
522 0 60
523 0 60
524 0 60
525 0 60
526 0 61
527 0 61
528 0 61
529 0 61
530 0 61
531 0 60
532 0 61
533 0 61
534 0 60
535 0 60
536 0 61
537 0 61
538 0 61
539 0 61
540 0 61
541 0 60
542 0 61
543 0 61
544 0 60
545 0 60
546 0 60
547 0 61
548 0 61
549 0 60
550 0 60
551 0 60
552 0 61
553 0 60
554 0 60
555 0 61
556 0 60
557 0 60
558 0 60
559 0 59
560 0 62
561 0 62
562 0 61
563 0 61
564 0 61
565 0 62
566 0 62
567 0 61
568 0 61
569 0 61
570 0 61
571 0 61
572 0 60
573 0 60
574 0 60
575 0 60
576 0 60
577 0 60
578 0 61
579 0 62
580 0 61
581 0 61
582 0 61
583 0 60
584 0 62
585 0 62
586 0 61
587 0 61
588 0 61
589 0 62
590 0 62
591 0 61
592 0 61
593 0 61
594 0 61
595 0 61
596 0 60
597 0 60
598 0 60
599 0 60
600 0 60
601 0 60
602 0 61
603 0 62
604 0 61
605 0 61
606 0 61
607 0 61
608 0 61
609 0 61
610 0 61
611 0 61
612 0 61
613 0 62
614 0 61
615 0 62
616 0 62
617 0 61
618 0 61
619 0 61
620 0 61
621 0 61
622 0 60
623 0 61
624 0 61
625 0 61
626 0 61
627 0 61
628 0 61
629 0 61
630 0 61
631 0 60
632 0 61
633 0 61
634 0 61
635 0 61
636 0 60
637 0 61
638 0 60
639 0 60
640 0 60
641 0 60
642 0 60
643 0 60
644 0 60
645 0 61
646 0 61
647 0 61
648 0 60
649 0 60
650 0 59
651 0 60
652 0 60
653 0 60
654 0 60
655 0 61
656 0 61
657 0 61
658 0 60
659 0 60
660 0 59
661 0 61
662 0 61
663 0 61
664 0 61
665 0 60
666 0 61
667 0 61
668 0 61
669 0 61
670 0 61
671 0 61
672 0 61
673 0 61
674 0 61
675 0 61
676 0 60
677 0 60
678 0 59
679 0 61
680 0 61
681 0 61
682 0 61
683 0 61
684 0 61
685 0 61
686 0 61
687 0 61
688 0 60
689 0 60
690 0 61
691 0 59
692 0 59
693 0 59
694 0 59
695 0 59
696 0 59
697 0 61
698 0 61
699 0 61
700 0 60
701 0 60
702 0 59
703 0 60
704 0 60
705 0 60
706 0 60
707 0 61
708 0 61
709 0 61
710 0 60
711 0 60
712 0 59
713 0 61
714 0 61
715 0 61
716 0 61
717 0 60
718 0 61
719 0 61
720 0 61
721 0 61
722 0 61
723 0 61
724 0 61
725 0 61
726 0 61
727 0 61
728 0 60
729 0 60
730 0 59
731 0 61
732 0 61
733 0 61
734 0 60
735 0 60
736 0 59
737 0 60
738 0 60
739 0 60
740 0 60
741 0 61
742 0 61
743 0 61
744 0 60
745 0 60
746 0 59
747 0 61
748 0 61
749 0 61
750 0 61
751 0 60
752 0 61
753 0 61
754 0 61
755 0 61
756 0 61
757 0 61
758 0 61
759 0 61
760 0 61
761 0 61
762 0 60
763 0 60
764 0 59
765 0 61
766 0 61
767 0 61
768 0 61
769 0 61
770 0 61
771 0 61
772 0 61
773 0 61
774 0 60
775 0 60
776 0 61
777 0 59
778 0 59
779 0 59
780 0 59
781 0 59
782 0 59
783 0 61
784 0 61
785 0 61
786 0 60
787 0 60
788 0 59
789 0 60
790 0 60
791 0 60
792 0 60
793 0 61
794 0 61
795 0 61
796 0 60
797 0 60
798 0 59
799 0 61
800 0 61
801 0 61
802 0 61
803 0 60
804 0 61
805 0 61
806 0 61
807 0 61
808 0 61
809 0 61
810 0 61
811 0 61
812 0 61
813 0 61
814 0 60
815 0 60
816 0 59
817 0 61
818 0 61
819 0 60
820 0 60
821 0 60
822 0 61
823 0 61
824 0 60
825 0 60
826 0 60
827 0 60
828 0 61
829 0 59
830 0 59
831 0 59
832 0 59
833 0 59
834 0 59
835 0 61
836 0 61
837 0 61
838 0 60
839 0 60
840 0 59
841 0 61
842 0 61
843 0 60
844 0 60
845 0 60
846 0 61
847 0 61
848 0 60
849 0 60
850 0 60
851 0 60
852 0 61
853 0 59
854 0 59
855 0 59
856 0 59
857 0 59
858 0 59
859 0 60
860 0 60
861 0 60
862 0 60
863 0 60
864 0 59
865 0 60
866 0 60
867 0 59
868 0 59
869 0 60
870 0 60
871 0 60
872 0 60
873 0 60
874 0 59
875 0 60
876 0 60
877 0 60
878 0 60
879 0 60
880 0 59
881 0 60
882 0 60
883 0 59
884 0 59
885 0 60
886 0 60
887 0 60
888 0 60
889 0 60
890 0 59
891 0 60
892 0 60
893 0 59
894 0 59
895 0 59
896 0 60
897 0 60
898 0 59
899 0 59
900 0 60
901 0 60
902 0 60
903 0 60
904 0 60
905 0 60
906 0 60
907 0 60
908 0 59
909 0 62
910 0 62
911 0 61
912 0 61
913 0 61
914 0 62
915 0 62
916 0 61
917 0 61
918 0 61
919 0 61
920 0 61
921 0 60
922 0 60
923 0 60
924 0 60
925 0 60
926 0 60
927 0 61
928 0 62
929 0 61
930 0 61
931 0 61
932 0 60
933 0 62
934 0 62
935 0 61
936 0 61
937 0 61
938 0 62
939 0 62
940 0 61
941 0 61
942 0 61
943 0 61
944 0 61
945 0 60
946 0 60
947 0 60
948 0 60
949 0 60
950 0 60
951 0 61
952 0 62
953 0 61
954 0 61
955 0 61
956 0 61
957 0 61
958 0 61
959 0 61
960 0 61
961 0 61
962 0 62
963 0 61
964 0 62
965 0 62
966 0 61
967 0 61
968 0 61
969 0 61
970 0 61
971 0 60
972 0 61
973 0 61
974 0 61
975 0 61
976 0 61
977 0 61
978 0 61
979 0 61
980 0 60
981 0 61
982 0 61
983 0 61
984 0 61
985 0 60
986 0 61
987 0 60
988 0 60
989 0 60
990 0 60
991 0 60
992 0 60
993 0 60
994 0 61
995 0 62
996 0 61
997 0 62
998 0 62
999 0 61
1000 0 62
1001 0 62
1002 0 61
1003 0 61
1004 0 61
1005 0 62
1006 0 61
1007 0 62
1008 0 62
1009 0 61
1010 0 61
1011 0 61
1012 0 61
1013 0 61
1014 0 60
1015 0 61
1016 0 61
1017 0 61
1018 0 61
1019 0 60
1020 0 61
1021 0 60
1022 0 60
1023 0 61
1024 0 60
1025 0 60
1026 0 60
1027 0 59
1028 0 62
1029 0 62
1030 0 61
1031 0 61
1032 0 61
1033 0 62
1034 0 62
1035 0 61
1036 0 61
1037 0 61
1038 0 61
1039 0 61
1040 0 60
1041 0 60
1042 0 60
1043 0 60
1044 0 60
1045 0 60
1046 0 61
1047 0 62
1048 0 61
1049 0 61
1050 0 61
1051 0 60
1052 0 62
1053 0 62
1054 0 61
1055 0 61
1056 0 61
1057 0 62
1058 0 62
1059 0 61
1060 0 61
1061 0 61
1062 0 61
1063 0 61
1064 0 60
1065 0 60
1066 0 60
1067 0 60
1068 0 60
1069 0 60
1070 0 61
1071 0 62
1072 0 61
1073 0 61
1074 0 61
1075 0 61
1076 0 61
1077 0 61
1078 0 61
1079 0 61
1080 0 61
1081 0 62
1082 0 61
1083 0 62
1084 0 62
1085 0 61
1086 0 61
1087 0 61
1088 0 61
1089 0 61
1090 0 60
1091 0 61
1092 0 61
1093 0 61
1094 0 61
1095 0 61
1096 0 61
1097 0 61
1098 0 61
1099 0 60
1100 0 61
1101 0 61
1102 0 61
1103 0 61
1104 0 60
1105 0 61
1106 0 60
1107 0 60
1108 0 60
1109 0 60
1110 0 60
1111 0 60
1112 0 60
1113 0 61
1114 0 61
1115 0 61
1116 0 61
1117 0 61
1118 0 60
1119 0 61
1120 0 61
1121 0 60
1122 0 60
1123 0 61
1124 0 61
1125 0 61
1126 0 61
1127 0 61
1128 0 60
1129 0 61
1130 0 61
1131 0 60
1132 0 60
1133 0 60
1134 0 61
1135 0 61
1136 0 60
1137 0 60
1138 0 60
1139 0 61
1140 0 60
1141 0 60
1142 0 61
1143 0 60
1144 0 60
1145 0 60
1146 0 59
1147 0 61
1148 0 61
1149 0 60
1150 0 60
1151 0 60
1152 0 61
1153 0 61
1154 0 60
1155 0 60
1156 0 60
1157 0 60
1158 0 60
1159 0 60
1160 0 60
1161 0 60
1162 0 60
1163 0 59
1164 0 59
1165 0 61
1166 0 61
1167 0 61
1168 0 61
1169 0 61
1170 0 60
1171 0 61
1172 0 61
1173 0 60
1174 0 60
1175 0 61
1176 0 61
1177 0 61
1178 0 61
1179 0 61
1180 0 60
1181 0 61
1182 0 61
1183 0 61
1184 0 61
1185 0 60
1186 0 61
1187 0 61
1188 0 61
1189 0 61
1190 0 60
1191 0 61
1192 0 60
1193 0 60
1194 0 61
1195 0 60
1196 0 60
1197 0 60
1198 0 59
1199 0 61
1200 0 61
1201 0 59
1202 0 59
1203 0 60
1204 0 61
1205 0 61
1206 0 59
1207 0 59
1208 0 60
1209 0 60
1210 0 61
1211 0 60
1212 0 60
1213 0 60
1214 0 60
1215 0 59
1216 0 59
1217 0 61
1218 0 61
1219 0 61
1220 0 60
1221 0 60
1222 0 59
1223 0 61
1224 0 61
1225 0 59
1226 0 59
1227 0 60
1228 0 61
1229 0 61
1230 0 59
1231 0 59
1232 0 60
1233 0 60
1234 0 61
1235 0 60
1236 0 60
1237 0 60
1238 0 60
1239 0 59
1240 0 59
1241 0 61
1242 0 61
1243 0 59
1244 0 59
1245 0 60
1246 0 61
1247 0 61
1248 0 59
1249 0 59
1250 0 60
1251 0 60
1252 0 61
1253 0 60
1254 0 60
1255 0 60
1256 0 60
1257 0 59
1258 0 59
1259 0 61
1260 0 61
1261 0 61
1262 0 60
1263 0 60
1264 0 59
1265 0 61
1266 0 61
1267 0 59
1268 0 59
1269 0 60
1270 0 61
1271 0 61
1272 0 59
1273 0 59
1274 0 60
1275 0 60
1276 0 61
1277 0 60
1278 0 60
1279 0 60
1280 0 60
1281 0 59
1282 0 59
1283 0 60
1284 0 60
1285 0 60
1286 0 60
1287 0 60
1288 0 59
1289 0 60
1290 0 60
1291 0 59
1292 0 59
1293 0 60
1294 0 60
1295 0 60
1296 0 60
1297 0 60
1298 0 59
1299 0 60
1300 0 60
1301 0 59
1302 0 59
1303 0 59
1304 0 60
1305 0 60
1306 0 59
1307 0 59
1308 0 60
1309 0 60
1310 0 59
1311 0 59
1312 0 59
1313 0 60
1314 0 60
1315 0 59
1316 0 59
1317 0 59
1318 0 59
1319 0 59
1320 0 60
1321 0 60
1322 0 60
1323 0 60
1324 0 59
1325 0 59
1326 0 62
1327 0 62
1328 0 62
1329 0 62
1330 0 62
1331 0 61
1332 0 62
1333 0 62
1334 0 61
1335 0 61
1336 0 62
1337 0 62
1338 0 62
1339 0 62
1340 0 62
1341 0 61
1342 0 62
1343 0 62
1344 0 61
1345 0 61
1346 0 61
1347 0 62
1348 0 62
1349 0 61
1350 0 61
1351 0 61
1352 0 61
1353 0 61
1354 0 61
1355 0 61
1356 0 61
1357 0 61
1358 0 61
1359 0 60
1360 0 62
1361 0 62
1362 0 61
1363 0 61
1364 0 61
1365 0 62
1366 0 62
1367 0 61
1368 0 61
1369 0 61
1370 0 61
1371 0 61
1372 0 61
1373 0 61
1374 0 61
1375 0 61
1376 0 60
1377 0 60
1378 0 62
1379 0 62
1380 0 62
1381 0 62
1382 0 62
1383 0 61
1384 0 62
1385 0 62
1386 0 61
1387 0 61
1388 0 62
1389 0 62
1390 0 62
1391 0 62
1392 0 62
1393 0 61
1394 0 62
1395 0 62
1396 0 61
1397 0 61
1398 0 61
1399 0 62
1400 0 62
1401 0 61
1402 0 61
1403 0 61
1404 0 61
1405 0 61
1406 0 61
1407 0 61
1408 0 61
1409 0 61
1410 0 61
1411 0 60
1412 0 62
1413 0 62
1414 0 60
1415 0 60
1416 0 61
1417 0 62
1418 0 62
1419 0 60
1420 0 60
1421 0 61
1422 0 61
1423 0 61
1424 0 61
1425 0 61
1426 0 61
1427 0 61
1428 0 60
1429 0 60
1430 0 61
1431 0 61
1432 0 61
1433 0 61
1434 0 61
1435 0 60
1436 0 62
1437 0 62
1438 0 60
1439 0 60
1440 0 61
1441 0 62
1442 0 62
1443 0 60
1444 0 60
1445 0 61
1446 0 61
1447 0 62
1448 0 61
1449 0 61
1450 0 61
1451 0 61
1452 0 60
1453 0 60
1454 0 60
1455 0 60
1456 0 60
1457 0 61
1458 0 61
1459 0 60
1460 0 61
1461 0 61
1462 0 59
1463 0 59
1464 0 60
1465 0 60
1466 0 60
1467 0 61
1468 0 61
1469 0 60
1470 0 60
1471 0 60
1472 0 60
1473 0 61
1474 0 61
1475 0 60
1476 0 61
1477 0 61
1478 0 59
1479 0 59
1480 0 60
1481 0 60
1482 0 60
1483 0 61
1484 0 61
1485 0 60
1486 0 61
1487 0 61
1488 0 59
1489 0 59
1490 0 60
1491 0 61
1492 0 61
1493 0 59
1494 0 59
1495 0 60
1496 0 60
1497 0 60
1498 0 60
1499 0 60
1500 0 60
1501 0 60
1502 0 60
1503 0 60
1504 0 62
1505 0 62
1506 0 60
1507 0 60
1508 0 61
1509 0 62
1510 0 62
1511 0 60
1512 0 60
1513 0 61
1514 0 61
1515 0 62
1516 0 61
1517 0 61
1518 0 61
1519 0 61
1520 0 60
1521 0 60
1522 0 62
1523 0 62
1524 0 62
1525 0 61
1526 0 61
1527 0 60
1528 0 62
1529 0 62
1530 0 60
1531 0 60
1532 0 61
1533 0 62
1534 0 62
1535 0 60
1536 0 60
1537 0 61
1538 0 61
1539 0 62
1540 0 61
1541 0 61
1542 0 61
1543 0 61
1544 0 60
1545 0 60
1546 0 61
1547 0 61
1548 0 61
1549 0 61
1550 0 61
1551 0 60
1552 0 61
1553 0 61
1554 0 60
1555 0 60
1556 0 61
1557 0 61
1558 0 61
1559 0 61
1560 0 61
1561 0 60
1562 0 61
1563 0 61
1564 0 60
1565 0 60
1566 0 60
1567 0 61
1568 0 61
1569 0 60
1570 0 60
1571 0 61
1572 0 61
1573 0 60
1574 0 60
1575 0 60
1576 0 61
1577 0 61
1578 0 60
1579 0 60
1580 0 60
1581 0 60
1582 0 60
1583 0 60
1584 0 60
1585 0 60
1586 0 60
1587 0 60
1588 0 60
1589 0 62
1590 0 62
1591 0 62
1592 0 62
1593 0 62
1594 0 61
1595 0 62
1596 0 62
1597 0 61
1598 0 61
1599 0 62
1600 0 62
1601 0 62
1602 0 62
1603 0 62
1604 0 61
1605 0 62
1606 0 62
1607 0 61
1608 0 61
1609 0 61
1610 0 62
1611 0 62
1612 0 61
1613 0 61
1614 0 61
1615 0 61
1616 0 61
1617 0 61
1618 0 61
1619 0 61
1620 0 61
1621 0 61
1622 0 60
1623 0 62
1624 0 62
1625 0 61
1626 0 61
1627 0 61
1628 0 62
1629 0 62
1630 0 61
1631 0 61
1632 0 61
1633 0 61
1634 0 61
1635 0 61
1636 0 61
1637 0 61
1638 0 61
1639 0 60
1640 0 60
1641 0 62
1642 0 62
1643 0 62
1644 0 62
1645 0 62
1646 0 61
1647 0 62
1648 0 62
1649 0 61
1650 0 61
1651 0 62
1652 0 62
1653 0 62
1654 0 62
1655 0 62
1656 0 61
1657 0 62
1658 0 62
1659 0 61
1660 0 61
1661 0 61
1662 0 62
1663 0 62
1664 0 61
1665 0 61
1666 0 61
1667 0 61
1668 0 61
1669 0 61
1670 0 61
1671 0 61
1672 0 61
1673 0 61
1674 0 60
1675 0 62
1676 0 62
1677 0 60
1678 0 60
1679 0 61
1680 0 62
1681 0 62
1682 0 60
1683 0 60
1684 0 61
1685 0 61
1686 0 61
1687 0 61
1688 0 61
1689 0 61
1690 0 61
1691 0 60
1692 0 60
1693 0 61
1694 0 61
1695 0 61
1696 0 61
1697 0 61
1698 0 60
1699 0 62
1700 0 62
1701 0 60
1702 0 60
1703 0 61
1704 0 62
1705 0 62
1706 0 60
1707 0 60
1708 0 61
1709 0 61
1710 0 62
1711 0 61
1712 0 61
1713 0 61
1714 0 61
1715 0 60
1716 0 60
1717 0 60
1718 0 60
1719 0 60
1720 0 61
1721 0 61
1722 0 60
1723 0 61
1724 0 61
1725 0 59
1726 0 59
1727 0 60
1728 0 60
1729 0 60
1730 0 61
1731 0 61
1732 0 60
1733 0 60
1734 0 60
1735 0 60
1736 0 61
1737 0 61
1738 0 60
1739 0 61
1740 0 61
1741 0 59
1742 0 59
1743 0 60
1744 0 60
1745 0 60
1746 0 61
1747 0 61
1748 0 60
1749 0 61
1750 0 61
1751 0 59
1752 0 59
1753 0 60
1754 0 61
1755 0 61
1756 0 59
1757 0 59
1758 0 60
1759 0 60
1760 0 60
1761 0 60
1762 0 60
1763 0 60
1764 0 60
1765 0 60
1766 0 60
1767 0 62
1768 0 62
1769 0 61
1770 0 61
1771 0 61
1772 0 62
1773 0 62
1774 0 61
1775 0 61
1776 0 61
1777 0 61
1778 0 62
1779 0 60
1780 0 60
1781 0 60
1782 0 60
1783 0 60
1784 0 60
1785 0 62
1786 0 62
1787 0 62
1788 0 61
1789 0 61
1790 0 60
1791 0 62
1792 0 62
1793 0 61
1794 0 61
1795 0 61
1796 0 62
1797 0 62
1798 0 61
1799 0 61
1800 0 61
1801 0 61
1802 0 62
1803 0 60
1804 0 60
1805 0 60
1806 0 60
1807 0 60
1808 0 60
1809 0 61
1810 0 61
1811 0 61
1812 0 61
1813 0 61
1814 0 60
1815 0 61
1816 0 61
1817 0 60
1818 0 60
1819 0 61
1820 0 61
1821 0 61
1822 0 61
1823 0 61
1824 0 60
1825 0 61
1826 0 61
1827 0 61
1828 0 61
1829 0 61
1830 0 61
1831 0 61
1832 0 61
1833 0 61
1834 0 61
1835 0 61
1836 0 61
1837 0 61
1838 0 61
1839 0 61
1840 0 61
1841 0 61
1842 0 61
1843 0 61
1844 0 61
1845 0 61
1846 0 60
1847 0 60
1848 0 60
1849 0 60
1850 0 60
1851 0 60
1852 0 61
1853 0 61
1854 0 61
1855 0 61
1856 0 61
1857 0 60
1858 0 61
1859 0 61
1860 0 60
1861 0 60
1862 0 61
1863 0 61
1864 0 61
1865 0 61
1866 0 61
1867 0 60
1868 0 61
1869 0 61
1870 0 60
1871 0 60
1872 0 60
1873 0 61
1874 0 61
1875 0 60
1876 0 60
1877 0 61
1878 0 61
1879 0 61
1880 0 61
1881 0 61
1882 0 61
1883 0 60
1884 0 60
1885 0 59
1886 0 62
1887 0 62
1888 0 61
1889 0 61
1890 0 61
1891 0 62
1892 0 62
1893 0 61
1894 0 61
1895 0 61
1896 0 61
1897 0 62
1898 0 60
1899 0 60
1900 0 60
1901 0 60
1902 0 60
1903 0 60
1904 0 62
1905 0 62
1906 0 62
1907 0 61
1908 0 61
1909 0 60
1910 0 62
1911 0 62
1912 0 61
1913 0 61
1914 0 61
1915 0 62
1916 0 62
1917 0 61
1918 0 61
1919 0 61
1920 0 61
1921 0 62
1922 0 60
1923 0 60
1924 0 60
1925 0 60
1926 0 60
1927 0 60
1928 0 62
1929 0 62
1930 0 62
1931 0 61
1932 0 61
1933 0 61
1934 0 61
1935 0 61
1936 0 61
1937 0 61
1938 0 62
1939 0 62
1940 0 62
1941 0 62
1942 0 62
1943 0 61
1944 0 61
1945 0 61
1946 0 61
1947 0 61
1948 0 61
1949 0 61
1950 0 61
1951 0 61
1952 0 61
1953 0 61
1954 0 61
1955 0 61
1956 0 61
1957 0 61
1958 0 61
1959 0 61
1960 0 61
1961 0 61
1962 0 61
1963 0 61
1964 0 61
1965 0 60
1966 0 60
1967 0 60
1968 0 60
1969 0 60
1970 0 60
1971 0 61
1972 0 61
1973 0 61
1974 0 60
1975 0 60
1976 0 59
1977 0 60
1978 0 60
1979 0 60
1980 0 60
1981 0 61
1982 0 61
1983 0 61
1984 0 60
1985 0 60
1986 0 59
1987 0 61
1988 0 61
1989 0 61
1990 0 61
1991 0 60
1992 0 61
1993 0 61
1994 0 61
1995 0 61
1996 0 61
1997 0 61
1998 0 61
1999 0 61
2000 0 61
2001 0 61
2002 0 60
2003 0 60
2004 0 59
2005 0 61
2006 0 61
2007 0 61
2008 0 61
2009 0 61
2010 0 61
2011 0 61
2012 0 61
2013 0 61
2014 0 60
2015 0 60
2016 0 61
2017 0 59
2018 0 59
2019 0 59
2020 0 59
2021 0 59
2022 0 59
2023 0 61
2024 0 61
2025 0 61
2026 0 60
2027 0 60
2028 0 59
2029 0 60
2030 0 60
2031 0 60
2032 0 60
2033 0 61
2034 0 61
2035 0 61
2036 0 60
2037 0 60
2038 0 59
2039 0 61
2040 0 61
2041 0 61
2042 0 61
2043 0 60
2044 0 61
2045 0 61
2046 0 61
2047 0 61
2048 0 61
2049 0 61
2050 0 61
2051 0 61
2052 0 61
2053 0 61
2054 0 60
2055 0 60
2056 0 59
2057 0 61
2058 0 61
2059 0 61
2060 0 60
2061 0 60
2062 0 59
2063 0 60
2064 0 60
2065 0 60
2066 0 60
2067 0 61
2068 0 61
2069 0 61
2070 0 60
2071 0 60
2072 0 59
2073 0 61
2074 0 61
2075 0 61
2076 0 61
2077 0 60
2078 0 61
2079 0 61
2080 0 61
2081 0 61
2082 0 61
2083 0 61
2084 0 61
2085 0 61
2086 0 61
2087 0 61
2088 0 60
2089 0 60
2090 0 59
2091 0 61
2092 0 61
2093 0 61
2094 0 61
2095 0 61
2096 0 61
2097 0 61
2098 0 61
2099 0 61
2100 0 60
2101 0 60
2102 0 61
2103 0 59
2104 0 59
2105 0 59
2106 0 59
2107 0 59
2108 0 59
2109 0 61
2110 0 61
2111 0 61
2112 0 60
2113 0 60
2114 0 59
2115 0 60
2116 0 60
2117 0 60
2118 0 60
2119 0 61
2120 0 61
2121 0 61
2122 0 60
2123 0 60
2124 0 59
2125 0 61
2126 0 61
2127 0 61
2128 0 61
2129 0 60
2130 0 61
2131 0 61
2132 0 61
2133 0 61
2134 0 61
2135 0 61
2136 0 61
2137 0 61
2138 0 61
2139 0 61
2140 0 60
2141 0 60
2142 0 59
2143 0 61
2144 0 61
2145 0 60
2146 0 60
2147 0 60
2148 0 61
2149 0 61
2150 0 60
2151 0 60
2152 0 60
2153 0 60
2154 0 61
2155 0 59
2156 0 59
2157 0 59
2158 0 59
2159 0 59
2160 0 59
2161 0 61
2162 0 61
2163 0 61
2164 0 60
2165 0 60
2166 0 59
2167 0 61
2168 0 61
2169 0 60
2170 0 60
2171 0 60
2172 0 61
2173 0 61
2174 0 60
2175 0 60
2176 0 60
2177 0 60
2178 0 61
2179 0 59
2180 0 59
2181 0 59
2182 0 59
2183 0 59
2184 0 59
2185 0 60
2186 0 60
2187 0 60
2188 0 60
2189 0 60
2190 0 59
2191 0 60
2192 0 60
2193 0 59
2194 0 59
2195 0 60
2196 0 60
2197 0 60
2198 0 60
2199 0 60
2200 0 59
2201 0 60
2202 0 60
2203 0 60
2204 0 60
2205 0 60
2206 0 59
2207 0 60
2208 0 60
2209 0 59
2210 0 59
2211 0 60
2212 0 60
2213 0 60
2214 0 60
2215 0 60
2216 0 59
2217 0 60
2218 0 60
2219 0 59
2220 0 59
2221 0 59
2222 0 60
2223 0 60
2224 0 59
2225 0 59
2226 0 60
2227 0 60
2228 0 60
2229 0 60
2230 0 60
2231 0 60
2232 0 60
2233 0 60
2234 0 59
2235 0 62
2236 0 62
2237 0 62
2238 0 61
2239 0 62
2240 0 61
2241 0 62
2242 0 62
2243 0 62
2244 0 61
2245 0 62
2246 0 61
2247 0 61
2248 0 62
2249 0 61
2250 0 61
2251 0 61
2252 0 61
2253 0 61
2254 0 61
2255 0 60
2256 0 62
2257 0 61
2258 0 61
2259 0 62
2260 0 61
2261 0 61
2262 0 61
2263 0 61
2264 0 61
2265 0 60
2266 0 62
2267 0 62
2268 0 62
2269 0 61
2270 0 62
2271 0 61
2272 0 62
2273 0 62
2274 0 62
2275 0 61
2276 0 62
2277 0 61
2278 0 61
2279 0 62
2280 0 61
2281 0 61
2282 0 61
2283 0 61
2284 0 61
2285 0 61
2286 0 60
2287 0 62
2288 0 60
2289 0 61
2290 0 62
2291 0 60
2292 0 61
2293 0 61
2294 0 61
2295 0 61
2296 0 60
2297 0 61
2298 0 61
2299 0 61
2300 0 60
2301 0 62
2302 0 60
2303 0 61
2304 0 62
2305 0 60
2306 0 61
2307 0 62
2308 0 61
2309 0 61
2310 0 60
2311 0 60
2312 0 60
2313 0 61
2314 0 60
2315 0 61
2316 0 59
2317 0 60
2318 0 60
2319 0 61
2320 0 60
2321 0 60
2322 0 60
2323 0 61
2324 0 60
2325 0 61
2326 0 59
2327 0 60
2328 0 60
2329 0 61
2330 0 60
2331 0 61
2332 0 59
2333 0 60
2334 0 61
2335 0 59
2336 0 60
2337 0 60
2338 0 60
2339 0 60
2340 0 60
2341 0 60
2342 0 62
2343 0 60
2344 0 61
2345 0 62
2346 0 60
2347 0 61
2348 0 62
2349 0 61
2350 0 61
2351 0 60
2352 0 62
2353 0 62
2354 0 61
2355 0 60
2356 0 62
2357 0 60
2358 0 61
2359 0 62
2360 0 60
2361 0 61
2362 0 62
2363 0 61
2364 0 61
2365 0 60
2366 0 61
2367 0 61
2368 0 61
2369 0 60
2370 0 61
2371 0 60
2372 0 61
2373 0 61
2374 0 61
2375 0 60
2376 0 61
2377 0 60
2378 0 60
2379 0 61
2380 0 60
2381 0 61
2382 0 60
2383 0 60
2384 0 61
2385 0 60
2386 0 60
2387 0 60
2388 0 60
2389 0 60
2390 0 60
2391 0 62
2392 0 62
2393 0 62
2394 0 61
2395 0 62
2396 0 61
2397 0 62
2398 0 62
2399 0 62
2400 0 61
2401 0 62
2402 0 61
2403 0 61
2404 0 62
2405 0 61
2406 0 61
2407 0 61
2408 0 61
2409 0 61
2410 0 61
2411 0 60
2412 0 62
2413 0 61
2414 0 61
2415 0 62
2416 0 61
2417 0 61
2418 0 61
2419 0 61
2420 0 61
2421 0 60
2422 0 62
2423 0 62
2424 0 62
2425 0 61
2426 0 62
2427 0 61
2428 0 62
2429 0 62
2430 0 62
2431 0 61
2432 0 62
2433 0 61
2434 0 61
2435 0 62
2436 0 61
2437 0 61
2438 0 61
2439 0 61
2440 0 61
2441 0 61
2442 0 60
2443 0 62
2444 0 60
2445 0 61
2446 0 62
2447 0 60
2448 0 61
2449 0 61
2450 0 61
2451 0 61
2452 0 60
2453 0 61
2454 0 61
2455 0 61
2456 0 60
2457 0 62
2458 0 60
2459 0 61
2460 0 62
2461 0 60
2462 0 61
2463 0 62
2464 0 61
2465 0 61
2466 0 60
2467 0 60
2468 0 60
2469 0 61
2470 0 60
2471 0 61
2472 0 59
2473 0 60
2474 0 60
2475 0 61
2476 0 60
2477 0 60
2478 0 60
2479 0 61
2480 0 60
2481 0 61
2482 0 59
2483 0 60
2484 0 60
2485 0 61
2486 0 60
2487 0 61
2488 0 59
2489 0 60
2490 0 61
2491 0 59
2492 0 60
2493 0 60
2494 0 60
2495 0 60
2496 0 60
2497 0 60
2498 0 62
2499 0 61
2500 0 61
2501 0 62
2502 0 61
2503 0 61
2504 0 61
2505 0 60
2506 0 60
2507 0 60
2508 0 61
2509 0 61
2510 0 61
2511 0 60
2512 0 62
2513 0 61
2514 0 61
2515 0 62
2516 0 61
2517 0 61
2518 0 61
2519 0 60
2520 0 60
2521 0 60
2522 0 61
2523 0 61
2524 0 61
2525 0 60
2526 0 61
2527 0 60
2528 0 61
2529 0 61
2530 0 61
2531 0 60
2532 0 61
2533 0 61
2534 0 60
2535 0 61
2536 0 61
2537 0 61
2538 0 61
2539 0 60
2540 0 61
2541 0 61
2542 0 60
2543 0 60
2544 0 60
2545 0 60
2546 0 60
2547 0 61
2548 0 61
2549 0 61
2550 0 60
2551 0 61
2552 0 60
2553 0 61
2554 0 61
2555 0 61
2556 0 60
2557 0 61
2558 0 60
2559 0 60
2560 0 61
2561 0 60
2562 0 60
2563 0 60
2564 0 60
2565 0 60
2566 0 60
2567 0 59
2568 0 62
2569 0 61
2570 0 61
2571 0 62
2572 0 61
2573 0 61
2574 0 61
2575 0 60
2576 0 60
2577 0 60
2578 0 61
2579 0 61
2580 0 61
2581 0 60
2582 0 62
2583 0 61
2584 0 61
2585 0 62
2586 0 61
2587 0 61
2588 0 61
2589 0 60
2590 0 60
2591 0 60
2592 0 61
2593 0 61
2594 0 61
2595 0 61
2596 0 61
2597 0 61
2598 0 61
2599 0 61
2600 0 62
2601 0 61
2602 0 61
2603 0 61
2604 0 60
2605 0 61
2606 0 61
2607 0 61
2608 0 61
2609 0 60
2610 0 61
2611 0 61
2612 0 60
2613 0 60
2614 0 60
2615 0 60
2616 0 60
2617 0 61
2618 0 61
2619 0 60
2620 0 59
2621 0 60
2622 0 60
2623 0 61
2624 0 61
2625 0 60
2626 0 59
2627 0 61
2628 0 61
2629 0 60
2630 0 61
2631 0 61
2632 0 61
2633 0 61
2634 0 61
2635 0 61
2636 0 60
2637 0 59
2638 0 61
2639 0 61
2640 0 61
2641 0 61
2642 0 61
2643 0 60
2644 0 61
2645 0 59
2646 0 59
2647 0 59
2648 0 61
2649 0 61
2650 0 60
2651 0 59
2652 0 60
2653 0 60
2654 0 61
2655 0 61
2656 0 60
2657 0 59
2658 0 61
2659 0 61
2660 0 60
2661 0 61
2662 0 61
2663 0 61
2664 0 61
2665 0 61
2666 0 61
2667 0 60
2668 0 59
2669 0 61
2670 0 61
2671 0 60
2672 0 59
2673 0 60
2674 0 60
2675 0 61
2676 0 61
2677 0 60
2678 0 59
2679 0 61
2680 0 61
2681 0 60
2682 0 61
2683 0 61
2684 0 61
2685 0 61
2686 0 61
2687 0 61
2688 0 60
2689 0 59
2690 0 61
2691 0 61
2692 0 61
2693 0 61
2694 0 61
2695 0 60
2696 0 61
2697 0 59
2698 0 59
2699 0 59
2700 0 61
2701 0 61
2702 0 60
2703 0 59
2704 0 60
2705 0 60
2706 0 61
2707 0 61
2708 0 60
2709 0 59
2710 0 61
2711 0 61
2712 0 60
2713 0 61
2714 0 61
2715 0 61
2716 0 61
2717 0 61
2718 0 61
2719 0 60
2720 0 59
2721 0 61
2722 0 60
2723 0 60
2724 0 61
2725 0 60
2726 0 60
2727 0 61
2728 0 59
2729 0 59
2730 0 59
2731 0 61
2732 0 61
2733 0 60
2734 0 59
2735 0 61
2736 0 60
2737 0 60
2738 0 61
2739 0 60
2740 0 60
2741 0 61
2742 0 59
2743 0 59
2744 0 59
2745 0 60
2746 0 60
2747 0 60
2748 0 59
2749 0 60
2750 0 59
2751 0 60
2752 0 60
2753 0 60
2754 0 59
2755 0 60
2756 0 60
2757 0 60
2758 0 59
2759 0 60
2760 0 59
2761 0 60
2762 0 60
2763 0 60
2764 0 59
2765 0 60
2766 0 59
2767 0 59
2768 0 60
2769 0 59
2770 0 60
2771 0 60
2772 0 60
2773 0 60
2774 0 60
2775 0 59
2776 0 62
2777 0 61
2778 0 61
2779 0 62
2780 0 61
2781 0 61
2782 0 61
2783 0 60
2784 0 60
2785 0 60
2786 0 61
2787 0 61
2788 0 61
2789 0 60
2790 0 62
2791 0 61
2792 0 61
2793 0 62
2794 0 61
2795 0 61
2796 0 61
2797 0 60
2798 0 60
2799 0 60
2800 0 61
2801 0 61
2802 0 61
2803 0 61
2804 0 61
2805 0 61
2806 0 61
2807 0 61
2808 0 62
2809 0 61
2810 0 61
2811 0 61
2812 0 60
2813 0 61
2814 0 61
2815 0 61
2816 0 61
2817 0 60
2818 0 61
2819 0 61
2820 0 60
2821 0 60
2822 0 60
2823 0 60
2824 0 60
2825 0 61
2826 0 61
2827 0 62
2828 0 61
2829 0 62
2830 0 61
2831 0 61
2832 0 61
2833 0 62
2834 0 61
2835 0 61
2836 0 61
2837 0 60
2838 0 61
2839 0 61
2840 0 60
2841 0 60
2842 0 60
2843 0 60
2844 0 60
2845 0 59
2846 0 62
2847 0 61
2848 0 61
2849 0 62
2850 0 61
2851 0 61
2852 0 61
2853 0 60
2854 0 60
2855 0 60
2856 0 61
2857 0 61
2858 0 61
2859 0 60
2860 0 62
2861 0 61
2862 0 61
2863 0 62
2864 0 61
2865 0 61
2866 0 61
2867 0 60
2868 0 60
2869 0 60
2870 0 61
2871 0 61
2872 0 61
2873 0 61
2874 0 61
2875 0 61
2876 0 61
2877 0 61
2878 0 62
2879 0 61
2880 0 61
2881 0 61
2882 0 60
2883 0 61
2884 0 61
2885 0 61
2886 0 61
2887 0 60
2888 0 61
2889 0 61
2890 0 60
2891 0 60
2892 0 60
2893 0 60
2894 0 60
2895 0 61
2896 0 61
2897 0 61
2898 0 60
2899 0 61
2900 0 60
2901 0 61
2902 0 61
2903 0 61
2904 0 60
2905 0 61
2906 0 60
2907 0 60
2908 0 61
2909 0 60
2910 0 60
2911 0 60
2912 0 60
2913 0 60
2914 0 60
2915 0 59
2916 0 61
2917 0 60
2918 0 60
2919 0 61
2920 0 60
2921 0 60
2922 0 60
2923 0 60
2924 0 60
2925 0 59
2926 0 61
2927 0 61
2928 0 61
2929 0 60
2930 0 61
2931 0 60
2932 0 61
2933 0 61
2934 0 61
2935 0 60
2936 0 61
2937 0 61
2938 0 60
2939 0 61
2940 0 61
2941 0 60
2942 0 60
2943 0 60
2944 0 60
2945 0 60
2946 0 59
2947 0 61
2948 0 59
2949 0 60
2950 0 61
2951 0 59
2952 0 60
2953 0 61
2954 0 60
2955 0 60
2956 0 59
2957 0 61
2958 0 61
2959 0 60
2960 0 59
2961 0 61
2962 0 59
2963 0 60
2964 0 61
2965 0 59
2966 0 60
2967 0 61
2968 0 60
2969 0 60
2970 0 59
2971 0 61
2972 0 59
2973 0 60
2974 0 61
2975 0 59
2976 0 60
2977 0 61
2978 0 60
2979 0 60
2980 0 59
2981 0 61
2982 0 61
2983 0 60
2984 0 59
2985 0 61
2986 0 59
2987 0 60
2988 0 61
2989 0 59
2990 0 60
2991 0 61
2992 0 60
2993 0 60
2994 0 59
2995 0 60
2996 0 60
2997 0 60
2998 0 59
2999 0 60
3000 0 59
3001 0 60
3002 0 60
3003 0 60
3004 0 59
3005 0 60
3006 0 59
3007 0 59
3008 0 60
3009 0 59
3010 0 60
3011 0 59
3012 0 59
3013 0 60
3014 0 59
3015 0 59
3016 0 59
3017 0 60
3018 0 60
3019 0 59
3020 0 62
3021 0 62
3022 0 62
3023 0 61
3024 0 62
3025 0 61
3026 0 62
3027 0 62
3028 0 62
3029 0 61
3030 0 62
3031 0 61
3032 0 61
3033 0 62
3034 0 61
3035 0 61
3036 0 61
3037 0 61
3038 0 61
3039 0 61
3040 0 60
3041 0 62
3042 0 61
3043 0 61
3044 0 62
3045 0 61
3046 0 61
3047 0 61
3048 0 61
3049 0 61
3050 0 60
3051 0 62
3052 0 62
3053 0 62
3054 0 61
3055 0 62
3056 0 61
3057 0 62
3058 0 62
3059 0 62
3060 0 61
3061 0 62
3062 0 61
3063 0 61
3064 0 62
3065 0 61
3066 0 61
3067 0 61
3068 0 61
3069 0 61
3070 0 61
3071 0 60
3072 0 62
3073 0 60
3074 0 61
3075 0 62
3076 0 60
3077 0 61
3078 0 61
3079 0 61
3080 0 61
3081 0 60
3082 0 61
3083 0 61
3084 0 61
3085 0 60
3086 0 62
3087 0 60
3088 0 61
3089 0 62
3090 0 60
3091 0 61
3092 0 62
3093 0 61
3094 0 61
3095 0 60
3096 0 60
3097 0 60
3098 0 61
3099 0 60
3100 0 61
3101 0 59
3102 0 60
3103 0 60
3104 0 61
3105 0 60
3106 0 60
3107 0 60
3108 0 61
3109 0 60
3110 0 61
3111 0 59
3112 0 60
3113 0 60
3114 0 61
3115 0 60
3116 0 61
3117 0 59
3118 0 60
3119 0 61
3120 0 59
3121 0 60
3122 0 60
3123 0 60
3124 0 60
3125 0 60
3126 0 60
3127 0 62
3128 0 60
3129 0 61
3130 0 62
3131 0 60
3132 0 61
3133 0 62
3134 0 61
3135 0 61
3136 0 60
3137 0 62
3138 0 62
3139 0 61
3140 0 60
3141 0 62
3142 0 60
3143 0 61
3144 0 62
3145 0 60
3146 0 61
3147 0 62
3148 0 61
3149 0 61
3150 0 60
3151 0 61
3152 0 61
3153 0 61
3154 0 60
3155 0 61
3156 0 60
3157 0 61
3158 0 61
3159 0 61
3160 0 60
3161 0 61
3162 0 60
3163 0 60
3164 0 61
3165 0 60
3166 0 61
3167 0 60
3168 0 60
3169 0 61
3170 0 60
3171 0 60
3172 0 60
3173 0 60
3174 0 60
3175 0 60
3176 0 62
3177 0 62
3178 0 62
3179 0 61
3180 0 62
3181 0 61
3182 0 62
3183 0 62
3184 0 62
3185 0 61
3186 0 62
3187 0 61
3188 0 61
3189 0 62
3190 0 61
3191 0 61
3192 0 61
3193 0 61
3194 0 61
3195 0 61
3196 0 60
3197 0 62
3198 0 61
3199 0 61
3200 0 62
3201 0 61
3202 0 61
3203 0 61
3204 0 61
3205 0 61
3206 0 60
3207 0 62
3208 0 62
3209 0 62
3210 0 61
3211 0 62
3212 0 61
3213 0 62
3214 0 62
3215 0 62
3216 0 61
3217 0 62
3218 0 61
3219 0 61
3220 0 62
3221 0 61
3222 0 61
3223 0 61
3224 0 61
3225 0 61
3226 0 61
3227 0 60
3228 0 62
3229 0 60
3230 0 61
3231 0 62
3232 0 60
3233 0 61
3234 0 61
3235 0 61
3236 0 61
3237 0 60
3238 0 61
3239 0 61
3240 0 61
3241 0 60
3242 0 62
3243 0 60
3244 0 61
3245 0 62
3246 0 60
3247 0 61
3248 0 62
3249 0 61
3250 0 61
3251 0 60
3252 0 60
3253 0 60
3254 0 61
3255 0 60
3256 0 61
3257 0 59
3258 0 60
3259 0 60
3260 0 61
3261 0 60
3262 0 60
3263 0 60
3264 0 61
3265 0 60
3266 0 61
3267 0 59
3268 0 60
3269 0 60
3270 0 61
3271 0 60
3272 0 61
3273 0 59
3274 0 60
3275 0 61
3276 0 59
3277 0 60
3278 0 60
3279 0 60
3280 0 60
3281 0 60
3282 0 60
3283 0 62
3284 0 61
3285 0 61
3286 0 62
3287 0 61
3288 0 61
3289 0 62
3290 0 60
3291 0 60
3292 0 60
3293 0 62
3294 0 62
3295 0 61
3296 0 60
3297 0 62
3298 0 61
3299 0 61
3300 0 62
3301 0 61
3302 0 61
3303 0 62
3304 0 60
3305 0 60
3306 0 60
3307 0 61
3308 0 61
3309 0 61
3310 0 60
3311 0 61
3312 0 60
3313 0 61
3314 0 61
3315 0 61
3316 0 60
3317 0 61
3318 0 61
3319 0 61
3320 0 61
3321 0 61
3322 0 61
3323 0 61
3324 0 61
3325 0 61
3326 0 61
3327 0 61
3328 0 61
3329 0 60
3330 0 60
3331 0 60
3332 0 61
3333 0 61
3334 0 61
3335 0 60
3336 0 61
3337 0 60
3338 0 61
3339 0 61
3340 0 61
3341 0 60
3342 0 61
3343 0 60
3344 0 60
3345 0 61
3346 0 60
3347 0 61
3348 0 61
3349 0 61
3350 0 61
3351 0 60
3352 0 59
3353 0 62
3354 0 61
3355 0 61
3356 0 62
3357 0 61
3358 0 61
3359 0 62
3360 0 60
3361 0 60
3362 0 60
3363 0 62
3364 0 62
3365 0 61
3366 0 60
3367 0 62
3368 0 61
3369 0 61
3370 0 62
3371 0 61
3372 0 61
3373 0 62
3374 0 60
3375 0 60
3376 0 60
3377 0 62
3378 0 62
3379 0 61
3380 0 61
3381 0 61
3382 0 61
3383 0 62
3384 0 62
3385 0 62
3386 0 61
3387 0 61
3388 0 61
3389 0 61
3390 0 61
3391 0 61
3392 0 61
3393 0 61
3394 0 61
3395 0 61
3396 0 61
3397 0 61
3398 0 61
3399 0 60
3400 0 60
3401 0 60
3402 0 61
3403 0 61
3404 0 60
3405 0 59
3406 0 60
3407 0 60
3408 0 61
3409 0 61
3410 0 60
3411 0 59
3412 0 61
3413 0 61
3414 0 60
3415 0 61
3416 0 61
3417 0 61
3418 0 61
3419 0 61
3420 0 61
3421 0 60
3422 0 59
3423 0 61
3424 0 61
3425 0 61
3426 0 61
3427 0 61
3428 0 60
3429 0 61
3430 0 59
3431 0 59
3432 0 59
3433 0 61
3434 0 61
3435 0 60
3436 0 59
3437 0 60
3438 0 60
3439 0 61
3440 0 61
3441 0 60
3442 0 59
3443 0 61
3444 0 61
3445 0 60
3446 0 61
3447 0 61
3448 0 61
3449 0 61
3450 0 61
3451 0 61
3452 0 60
3453 0 59
3454 0 61
3455 0 61
3456 0 60
3457 0 59
3458 0 60
3459 0 60
3460 0 61
3461 0 61
3462 0 60
3463 0 59
3464 0 61
3465 0 61
3466 0 60
3467 0 61
3468 0 61
3469 0 61
3470 0 61
3471 0 61
3472 0 61
3473 0 60
3474 0 59
3475 0 61
3476 0 61
3477 0 61
3478 0 61
3479 0 61
3480 0 60
3481 0 61
3482 0 59
3483 0 59
3484 0 59
3485 0 61
3486 0 61
3487 0 60
3488 0 59
3489 0 60
3490 0 60
3491 0 61
3492 0 61
3493 0 60
3494 0 59
3495 0 61
3496 0 61
3497 0 60
3498 0 61
3499 0 61
3500 0 61
3501 0 61
3502 0 61
3503 0 61
3504 0 60
3505 0 59
3506 0 61
3507 0 60
3508 0 60
3509 0 61
3510 0 60
3511 0 60
3512 0 61
3513 0 59
3514 0 59
3515 0 59
3516 0 61
3517 0 61
3518 0 60
3519 0 59
3520 0 61
3521 0 60
3522 0 60
3523 0 61
3524 0 60
3525 0 60
3526 0 61
3527 0 59
3528 0 59
3529 0 59
3530 0 60
3531 0 60
3532 0 60
3533 0 59
3534 0 60
3535 0 59
3536 0 60
3537 0 60
3538 0 60
3539 0 59
3540 0 60
3541 0 60
3542 0 60
3543 0 59
3544 0 60
3545 0 59
3546 0 60
3547 0 60
3548 0 60
3549 0 59
3550 0 60
3551 0 59
3552 0 59
3553 0 60
3554 0 59
3555 0 60
3556 0 60
3557 0 60
3558 0 60
3559 0 60
3560 0 59
3561 0 62
3562 0 61
3563 0 62
3564 0 61
3565 0 61
3566 0 61
3567 0 61
3568 0 61
3569 0 61
3570 0 61
3571 0 60
3572 0 62
3573 0 61
3574 0 62
3575 0 61
3576 0 61
3577 0 61
3578 0 61
3579 0 60
3580 0 60
3581 0 61
3582 0 60
3583 0 61
3584 0 60
3585 0 60
3586 0 61
3587 0 60
3588 0 60
3589 0 59
3590 0 60
3591 0 60
3592 0 59
3593 0 60
3594 0 59
3595 0 59
3596 0 60
3597 0 60
3598 0 60
3599 0 60
3600 0 61
3601 0 60
3602 0 62
3603 0 60
3604 0 60
3605 0 61
3606 0 60
3607 0 61
3608 0 60
3609 0 61
3610 0 60
3611 0 60
3612 0 60
3613 0 60
3614 0 60
3615 0 60
3616 0 62
3617 0 61
3618 0 62
3619 0 61
3620 0 61
3621 0 61
3622 0 61
3623 0 61
3624 0 61
3625 0 61
3626 0 60
3627 0 62
3628 0 61
3629 0 62
3630 0 61
3631 0 61
3632 0 61
3633 0 61
3634 0 60
3635 0 60
3636 0 61
3637 0 60
3638 0 61
3639 0 60
3640 0 60
3641 0 61
3642 0 60
3643 0 60
3644 0 59
3645 0 60
3646 0 60
3647 0 59
3648 0 60
3649 0 59
3650 0 59
3651 0 60
3652 0 60
3653 0 61
3654 0 61
3655 0 61
3656 0 60
3657 0 61
3658 0 61
3659 0 61
3660 0 61
3661 0 60
3662 0 61
3663 0 60
3664 0 61
3665 0 61
3666 0 61
3667 0 61
3668 0 61
3669 0 60
3670 0 60
3671 0 61
3672 0 60
3673 0 61
3674 0 60
3675 0 60
3676 0 60
3677 0 60
3678 0 61
3679 0 61
3680 0 61
3681 0 60
3682 0 61
3683 0 61
3684 0 61
3685 0 61
3686 0 60
3687 0 61
3688 0 61
3689 0 61
3690 0 61
3691 0 61
3692 0 61
3693 0 61
3694 0 60
3695 0 60
3696 0 61
3697 0 60
3698 0 61
3699 0 61
3700 0 61
3701 0 61
3702 0 61
3703 0 61
3704 0 61
3705 0 60
3706 0 59
3707 0 61
3708 0 60
3709 0 61
3710 0 61
3711 0 61
3712 0 61
3713 0 61
3714 0 61
3715 0 60
3716 0 61
3717 0 61
3718 0 61
3719 0 61
3720 0 61
3721 0 61
3722 0 61
3723 0 60
3724 0 59
3725 0 61
3726 0 60
3727 0 61
3728 0 61
3729 0 61
3730 0 61
3731 0 61
3732 0 60
3733 0 60
3734 0 60
3735 0 59
3736 0 61
3737 0 60
3738 0 60
3739 0 60
3740 0 59
3741 0 60
3742 0 59
3743 0 60
3744 0 60
3745 0 59
3746 0 60
3747 0 59
3748 0 59
3749 0 60
3750 0 60
3751 0 61
3752 0 61
3753 0 61
3754 0 60
3755 0 61
3756 0 61
3757 0 61
3758 0 61
3759 0 60
3760 0 61
3761 0 61
3762 0 61
3763 0 61
3764 0 61
3765 0 61
3766 0 61
3767 0 60
3768 0 60
3769 0 61
3770 0 61
3771 0 61
3772 0 61
3773 0 61
3774 0 60
3775 0 60
3776 0 61
3777 0 61
3778 0 61
3779 0 60
3780 0 61
3781 0 61
3782 0 61
3783 0 61
3784 0 60
3785 0 61
3786 0 61
3787 0 61
3788 0 61
3789 0 61
3790 0 61
3791 0 61
3792 0 60
3793 0 60
3794 0 61
3795 0 60
3796 0 61
3797 0 60
3798 0 60
3799 0 60
3800 0 60
3801 0 60
3802 0 60
3803 0 60
3804 0 59
3805 0 61
3806 0 60
3807 0 61
3808 0 61
3809 0 61
3810 0 60
3811 0 60
3812 0 59
3813 0 59
3814 0 60
3815 0 59
3816 0 61
3817 0 59
3818 0 59
3819 0 60
3820 0 59
3821 0 59
3822 0 59
3823 0 60
3824 0 59
3825 0 61
3826 0 59
3827 0 59
3828 0 60
3829 0 59
3830 0 60
3831 0 59
3832 0 60
3833 0 59
3834 0 59
3835 0 59
3836 0 59
3837 0 59
3838 0 59
3839 0 62
3840 0 61
3841 0 62
3842 0 61
3843 0 61
3844 0 61
3845 0 61
3846 0 61
3847 0 61
3848 0 61
3849 0 60
3850 0 62
3851 0 61
3852 0 62
3853 0 61
3854 0 61
3855 0 61
3856 0 61
3857 0 60
3858 0 60
3859 0 61
3860 0 60
3861 0 61
3862 0 60
3863 0 60
3864 0 61
3865 0 60
3866 0 60
3867 0 59
3868 0 60
3869 0 60
3870 0 59
3871 0 60
3872 0 59
3873 0 59
3874 0 60
3875 0 60
3876 0 60
3877 0 60
3878 0 61
3879 0 60
3880 0 62
3881 0 60
3882 0 60
3883 0 61
3884 0 60
3885 0 61
3886 0 60
3887 0 61
3888 0 60
3889 0 60
3890 0 60
3891 0 60
3892 0 60
3893 0 60
3894 0 62
3895 0 61
3896 0 62
3897 0 61
3898 0 61
3899 0 61
3900 0 61
3901 0 61
3902 0 61
3903 0 61
3904 0 60
3905 0 62
3906 0 61
3907 0 62
3908 0 61
3909 0 61
3910 0 61
3911 0 61
3912 0 60
3913 0 60
3914 0 61
3915 0 60
3916 0 61
3917 0 60
3918 0 60
3919 0 61
3920 0 60
3921 0 60
3922 0 59
3923 0 60
3924 0 60
3925 0 59
3926 0 60
3927 0 59
3928 0 59
3929 0 60
3930 0 60
3931 0 61
3932 0 61
3933 0 61
3934 0 60
3935 0 62
3936 0 61
3937 0 61
3938 0 61
3939 0 60
3940 0 61
3941 0 60
3942 0 61
3943 0 61
3944 0 61
3945 0 61
3946 0 61
3947 0 61
3948 0 60
3949 0 61
3950 0 60
3951 0 61
3952 0 60
3953 0 60
3954 0 61
3955 0 61
3956 0 61
3957 0 61
3958 0 61
3959 0 60
3960 0 62
3961 0 61
3962 0 61
3963 0 61
3964 0 60
3965 0 62
3966 0 61
3967 0 62
3968 0 61
3969 0 61
3970 0 61
3971 0 61
3972 0 61
3973 0 60
3974 0 61
3975 0 60
3976 0 61
3977 0 61
3978 0 61
3979 0 61
3980 0 61
3981 0 61
3982 0 61
3983 0 60
3984 0 59
3985 0 61
3986 0 60
3987 0 61
3988 0 61
3989 0 61
3990 0 61
3991 0 61
3992 0 61
3993 0 60
3994 0 61
3995 0 61
3996 0 61
3997 0 61
3998 0 61
3999 0 61
4000 0 61
4001 0 60
4002 0 59
4003 0 61
4004 0 60
4005 0 61
4006 0 61
4007 0 61
4008 0 61
4009 0 61
4010 0 60
4011 0 60
4012 0 60
4013 0 59
4014 0 61
4015 0 60
4016 0 60
4017 0 60
4018 0 59
4019 0 60
4020 0 59
4021 0 60
4022 0 60
4023 0 59
4024 0 60
4025 0 59
4026 0 59
4027 0 60
4028 0 60
4029 0 61
4030 0 61
4031 0 61
4032 0 60
4033 0 60
4034 0 59
4035 0 60
4036 0 60
4037 0 60
4038 0 60
4039 0 61
4040 0 61
4041 0 61
4042 0 60
4043 0 60
4044 0 59
4045 0 61
4046 0 61
4047 0 61
4048 0 61
4049 0 60
4050 0 61
4051 0 61
4052 0 61
4053 0 61
4054 0 61
4055 0 61
4056 0 61
4057 0 61
4058 0 61
4059 0 61
4060 0 60
4061 0 60
4062 0 59
4063 0 61
4064 0 61
4065 0 61
4066 0 61
4067 0 61
4068 0 61
4069 0 61
4070 0 61
4071 0 61
4072 0 60
4073 0 60
4074 0 61
4075 0 59
4076 0 59
4077 0 59
4078 0 59
4079 0 59
4080 0 59
4081 0 61
4082 0 61
4083 0 61
4084 0 60
4085 0 60
4086 0 59
4087 0 60
4088 0 60
4089 0 60
4090 0 60
4091 0 61
4092 0 61
4093 0 61
4094 0 60
4095 0 60
4096 0 59
4097 0 61
4098 0 61
4099 0 61
4100 0 61
4101 0 60
4102 0 61
4103 0 61
4104 0 61
4105 0 61
4106 0 61
4107 0 61
4108 0 61
4109 0 61
4110 0 61
4111 0 61
4112 0 60
4113 0 60
4114 0 59
4115 0 61
4116 0 61
4117 0 61
4118 0 60
4119 0 60
4120 0 59
4121 0 60
4122 0 60
4123 0 60
4124 0 60
4125 0 61
4126 0 61
4127 0 61
4128 0 60
4129 0 60
4130 0 59
4131 0 61
4132 0 61
4133 0 61
4134 0 61
4135 0 60
4136 0 61
4137 0 61
4138 0 61
4139 0 61
4140 0 61
4141 0 61
4142 0 61
4143 0 61
4144 0 61
4145 0 61
4146 0 60
4147 0 60
4148 0 59
4149 0 61
4150 0 61
4151 0 61
4152 0 61
4153 0 61
4154 0 61
4155 0 61
4156 0 61
4157 0 61
4158 0 60
4159 0 60
4160 0 61
4161 0 59
4162 0 59
4163 0 59
4164 0 59
4165 0 59
4166 0 59
4167 0 61
4168 0 61
4169 0 61
4170 0 60
4171 0 60
4172 0 59
4173 0 60
4174 0 60
4175 0 60
4176 0 60
4177 0 61
4178 0 61
4179 0 61
4180 0 60
4181 0 60
4182 0 59
4183 0 61
4184 0 61
4185 0 61
4186 0 61
4187 0 60
4188 0 61
4189 0 61
4190 0 61
4191 0 61
4192 0 61
4193 0 61
4194 0 61
4195 0 61
4196 0 61
4197 0 61
4198 0 60
4199 0 60
4200 0 59
4201 0 61
4202 0 61
4203 0 60
4204 0 60
4205 0 60
4206 0 61
4207 0 61
4208 0 60
4209 0 60
4210 0 60
4211 0 60
4212 0 61
4213 0 59
4214 0 59
4215 0 59
4216 0 59
4217 0 59
4218 0 59
4219 0 61
4220 0 61
4221 0 61
4222 0 60
4223 0 60
4224 0 59
4225 0 61
4226 0 61
4227 0 60
4228 0 60
4229 0 60
4230 0 61
4231 0 61
4232 0 60
4233 0 60
4234 0 60
4235 0 60
4236 0 61
4237 0 59
4238 0 59
4239 0 59
4240 0 59
4241 0 59
4242 0 59
4243 0 60
4244 0 60
4245 0 60
4246 0 60
4247 0 60
4248 0 59
4249 0 60
4250 0 60
4251 0 59
4252 0 59
4253 0 60
4254 0 60
4255 0 60
4256 0 60
4257 0 60
4258 0 59
4259 0 60
4260 0 60
4261 0 60
4262 0 60
4263 0 60
4264 0 59
4265 0 60
4266 0 60
4267 0 59
4268 0 59
4269 0 60
4270 0 60
4271 0 60
4272 0 60
4273 0 60
4274 0 59
4275 0 60
4276 0 60
4277 0 59
4278 0 59
4279 0 59
4280 0 60
4281 0 60
4282 0 59
4283 0 59
4284 0 60
4285 0 60
4286 0 60
4287 0 60
4288 0 60
4289 0 60
4290 0 60
4291 0 60
4292 0 59
4293 0 62
4294 0 61
4295 0 62
4296 0 61
4297 0 61
4298 0 61
4299 0 61
4300 0 61
4301 0 61
4302 0 61
4303 0 60
4304 0 62
4305 0 61
4306 0 62
4307 0 61
4308 0 61
4309 0 61
4310 0 61
4311 0 60
4312 0 60
4313 0 61
4314 0 60
4315 0 61
4316 0 60
4317 0 60
4318 0 61
4319 0 60
4320 0 60
4321 0 59
4322 0 60
4323 0 60
4324 0 59
4325 0 60
4326 0 59
4327 0 59
4328 0 60
4329 0 60
4330 0 60
4331 0 60
4332 0 61
4333 0 60
4334 0 62
4335 0 60
4336 0 60
4337 0 61
4338 0 60
4339 0 61
4340 0 60
4341 0 61
4342 0 60
4343 0 60
4344 0 60
4345 0 60
4346 0 60
4347 0 60
4348 0 62
4349 0 61
4350 0 62
4351 0 61
4352 0 61
4353 0 61
4354 0 61
4355 0 61
4356 0 61
4357 0 61
4358 0 60
4359 0 62
4360 0 61
4361 0 62
4362 0 61
4363 0 61
4364 0 61
4365 0 61
4366 0 60
4367 0 60
4368 0 61
4369 0 60
4370 0 61
4371 0 60
4372 0 60
4373 0 61
4374 0 60
4375 0 60
4376 0 59
4377 0 60
4378 0 60
4379 0 59
4380 0 60
4381 0 59
4382 0 59
4383 0 60
4384 0 60
4385 0 61
4386 0 61
4387 0 61
4388 0 60
4389 0 62
4390 0 61
4391 0 61
4392 0 61
4393 0 60
4394 0 61
4395 0 60
4396 0 61
4397 0 61
4398 0 61
4399 0 61
4400 0 61
4401 0 61
4402 0 60
4403 0 61
4404 0 60
4405 0 61
4406 0 60
4407 0 60
4408 0 61
4409 0 61
4410 0 61
4411 0 61
4412 0 61
4413 0 60
4414 0 62
4415 0 61
4416 0 61
4417 0 61
4418 0 60
4419 0 62
4420 0 61
4421 0 62
4422 0 61
4423 0 61
4424 0 61
4425 0 61
4426 0 61
4427 0 60
4428 0 61
4429 0 60
4430 0 61
4431 0 61
4432 0 61
4433 0 61
4434 0 61
4435 0 61
4436 0 61
4437 0 60
4438 0 59
4439 0 61
4440 0 60
4441 0 61
4442 0 61
4443 0 61
4444 0 61
4445 0 61
4446 0 61
4447 0 60
4448 0 61
4449 0 61
4450 0 61
4451 0 61
4452 0 61
4453 0 61
4454 0 61
4455 0 60
4456 0 59
4457 0 61
4458 0 60
4459 0 61
4460 0 61
4461 0 61
4462 0 61
4463 0 61
4464 0 60
4465 0 60
4466 0 60
4467 0 59
4468 0 61
4469 0 60
4470 0 60
4471 0 60
4472 0 59
4473 0 60
4474 0 59
4475 0 60
4476 0 60
4477 0 59
4478 0 60
4479 0 59
4480 0 59
4481 0 60
4482 0 60
4483 0 61
4484 0 61
4485 0 61
4486 0 60
4487 0 62
4488 0 61
4489 0 61
4490 0 61
4491 0 60
4492 0 62
4493 0 61
4494 0 62
4495 0 61
4496 0 61
4497 0 61
4498 0 61
4499 0 61
4500 0 60
4501 0 62
4502 0 61
4503 0 62
4504 0 61
4505 0 61
4506 0 61
4507 0 61
4508 0 61
4509 0 61
4510 0 61
4511 0 60
4512 0 62
4513 0 61
4514 0 61
4515 0 61
4516 0 60
4517 0 62
4518 0 61
4519 0 62
4520 0 61
4521 0 61
4522 0 61
4523 0 61
4524 0 61
4525 0 60
4526 0 61
4527 0 60
4528 0 61
4529 0 60
4530 0 60
4531 0 61
4532 0 61
4533 0 60
4534 0 60
4535 0 60
4536 0 59
4537 0 61
4538 0 60
4539 0 61
4540 0 61
4541 0 61
4542 0 61
4543 0 61
4544 0 59
4545 0 59
4546 0 60
4547 0 59
4548 0 61
4549 0 59
4550 0 59
4551 0 60
4552 0 59
4553 0 59
4554 0 59
4555 0 60
4556 0 59
4557 0 61
4558 0 59
4559 0 59
4560 0 60
4561 0 59
4562 0 60
4563 0 59
4564 0 60
4565 0 59
4566 0 59
4567 0 59
4568 0 59
4569 0 59
4570 0 59
4571 0 62
4572 0 61
4573 0 62
4574 0 61
4575 0 61
4576 0 61
4577 0 61
4578 0 61
4579 0 61
4580 0 61
4581 0 60
4582 0 62
4583 0 61
4584 0 62
4585 0 61
4586 0 61
4587 0 61
4588 0 61
4589 0 60
4590 0 60
4591 0 61
4592 0 60
4593 0 61
4594 0 60
4595 0 60
4596 0 61
4597 0 60
4598 0 60
4599 0 59
4600 0 60
4601 0 60
4602 0 59
4603 0 60
4604 0 59
4605 0 59
4606 0 60
4607 0 60
4608 0 60
4609 0 60
4610 0 61
4611 0 60
4612 0 62
4613 0 60
4614 0 60
4615 0 61
4616 0 60
4617 0 61
4618 0 60
4619 0 61
4620 0 60
4621 0 60
4622 0 60
4623 0 60
4624 0 60
4625 0 60
4626 0 62
4627 0 61
4628 0 62
4629 0 61
4630 0 61
4631 0 61
4632 0 61
4633 0 61
4634 0 61
4635 0 61
4636 0 60
4637 0 62
4638 0 61
4639 0 62
4640 0 61
4641 0 61
4642 0 61
4643 0 61
4644 0 60
4645 0 60
4646 0 61
4647 0 60
4648 0 61
4649 0 60
4650 0 60
4651 0 61
4652 0 60
4653 0 60
4654 0 59
4655 0 60
4656 0 60
4657 0 59
4658 0 60
4659 0 59
4660 0 59
4661 0 60
4662 0 60
4663 0 61
4664 0 61
4665 0 61
4666 0 60
4667 0 62
4668 0 61
4669 0 61
4670 0 61
4671 0 60
4672 0 61
4673 0 60
4674 0 61
4675 0 61
4676 0 61
4677 0 61
4678 0 61
4679 0 61
4680 0 60
4681 0 61
4682 0 60
4683 0 61
4684 0 60
4685 0 60
4686 0 61
4687 0 61
4688 0 61
4689 0 61
4690 0 61
4691 0 60
4692 0 62
4693 0 61
4694 0 61
4695 0 61
4696 0 60
4697 0 62
4698 0 61
4699 0 62
4700 0 61
4701 0 61
4702 0 61
4703 0 61
4704 0 61
4705 0 60
4706 0 61
4707 0 60
4708 0 61
4709 0 61
4710 0 61
4711 0 61
4712 0 61
4713 0 61
4714 0 61
4715 0 60
4716 0 59
4717 0 61
4718 0 60
4719 0 61
4720 0 61
4721 0 61
4722 0 61
4723 0 61
4724 0 61
4725 0 60
4726 0 61
4727 0 61
4728 0 61
4729 0 61
4730 0 61
4731 0 61
4732 0 61
4733 0 60
4734 0 59
4735 0 61
4736 0 60
4737 0 61
4738 0 61
4739 0 61
4740 0 61
4741 0 61
4742 0 60
4743 0 60
4744 0 60
4745 0 59
4746 0 61
4747 0 60
4748 0 60
4749 0 60
4750 0 59
4751 0 60
4752 0 59
4753 0 60
4754 0 60
4755 0 59
4756 0 60
4757 0 59
4758 0 59
4759 0 60
4760 0 60
4761 0 61
4762 0 61
4763 0 61
4764 0 60
4765 0 61
4766 0 61
4767 0 61
4768 0 61
4769 0 60
4770 0 61
4771 0 60
4772 0 61
4773 0 60
4774 0 60
4775 0 60
4776 0 60
4777 0 60
4778 0 60
4779 0 61
4780 0 60
4781 0 61
4782 0 60
4783 0 60
4784 0 60
4785 0 60
4786 0 61
4787 0 61
4788 0 61
4789 0 60
4790 0 61
4791 0 61
4792 0 61
4793 0 61
4794 0 60
4795 0 61
4796 0 60
4797 0 61
4798 0 60
4799 0 60
4800 0 60
4801 0 60
4802 0 60
4803 0 60
4804 0 61
4805 0 60
4806 0 61
4807 0 60
4808 0 60
4809 0 60
4810 0 60
4811 0 60
4812 0 60
4813 0 60
4814 0 59
4815 0 61
4816 0 60
4817 0 61
4818 0 61
4819 0 61
4820 0 60
4821 0 60
4822 0 59
4823 0 59
4824 0 60
4825 0 59
4826 0 61
4827 0 59
4828 0 59
4829 0 60
4830 0 59
4831 0 59
4832 0 59
4833 0 60
4834 0 59
4835 0 61
4836 0 59
4837 0 59
4838 0 60
4839 0 59
4840 0 60
4841 0 59
4842 0 60
4843 0 59
4844 0 59
4845 0 59
4846 0 59
4847 0 59
4848 0 59
4849 0 61
4850 0 60
4851 0 61
4852 0 61
4853 0 61
4854 0 60
4855 0 60
4856 0 61
4857 0 61
4858 0 60
4859 0 59
4860 0 61
4861 0 60
4862 0 61
4863 0 61
4864 0 61
4865 0 60
4866 0 60
4867 0 60
4868 0 60
4869 0 60
4870 0 59
4871 0 60
4872 0 60
4873 0 60
4874 0 60
4875 0 59
4876 0 60
4877 0 59
4878 0 60
4879 0 60
4880 0 59
4881 0 60
4882 0 59
4883 0 59
4884 0 59
4885 0 59
4886 0 61
4887 0 61
4888 0 61
4889 0 60
4890 0 61
4891 0 61
4892 0 61
4893 0 61
4894 0 60
4895 0 61
4896 0 60
4897 0 61
4898 0 60
4899 0 60
4900 0 60
4901 0 60
4902 0 60
4903 0 60
4904 0 61
4905 0 60
4906 0 61
4907 0 60
4908 0 60
4909 0 60
4910 0 60
4911 0 61
4912 0 61
4913 0 61
4914 0 60
4915 0 61
4916 0 61
4917 0 61
4918 0 61
4919 0 60
4920 0 61
4921 0 60
4922 0 61
4923 0 60
4924 0 60
4925 0 60
4926 0 60
4927 0 60
4928 0 60
4929 0 61
4930 0 60
4931 0 61
4932 0 60
4933 0 60
4934 0 61
4935 0 61
4936 0 60
4937 0 60
4938 0 60
4939 0 59
4940 0 61
4941 0 60
4942 0 61
4943 0 61
4944 0 61
4945 0 61
4946 0 61
4947 0 59
4948 0 59
4949 0 60
4950 0 59
4951 0 61
4952 0 59
4953 0 59
4954 0 60
4955 0 59
4956 0 59
4957 0 59
4958 0 60
4959 0 59
4960 0 61
4961 0 59
4962 0 59
4963 0 60
4964 0 59
4965 0 60
4966 0 59
4967 0 60
4968 0 59
4969 0 59
4970 0 59
4971 0 59
4972 0 59
4973 0 59
4974 0 61
4975 0 60
4976 0 61
4977 0 60
4978 0 60
4979 0 59
4980 0 59
4981 0 60
4982 0 60
4983 0 60
4984 0 60
4985 0 61
4986 0 60
4987 0 61
4988 0 60
4989 0 60
4990 0 59
4991 0 59
4992 0 60
4993 0 60
4994 0 60
4995 0 60
4996 0 60
4997 0 60
4998 0 60
4999 0 61
5000 0 60
5001 0 60
5002 0 59
5003 0 60
5004 0 60
5005 0 59
5006 0 60
5007 0 59
5008 0 59
5009 0 59
5010 0 59
5011 0 60
5012 0 60
5013 0 61
5014 0 60
5015 0 61
5016 0 60
5017 0 60
5018 0 61
5019 0 60
5020 0 60
5021 0 59
5022 0 60
5023 0 59
5024 0 59
5025 0 59
5026 0 59
5027 0 59
5028 0 59
5029 0 61
5030 0 60
5031 0 61
5032 0 60
5033 0 60
5034 0 59
5035 0 59
5036 0 60
5037 0 60
5038 0 60
5039 0 60
5040 0 61
5041 0 60
5042 0 61
5043 0 60
5044 0 60
5045 0 59
5046 0 59
5047 0 60
5048 0 60
5049 0 60
5050 0 60
5051 0 60
5052 0 60
5053 0 60
5054 0 61
5055 0 60
5056 0 60
5057 0 59
5058 0 60
5059 0 60
5060 0 59
5061 0 60
5062 0 59
5063 0 59
5064 0 59
5065 0 59
5066 0 61
5067 0 60
5068 0 61
5069 0 60
5070 0 60
5071 0 59
5072 0 59
5073 0 60
5074 0 60
5075 0 60
5076 0 60
5077 0 61
5078 0 60
5079 0 61
5080 0 60
5081 0 60
5082 0 59
5083 0 59
5084 0 60
5085 0 60
5086 0 60
5087 0 60
5088 0 60
5089 0 60
5090 0 60
5091 0 61
5092 0 60
5093 0 60
5094 0 59
5095 0 60
5096 0 60
5097 0 59
5098 0 60
5099 0 59
5100 0 59
5101 0 59
5102 0 59
5103 0 60
5104 0 60
5105 0 61
5106 0 60
5107 0 61
5108 0 60
5109 0 60
5110 0 61
5111 0 60
5112 0 60
5113 0 59
5114 0 60
5115 0 59
5116 0 59
5117 0 59
5118 0 59
5119 0 59
5120 0 59
5121 0 61
5122 0 60
5123 0 61
5124 0 60
5125 0 60
5126 0 59
5127 0 59
5128 0 60
5129 0 60
5130 0 60
5131 0 60
5132 0 61
5133 0 60
5134 0 61
5135 0 60
5136 0 60
5137 0 59
5138 0 59
5139 0 60
5140 0 60
5141 0 60
5142 0 60
5143 0 60
5144 0 60
5145 0 60
5146 0 61
5147 0 60
5148 0 60
5149 0 59
5150 0 60
5151 0 60
5152 0 59
5153 0 60
5154 0 59
5155 0 59
5156 0 59
5157 0 59
5158 0 60
5159 0 60
5160 0 60
5161 0 60
5162 0 60
5163 0 60
5164 0 60
5165 0 60
5166 0 60
5167 0 60
5168 0 59
5169 0 60
5170 0 59
5171 0 59
5172 0 59
5173 0 59
5174 0 59
5175 0 59
5176 0 60
5177 0 59
5178 0 60
5179 0 59
5180 0 59
5181 0 59
5182 0 59
5183 0 60
5184 0 60
5185 0 60
5186 0 60
5187 0 60
5188 0 60
5189 0 60
5190 0 60
5191 0 60
5192 0 60
5193 0 59
5194 0 60
5195 0 59
5196 0 59
5197 0 59
5198 0 59
5199 0 59
5200 0 59
5201 0 60
5202 0 60
5203 0 60
5204 0 60
5205 0 60
5206 0 59
5207 0 59
5208 0 60
5209 0 60
5210 0 59
5211 0 59
5212 0 60
5213 0 60
5214 0 60
5215 0 60
5216 0 60
5217 0 59
5218 0 59
5219 0 60
5220 0 60
5221 0 60
5222 0 60
5223 0 60
5224 0 59
5225 0 59
5226 0 60
5227 0 60
5228 0 59
5229 0 59
5230 0 60
5231 0 60
5232 0 60
5233 0 60
5234 0 60
5235 0 59
5236 0 59
5237 0 60
5238 0 60
5239 0 59
5240 0 59
5241 0 59
5242 0 60
5243 0 60
5244 0 59
5245 0 59
5246 0 60
5247 0 59
5248 0 60
5249 0 60
5250 0 59
5251 0 60
5252 0 59
5253 0 59
5254 0 59
5255 0 59
5256 0 62
5257 0 62
5258 0 62
5259 0 61
5260 0 62
5261 0 62
5262 0 62
5263 0 61
5264 0 62
5265 0 61
5266 0 61
5267 0 61
5268 0 61
5269 0 62
5270 0 61
5271 0 62
5272 0 61
5273 0 61
5274 0 61
5275 0 61
5276 0 60
5277 0 62
5278 0 62
5279 0 62
5280 0 61
5281 0 62
5282 0 62
5283 0 62
5284 0 61
5285 0 62
5286 0 61
5287 0 61
5288 0 61
5289 0 61
5290 0 62
5291 0 60
5292 0 62
5293 0 60
5294 0 61
5295 0 61
5296 0 61
5297 0 60
5298 0 61
5299 0 61
5300 0 62
5301 0 60
5302 0 62
5303 0 60
5304 0 61
5305 0 61
5306 0 61
5307 0 60
5308 0 60
5309 0 61
5310 0 61
5311 0 59
5312 0 60
5313 0 61
5314 0 60
5315 0 61
5316 0 61
5317 0 59
5318 0 60
5319 0 61
5320 0 61
5321 0 59
5322 0 61
5323 0 59
5324 0 60
5325 0 60
5326 0 60
5327 0 62
5328 0 60
5329 0 62
5330 0 60
5331 0 61
5332 0 61
5333 0 61
5334 0 60
5335 0 62
5336 0 61
5337 0 62
5338 0 60
5339 0 62
5340 0 60
5341 0 61
5342 0 61
5343 0 61
5344 0 60
5345 0 61
5346 0 61
5347 0 61
5348 0 60
5349 0 61
5350 0 61
5351 0 61
5352 0 60
5353 0 61
5354 0 60
5355 0 61
5356 0 60
5357 0 61
5358 0 60
5359 0 60
5360 0 60
5361 0 60
5362 0 60
5363 0 62
5364 0 62
5365 0 62
5366 0 61
5367 0 62
5368 0 62
5369 0 62
5370 0 61
5371 0 62
5372 0 61
5373 0 61
5374 0 61
5375 0 61
5376 0 62
5377 0 61
5378 0 62
5379 0 61
5380 0 61
5381 0 61
5382 0 61
5383 0 60
5384 0 62
5385 0 62
5386 0 62
5387 0 61
5388 0 62
5389 0 62
5390 0 62
5391 0 61
5392 0 62
5393 0 61
5394 0 61
5395 0 61
5396 0 61
5397 0 62
5398 0 60
5399 0 62
5400 0 60
5401 0 61
5402 0 61
5403 0 61
5404 0 60
5405 0 61
5406 0 61
5407 0 62
5408 0 60
5409 0 62
5410 0 60
5411 0 61
5412 0 61
5413 0 61
5414 0 60
5415 0 60
5416 0 61
5417 0 61
5418 0 59
5419 0 60
5420 0 61
5421 0 60
5422 0 61
5423 0 61
5424 0 59
5425 0 60
5426 0 61
5427 0 61
5428 0 59
5429 0 61
5430 0 59
5431 0 60
5432 0 60
5433 0 60
5434 0 62
5435 0 61
5436 0 62
5437 0 61
5438 0 61
5439 0 60
5440 0 60
5441 0 60
5442 0 62
5443 0 61
5444 0 62
5445 0 61
5446 0 62
5447 0 61
5448 0 61
5449 0 60
5450 0 60
5451 0 60
5452 0 61
5453 0 61
5454 0 61
5455 0 60
5456 0 61
5457 0 61
5458 0 61
5459 0 61
5460 0 61
5461 0 61
5462 0 61
5463 0 61
5464 0 61
5465 0 61
5466 0 61
5467 0 60
5468 0 60
5469 0 60
5470 0 61
5471 0 61
5472 0 61
5473 0 60
5474 0 61
5475 0 61
5476 0 61
5477 0 60
5478 0 61
5479 0 60
5480 0 61
5481 0 61
5482 0 60
5483 0 62
5484 0 61
5485 0 62
5486 0 61
5487 0 61
5488 0 60
5489 0 60
5490 0 60
5491 0 62
5492 0 61
5493 0 62
5494 0 61
5495 0 62
5496 0 61
5497 0 61
5498 0 60
5499 0 60
5500 0 60
5501 0 62
5502 0 61
5503 0 61
5504 0 61
5505 0 62
5506 0 62
5507 0 61
5508 0 61
5509 0 61
5510 0 61
5511 0 61
5512 0 61
5513 0 61
5514 0 61
5515 0 61
5516 0 60
5517 0 60
5518 0 60
5519 0 61
5520 0 60
5521 0 60
5522 0 60
5523 0 61
5524 0 60
5525 0 61
5526 0 61
5527 0 61
5528 0 61
5529 0 61
5530 0 61
5531 0 60
5532 0 61
5533 0 61
5534 0 61
5535 0 61
5536 0 60
5537 0 59
5538 0 59
5539 0 59
5540 0 61
5541 0 60
5542 0 60
5543 0 60
5544 0 61
5545 0 60
5546 0 61
5547 0 61
5548 0 61
5549 0 61
5550 0 61
5551 0 61
5552 0 60
5553 0 61
5554 0 60
5555 0 60
5556 0 60
5557 0 61
5558 0 60
5559 0 61
5560 0 61
5561 0 61
5562 0 61
5563 0 61
5564 0 61
5565 0 60
5566 0 61
5567 0 61
5568 0 61
5569 0 61
5570 0 60
5571 0 59
5572 0 59
5573 0 59
5574 0 61
5575 0 60
5576 0 60
5577 0 60
5578 0 61
5579 0 60
5580 0 61
5581 0 61
5582 0 61
5583 0 61
5584 0 61
5585 0 61
5586 0 60
5587 0 61
5588 0 60
5589 0 61
5590 0 60
5591 0 60
5592 0 59
5593 0 59
5594 0 59
5595 0 61
5596 0 60
5597 0 61
5598 0 60
5599 0 61
5600 0 60
5601 0 60
5602 0 59
5603 0 59
5604 0 59
5605 0 60
5606 0 60
5607 0 60
5608 0 59
5609 0 60
5610 0 60
5611 0 60
5612 0 60
5613 0 60
5614 0 59
5615 0 60
5616 0 60
5617 0 60
5618 0 59
5619 0 60
5620 0 59
5621 0 60
5622 0 60
5623 0 60
5624 0 62
5625 0 61
5626 0 62
5627 0 61
5628 0 61
5629 0 60
5630 0 60
5631 0 60
5632 0 62
5633 0 61
5634 0 62
5635 0 61
5636 0 62
5637 0 61
5638 0 61
5639 0 60
5640 0 60
5641 0 60
5642 0 62
5643 0 61
5644 0 61
5645 0 61
5646 0 62
5647 0 62
5648 0 61
5649 0 61
5650 0 61
5651 0 61
5652 0 61
5653 0 61
5654 0 61
5655 0 61
5656 0 61
5657 0 60
5658 0 60
5659 0 60
5660 0 62
5661 0 62
5662 0 62
5663 0 61
5664 0 62
5665 0 62
5666 0 61
5667 0 61
5668 0 61
5669 0 61
5670 0 61
5671 0 61
5672 0 60
5673 0 62
5674 0 61
5675 0 62
5676 0 61
5677 0 61
5678 0 60
5679 0 60
5680 0 60
5681 0 62
5682 0 61
5683 0 62
5684 0 61
5685 0 62
5686 0 61
5687 0 61
5688 0 60
5689 0 60
5690 0 60
5691 0 62
5692 0 61
5693 0 61
5694 0 61
5695 0 62
5696 0 62
5697 0 61
5698 0 61
5699 0 61
5700 0 61
5701 0 61
5702 0 61
5703 0 61
5704 0 61
5705 0 61
5706 0 60
5707 0 60
5708 0 60
5709 0 61
5710 0 61
5711 0 61
5712 0 60
5713 0 61
5714 0 61
5715 0 61
5716 0 60
5717 0 61
5718 0 60
5719 0 61
5720 0 61
5721 0 60
5722 0 61
5723 0 60
5724 0 61
5725 0 60
5726 0 60
5727 0 60
5728 0 60
5729 0 59
5730 0 61
5731 0 61
5732 0 61
5733 0 60
5734 0 61
5735 0 61
5736 0 61
5737 0 61
5738 0 61
5739 0 61
5740 0 61
5741 0 61
5742 0 60
5743 0 61
5744 0 59
5745 0 61
5746 0 59
5747 0 60
5748 0 60
5749 0 60
5750 0 59
5751 0 61
5752 0 60
5753 0 61
5754 0 59
5755 0 61
5756 0 59
5757 0 60
5758 0 60
5759 0 60
5760 0 59
5761 0 61
5762 0 59
5763 0 61
5764 0 59
5765 0 60
5766 0 60
5767 0 60
5768 0 59
5769 0 61
5770 0 60
5771 0 61
5772 0 59
5773 0 61
5774 0 59
5775 0 60
5776 0 60
5777 0 60
5778 0 59
5779 0 60
5780 0 60
5781 0 60
5782 0 59
5783 0 60
5784 0 60
5785 0 60
5786 0 59
5787 0 60
5788 0 59
5789 0 60
5790 0 59
5791 0 60
5792 0 59
5793 0 59
5794 0 60
5795 0 60
5796 0 59
5797 0 62
5798 0 62
5799 0 62
5800 0 61
5801 0 62
5802 0 62
5803 0 62
5804 0 61
5805 0 62
5806 0 61
5807 0 61
5808 0 61
5809 0 61
5810 0 62
5811 0 61
5812 0 62
5813 0 61
5814 0 61
5815 0 61
5816 0 61
5817 0 60
5818 0 62
5819 0 62
5820 0 62
5821 0 61
5822 0 62
5823 0 62
5824 0 62
5825 0 61
5826 0 62
5827 0 61
5828 0 61
5829 0 61
5830 0 61
5831 0 62
5832 0 60
5833 0 62
5834 0 60
5835 0 61
5836 0 61
5837 0 61
5838 0 60
5839 0 61
5840 0 61
5841 0 62
5842 0 60
5843 0 62
5844 0 60
5845 0 61
5846 0 61
5847 0 61
5848 0 60
5849 0 60
5850 0 61
5851 0 61
5852 0 59
5853 0 60
5854 0 61
5855 0 60
5856 0 61
5857 0 61
5858 0 59
5859 0 60
5860 0 61
5861 0 61
5862 0 59
5863 0 61
5864 0 59
5865 0 60
5866 0 60
5867 0 60
5868 0 62
5869 0 60
5870 0 62
5871 0 60
5872 0 61
5873 0 61
5874 0 61
5875 0 60
5876 0 62
5877 0 61
5878 0 62
5879 0 60
5880 0 62
5881 0 60
5882 0 61
5883 0 61
5884 0 61
5885 0 60
5886 0 61
5887 0 61
5888 0 61
5889 0 60
5890 0 61
5891 0 61
5892 0 61
5893 0 60
5894 0 61
5895 0 60
5896 0 61
5897 0 60
5898 0 61
5899 0 60
5900 0 60
5901 0 60
5902 0 60
5903 0 60
5904 0 62
5905 0 62
5906 0 62
5907 0 61
5908 0 62
5909 0 62
5910 0 62
5911 0 61
5912 0 62
5913 0 61
5914 0 61
5915 0 61
5916 0 61
5917 0 62
5918 0 61
5919 0 62
5920 0 61
5921 0 61
5922 0 61
5923 0 61
5924 0 60
5925 0 62
5926 0 62
5927 0 62
5928 0 61
5929 0 62
5930 0 62
5931 0 62
5932 0 61
5933 0 62
5934 0 61
5935 0 61
5936 0 61
5937 0 61
5938 0 62
5939 0 60
5940 0 62
5941 0 60
5942 0 61
5943 0 61
5944 0 61
5945 0 60
5946 0 61
5947 0 61
5948 0 62
5949 0 60
5950 0 62
5951 0 60
5952 0 61
5953 0 61
5954 0 61
5955 0 60
5956 0 60
5957 0 61
5958 0 61
5959 0 59
5960 0 60
5961 0 61
5962 0 60
5963 0 61
5964 0 61
5965 0 59
5966 0 60
5967 0 61
5968 0 61
5969 0 59
5970 0 61
5971 0 59
5972 0 60
5973 0 60
5974 0 60
5975 0 62
5976 0 61
5977 0 62
5978 0 61
5979 0 61
5980 0 60
5981 0 60
5982 0 60
5983 0 62
5984 0 61
5985 0 62
5986 0 61
5987 0 62
5988 0 61
5989 0 61
5990 0 60
5991 0 60
5992 0 60
5993 0 61
5994 0 61
5995 0 61
5996 0 60
5997 0 61
5998 0 61
5999 0 61
6000 0 61
6001 0 61
6002 0 61
6003 0 61
6004 0 61
6005 0 61
6006 0 61
6007 0 61
6008 0 60
6009 0 60
6010 0 60
6011 0 61
6012 0 61
6013 0 61
6014 0 60
6015 0 61
6016 0 61
6017 0 61
6018 0 60
6019 0 61
6020 0 60
6021 0 61
6022 0 61
6023 0 60
6024 0 62
6025 0 61
6026 0 62
6027 0 61
6028 0 61
6029 0 60
6030 0 60
6031 0 60
6032 0 62
6033 0 61
6034 0 62
6035 0 61
6036 0 62
6037 0 61
6038 0 61
6039 0 60
6040 0 60
6041 0 60
6042 0 62
6043 0 61
6044 0 61
6045 0 61
6046 0 62
6047 0 62
6048 0 61
6049 0 61
6050 0 61
6051 0 61
6052 0 61
6053 0 61
6054 0 61
6055 0 61
6056 0 61
6057 0 60
6058 0 60
6059 0 60
6060 0 61
6061 0 60
6062 0 60
6063 0 60
6064 0 61
6065 0 60
6066 0 61
6067 0 61
6068 0 61
6069 0 61
6070 0 61
6071 0 61
6072 0 60
6073 0 61
6074 0 61
6075 0 61
6076 0 61
6077 0 60
6078 0 59
6079 0 59
6080 0 59
6081 0 61
6082 0 60
6083 0 60
6084 0 60
6085 0 61
6086 0 60
6087 0 61
6088 0 61
6089 0 61
6090 0 61
6091 0 61
6092 0 61
6093 0 60
6094 0 61
6095 0 60
6096 0 60
6097 0 60
6098 0 61
6099 0 60
6100 0 61
6101 0 61
6102 0 61
6103 0 61
6104 0 61
6105 0 61
6106 0 60
6107 0 61
6108 0 61
6109 0 61
6110 0 61
6111 0 60
6112 0 59
6113 0 59
6114 0 59
6115 0 61
6116 0 60
6117 0 60
6118 0 60
6119 0 61
6120 0 60
6121 0 61
6122 0 61
6123 0 61
6124 0 61
6125 0 61
6126 0 61
6127 0 60
6128 0 61
6129 0 60
6130 0 61
6131 0 60
6132 0 60
6133 0 59
6134 0 59
6135 0 59
6136 0 61
6137 0 60
6138 0 61
6139 0 60
6140 0 61
6141 0 60
6142 0 60
6143 0 59
6144 0 59
6145 0 59
6146 0 60
6147 0 60
6148 0 60
6149 0 59
6150 0 60
6151 0 60
6152 0 60
6153 0 60
6154 0 60
6155 0 59
6156 0 60
6157 0 60
6158 0 60
6159 0 59
6160 0 60
6161 0 59
6162 0 60
6163 0 60
6164 0 60
6165 0 62
6166 0 61
6167 0 62
6168 0 61
6169 0 61
6170 0 61
6171 0 61
6172 0 60
6173 0 61
6174 0 61
6175 0 62
6176 0 61
6177 0 62
6178 0 61
6179 0 61
6180 0 61
6181 0 61
6182 0 60
6183 0 61
6184 0 61
6185 0 61
6186 0 60
6187 0 61
6188 0 62
6189 0 60
6190 0 60
6191 0 60
6192 0 60
6193 0 60
6194 0 60
6195 0 60
6196 0 60
6197 0 60
6198 0 60
6199 0 60
6200 0 60
6201 0 61
6202 0 62
6203 0 62
6204 0 60
6205 0 61
6206 0 62
6207 0 61
6208 0 60
6209 0 61
6210 0 60
6211 0 60
6212 0 60
6213 0 60
6214 0 62
6215 0 61
6216 0 62
6217 0 61
6218 0 61
6219 0 61
6220 0 61
6221 0 60
6222 0 61
6223 0 61
6224 0 62
6225 0 61
6226 0 62
6227 0 61
6228 0 61
6229 0 61
6230 0 61
6231 0 60
6232 0 61
6233 0 61
6234 0 61
6235 0 60
6236 0 61
6237 0 62
6238 0 60
6239 0 60
6240 0 60
6241 0 60
6242 0 60
6243 0 60
6244 0 60
6245 0 60
6246 0 60
6247 0 60
6248 0 60
6249 0 60
6250 0 61
6251 0 61
6252 0 61
6253 0 60
6254 0 61
6255 0 61
6256 0 61
6257 0 60
6258 0 61
6259 0 60
6260 0 60
6261 0 60
6262 0 60
6263 0 61
6264 0 60
6265 0 61
6266 0 60
6267 0 60
6268 0 60
6269 0 60
6270 0 59
6271 0 61
6272 0 61
6273 0 61
6274 0 60
6275 0 61
6276 0 61
6277 0 61
6278 0 61
6279 0 61
6280 0 61
6281 0 60
6282 0 60
6283 0 60
6284 0 61
6285 0 59
6286 0 61
6287 0 59
6288 0 60
6289 0 61
6290 0 61
6291 0 59
6292 0 61
6293 0 61
6294 0 61
6295 0 59
6296 0 61
6297 0 59
6298 0 60
6299 0 61
6300 0 61
6301 0 59
6302 0 61
6303 0 59
6304 0 61
6305 0 59
6306 0 60
6307 0 61
6308 0 61
6309 0 59
6310 0 61
6311 0 61
6312 0 61
6313 0 59
6314 0 61
6315 0 59
6316 0 60
6317 0 61
6318 0 61
6319 0 59
6320 0 60
6321 0 61
6322 0 61
6323 0 59
6324 0 60
6325 0 61
6326 0 60
6327 0 59
6328 0 60
6329 0 59
6330 0 60
6331 0 59
6332 0 60
6333 0 59
6334 0 59
6335 0 60
6336 0 60
6337 0 59
6338 0 61
6339 0 61
6340 0 61
6341 0 60
6342 0 61
6343 0 61
6344 0 61
6345 0 61
6346 0 61
6347 0 61
6348 0 60
6349 0 60
6350 0 60
6351 0 61
6352 0 61
6353 0 61
6354 0 61
6355 0 60
6356 0 60
6357 0 60
6358 0 59
6359 0 61
6360 0 61
6361 0 61
6362 0 60
6363 0 61
6364 0 61
6365 0 61
6366 0 61
6367 0 61
6368 0 61
6369 0 60
6370 0 60
6371 0 60
6372 0 61
6373 0 60
6374 0 61
6375 0 60
6376 0 60
6377 0 60
6378 0 60
6379 0 59
6380 0 60
6381 0 60
6382 0 61
6383 0 60
6384 0 61
6385 0 60
6386 0 60
6387 0 60
6388 0 60
6389 0 59
6390 0 60
6391 0 61
6392 0 61
6393 0 59
6394 0 60
6395 0 61
6396 0 60
6397 0 61
6398 0 61
6399 0 59
6400 0 60
6401 0 61
6402 0 60
6403 0 59
6404 0 60
6405 0 59
6406 0 59
6407 0 59
6408 0 59
6409 0 62
6410 0 61
6411 0 62
6412 0 61
6413 0 61
6414 0 61
6415 0 61
6416 0 60
6417 0 61
6418 0 61
6419 0 62
6420 0 61
6421 0 62
6422 0 61
6423 0 61
6424 0 61
6425 0 61
6426 0 60
6427 0 61
6428 0 61
6429 0 61
6430 0 60
6431 0 61
6432 0 62
6433 0 60
6434 0 60
6435 0 60
6436 0 60
6437 0 60
6438 0 60
6439 0 60
6440 0 60
6441 0 60
6442 0 60
6443 0 60
6444 0 60
6445 0 61
6446 0 62
6447 0 62
6448 0 60
6449 0 61
6450 0 62
6451 0 61
6452 0 60
6453 0 61
6454 0 60
6455 0 60
6456 0 60
6457 0 60
6458 0 62
6459 0 61
6460 0 62
6461 0 61
6462 0 61
6463 0 61
6464 0 61
6465 0 60
6466 0 61
6467 0 61
6468 0 62
6469 0 61
6470 0 62
6471 0 61
6472 0 61
6473 0 61
6474 0 61
6475 0 60
6476 0 61
6477 0 61
6478 0 61
6479 0 60
6480 0 61
6481 0 62
6482 0 60
6483 0 60
6484 0 60
6485 0 60
6486 0 60
6487 0 60
6488 0 60
6489 0 60
6490 0 60
6491 0 60
6492 0 60
6493 0 60
6494 0 61
6495 0 62
6496 0 62
6497 0 60
6498 0 61
6499 0 62
6500 0 61
6501 0 60
6502 0 61
6503 0 60
6504 0 61
6505 0 61
6506 0 61
6507 0 61
6508 0 60
6509 0 61
6510 0 60
6511 0 60
6512 0 61
6513 0 61
6514 0 59
6515 0 61
6516 0 62
6517 0 62
6518 0 60
6519 0 61
6520 0 62
6521 0 62
6522 0 61
6523 0 62
6524 0 61
6525 0 61
6526 0 61
6527 0 61
6528 0 61
6529 0 59
6530 0 61
6531 0 59
6532 0 60
6533 0 61
6534 0 61
6535 0 59
6536 0 61
6537 0 61
6538 0 61
6539 0 59
6540 0 61
6541 0 59
6542 0 60
6543 0 61
6544 0 61
6545 0 59
6546 0 61
6547 0 59
6548 0 61
6549 0 59
6550 0 60
6551 0 61
6552 0 61
6553 0 59
6554 0 61
6555 0 61
6556 0 61
6557 0 59
6558 0 61
6559 0 59
6560 0 60
6561 0 61
6562 0 61
6563 0 59
6564 0 60
6565 0 61
6566 0 61
6567 0 59
6568 0 60
6569 0 61
6570 0 60
6571 0 59
6572 0 60
6573 0 59
6574 0 60
6575 0 59
6576 0 60
6577 0 59
6578 0 59
6579 0 60
6580 0 60
6581 0 59
6582 0 61
6583 0 61
6584 0 61
6585 0 60
6586 0 61
6587 0 61
6588 0 60
6589 0 60
6590 0 60
6591 0 60
6592 0 59
6593 0 59
6594 0 59
6595 0 60
6596 0 60
6597 0 60
6598 0 60
6599 0 60
6600 0 60
6601 0 60
6602 0 60
6603 0 61
6604 0 61
6605 0 61
6606 0 60
6607 0 61
6608 0 61
6609 0 60
6610 0 60
6611 0 60
6612 0 60
6613 0 59
6614 0 59
6615 0 59
6616 0 61
6617 0 60
6618 0 61
6619 0 60
6620 0 60
6621 0 61
6622 0 61
6623 0 60
6624 0 60
6625 0 60
6626 0 61
6627 0 60
6628 0 61
6629 0 60
6630 0 61
6631 0 61
6632 0 61
6633 0 60
6634 0 60
6635 0 61
6636 0 61
6637 0 59
6638 0 60
6639 0 61
6640 0 60
6641 0 61
6642 0 61
6643 0 59
6644 0 60
6645 0 61
6646 0 60
6647 0 59
6648 0 60
6649 0 59
6650 0 59
6651 0 59
6652 0 59
6653 0 61
6654 0 60
6655 0 61
6656 0 60
6657 0 61
6658 0 61
6659 0 61
6660 0 60
6661 0 61
6662 0 61
6663 0 61
6664 0 60
6665 0 61
6666 0 60
6667 0 61
6668 0 61
6669 0 61
6670 0 60
6671 0 60
6672 0 60
6673 0 60
6674 0 59
6675 0 60
6676 0 61
6677 0 59
6678 0 59
6679 0 59
6680 0 59
6681 0 59
6682 0 59
6683 0 59
6684 0 59
6685 0 59
6686 0 59
6687 0 59
6688 0 59
6689 0 61
6690 0 61
6691 0 61
6692 0 60
6693 0 61
6694 0 61
6695 0 60
6696 0 60
6697 0 60
6698 0 60
6699 0 59
6700 0 59
6701 0 59
6702 0 60
6703 0 60
6704 0 60
6705 0 60
6706 0 60
6707 0 60
6708 0 60
6709 0 60
6710 0 61
6711 0 61
6712 0 61
6713 0 60
6714 0 61
6715 0 61
6716 0 60
6717 0 60
6718 0 60
6719 0 60
6720 0 59
6721 0 59
6722 0 59
6723 0 61
6724 0 60
6725 0 61
6726 0 60
6727 0 60
6728 0 61
6729 0 61
6730 0 60
6731 0 60
6732 0 60
6733 0 61
6734 0 60
6735 0 61
6736 0 60
6737 0 61
6738 0 61
6739 0 61
6740 0 60
6741 0 60
6742 0 61
6743 0 61
6744 0 59
6745 0 60
6746 0 61
6747 0 60
6748 0 61
6749 0 61
6750 0 59
6751 0 60
6752 0 61
6753 0 60
6754 0 59
6755 0 60
6756 0 59
6757 0 59
6758 0 59
6759 0 59
6760 0 61
6761 0 61
6762 0 61
6763 0 60
6764 0 61
6765 0 61
6766 0 60
6767 0 60
6768 0 60
6769 0 60
6770 0 59
6771 0 59
6772 0 59
6773 0 60
6774 0 60
6775 0 60
6776 0 60
6777 0 60
6778 0 60
6779 0 60
6780 0 60
6781 0 61
6782 0 61
6783 0 61
6784 0 60
6785 0 61
6786 0 61
6787 0 60
6788 0 60
6789 0 60
6790 0 60
6791 0 59
6792 0 59
6793 0 59
6794 0 61
6795 0 60
6796 0 61
6797 0 60
6798 0 60
6799 0 61
6800 0 61
6801 0 60
6802 0 60
6803 0 60
6804 0 61
6805 0 60
6806 0 61
6807 0 60
6808 0 61
6809 0 61
6810 0 61
6811 0 60
6812 0 60
6813 0 61
6814 0 61
6815 0 59
6816 0 60
6817 0 61
6818 0 60
6819 0 61
6820 0 61
6821 0 59
6822 0 60
6823 0 61
6824 0 60
6825 0 59
6826 0 60
6827 0 59
6828 0 59
6829 0 59
6830 0 59
6831 0 61
6832 0 60
6833 0 61
6834 0 60
6835 0 61
6836 0 61
6837 0 61
6838 0 60
6839 0 61
6840 0 61
6841 0 61
6842 0 60
6843 0 61
6844 0 60
6845 0 61
6846 0 61
6847 0 61
6848 0 60
6849 0 60
6850 0 60
6851 0 60
6852 0 59
6853 0 60
6854 0 61
6855 0 59
6856 0 59
6857 0 59
6858 0 59
6859 0 59
6860 0 59
6861 0 59
6862 0 59
6863 0 59
6864 0 59
6865 0 59
6866 0 59
6867 0 61
6868 0 61
6869 0 61
6870 0 60
6871 0 61
6872 0 61
6873 0 60
6874 0 60
6875 0 60
6876 0 60
6877 0 59
6878 0 59
6879 0 59
6880 0 60
6881 0 60
6882 0 60
6883 0 60
6884 0 60
6885 0 60
6886 0 60
6887 0 60
6888 0 61
6889 0 61
6890 0 61
6891 0 60
6892 0 61
6893 0 61
6894 0 60
6895 0 60
6896 0 60
6897 0 60
6898 0 59
6899 0 59
6900 0 59
6901 0 61
6902 0 60
6903 0 61
6904 0 60
6905 0 60
6906 0 61
6907 0 61
6908 0 60
6909 0 60
6910 0 60
6911 0 61
6912 0 60
6913 0 61
6914 0 60
6915 0 61
6916 0 61
6917 0 61
6918 0 60
6919 0 60
6920 0 61
6921 0 61
6922 0 59
6923 0 60
6924 0 61
6925 0 60
6926 0 61
6927 0 61
6928 0 59
6929 0 60
6930 0 61
6931 0 60
6932 0 59
6933 0 60
6934 0 59
6935 0 59
6936 0 59
6937 0 59
6938 0 61
6939 0 60
6940 0 61
6941 0 60
6942 0 60
6943 0 60
6944 0 60
6945 0 60
6946 0 60
6947 0 60
6948 0 61
6949 0 60
6950 0 61
6951 0 60
6952 0 60
6953 0 60
6954 0 60
6955 0 60
6956 0 60
6957 0 60
6958 0 60
6959 0 59
6960 0 60
6961 0 61
6962 0 59
6963 0 59
6964 0 59
6965 0 59
6966 0 59
6967 0 59
6968 0 59
6969 0 59
6970 0 59
6971 0 59
6972 0 59
6973 0 59
6974 0 60
6975 0 61
6976 0 61
6977 0 59
6978 0 60
6979 0 61
6980 0 60
6981 0 59
6982 0 60
6983 0 59
6984 0 59
6985 0 59
6986 0 59
6987 0 61
6988 0 60
6989 0 61
6990 0 60
6991 0 60
6992 0 60
6993 0 60
6994 0 60
6995 0 60
6996 0 60
6997 0 61
6998 0 60
6999 0 61
7000 0 60
7001 0 60
7002 0 60
7003 0 60
7004 0 60
7005 0 60
7006 0 60
7007 0 60
7008 0 59
7009 0 60
7010 0 61
7011 0 59
7012 0 59
7013 0 59
7014 0 59
7015 0 59
7016 0 59
7017 0 59
7018 0 59
7019 0 59
7020 0 59
7021 0 59
7022 0 59
7023 0 60
7024 0 60
7025 0 60
7026 0 60
7027 0 60
7028 0 60
7029 0 60
7030 0 60
7031 0 60
7032 0 60
7033 0 59
7034 0 59
7035 0 59
7036 0 60
7037 0 60
7038 0 60
7039 0 60
7040 0 59
7041 0 59
7042 0 59
7043 0 59
7044 0 60
7045 0 60
7046 0 60
7047 0 60
7048 0 60
7049 0 60
7050 0 60
7051 0 60
7052 0 60
7053 0 60
7054 0 59
7055 0 59
7056 0 59
7057 0 60
7058 0 60
7059 0 60
7060 0 60
7061 0 60
7062 0 60
7063 0 60
7064 0 60
7065 0 60
7066 0 60
7067 0 59
7068 0 59
7069 0 59
7070 0 60
7071 0 60
7072 0 60
7073 0 60
7074 0 59
7075 0 59
7076 0 59
7077 0 59
7078 0 60
7079 0 60
7080 0 60
7081 0 60
7082 0 60
7083 0 60
7084 0 60
7085 0 60
7086 0 60
7087 0 60
7088 0 59
7089 0 59
7090 0 59
7091 0 60
7092 0 60
7093 0 60
7094 0 60
7095 0 59
7096 0 59
7097 0 59
7098 0 59
7099 0 59
7100 0 59
7101 0 60
7102 0 60
7103 0 60
7104 0 60
7105 0 59
7106 0 59
7107 0 59
7108 0 59
7109 0 60
7110 0 60
7111 0 60
7112 0 59
7113 0 60
7114 0 60
7115 0 60
7116 0 60
7117 0 60
7118 0 59
7119 0 60
7120 0 60
7121 0 60
7122 0 59
7123 0 60
7124 0 59
7125 0 59
7126 0 59
7127 0 59
