0 0 64
1 0 64
2 0 64
3 0 64
4 0 64
5 0 63
6 0 64
7 0 64
8 0 63
9 0 63
10 0 64
11 0 64
12 0 64
13 0 64
14 0 64
15 0 63
16 0 64
17 0 64
18 0 63
19 0 63
20 0 63
21 0 64
22 0 64
23 0 63
24 0 63
25 0 63
26 0 63
27 0 63
28 0 63
29 0 63
30 0 63
31 0 63
32 0 63
33 0 63
34 0 64
35 0 64
36 0 63
37 0 63
38 0 63
39 0 64
40 0 64
41 0 63
42 0 63
43 0 63
44 0 63
45 0 63
46 0 63
47 0 63
48 0 63
49 0 63
50 0 63
51 0 63
52 0 64
53 0 64
54 0 64
55 0 64
56 0 64
57 0 63
58 0 64
59 0 64
60 0 63
61 0 63
62 0 64
63 0 64
64 0 64
65 0 64
66 0 64
67 0 63
68 0 64
69 0 64
70 0 63
71 0 63
72 0 63
73 0 64
74 0 64
75 0 63
76 0 63
77 0 63
78 0 63
79 0 63
80 0 63
81 0 63
82 0 63
83 0 63
84 0 63
85 0 63
86 0 64
87 0 64
88 0 63
89 0 63
90 0 63
91 0 64
92 0 64
93 0 63
94 0 63
95 0 64
96 0 64
97 0 64
98 0 63
99 0 63
100 0 63
101 0 63
102 0 63
103 0 63
104 0 64
105 0 64
106 0 64
107 0 63
108 0 63
109 0 62
110 0 64
111 0 64
112 0 63
113 0 63
114 0 63
115 0 64
116 0 64
117 0 63
118 0 63
119 0 64
120 0 64
121 0 64
122 0 63
123 0 63
124 0 63
125 0 63
126 0 63
127 0 63
128 0 63
129 0 63
130 0 63
131 0 63
132 0 63
133 0 62
134 0 63
135 0 63
136 0 62
137 0 62
138 0 63
139 0 63
140 0 63
141 0 63
142 0 63
143 0 62
144 0 63
145 0 63
146 0 63
147 0 63
148 0 63
149 0 62
150 0 63
151 0 63
152 0 62
153 0 62
154 0 63
155 0 63
156 0 63
157 0 63
158 0 63
159 0 62
160 0 63
161 0 63
162 0 62
163 0 62
164 0 62
165 0 63
166 0 63
167 0 62
168 0 62
169 0 63
170 0 63
171 0 63
172 0 63
173 0 63
174 0 63
175 0 63
176 0 63
177 0 62
178 0 64
179 0 64
180 0 63
181 0 63
182 0 63
183 0 64
184 0 64
185 0 63
186 0 63
187 0 64
188 0 64
189 0 64
190 0 63
191 0 63
192 0 63
193 0 63
194 0 63
195 0 63
196 0 64
197 0 64
198 0 64
199 0 63
200 0 63
201 0 62
202 0 64
203 0 64
204 0 63
205 0 63
206 0 63
207 0 64
208 0 64
209 0 63
210 0 63
211 0 64
212 0 64
213 0 64
214 0 63
215 0 63
216 0 63
217 0 63
218 0 63
219 0 63
220 0 63
221 0 63
222 0 63
223 0 63
224 0 63
225 0 62
226 0 63
227 0 63
228 0 62
229 0 62
230 0 63
231 0 63
232 0 63
233 0 63
234 0 63
235 0 62
236 0 63
237 0 63
238 0 62
239 0 62
240 0 62
241 0 63
242 0 63
243 0 62
244 0 62
245 0 63
246 0 63
247 0 62
248 0 62
249 0 62
250 0 63
251 0 63
252 0 62
253 0 62
254 0 62
255 0 62
256 0 62
257 0 63
258 0 63
259 0 63
260 0 63
261 0 62
262 0 62
263 0 64
264 0 64
265 0 64
266 0 64
267 0 64
268 0 63
269 0 64
270 0 64
271 0 63
272 0 63
273 0 64
274 0 64
275 0 64
276 0 64
277 0 64
278 0 63
279 0 64
280 0 64
281 0 63
282 0 63
283 0 63
284 0 64
285 0 64
286 0 63
287 0 63
288 0 63
289 0 63
290 0 63
291 0 63
292 0 63
293 0 63
294 0 63
295 0 63
296 0 63
297 0 64
298 0 64
299 0 63
300 0 63
301 0 63
302 0 64
303 0 64
304 0 63
305 0 63
306 0 63
307 0 63
308 0 63
309 0 63
310 0 63
311 0 63
312 0 63
313 0 63
314 0 63
315 0 64
316 0 64
317 0 64
318 0 64
319 0 64
320 0 63
321 0 64
322 0 64
323 0 63
324 0 63
325 0 64
326 0 64
327 0 64
328 0 64
329 0 64
330 0 63
331 0 64
332 0 64
333 0 63
334 0 63
335 0 63
336 0 64
337 0 64
338 0 63
339 0 63
340 0 63
341 0 63
342 0 63
343 0 63
344 0 63
345 0 63
346 0 63
347 0 63
348 0 63
349 0 64
350 0 64
351 0 63
352 0 63
353 0 63
354 0 64
355 0 64
356 0 63
357 0 63
358 0 64
359 0 64
360 0 64
361 0 63
362 0 63
363 0 63
364 0 63
365 0 63
366 0 63
367 0 64
368 0 64
369 0 64
370 0 63
371 0 63
372 0 62
373 0 64
374 0 64
375 0 63
376 0 63
377 0 63
378 0 64
379 0 64
380 0 63
381 0 63
382 0 64
383 0 64
384 0 64
385 0 63
386 0 63
387 0 63
388 0 63
389 0 63
390 0 63
391 0 63
392 0 63
393 0 63
394 0 63
395 0 63
396 0 62
397 0 63
398 0 63
399 0 62
400 0 62
401 0 63
402 0 63
403 0 63
404 0 63
405 0 63
406 0 62
407 0 63
408 0 63
409 0 63
410 0 63
411 0 63
412 0 62
413 0 63
414 0 63
415 0 62
416 0 62
417 0 63
418 0 63
419 0 63
420 0 63
421 0 63
422 0 62
423 0 63
424 0 63
425 0 62
426 0 62
427 0 62
428 0 63
429 0 63
430 0 62
431 0 62
432 0 63
433 0 63
434 0 63
435 0 63
436 0 63
437 0 63
438 0 63
439 0 63
440 0 62
441 0 64
442 0 64
443 0 63
444 0 63
445 0 63
446 0 64
447 0 64
448 0 63
449 0 63
450 0 64
451 0 64
452 0 64
453 0 63
454 0 63
455 0 63
456 0 63
457 0 63
458 0 63
459 0 64
460 0 64
461 0 64
462 0 63
463 0 63
464 0 62
465 0 64
466 0 64
467 0 63
468 0 63
469 0 63
470 0 64
471 0 64
472 0 63
473 0 63
474 0 64
475 0 64
476 0 64
477 0 63
478 0 63
479 0 63
480 0 63
481 0 63
482 0 63
483 0 64
484 0 64
485 0 64
486 0 64
487 0 64
488 0 63
489 0 64
490 0 64
491 0 63
492 0 63
493 0 64
494 0 64
495 0 64
496 0 64
497 0 64
498 0 63
499 0 63
500 0 63
501 0 63
502 0 63
503 0 62
504 0 63
505 0 63
506 0 63
507 0 63
508 0 63
509 0 63
510 0 63
511 0 63
512 0 62
513 0 63
514 0 63
515 0 63
516 0 63
517 0 63
518 0 63
519 0 63
520 0 63
521 0 63
522 0 63
523 0 63
524 0 63
525 0 63
526 0 64
527 0 64
528 0 64
529 0 64
530 0 64
531 0 63
532 0 64
533 0 64
534 0 63
535 0 63
536 0 64
537 0 64
538 0 64
539 0 64
540 0 64
541 0 63
542 0 63
543 0 63
544 0 62
545 0 62
546 0 62
547 0 63
548 0 63
549 0 62
550 0 62
551 0 63
552 0 63
553 0 63
554 0 63
555 0 63
556 0 63
557 0 62
558 0 62
559 0 61
560 0 64
561 0 64
562 0 63
563 0 63
564 0 63
565 0 64
566 0 64
567 0 63
568 0 63
569 0 64
570 0 64
571 0 64
572 0 63
573 0 63
574 0 63
575 0 63
576 0 63
577 0 63
578 0 64
579 0 64
580 0 64
581 0 63
582 0 63
583 0 62
584 0 64
585 0 64
586 0 63
587 0 63
588 0 63
589 0 64
590 0 64
591 0 63
592 0 63
593 0 64
594 0 64
595 0 64
596 0 63
597 0 63
598 0 63
599 0 63
600 0 63
601 0 63
602 0 64
603 0 64
604 0 64
605 0 64
606 0 64
607 0 63
608 0 64
609 0 64
610 0 63
611 0 63
612 0 64
613 0 64
614 0 64
615 0 64
616 0 64
617 0 63
618 0 63
619 0 63
620 0 63
621 0 63
622 0 62
623 0 63
624 0 63
625 0 63
626 0 63
627 0 63
628 0 63
629 0 63
630 0 63
631 0 62
632 0 63
633 0 63
634 0 63
635 0 63
636 0 63
637 0 63
638 0 63
639 0 63
640 0 63
641 0 63
642 0 63
643 0 63
644 0 63
645 0 63
646 0 63
647 0 63
648 0 63
649 0 63
650 0 62
651 0 63
652 0 63
653 0 62
654 0 62
655 0 63
656 0 63
657 0 63
658 0 63
659 0 63
660 0 62
661 0 63
662 0 63
663 0 63
664 0 63
665 0 62
666 0 63
667 0 63
668 0 63
669 0 63
670 0 63
671 0 63
672 0 63
673 0 63
674 0 63
675 0 63
676 0 62
677 0 62
678 0 61
679 0 63
680 0 63
681 0 63
682 0 63
683 0 63
684 0 63
685 0 63
686 0 63
687 0 63
688 0 62
689 0 62
690 0 63
691 0 62
692 0 62
693 0 62
694 0 62
695 0 61
696 0 61
697 0 63
698 0 63
699 0 63
700 0 63
701 0 63
702 0 62
703 0 63
704 0 63
705 0 62
706 0 62
707 0 63
708 0 63
709 0 63
710 0 63
711 0 63
712 0 62
713 0 63
714 0 63
715 0 63
716 0 63
717 0 62
718 0 63
719 0 63
720 0 63
721 0 63
722 0 63
723 0 63
724 0 63
725 0 63
726 0 63
727 0 63
728 0 62
729 0 62
730 0 61
731 0 63
732 0 63
733 0 63
734 0 63
735 0 63
736 0 62
737 0 63
738 0 63
739 0 62
740 0 62
741 0 63
742 0 63
743 0 63
744 0 63
745 0 63
746 0 62
747 0 63
748 0 63
749 0 63
750 0 63
751 0 62
752 0 63
753 0 63
754 0 63
755 0 63
756 0 63
757 0 63
758 0 63
759 0 63
760 0 63
761 0 63
762 0 62
763 0 62
764 0 61
765 0 63
766 0 63
767 0 63
768 0 63
769 0 63
770 0 63
771 0 63
772 0 63
773 0 63
774 0 62
775 0 62
776 0 63
777 0 62
778 0 62
779 0 62
780 0 62
781 0 61
782 0 61
783 0 63
784 0 63
785 0 63
786 0 63
787 0 63
788 0 62
789 0 63
790 0 63
791 0 62
792 0 62
793 0 63
794 0 63
795 0 63
796 0 63
797 0 63
798 0 62
799 0 63
800 0 63
801 0 63
802 0 63
803 0 62
804 0 63
805 0 63
806 0 63
807 0 63
808 0 63
809 0 63
810 0 63
811 0 63
812 0 63
813 0 63
814 0 62
815 0 62
816 0 61
817 0 63
818 0 63
819 0 62
820 0 62
821 0 62
822 0 63
823 0 63
824 0 62
825 0 62
826 0 63
827 0 63
828 0 63
829 0 62
830 0 62
831 0 62
832 0 62
833 0 62
834 0 62
835 0 63
836 0 63
837 0 63
838 0 62
839 0 62
840 0 61
841 0 63
842 0 63
843 0 62
844 0 62
845 0 62
846 0 63
847 0 63
848 0 62
849 0 62
850 0 63
851 0 63
852 0 63
853 0 62
854 0 62
855 0 62
856 0 62
857 0 62
858 0 62
859 0 63
860 0 63
861 0 63
862 0 63
863 0 63
864 0 62
865 0 63
866 0 63
867 0 62
868 0 62
869 0 63
870 0 63
871 0 63
872 0 63
873 0 63
874 0 62
875 0 63
876 0 63
877 0 63
878 0 63
879 0 63
880 0 62
881 0 63
882 0 63
883 0 62
884 0 62
885 0 63
886 0 63
887 0 63
888 0 63
889 0 63
890 0 62
891 0 63
892 0 63
893 0 61
894 0 61
895 0 62
896 0 63
897 0 63
898 0 61
899 0 61
900 0 63
901 0 63
902 0 63
903 0 63
904 0 63
905 0 63
906 0 62
907 0 62
908 0 62
909 0 64
910 0 64
911 0 63
912 0 63
913 0 63
914 0 64
915 0 64
916 0 63
917 0 63
918 0 64
919 0 64
920 0 64
921 0 63
922 0 63
923 0 63
924 0 63
925 0 63
926 0 63
927 0 64
928 0 64
929 0 64
930 0 63
931 0 63
932 0 62
933 0 64
934 0 64
935 0 63
936 0 63
937 0 63
938 0 64
939 0 64
940 0 63
941 0 63
942 0 64
943 0 64
944 0 64
945 0 63
946 0 63
947 0 63
948 0 63
949 0 63
950 0 63
951 0 64
952 0 64
953 0 64
954 0 64
955 0 64
956 0 63
957 0 64
958 0 64
959 0 63
960 0 63
961 0 64
962 0 64
963 0 64
964 0 64
965 0 64
966 0 63
967 0 63
968 0 63
969 0 63
970 0 63
971 0 62
972 0 63
973 0 63
974 0 63
975 0 63
976 0 63
977 0 63
978 0 63
979 0 63
980 0 62
981 0 63
982 0 63
983 0 63
984 0 63
985 0 63
986 0 63
987 0 63
988 0 63
989 0 63
990 0 63
991 0 63
992 0 63
993 0 63
994 0 64
995 0 64
996 0 64
997 0 64
998 0 64
999 0 63
1000 0 64
1001 0 64
1002 0 63
1003 0 63
1004 0 64
1005 0 64
1006 0 64
1007 0 64
1008 0 64
1009 0 63
1010 0 63
1011 0 63
1012 0 63
1013 0 63
1014 0 62
1015 0 63
1016 0 63
1017 0 63
1018 0 63
1019 0 63
1020 0 63
1021 0 63
1022 0 63
1023 0 63
1024 0 63
1025 0 62
1026 0 62
1027 0 61
1028 0 64
1029 0 64
1030 0 63
1031 0 63
1032 0 63
1033 0 64
1034 0 64
1035 0 63
1036 0 63
1037 0 64
1038 0 64
1039 0 64
1040 0 63
1041 0 63
1042 0 63
1043 0 63
1044 0 63
1045 0 63
1046 0 64
1047 0 64
1048 0 64
1049 0 63
1050 0 63
1051 0 62
1052 0 64
1053 0 64
1054 0 63
1055 0 63
1056 0 63
1057 0 64
1058 0 64
1059 0 63
1060 0 63
1061 0 64
1062 0 64
1063 0 64
1064 0 63
1065 0 63
1066 0 63
1067 0 63
1068 0 63
1069 0 63
1070 0 64
1071 0 64
1072 0 64
1073 0 64
1074 0 64
1075 0 63
1076 0 64
1077 0 64
1078 0 63
1079 0 63
1080 0 64
1081 0 64
1082 0 64
1083 0 64
1084 0 64
1085 0 63
1086 0 63
1087 0 63
1088 0 63
1089 0 63
1090 0 62
1091 0 63
1092 0 63
1093 0 63
1094 0 63
1095 0 63
1096 0 63
1097 0 63
1098 0 63
1099 0 62
1100 0 63
1101 0 63
1102 0 63
1103 0 63
1104 0 63
1105 0 63
1106 0 63
1107 0 63
1108 0 63
1109 0 63
1110 0 63
1111 0 63
1112 0 63
1113 0 63
1114 0 63
1115 0 63
1116 0 63
1117 0 63
1118 0 62
1119 0 63
1120 0 63
1121 0 62
1122 0 62
1123 0 63
1124 0 63
1125 0 63
1126 0 63
1127 0 63
1128 0 62
1129 0 63
1130 0 63
1131 0 62
1132 0 62
1133 0 62
1134 0 63
1135 0 63
1136 0 62
1137 0 62
1138 0 62
1139 0 63
1140 0 62
1141 0 62
1142 0 63
1143 0 62
1144 0 62
1145 0 62
1146 0 62
1147 0 63
1148 0 63
1149 0 62
1150 0 62
1151 0 62
1152 0 63
1153 0 63
1154 0 62
1155 0 62
1156 0 62
1157 0 62
1158 0 62
1159 0 62
1160 0 62
1161 0 62
1162 0 62
1163 0 62
1164 0 62
1165 0 63
1166 0 63
1167 0 63
1168 0 63
1169 0 63
1170 0 62
1171 0 63
1172 0 63
1173 0 62
1174 0 62
1175 0 63
1176 0 63
1177 0 63
1178 0 63
1179 0 63
1180 0 62
1181 0 63
1182 0 63
1183 0 63
1184 0 63
1185 0 62
1186 0 63
1187 0 63
1188 0 63
1189 0 63
1190 0 62
1191 0 63
1192 0 62
1193 0 62
1194 0 63
1195 0 62
1196 0 62
1197 0 62
1198 0 62
1199 0 63
1200 0 63
1201 0 62
1202 0 62
1203 0 62
1204 0 63
1205 0 63
1206 0 62
1207 0 62
1208 0 63
1209 0 63
1210 0 63
1211 0 62
1212 0 62
1213 0 62
1214 0 62
1215 0 62
1216 0 62
1217 0 63
1218 0 63
1219 0 63
1220 0 62
1221 0 62
1222 0 61
1223 0 63
1224 0 63
1225 0 62
1226 0 62
1227 0 62
1228 0 63
1229 0 63
1230 0 62
1231 0 62
1232 0 63
1233 0 63
1234 0 63
1235 0 62
1236 0 62
1237 0 62
1238 0 62
1239 0 62
1240 0 62
1241 0 63
1242 0 63
1243 0 62
1244 0 62
1245 0 62
1246 0 63
1247 0 63
1248 0 62
1249 0 62
1250 0 63
1251 0 63
1252 0 63
1253 0 62
1254 0 62
1255 0 62
1256 0 62
1257 0 62
1258 0 62
1259 0 63
1260 0 63
1261 0 63
1262 0 62
1263 0 62
1264 0 61
1265 0 63
1266 0 63
1267 0 62
1268 0 62
1269 0 62
1270 0 63
1271 0 63
1272 0 62
1273 0 62
1274 0 63
1275 0 63
1276 0 63
1277 0 62
1278 0 62
1279 0 62
1280 0 62
1281 0 62
1282 0 62
1283 0 62
1284 0 62
1285 0 62
1286 0 62
1287 0 62
1288 0 61
1289 0 62
1290 0 62
1291 0 61
1292 0 61
1293 0 62
1294 0 62
1295 0 62
1296 0 62
1297 0 62
1298 0 61
1299 0 63
1300 0 63
1301 0 61
1302 0 61
1303 0 62
1304 0 63
1305 0 63
1306 0 61
1307 0 61
1308 0 63
1309 0 63
1310 0 61
1311 0 61
1312 0 62
1313 0 63
1314 0 63
1315 0 61
1316 0 61
1317 0 61
1318 0 61
1319 0 61
1320 0 62
1321 0 62
1322 0 62
1323 0 62
1324 0 62
1325 0 62
1326 0 64
1327 0 64
1328 0 64
1329 0 64
1330 0 64
1331 0 63
1332 0 64
1333 0 64
1334 0 63
1335 0 63
1336 0 64
1337 0 64
1338 0 64
1339 0 64
1340 0 64
1341 0 63
1342 0 64
1343 0 64
1344 0 63
1345 0 63
1346 0 63
1347 0 64
1348 0 64
1349 0 63
1350 0 63
1351 0 63
1352 0 63
1353 0 63
1354 0 63
1355 0 63
1356 0 63
1357 0 63
1358 0 63
1359 0 63
1360 0 64
1361 0 64
1362 0 63
1363 0 63
1364 0 63
1365 0 64
1366 0 64
1367 0 63
1368 0 63
1369 0 63
1370 0 63
1371 0 63
1372 0 63
1373 0 63
1374 0 63
1375 0 63
1376 0 63
1377 0 63
1378 0 64
1379 0 64
1380 0 64
1381 0 64
1382 0 64
1383 0 63
1384 0 64
1385 0 64
1386 0 63
1387 0 63
1388 0 64
1389 0 64
1390 0 64
1391 0 64
1392 0 64
1393 0 63
1394 0 64
1395 0 64
1396 0 63
1397 0 63
1398 0 63
1399 0 64
1400 0 64
1401 0 63
1402 0 63
1403 0 63
1404 0 63
1405 0 63
1406 0 63
1407 0 63
1408 0 63
1409 0 63
1410 0 63
1411 0 63
1412 0 64
1413 0 64
1414 0 63
1415 0 63
1416 0 63
1417 0 64
1418 0 64
1419 0 63
1420 0 63
1421 0 64
1422 0 64
1423 0 64
1424 0 63
1425 0 63
1426 0 63
1427 0 63
1428 0 63
1429 0 63
1430 0 64
1431 0 64
1432 0 64
1433 0 63
1434 0 63
1435 0 62
1436 0 64
1437 0 64
1438 0 63
1439 0 63
1440 0 63
1441 0 64
1442 0 64
1443 0 63
1444 0 63
1445 0 64
1446 0 64
1447 0 64
1448 0 63
1449 0 63
1450 0 63
1451 0 63
1452 0 63
1453 0 63
1454 0 63
1455 0 63
1456 0 63
1457 0 63
1458 0 63
1459 0 62
1460 0 63
1461 0 63
1462 0 62
1463 0 62
1464 0 63
1465 0 63
1466 0 63
1467 0 63
1468 0 63
1469 0 62
1470 0 63
1471 0 63
1472 0 63
1473 0 63
1474 0 63
1475 0 62
1476 0 63
1477 0 63
1478 0 62
1479 0 62
1480 0 63
1481 0 63
1482 0 63
1483 0 63
1484 0 63
1485 0 62
1486 0 63
1487 0 63
1488 0 62
1489 0 62
1490 0 62
1491 0 63
1492 0 63
1493 0 62
1494 0 62
1495 0 63
1496 0 63
1497 0 63
1498 0 63
1499 0 63
1500 0 63
1501 0 63
1502 0 63
1503 0 62
1504 0 64
1505 0 64
1506 0 63
1507 0 63
1508 0 63
1509 0 64
1510 0 64
1511 0 63
1512 0 63
1513 0 64
1514 0 64
1515 0 64
1516 0 63
1517 0 63
1518 0 63
1519 0 63
1520 0 63
1521 0 63
1522 0 64
1523 0 64
1524 0 64
1525 0 63
1526 0 63
1527 0 62
1528 0 64
1529 0 64
1530 0 63
1531 0 63
1532 0 63
1533 0 64
1534 0 64
1535 0 63
1536 0 63
1537 0 64
1538 0 64
1539 0 64
1540 0 63
1541 0 63
1542 0 63
1543 0 63
1544 0 63
1545 0 63
1546 0 63
1547 0 63
1548 0 63
1549 0 63
1550 0 63
1551 0 62
1552 0 63
1553 0 63
1554 0 62
1555 0 62
1556 0 63
1557 0 63
1558 0 63
1559 0 63
1560 0 63
1561 0 62
1562 0 63
1563 0 63
1564 0 62
1565 0 62
1566 0 62
1567 0 63
1568 0 63
1569 0 62
1570 0 62
1571 0 63
1572 0 63
1573 0 62
1574 0 62
1575 0 62
1576 0 63
1577 0 63
1578 0 62
1579 0 62
1580 0 62
1581 0 62
1582 0 62
1583 0 63
1584 0 63
1585 0 63
1586 0 63
1587 0 62
1588 0 62
1589 0 64
1590 0 64
1591 0 64
1592 0 64
1593 0 64
1594 0 63
1595 0 64
1596 0 64
1597 0 63
1598 0 63
1599 0 64
1600 0 64
1601 0 64
1602 0 64
1603 0 64
1604 0 63
1605 0 64
1606 0 64
1607 0 63
1608 0 63
1609 0 63
1610 0 64
1611 0 64
1612 0 63
1613 0 63
1614 0 63
1615 0 63
1616 0 63
1617 0 63
1618 0 63
1619 0 63
1620 0 63
1621 0 63
1622 0 63
1623 0 64
1624 0 64
1625 0 63
1626 0 63
1627 0 63
1628 0 64
1629 0 64
1630 0 63
1631 0 63
1632 0 63
1633 0 63
1634 0 63
1635 0 63
1636 0 63
1637 0 63
1638 0 63
1639 0 63
1640 0 63
1641 0 64
1642 0 64
1643 0 64
1644 0 64
1645 0 64
1646 0 63
1647 0 64
1648 0 64
1649 0 63
1650 0 63
1651 0 64
1652 0 64
1653 0 64
1654 0 64
1655 0 64
1656 0 63
1657 0 64
1658 0 64
1659 0 63
1660 0 63
1661 0 63
1662 0 64
1663 0 64
1664 0 63
1665 0 63
1666 0 63
1667 0 63
1668 0 63
1669 0 63
1670 0 63
1671 0 63
1672 0 63
1673 0 63
1674 0 63
1675 0 64
1676 0 64
1677 0 63
1678 0 63
1679 0 63
1680 0 64
1681 0 64
1682 0 63
1683 0 63
1684 0 64
1685 0 64
1686 0 64
1687 0 63
1688 0 63
1689 0 63
1690 0 63
1691 0 63
1692 0 63
1693 0 64
1694 0 64
1695 0 64
1696 0 63
1697 0 63
1698 0 62
1699 0 64
1700 0 64
1701 0 63
1702 0 63
1703 0 63
1704 0 64
1705 0 64
1706 0 63
1707 0 63
1708 0 64
1709 0 64
1710 0 64
1711 0 63
1712 0 63
1713 0 63
1714 0 63
1715 0 63
1716 0 63
1717 0 63
1718 0 63
1719 0 63
1720 0 63
1721 0 63
1722 0 62
1723 0 63
1724 0 63
1725 0 62
1726 0 62
1727 0 63
1728 0 63
1729 0 63
1730 0 63
1731 0 63
1732 0 62
1733 0 63
1734 0 63
1735 0 63
1736 0 63
1737 0 63
1738 0 62
1739 0 63
1740 0 63
1741 0 62
1742 0 62
1743 0 63
1744 0 63
1745 0 63
1746 0 63
1747 0 63
1748 0 62
1749 0 63
1750 0 63
1751 0 62
1752 0 62
1753 0 62
1754 0 63
1755 0 63
1756 0 62
1757 0 62
1758 0 63
1759 0 63
1760 0 63
1761 0 63
1762 0 63
1763 0 63
1764 0 63
1765 0 63
1766 0 62
1767 0 64
1768 0 64
1769 0 63
1770 0 63
1771 0 63
1772 0 64
1773 0 64
1774 0 63
1775 0 63
1776 0 64
1777 0 64
1778 0 64
1779 0 63
1780 0 63
1781 0 63
1782 0 63
1783 0 63
1784 0 63
1785 0 64
1786 0 64
1787 0 64
1788 0 63
1789 0 63
1790 0 62
1791 0 64
1792 0 64
1793 0 63
1794 0 63
1795 0 63
1796 0 64
1797 0 64
1798 0 63
1799 0 63
1800 0 64
1801 0 64
1802 0 64
1803 0 63
1804 0 63
1805 0 63
1806 0 63
1807 0 63
1808 0 63
1809 0 64
1810 0 64
1811 0 64
1812 0 64
1813 0 64
1814 0 63
1815 0 64
1816 0 64
1817 0 63
1818 0 63
1819 0 64
1820 0 64
1821 0 64
1822 0 64
1823 0 64
1824 0 63
1825 0 63
1826 0 63
1827 0 63
1828 0 63
1829 0 63
1830 0 63
1831 0 63
1832 0 63
1833 0 63
1834 0 63
1835 0 63
1836 0 63
1837 0 63
1838 0 63
1839 0 63
1840 0 63
1841 0 63
1842 0 63
1843 0 63
1844 0 63
1845 0 63
1846 0 63
1847 0 63
1848 0 63
1849 0 63
1850 0 63
1851 0 63
1852 0 64
1853 0 64
1854 0 64
1855 0 64
1856 0 64
1857 0 63
1858 0 64
1859 0 64
1860 0 63
1861 0 63
1862 0 64
1863 0 64
1864 0 64
1865 0 64
1866 0 64
1867 0 63
1868 0 63
1869 0 63
1870 0 62
1871 0 62
1872 0 62
1873 0 63
1874 0 63
1875 0 62
1876 0 62
1877 0 63
1878 0 63
1879 0 63
1880 0 63
1881 0 63
1882 0 63
1883 0 62
1884 0 62
1885 0 61
1886 0 64
1887 0 64
1888 0 63
1889 0 63
1890 0 63
1891 0 64
1892 0 64
1893 0 63
1894 0 63
1895 0 64
1896 0 64
1897 0 64
1898 0 63
1899 0 63
1900 0 63
1901 0 63
1902 0 63
1903 0 63
1904 0 64
1905 0 64
1906 0 64
1907 0 63
1908 0 63
1909 0 62
1910 0 64
1911 0 64
1912 0 63
1913 0 63
1914 0 63
1915 0 64
1916 0 64
1917 0 63
1918 0 63
1919 0 64
1920 0 64
1921 0 64
1922 0 63
1923 0 63
1924 0 63
1925 0 63
1926 0 63
1927 0 63
1928 0 64
1929 0 64
1930 0 64
1931 0 64
1932 0 64
1933 0 63
1934 0 64
1935 0 64
1936 0 63
1937 0 63
1938 0 64
1939 0 64
1940 0 64
1941 0 64
1942 0 64
1943 0 63
1944 0 63
1945 0 63
1946 0 63
1947 0 63
1948 0 63
1949 0 63
1950 0 63
1951 0 63
1952 0 63
1953 0 63
1954 0 63
1955 0 63
1956 0 63
1957 0 63
1958 0 63
1959 0 63
1960 0 63
1961 0 63
1962 0 63
1963 0 63
1964 0 63
1965 0 63
1966 0 63
1967 0 63
1968 0 63
1969 0 63
1970 0 63
1971 0 63
1972 0 63
1973 0 63
1974 0 63
1975 0 63
1976 0 62
1977 0 63
1978 0 63
1979 0 62
1980 0 62
1981 0 63
1982 0 63
1983 0 63
1984 0 63
1985 0 63
1986 0 62
1987 0 63
1988 0 63
1989 0 63
1990 0 63
1991 0 62
1992 0 63
1993 0 63
1994 0 63
1995 0 63
1996 0 63
1997 0 63
1998 0 63
1999 0 63
2000 0 63
2001 0 63
2002 0 62
2003 0 62
2004 0 61
2005 0 63
2006 0 63
2007 0 63
2008 0 63
2009 0 63
2010 0 63
2011 0 63
2012 0 63
2013 0 63
2014 0 62
2015 0 62
2016 0 63
2017 0 62
2018 0 62
2019 0 62
2020 0 62
2021 0 61
2022 0 61
2023 0 63
2024 0 63
2025 0 63
2026 0 63
2027 0 63
2028 0 62
2029 0 63
2030 0 63
2031 0 62
2032 0 62
2033 0 63
2034 0 63
2035 0 63
2036 0 63
2037 0 63
2038 0 62
2039 0 63
2040 0 63
2041 0 63
2042 0 63
2043 0 62
2044 0 63
2045 0 63
2046 0 63
2047 0 63
2048 0 63
2049 0 63
2050 0 63
2051 0 63
2052 0 63
2053 0 63
2054 0 62
2055 0 62
2056 0 61
2057 0 63
2058 0 63
2059 0 63
2060 0 63
2061 0 63
2062 0 62
2063 0 63
2064 0 63
2065 0 62
2066 0 62
2067 0 63
2068 0 63
2069 0 63
2070 0 63
2071 0 63
2072 0 62
2073 0 63
2074 0 63
2075 0 63
2076 0 63
2077 0 62
2078 0 63
2079 0 63
2080 0 63
2081 0 63
2082 0 63
2083 0 63
2084 0 63
2085 0 63
2086 0 63
2087 0 63
2088 0 62
2089 0 62
2090 0 61
2091 0 63
2092 0 63
2093 0 63
2094 0 63
2095 0 63
2096 0 63
2097 0 63
2098 0 63
2099 0 63
2100 0 62
2101 0 62
2102 0 63
2103 0 62
2104 0 62
2105 0 62
2106 0 62
2107 0 61
2108 0 61
2109 0 63
2110 0 63
2111 0 63
2112 0 63
2113 0 63
2114 0 62
2115 0 63
2116 0 63
2117 0 62
2118 0 62
2119 0 63
2120 0 63
2121 0 63
2122 0 63
2123 0 63
2124 0 62
2125 0 63
2126 0 63
2127 0 63
2128 0 63
2129 0 62
2130 0 63
2131 0 63
2132 0 63
2133 0 63
2134 0 63
2135 0 63
2136 0 63
2137 0 63
2138 0 63
2139 0 63
2140 0 62
2141 0 62
2142 0 61
2143 0 63
2144 0 63
2145 0 62
2146 0 62
2147 0 62
2148 0 63
2149 0 63
2150 0 62
2151 0 62
2152 0 63
2153 0 63
2154 0 63
2155 0 62
2156 0 62
2157 0 62
2158 0 62
2159 0 62
2160 0 62
2161 0 63
2162 0 63
2163 0 63
2164 0 62
2165 0 62
2166 0 61
2167 0 63
2168 0 63
2169 0 62
2170 0 62
2171 0 62
2172 0 63
2173 0 63
2174 0 62
2175 0 62
2176 0 63
2177 0 63
2178 0 63
2179 0 62
2180 0 62
2181 0 62
2182 0 62
2183 0 62
2184 0 62
2185 0 63
2186 0 63
2187 0 63
2188 0 63
2189 0 63
2190 0 62
2191 0 63
2192 0 63
2193 0 62
2194 0 62
2195 0 63
2196 0 63
2197 0 63
2198 0 63
2199 0 63
2200 0 62
2201 0 63
2202 0 63
2203 0 63
2204 0 63
2205 0 63
2206 0 62
2207 0 63
2208 0 63
2209 0 62
2210 0 62
2211 0 63
2212 0 63
2213 0 63
2214 0 63
2215 0 63
2216 0 62
2217 0 63
2218 0 63
2219 0 61
2220 0 61
2221 0 62
2222 0 63
2223 0 63
2224 0 61
2225 0 61
2226 0 63
2227 0 63
2228 0 63
2229 0 63
2230 0 63
2231 0 63
2232 0 62
2233 0 62
2234 0 62
2235 0 64
2236 0 64
2237 0 64
2238 0 63
2239 0 64
2240 0 63
2241 0 64
2242 0 64
2243 0 64
2244 0 63
2245 0 64
2246 0 63
2247 0 63
2248 0 64
2249 0 63
2250 0 63
2251 0 63
2252 0 63
2253 0 63
2254 0 63
2255 0 63
2256 0 64
2257 0 63
2258 0 63
2259 0 64
2260 0 63
2261 0 63
2262 0 63
2263 0 63
2264 0 63
2265 0 63
2266 0 64
2267 0 64
2268 0 64
2269 0 63
2270 0 64
2271 0 63
2272 0 64
2273 0 64
2274 0 64
2275 0 63
2276 0 64
2277 0 63
2278 0 63
2279 0 64
2280 0 63
2281 0 63
2282 0 63
2283 0 63
2284 0 63
2285 0 63
2286 0 63
2287 0 64
2288 0 63
2289 0 63
2290 0 64
2291 0 63
2292 0 64
2293 0 64
2294 0 63
2295 0 63
2296 0 63
2297 0 64
2298 0 64
2299 0 63
2300 0 62
2301 0 64
2302 0 63
2303 0 63
2304 0 64
2305 0 63
2306 0 64
2307 0 64
2308 0 63
2309 0 63
2310 0 63
2311 0 63
2312 0 63
2313 0 63
2314 0 62
2315 0 63
2316 0 62
2317 0 63
2318 0 63
2319 0 63
2320 0 62
2321 0 63
2322 0 63
2323 0 63
2324 0 62
2325 0 63
2326 0 62
2327 0 63
2328 0 63
2329 0 63
2330 0 62
2331 0 63
2332 0 62
2333 0 62
2334 0 63
2335 0 62
2336 0 63
2337 0 63
2338 0 63
2339 0 63
2340 0 63
2341 0 62
2342 0 64
2343 0 63
2344 0 63
2345 0 64
2346 0 63
2347 0 64
2348 0 64
2349 0 63
2350 0 63
2351 0 63
2352 0 64
2353 0 64
2354 0 63
2355 0 62
2356 0 64
2357 0 63
2358 0 63
2359 0 64
2360 0 63
2361 0 64
2362 0 64
2363 0 63
2364 0 63
2365 0 63
2366 0 63
2367 0 63
2368 0 63
2369 0 62
2370 0 63
2371 0 62
2372 0 63
2373 0 63
2374 0 63
2375 0 62
2376 0 63
2377 0 62
2378 0 62
2379 0 63
2380 0 62
2381 0 63
2382 0 62
2383 0 62
2384 0 63
2385 0 62
2386 0 62
2387 0 62
2388 0 63
2389 0 63
2390 0 62
2391 0 64
2392 0 64
2393 0 64
2394 0 63
2395 0 64
2396 0 63
2397 0 64
2398 0 64
2399 0 64
2400 0 63
2401 0 64
2402 0 63
2403 0 63
2404 0 64
2405 0 63
2406 0 63
2407 0 63
2408 0 63
2409 0 63
2410 0 63
2411 0 63
2412 0 64
2413 0 63
2414 0 63
2415 0 64
2416 0 63
2417 0 63
2418 0 63
2419 0 63
2420 0 63
2421 0 63
2422 0 64
2423 0 64
2424 0 64
2425 0 63
2426 0 64
2427 0 63
2428 0 64
2429 0 64
2430 0 64
2431 0 63
2432 0 64
2433 0 63
2434 0 63
2435 0 64
2436 0 63
2437 0 63
2438 0 63
2439 0 63
2440 0 63
2441 0 63
2442 0 63
2443 0 64
2444 0 63
2445 0 63
2446 0 64
2447 0 63
2448 0 64
2449 0 64
2450 0 63
2451 0 63
2452 0 63
2453 0 64
2454 0 64
2455 0 63
2456 0 62
2457 0 64
2458 0 63
2459 0 63
2460 0 64
2461 0 63
2462 0 64
2463 0 64
2464 0 63
2465 0 63
2466 0 63
2467 0 63
2468 0 63
2469 0 63
2470 0 62
2471 0 63
2472 0 62
2473 0 63
2474 0 63
2475 0 63
2476 0 62
2477 0 63
2478 0 63
2479 0 63
2480 0 62
2481 0 63
2482 0 62
2483 0 63
2484 0 63
2485 0 63
2486 0 62
2487 0 63
2488 0 62
2489 0 62
2490 0 63
2491 0 62
2492 0 63
2493 0 63
2494 0 63
2495 0 63
2496 0 63
2497 0 62
2498 0 64
2499 0 63
2500 0 63
2501 0 64
2502 0 63
2503 0 64
2504 0 64
2505 0 63
2506 0 63
2507 0 63
2508 0 64
2509 0 64
2510 0 63
2511 0 62
2512 0 64
2513 0 63
2514 0 63
2515 0 64
2516 0 63
2517 0 64
2518 0 64
2519 0 63
2520 0 63
2521 0 63
2522 0 64
2523 0 64
2524 0 64
2525 0 63
2526 0 64
2527 0 63
2528 0 64
2529 0 64
2530 0 64
2531 0 63
2532 0 63
2533 0 63
2534 0 62
2535 0 63
2536 0 63
2537 0 63
2538 0 63
2539 0 62
2540 0 63
2541 0 63
2542 0 63
2543 0 63
2544 0 63
2545 0 63
2546 0 63
2547 0 64
2548 0 64
2549 0 64
2550 0 63
2551 0 64
2552 0 63
2553 0 64
2554 0 64
2555 0 64
2556 0 63
2557 0 63
2558 0 62
2559 0 62
2560 0 63
2561 0 62
2562 0 63
2563 0 63
2564 0 63
2565 0 63
2566 0 62
2567 0 61
2568 0 64
2569 0 63
2570 0 63
2571 0 64
2572 0 63
2573 0 64
2574 0 64
2575 0 63
2576 0 63
2577 0 63
2578 0 64
2579 0 64
2580 0 63
2581 0 62
2582 0 64
2583 0 63
2584 0 63
2585 0 64
2586 0 63
2587 0 64
2588 0 64
2589 0 63
2590 0 63
2591 0 63
2592 0 64
2593 0 64
2594 0 64
2595 0 63
2596 0 64
2597 0 63
2598 0 64
2599 0 64
2600 0 64
2601 0 63
2602 0 63
2603 0 63
2604 0 62
2605 0 63
2606 0 63
2607 0 63
2608 0 63
2609 0 62
2610 0 63
2611 0 63
2612 0 63
2613 0 63
2614 0 63
2615 0 63
2616 0 63
2617 0 63
2618 0 63
2619 0 63
2620 0 62
2621 0 63
2622 0 62
2623 0 63
2624 0 63
2625 0 63
2626 0 62
2627 0 63
2628 0 63
2629 0 62
2630 0 63
2631 0 63
2632 0 63
2633 0 63
2634 0 63
2635 0 63
2636 0 62
2637 0 61
2638 0 63
2639 0 63
2640 0 63
2641 0 63
2642 0 63
2643 0 62
2644 0 63
2645 0 62
2646 0 62
2647 0 61
2648 0 63
2649 0 63
2650 0 63
2651 0 62
2652 0 63
2653 0 62
2654 0 63
2655 0 63
2656 0 63
2657 0 62
2658 0 63
2659 0 63
2660 0 62
2661 0 63
2662 0 63
2663 0 63
2664 0 63
2665 0 63
2666 0 63
2667 0 62
2668 0 61
2669 0 63
2670 0 63
2671 0 63
2672 0 62
2673 0 63
2674 0 62
2675 0 63
2676 0 63
2677 0 63
2678 0 62
2679 0 63
2680 0 63
2681 0 62
2682 0 63
2683 0 63
2684 0 63
2685 0 63
2686 0 63
2687 0 63
2688 0 62
2689 0 61
2690 0 63
2691 0 63
2692 0 63
2693 0 63
2694 0 63
2695 0 62
2696 0 63
2697 0 62
2698 0 62
2699 0 61
2700 0 63
2701 0 63
2702 0 63
2703 0 62
2704 0 63
2705 0 62
2706 0 63
2707 0 63
2708 0 63
2709 0 62
2710 0 63
2711 0 63
2712 0 62
2713 0 63
2714 0 63
2715 0 63
2716 0 63
2717 0 63
2718 0 63
2719 0 62
2720 0 61
2721 0 63
2722 0 62
2723 0 62
2724 0 63
2725 0 62
2726 0 63
2727 0 63
2728 0 62
2729 0 62
2730 0 62
2731 0 63
2732 0 63
2733 0 62
2734 0 61
2735 0 63
2736 0 62
2737 0 62
2738 0 63
2739 0 62
2740 0 63
2741 0 63
2742 0 62
2743 0 62
2744 0 62
2745 0 63
2746 0 63
2747 0 63
2748 0 62
2749 0 63
2750 0 62
2751 0 63
2752 0 63
2753 0 63
2754 0 62
2755 0 63
2756 0 63
2757 0 63
2758 0 62
2759 0 63
2760 0 62
2761 0 63
2762 0 63
2763 0 63
2764 0 62
2765 0 63
2766 0 61
2767 0 62
2768 0 63
2769 0 61
2770 0 63
2771 0 63
2772 0 63
2773 0 63
2774 0 62
2775 0 62
2776 0 64
2777 0 63
2778 0 63
2779 0 64
2780 0 63
2781 0 64
2782 0 64
2783 0 63
2784 0 63
2785 0 63
2786 0 64
2787 0 64
2788 0 63
2789 0 62
2790 0 64
2791 0 63
2792 0 63
2793 0 64
2794 0 63
2795 0 64
2796 0 64
2797 0 63
2798 0 63
2799 0 63
2800 0 64
2801 0 64
2802 0 64
2803 0 63
2804 0 64
2805 0 63
2806 0 64
2807 0 64
2808 0 64
2809 0 63
2810 0 63
2811 0 63
2812 0 62
2813 0 63
2814 0 63
2815 0 63
2816 0 63
2817 0 62
2818 0 63
2819 0 63
2820 0 63
2821 0 63
2822 0 63
2823 0 63
2824 0 63
2825 0 64
2826 0 64
2827 0 64
2828 0 63
2829 0 64
2830 0 63
2831 0 64
2832 0 64
2833 0 64
2834 0 63
2835 0 63
2836 0 63
2837 0 62
2838 0 63
2839 0 63
2840 0 63
2841 0 63
2842 0 63
2843 0 63
2844 0 62
2845 0 61
2846 0 64
2847 0 63
2848 0 63
2849 0 64
2850 0 63
2851 0 64
2852 0 64
2853 0 63
2854 0 63
2855 0 63
2856 0 64
2857 0 64
2858 0 63
2859 0 62
2860 0 64
2861 0 63
2862 0 63
2863 0 64
2864 0 63
2865 0 64
2866 0 64
2867 0 63
2868 0 63
2869 0 63
2870 0 64
2871 0 64
2872 0 64
2873 0 63
2874 0 64
2875 0 63
2876 0 64
2877 0 64
2878 0 64
2879 0 63
2880 0 63
2881 0 63
2882 0 62
2883 0 63
2884 0 63
2885 0 63
2886 0 63
2887 0 62
2888 0 63
2889 0 63
2890 0 63
2891 0 63
2892 0 63
2893 0 63
2894 0 63
2895 0 63
2896 0 63
2897 0 63
2898 0 62
2899 0 63
2900 0 62
2901 0 63
2902 0 63
2903 0 63
2904 0 62
2905 0 63
2906 0 62
2907 0 62
2908 0 63
2909 0 62
2910 0 62
2911 0 62
2912 0 62
2913 0 62
2914 0 62
2915 0 62
2916 0 63
2917 0 62
2918 0 62
2919 0 63
2920 0 62
2921 0 62
2922 0 62
2923 0 62
2924 0 62
2925 0 62
2926 0 63
2927 0 63
2928 0 63
2929 0 62
2930 0 63
2931 0 62
2932 0 63
2933 0 63
2934 0 63
2935 0 62
2936 0 63
2937 0 63
2938 0 62
2939 0 63
2940 0 63
2941 0 62
2942 0 62
2943 0 62
2944 0 62
2945 0 62
2946 0 62
2947 0 63
2948 0 62
2949 0 62
2950 0 63
2951 0 62
2952 0 63
2953 0 63
2954 0 62
2955 0 62
2956 0 62
2957 0 63
2958 0 63
2959 0 62
2960 0 61
2961 0 63
2962 0 62
2963 0 62
2964 0 63
2965 0 62
2966 0 63
2967 0 63
2968 0 62
2969 0 62
2970 0 62
2971 0 63
2972 0 62
2973 0 62
2974 0 63
2975 0 62
2976 0 63
2977 0 63
2978 0 62
2979 0 62
2980 0 62
2981 0 63
2982 0 63
2983 0 62
2984 0 61
2985 0 63
2986 0 62
2987 0 62
2988 0 63
2989 0 62
2990 0 63
2991 0 63
2992 0 62
2993 0 62
2994 0 62
2995 0 62
2996 0 62
2997 0 62
2998 0 61
2999 0 62
3000 0 61
3001 0 62
3002 0 62
3003 0 62
3004 0 61
3005 0 63
3006 0 61
3007 0 62
3008 0 63
3009 0 61
3010 0 63
3011 0 61
3012 0 62
3013 0 63
3014 0 61
3015 0 61
3016 0 61
3017 0 62
3018 0 62
3019 0 62
3020 0 64
3021 0 64
3022 0 64
3023 0 63
3024 0 64
3025 0 63
3026 0 64
3027 0 64
3028 0 64
3029 0 63
3030 0 64
3031 0 63
3032 0 63
3033 0 64
3034 0 63
3035 0 63
3036 0 63
3037 0 63
3038 0 63
3039 0 63
3040 0 63
3041 0 64
3042 0 63
3043 0 63
3044 0 64
3045 0 63
3046 0 63
3047 0 63
3048 0 63
3049 0 63
3050 0 63
3051 0 64
3052 0 64
3053 0 64
3054 0 63
3055 0 64
3056 0 63
3057 0 64
3058 0 64
3059 0 64
3060 0 63
3061 0 64
3062 0 63
3063 0 63
3064 0 64
3065 0 63
3066 0 63
3067 0 63
3068 0 63
3069 0 63
3070 0 63
3071 0 63
3072 0 64
3073 0 63
3074 0 63
3075 0 64
3076 0 63
3077 0 64
3078 0 64
3079 0 63
3080 0 63
3081 0 63
3082 0 64
3083 0 64
3084 0 63
3085 0 62
3086 0 64
3087 0 63
3088 0 63
3089 0 64
3090 0 63
3091 0 64
3092 0 64
3093 0 63
3094 0 63
3095 0 63
3096 0 63
3097 0 63
3098 0 63
3099 0 62
3100 0 63
3101 0 62
3102 0 63
3103 0 63
3104 0 63
3105 0 62
3106 0 63
3107 0 63
3108 0 63
3109 0 62
3110 0 63
3111 0 62
3112 0 63
3113 0 63
3114 0 63
3115 0 62
3116 0 63
3117 0 62
3118 0 62
3119 0 63
3120 0 62
3121 0 63
3122 0 63
3123 0 63
3124 0 63
3125 0 63
3126 0 62
3127 0 64
3128 0 63
3129 0 63
3130 0 64
3131 0 63
3132 0 64
3133 0 64
3134 0 63
3135 0 63
3136 0 63
3137 0 64
3138 0 64
3139 0 63
3140 0 62
3141 0 64
3142 0 63
3143 0 63
3144 0 64
3145 0 63
3146 0 64
3147 0 64
3148 0 63
3149 0 63
3150 0 63
3151 0 63
3152 0 63
3153 0 63
3154 0 62
3155 0 63
3156 0 62
3157 0 63
3158 0 63
3159 0 63
3160 0 62
3161 0 63
3162 0 62
3163 0 62
3164 0 63
3165 0 62
3166 0 63
3167 0 62
3168 0 62
3169 0 63
3170 0 62
3171 0 62
3172 0 62
3173 0 63
3174 0 63
3175 0 62
3176 0 64
3177 0 64
3178 0 64
3179 0 63
3180 0 64
3181 0 63
3182 0 64
3183 0 64
3184 0 64
3185 0 63
3186 0 64
3187 0 63
3188 0 63
3189 0 64
3190 0 63
3191 0 63
3192 0 63
3193 0 63
3194 0 63
3195 0 63
3196 0 63
3197 0 64
3198 0 63
3199 0 63
3200 0 64
3201 0 63
3202 0 63
3203 0 63
3204 0 63
3205 0 63
3206 0 63
3207 0 64
3208 0 64
3209 0 64
3210 0 63
3211 0 64
3212 0 63
3213 0 64
3214 0 64
3215 0 64
3216 0 63
3217 0 64
3218 0 63
3219 0 63
3220 0 64
3221 0 63
3222 0 63
3223 0 63
3224 0 63
3225 0 63
3226 0 63
3227 0 63
3228 0 64
3229 0 63
3230 0 63
3231 0 64
3232 0 63
3233 0 64
3234 0 64
3235 0 63
3236 0 63
3237 0 63
3238 0 64
3239 0 64
3240 0 63
3241 0 62
3242 0 64
3243 0 63
3244 0 63
3245 0 64
3246 0 63
3247 0 64
3248 0 64
3249 0 63
3250 0 63
3251 0 63
3252 0 63
3253 0 63
3254 0 63
3255 0 62
3256 0 63
3257 0 62
3258 0 63
3259 0 63
3260 0 63
3261 0 62
3262 0 63
3263 0 63
3264 0 63
3265 0 62
3266 0 63
3267 0 62
3268 0 63
3269 0 63
3270 0 63
3271 0 62
3272 0 63
3273 0 62
3274 0 62
3275 0 63
3276 0 62
3277 0 63
3278 0 63
3279 0 63
3280 0 63
3281 0 63
3282 0 62
3283 0 64
3284 0 63
3285 0 63
3286 0 64
3287 0 63
3288 0 64
3289 0 64
3290 0 63
3291 0 63
3292 0 63
3293 0 64
3294 0 64
3295 0 63
3296 0 62
3297 0 64
3298 0 63
3299 0 63
3300 0 64
3301 0 63
3302 0 64
3303 0 64
3304 0 63
3305 0 63
3306 0 63
3307 0 64
3308 0 64
3309 0 64
3310 0 63
3311 0 64
3312 0 63
3313 0 64
3314 0 64
3315 0 64
3316 0 63
3317 0 63
3318 0 63
3319 0 63
3320 0 63
3321 0 63
3322 0 63
3323 0 63
3324 0 63
3325 0 63
3326 0 63
3327 0 63
3328 0 63
3329 0 63
3330 0 63
3331 0 63
3332 0 64
3333 0 64
3334 0 64
3335 0 63
3336 0 64
3337 0 63
3338 0 64
3339 0 64
3340 0 64
3341 0 63
3342 0 63
3343 0 62
3344 0 62
3345 0 63
3346 0 62
3347 0 63
3348 0 63
3349 0 63
3350 0 63
3351 0 62
3352 0 61
3353 0 64
3354 0 63
3355 0 63
3356 0 64
3357 0 63
3358 0 64
3359 0 64
3360 0 63
3361 0 63
3362 0 63
3363 0 64
3364 0 64
3365 0 63
3366 0 62
3367 0 64
3368 0 63
3369 0 63
3370 0 64
3371 0 63
3372 0 64
3373 0 64
3374 0 63
3375 0 63
3376 0 63
3377 0 64
3378 0 64
3379 0 64
3380 0 63
3381 0 64
3382 0 63
3383 0 64
3384 0 64
3385 0 64
3386 0 63
3387 0 63
3388 0 63
3389 0 63
3390 0 63
3391 0 63
3392 0 63
3393 0 63
3394 0 63
3395 0 63
3396 0 63
3397 0 63
3398 0 63
3399 0 63
3400 0 63
3401 0 63
3402 0 63
3403 0 63
3404 0 63
3405 0 62
3406 0 63
3407 0 62
3408 0 63
3409 0 63
3410 0 63
3411 0 62
3412 0 63
3413 0 63
3414 0 62
3415 0 63
3416 0 63
3417 0 63
3418 0 63
3419 0 63
3420 0 63
3421 0 62
3422 0 61
3423 0 63
3424 0 63
3425 0 63
3426 0 63
3427 0 63
3428 0 62
3429 0 63
3430 0 62
3431 0 62
3432 0 61
3433 0 63
3434 0 63
3435 0 63
3436 0 62
3437 0 63
3438 0 62
3439 0 63
3440 0 63
3441 0 63
3442 0 62
3443 0 63
3444 0 63
3445 0 62
3446 0 63
3447 0 63
3448 0 63
3449 0 63
3450 0 63
3451 0 63
3452 0 62
3453 0 61
3454 0 63
3455 0 63
3456 0 63
3457 0 62
3458 0 63
3459 0 62
3460 0 63
3461 0 63
3462 0 63
3463 0 62
3464 0 63
3465 0 63
3466 0 62
3467 0 63
3468 0 63
3469 0 63
3470 0 63
3471 0 63
3472 0 63
3473 0 62
3474 0 61
3475 0 63
3476 0 63
3477 0 63
3478 0 63
3479 0 63
3480 0 62
3481 0 63
3482 0 62
3483 0 62
3484 0 61
3485 0 63
3486 0 63
3487 0 63
3488 0 62
3489 0 63
3490 0 62
3491 0 63
3492 0 63
3493 0 63
3494 0 62
3495 0 63
3496 0 63
3497 0 62
3498 0 63
3499 0 63
3500 0 63
3501 0 63
3502 0 63
3503 0 63
3504 0 62
3505 0 61
3506 0 63
3507 0 62
3508 0 62
3509 0 63
3510 0 62
3511 0 63
3512 0 63
3513 0 62
3514 0 62
3515 0 62
3516 0 63
3517 0 63
3518 0 62
3519 0 61
3520 0 63
3521 0 62
3522 0 62
3523 0 63
3524 0 62
3525 0 63
3526 0 63
3527 0 62
3528 0 62
3529 0 62
3530 0 63
3531 0 63
3532 0 63
3533 0 62
3534 0 63
3535 0 62
3536 0 63
3537 0 63
3538 0 63
3539 0 62
3540 0 63
3541 0 63
3542 0 63
3543 0 62
3544 0 63
3545 0 62
3546 0 63
3547 0 63
3548 0 63
3549 0 62
3550 0 63
3551 0 61
3552 0 62
3553 0 63
3554 0 61
3555 0 63
3556 0 63
3557 0 63
3558 0 63
3559 0 62
3560 0 62
3561 0 64
3562 0 63
3563 0 64
3564 0 63
3565 0 63
3566 0 63
3567 0 63
3568 0 63
3569 0 63
3570 0 63
3571 0 63
3572 0 64
3573 0 63
3574 0 64
3575 0 63
3576 0 63
3577 0 63
3578 0 63
3579 0 63
3580 0 63
3581 0 64
3582 0 63
3583 0 64
3584 0 63
3585 0 63
3586 0 64
3587 0 63
3588 0 63
3589 0 62
3590 0 63
3591 0 63
3592 0 62
3593 0 63
3594 0 62
3595 0 62
3596 0 63
3597 0 63
3598 0 63
3599 0 63
3600 0 64
3601 0 63
3602 0 64
3603 0 63
3604 0 63
3605 0 64
3606 0 63
3607 0 63
3608 0 62
3609 0 63
3610 0 62
3611 0 62
3612 0 62
3613 0 62
3614 0 62
3615 0 62
3616 0 64
3617 0 63
3618 0 64
3619 0 63
3620 0 63
3621 0 63
3622 0 63
3623 0 63
3624 0 63
3625 0 63
3626 0 63
3627 0 64
3628 0 63
3629 0 64
3630 0 63
3631 0 63
3632 0 63
3633 0 63
3634 0 63
3635 0 63
3636 0 64
3637 0 63
3638 0 64
3639 0 63
3640 0 63
3641 0 64
3642 0 63
3643 0 63
3644 0 62
3645 0 63
3646 0 63
3647 0 62
3648 0 63
3649 0 62
3650 0 62
3651 0 63
3652 0 63
3653 0 63
3654 0 63
3655 0 64
3656 0 63
3657 0 64
3658 0 63
3659 0 63
3660 0 64
3661 0 63
3662 0 64
3663 0 63
3664 0 64
3665 0 63
3666 0 63
3667 0 63
3668 0 63
3669 0 63
3670 0 63
3671 0 64
3672 0 63
3673 0 64
3674 0 62
3675 0 62
3676 0 63
3677 0 63
3678 0 63
3679 0 63
3680 0 64
3681 0 63
3682 0 64
3683 0 63
3684 0 63
3685 0 64
3686 0 63
3687 0 64
3688 0 63
3689 0 64
3690 0 63
3691 0 63
3692 0 63
3693 0 63
3694 0 63
3695 0 63
3696 0 63
3697 0 62
3698 0 63
3699 0 63
3700 0 63
3701 0 63
3702 0 63
3703 0 63
3704 0 63
3705 0 62
3706 0 61
3707 0 63
3708 0 62
3709 0 63
3710 0 63
3711 0 63
3712 0 63
3713 0 63
3714 0 63
3715 0 62
3716 0 63
3717 0 63
3718 0 63
3719 0 63
3720 0 63
3721 0 63
3722 0 63
3723 0 62
3724 0 61
3725 0 63
3726 0 62
3727 0 63
3728 0 63
3729 0 63
3730 0 63
3731 0 63
3732 0 62
3733 0 62
3734 0 63
3735 0 62
3736 0 63
3737 0 62
3738 0 62
3739 0 63
3740 0 62
3741 0 63
3742 0 62
3743 0 63
3744 0 63
3745 0 62
3746 0 63
3747 0 61
3748 0 61
3749 0 63
3750 0 63
3751 0 63
3752 0 63
3753 0 64
3754 0 63
3755 0 64
3756 0 63
3757 0 63
3758 0 64
3759 0 63
3760 0 64
3761 0 63
3762 0 64
3763 0 63
3764 0 63
3765 0 63
3766 0 63
3767 0 63
3768 0 63
3769 0 64
3770 0 63
3771 0 64
3772 0 63
3773 0 63
3774 0 63
3775 0 63
3776 0 63
3777 0 63
3778 0 64
3779 0 63
3780 0 64
3781 0 63
3782 0 63
3783 0 64
3784 0 63
3785 0 64
3786 0 63
3787 0 64
3788 0 63
3789 0 63
3790 0 63
3791 0 63
3792 0 63
3793 0 63
3794 0 63
3795 0 62
3796 0 63
3797 0 62
3798 0 62
3799 0 62
3800 0 62
3801 0 62
3802 0 62
3803 0 62
3804 0 62
3805 0 63
3806 0 62
3807 0 63
3808 0 63
3809 0 63
3810 0 62
3811 0 62
3812 0 62
3813 0 62
3814 0 63
3815 0 62
3816 0 63
3817 0 62
3818 0 62
3819 0 63
3820 0 62
3821 0 62
3822 0 62
3823 0 63
3824 0 62
3825 0 63
3826 0 62
3827 0 62
3828 0 63
3829 0 62
3830 0 62
3831 0 61
3832 0 62
3833 0 61
3834 0 61
3835 0 61
3836 0 61
3837 0 61
3838 0 62
3839 0 64
3840 0 63
3841 0 64
3842 0 63
3843 0 63
3844 0 63
3845 0 63
3846 0 63
3847 0 63
3848 0 63
3849 0 63
3850 0 64
3851 0 63
3852 0 64
3853 0 63
3854 0 63
3855 0 63
3856 0 63
3857 0 63
3858 0 63
3859 0 64
3860 0 63
3861 0 64
3862 0 63
3863 0 63
3864 0 64
3865 0 63
3866 0 63
3867 0 62
3868 0 63
3869 0 63
3870 0 62
3871 0 63
3872 0 62
3873 0 62
3874 0 63
3875 0 63
3876 0 63
3877 0 63
3878 0 64
3879 0 63
3880 0 64
3881 0 63
3882 0 63
3883 0 64
3884 0 63
3885 0 63
3886 0 62
3887 0 63
3888 0 62
3889 0 62
3890 0 62
3891 0 62
3892 0 62
3893 0 62
3894 0 64
3895 0 63
3896 0 64
3897 0 63
3898 0 63
3899 0 63
3900 0 63
3901 0 63
3902 0 63
3903 0 63
3904 0 63
3905 0 64
3906 0 63
3907 0 64
3908 0 63
3909 0 63
3910 0 63
3911 0 63
3912 0 63
3913 0 63
3914 0 64
3915 0 63
3916 0 64
3917 0 63
3918 0 63
3919 0 64
3920 0 63
3921 0 63
3922 0 62
3923 0 63
3924 0 63
3925 0 62
3926 0 63
3927 0 62
3928 0 62
3929 0 63
3930 0 63
3931 0 63
3932 0 63
3933 0 64
3934 0 63
3935 0 64
3936 0 63
3937 0 63
3938 0 64
3939 0 63
3940 0 64
3941 0 63
3942 0 64
3943 0 63
3944 0 63
3945 0 63
3946 0 63
3947 0 63
3948 0 63
3949 0 64
3950 0 63
3951 0 64
3952 0 62
3953 0 62
3954 0 63
3955 0 63
3956 0 63
3957 0 63
3958 0 64
3959 0 63
3960 0 64
3961 0 63
3962 0 63
3963 0 64
3964 0 63
3965 0 64
3966 0 63
3967 0 64
3968 0 63
3969 0 63
3970 0 63
3971 0 63
3972 0 63
3973 0 63
3974 0 63
3975 0 62
3976 0 63
3977 0 63
3978 0 63
3979 0 63
3980 0 63
3981 0 63
3982 0 63
3983 0 62
3984 0 61
3985 0 63
3986 0 62
3987 0 63
3988 0 63
3989 0 63
3990 0 63
3991 0 63
3992 0 63
3993 0 62
3994 0 63
3995 0 63
3996 0 63
3997 0 63
3998 0 63
3999 0 63
4000 0 63
4001 0 62
4002 0 61
4003 0 63
4004 0 62
4005 0 63
4006 0 63
4007 0 63
4008 0 63
4009 0 63
4010 0 62
4011 0 62
4012 0 63
4013 0 62
4014 0 63
4015 0 62
4016 0 62
4017 0 63
4018 0 62
4019 0 63
4020 0 62
4021 0 63
4022 0 63
4023 0 62
4024 0 63
4025 0 61
4026 0 61
4027 0 63
4028 0 63
4029 0 63
4030 0 63
4031 0 63
4032 0 63
4033 0 63
4034 0 62
4035 0 63
4036 0 63
4037 0 62
4038 0 62
4039 0 63
4040 0 63
4041 0 63
4042 0 63
4043 0 63
4044 0 62
4045 0 63
4046 0 63
4047 0 63
4048 0 63
4049 0 62
4050 0 63
4051 0 63
4052 0 63
4053 0 63
4054 0 63
4055 0 63
4056 0 63
4057 0 63
4058 0 63
4059 0 63
4060 0 62
4061 0 62
4062 0 61
4063 0 63
4064 0 63
4065 0 63
4066 0 63
4067 0 63
4068 0 63
4069 0 63
4070 0 63
4071 0 63
4072 0 62
4073 0 62
4074 0 63
4075 0 62
4076 0 62
4077 0 62
4078 0 62
4079 0 61
4080 0 61
4081 0 63
4082 0 63
4083 0 63
4084 0 63
4085 0 63
4086 0 62
4087 0 63
4088 0 63
4089 0 62
4090 0 62
4091 0 63
4092 0 63
4093 0 63
4094 0 63
4095 0 63
4096 0 62
4097 0 63
4098 0 63
4099 0 63
4100 0 63
4101 0 62
4102 0 63
4103 0 63
4104 0 63
4105 0 63
4106 0 63
4107 0 63
4108 0 63
4109 0 63
4110 0 63
4111 0 63
4112 0 62
4113 0 62
4114 0 61
4115 0 63
4116 0 63
4117 0 63
4118 0 63
4119 0 63
4120 0 62
4121 0 63
4122 0 63
4123 0 62
4124 0 62
4125 0 63
4126 0 63
4127 0 63
4128 0 63
4129 0 63
4130 0 62
4131 0 63
4132 0 63
4133 0 63
4134 0 63
4135 0 62
4136 0 63
4137 0 63
4138 0 63
4139 0 63
4140 0 63
4141 0 63
4142 0 63
4143 0 63
4144 0 63
4145 0 63
4146 0 62
4147 0 62
4148 0 61
4149 0 63
4150 0 63
4151 0 63
4152 0 63
4153 0 63
4154 0 63
4155 0 63
4156 0 63
4157 0 63
4158 0 62
4159 0 62
4160 0 63
4161 0 62
4162 0 62
4163 0 62
4164 0 62
4165 0 61
4166 0 61
4167 0 63
4168 0 63
4169 0 63
4170 0 63
4171 0 63
4172 0 62
4173 0 63
4174 0 63
4175 0 62
4176 0 62
4177 0 63
4178 0 63
4179 0 63
4180 0 63
4181 0 63
4182 0 62
4183 0 63
4184 0 63
4185 0 63
4186 0 63
4187 0 62
4188 0 63
4189 0 63
4190 0 63
4191 0 63
4192 0 63
4193 0 63
4194 0 63
4195 0 63
4196 0 63
4197 0 63
4198 0 62
4199 0 62
4200 0 61
4201 0 63
4202 0 63
4203 0 62
4204 0 62
4205 0 62
4206 0 63
4207 0 63
4208 0 62
4209 0 62
4210 0 63
4211 0 63
4212 0 63
4213 0 62
4214 0 62
4215 0 62
4216 0 62
4217 0 62
4218 0 62
4219 0 63
4220 0 63
4221 0 63
4222 0 62
4223 0 62
4224 0 61
4225 0 63
4226 0 63
4227 0 62
4228 0 62
4229 0 62
4230 0 63
4231 0 63
4232 0 62
4233 0 62
4234 0 63
4235 0 63
4236 0 63
4237 0 62
4238 0 62
4239 0 62
4240 0 62
4241 0 62
4242 0 62
4243 0 63
4244 0 63
4245 0 63
4246 0 63
4247 0 63
4248 0 62
4249 0 63
4250 0 63
4251 0 62
4252 0 62
4253 0 63
4254 0 63
4255 0 63
4256 0 63
4257 0 63
4258 0 62
4259 0 63
4260 0 63
4261 0 63
4262 0 63
4263 0 63
4264 0 62
4265 0 63
4266 0 63
4267 0 62
4268 0 62
4269 0 63
4270 0 63
4271 0 63
4272 0 63
4273 0 63
4274 0 62
4275 0 63
4276 0 63
4277 0 61
4278 0 61
4279 0 62
4280 0 63
4281 0 63
4282 0 61
4283 0 61
4284 0 63
4285 0 63
4286 0 63
4287 0 63
4288 0 63
4289 0 63
4290 0 62
4291 0 62
4292 0 62
4293 0 64
4294 0 63
4295 0 64
4296 0 63
4297 0 63
4298 0 63
4299 0 63
4300 0 63
4301 0 63
4302 0 63
4303 0 63
4304 0 64
4305 0 63
4306 0 64
4307 0 63
4308 0 63
4309 0 63
4310 0 63
4311 0 63
4312 0 63
4313 0 64
4314 0 63
4315 0 64
4316 0 63
4317 0 63
4318 0 64
4319 0 63
4320 0 63
4321 0 62
4322 0 63
4323 0 63
4324 0 62
4325 0 63
4326 0 62
4327 0 62
4328 0 63
4329 0 63
4330 0 63
4331 0 63
4332 0 64
4333 0 63
4334 0 64
4335 0 63
4336 0 63
4337 0 64
4338 0 63
4339 0 63
4340 0 62
4341 0 63
4342 0 62
4343 0 62
4344 0 62
4345 0 62
4346 0 62
4347 0 62
4348 0 64
4349 0 63
4350 0 64
4351 0 63
4352 0 63
4353 0 63
4354 0 63
4355 0 63
4356 0 63
4357 0 63
4358 0 63
4359 0 64
4360 0 63
4361 0 64
4362 0 63
4363 0 63
4364 0 63
4365 0 63
4366 0 63
4367 0 63
4368 0 64
4369 0 63
4370 0 64
4371 0 63
4372 0 63
4373 0 64
4374 0 63
4375 0 63
4376 0 62
4377 0 63
4378 0 63
4379 0 62
4380 0 63
4381 0 62
4382 0 62
4383 0 63
4384 0 63
4385 0 63
4386 0 63
4387 0 64
4388 0 63
4389 0 64
4390 0 63
4391 0 63
4392 0 64
4393 0 63
4394 0 64
4395 0 63
4396 0 64
4397 0 63
4398 0 63
4399 0 63
4400 0 63
4401 0 63
4402 0 63
4403 0 64
4404 0 63
4405 0 64
4406 0 62
4407 0 62
4408 0 63
4409 0 63
4410 0 63
4411 0 63
4412 0 64
4413 0 63
4414 0 64
4415 0 63
4416 0 63
4417 0 64
4418 0 63
4419 0 64
4420 0 63
4421 0 64
4422 0 63
4423 0 63
4424 0 63
4425 0 63
4426 0 63
4427 0 63
4428 0 63
4429 0 62
4430 0 63
4431 0 63
4432 0 63
4433 0 63
4434 0 63
4435 0 63
4436 0 63
4437 0 62
4438 0 61
4439 0 63
4440 0 62
4441 0 63
4442 0 63
4443 0 63
4444 0 63
4445 0 63
4446 0 63
4447 0 62
4448 0 63
4449 0 63
4450 0 63
4451 0 63
4452 0 63
4453 0 63
4454 0 63
4455 0 62
4456 0 61
4457 0 63
4458 0 62
4459 0 63
4460 0 63
4461 0 63
4462 0 63
4463 0 63
4464 0 62
4465 0 62
4466 0 63
4467 0 62
4468 0 63
4469 0 62
4470 0 62
4471 0 63
4472 0 62
4473 0 63
4474 0 62
4475 0 63
4476 0 63
4477 0 62
4478 0 63
4479 0 61
4480 0 61
4481 0 63
4482 0 63
4483 0 63
4484 0 63
4485 0 64
4486 0 63
4487 0 64
4488 0 63
4489 0 63
4490 0 64
4491 0 63
4492 0 64
4493 0 63
4494 0 64
4495 0 63
4496 0 63
4497 0 63
4498 0 63
4499 0 63
4500 0 63
4501 0 64
4502 0 63
4503 0 64
4504 0 63
4505 0 63
4506 0 63
4507 0 63
4508 0 63
4509 0 63
4510 0 64
4511 0 63
4512 0 64
4513 0 63
4514 0 63
4515 0 64
4516 0 63
4517 0 64
4518 0 63
4519 0 64
4520 0 63
4521 0 63
4522 0 63
4523 0 63
4524 0 63
4525 0 63
4526 0 63
4527 0 62
4528 0 63
4529 0 62
4530 0 62
4531 0 63
4532 0 63
4533 0 62
4534 0 62
4535 0 62
4536 0 62
4537 0 63
4538 0 62
4539 0 63
4540 0 63
4541 0 63
4542 0 63
4543 0 63
4544 0 62
4545 0 62
4546 0 63
4547 0 62
4548 0 63
4549 0 62
4550 0 62
4551 0 63
4552 0 62
4553 0 62
4554 0 62
4555 0 63
4556 0 62
4557 0 63
4558 0 62
4559 0 62
4560 0 63
4561 0 62
4562 0 62
4563 0 61
4564 0 62
4565 0 61
4566 0 61
4567 0 61
4568 0 61
4569 0 61
4570 0 62
4571 0 64
4572 0 63
4573 0 64
4574 0 63
4575 0 63
4576 0 63
4577 0 63
4578 0 63
4579 0 63
4580 0 63
4581 0 63
4582 0 64
4583 0 63
4584 0 64
4585 0 63
4586 0 63
4587 0 63
4588 0 63
4589 0 63
4590 0 63
4591 0 64
4592 0 63
4593 0 64
4594 0 63
4595 0 63
4596 0 64
4597 0 63
4598 0 63
4599 0 62
4600 0 63
4601 0 63
4602 0 62
4603 0 63
4604 0 62
4605 0 62
4606 0 63
4607 0 63
4608 0 63
4609 0 63
4610 0 64
4611 0 63
4612 0 64
4613 0 63
4614 0 63
4615 0 64
4616 0 63
4617 0 63
4618 0 62
4619 0 63
4620 0 62
4621 0 62
4622 0 62
4623 0 62
4624 0 62
4625 0 62
4626 0 64
4627 0 63
4628 0 64
4629 0 63
4630 0 63
4631 0 63
4632 0 63
4633 0 63
4634 0 63
4635 0 63
4636 0 63
4637 0 64
4638 0 63
4639 0 64
4640 0 63
4641 0 63
4642 0 63
4643 0 63
4644 0 63
4645 0 63
4646 0 64
4647 0 63
4648 0 64
4649 0 63
4650 0 63
4651 0 64
4652 0 63
4653 0 63
4654 0 62
4655 0 63
4656 0 63
4657 0 62
4658 0 63
4659 0 62
4660 0 62
4661 0 63
4662 0 63
4663 0 63
4664 0 63
4665 0 64
4666 0 63
4667 0 64
4668 0 63
4669 0 63
4670 0 64
4671 0 63
4672 0 64
4673 0 63
4674 0 64
4675 0 63
4676 0 63
4677 0 63
4678 0 63
4679 0 63
4680 0 63
4681 0 64
4682 0 63
4683 0 64
4684 0 62
4685 0 62
4686 0 63
4687 0 63
4688 0 63
4689 0 63
4690 0 64
4691 0 63
4692 0 64
4693 0 63
4694 0 63
4695 0 64
4696 0 63
4697 0 64
4698 0 63
4699 0 64
4700 0 63
4701 0 63
4702 0 63
4703 0 63
4704 0 63
4705 0 63
4706 0 63
4707 0 62
4708 0 63
4709 0 63
4710 0 63
4711 0 63
4712 0 63
4713 0 63
4714 0 63
4715 0 62
4716 0 61
4717 0 63
4718 0 62
4719 0 63
4720 0 63
4721 0 63
4722 0 63
4723 0 63
4724 0 63
4725 0 62
4726 0 63
4727 0 63
4728 0 63
4729 0 63
4730 0 63
4731 0 63
4732 0 63
4733 0 62
4734 0 61
4735 0 63
4736 0 62
4737 0 63
4738 0 63
4739 0 63
4740 0 63
4741 0 63
4742 0 62
4743 0 62
4744 0 63
4745 0 62
4746 0 63
4747 0 62
4748 0 62
4749 0 63
4750 0 62
4751 0 63
4752 0 62
4753 0 63
4754 0 63
4755 0 62
4756 0 63
4757 0 61
4758 0 61
4759 0 63
4760 0 63
4761 0 63
4762 0 63
4763 0 63
4764 0 63
4765 0 63
4766 0 63
4767 0 63
4768 0 63
4769 0 63
4770 0 63
4771 0 62
4772 0 63
4773 0 62
4774 0 62
4775 0 62
4776 0 62
4777 0 62
4778 0 62
4779 0 63
4780 0 62
4781 0 63
4782 0 62
4783 0 62
4784 0 62
4785 0 62
4786 0 63
4787 0 63
4788 0 63
4789 0 63
4790 0 63
4791 0 63
4792 0 63
4793 0 63
4794 0 63
4795 0 63
4796 0 62
4797 0 63
4798 0 62
4799 0 62
4800 0 62
4801 0 62
4802 0 62
4803 0 62
4804 0 63
4805 0 62
4806 0 63
4807 0 63
4808 0 63
4809 0 62
4810 0 62
4811 0 63
4812 0 63
4813 0 62
4814 0 61
4815 0 63
4816 0 62
4817 0 63
4818 0 63
4819 0 63
4820 0 62
4821 0 62
4822 0 62
4823 0 62
4824 0 62
4825 0 61
4826 0 63
4827 0 62
4828 0 62
4829 0 62
4830 0 61
4831 0 62
4832 0 62
4833 0 62
4834 0 61
4835 0 63
4836 0 62
4837 0 62
4838 0 62
4839 0 61
4840 0 62
4841 0 61
4842 0 62
4843 0 62
4844 0 62
4845 0 62
4846 0 62
4847 0 62
4848 0 62
4849 0 63
4850 0 62
4851 0 63
4852 0 63
4853 0 63
4854 0 62
4855 0 62
4856 0 63
4857 0 63
4858 0 62
4859 0 61
4860 0 63
4861 0 62
4862 0 63
4863 0 63
4864 0 63
4865 0 62
4866 0 62
4867 0 62
4868 0 62
4869 0 62
4870 0 62
4871 0 62
4872 0 62
4873 0 62
4874 0 62
4875 0 62
4876 0 62
4877 0 61
4878 0 62
4879 0 62
4880 0 61
4881 0 62
4882 0 61
4883 0 61
4884 0 62
4885 0 62
4886 0 63
4887 0 63
4888 0 63
4889 0 63
4890 0 63
4891 0 63
4892 0 63
4893 0 63
4894 0 63
4895 0 63
4896 0 62
4897 0 63
4898 0 62
4899 0 62
4900 0 62
4901 0 62
4902 0 62
4903 0 62
4904 0 63
4905 0 62
4906 0 63
4907 0 62
4908 0 62
4909 0 62
4910 0 62
4911 0 63
4912 0 63
4913 0 63
4914 0 63
4915 0 63
4916 0 63
4917 0 63
4918 0 63
4919 0 63
4920 0 63
4921 0 62
4922 0 63
4923 0 62
4924 0 62
4925 0 62
4926 0 62
4927 0 62
4928 0 62
4929 0 63
4930 0 62
4931 0 63
4932 0 63
4933 0 63
4934 0 63
4935 0 63
4936 0 63
4937 0 63
4938 0 62
4939 0 61
4940 0 63
4941 0 62
4942 0 63
4943 0 63
4944 0 63
4945 0 63
4946 0 63
4947 0 62
4948 0 62
4949 0 62
4950 0 61
4951 0 63
4952 0 62
4953 0 62
4954 0 62
4955 0 61
4956 0 62
4957 0 62
4958 0 62
4959 0 61
4960 0 63
4961 0 62
4962 0 62
4963 0 62
4964 0 61
4965 0 62
4966 0 61
4967 0 62
4968 0 62
4969 0 62
4970 0 62
4971 0 62
4972 0 62
4973 0 62
4974 0 63
4975 0 63
4976 0 63
4977 0 63
4978 0 63
4979 0 62
4980 0 62
4981 0 63
4982 0 63
4983 0 62
4984 0 62
4985 0 63
4986 0 63
4987 0 63
4988 0 63
4989 0 63
4990 0 62
4991 0 62
4992 0 63
4993 0 63
4994 0 63
4995 0 63
4996 0 63
4997 0 63
4998 0 63
4999 0 63
5000 0 63
5001 0 62
5002 0 61
5003 0 62
5004 0 62
5005 0 61
5006 0 62
5007 0 62
5008 0 62
5009 0 62
5010 0 62
5011 0 63
5012 0 63
5013 0 63
5014 0 63
5015 0 63
5016 0 63
5017 0 63
5018 0 63
5019 0 63
5020 0 62
5021 0 62
5022 0 62
5023 0 62
5024 0 62
5025 0 62
5026 0 62
5027 0 61
5028 0 62
5029 0 63
5030 0 63
5031 0 63
5032 0 63
5033 0 63
5034 0 62
5035 0 62
5036 0 63
5037 0 63
5038 0 62
5039 0 62
5040 0 63
5041 0 63
5042 0 63
5043 0 63
5044 0 63
5045 0 62
5046 0 62
5047 0 63
5048 0 63
5049 0 63
5050 0 63
5051 0 63
5052 0 63
5053 0 63
5054 0 63
5055 0 63
5056 0 62
5057 0 61
5058 0 62
5059 0 62
5060 0 61
5061 0 62
5062 0 62
5063 0 62
5064 0 62
5065 0 62
5066 0 63
5067 0 63
5068 0 63
5069 0 63
5070 0 63
5071 0 62
5072 0 62
5073 0 63
5074 0 63
5075 0 62
5076 0 62
5077 0 63
5078 0 63
5079 0 63
5080 0 63
5081 0 63
5082 0 62
5083 0 62
5084 0 63
5085 0 63
5086 0 63
5087 0 63
5088 0 63
5089 0 63
5090 0 63
5091 0 63
5092 0 63
5093 0 62
5094 0 61
5095 0 62
5096 0 62
5097 0 61
5098 0 62
5099 0 62
5100 0 62
5101 0 62
5102 0 62
5103 0 63
5104 0 63
5105 0 63
5106 0 63
5107 0 63
5108 0 63
5109 0 63
5110 0 63
5111 0 63
5112 0 62
5113 0 62
5114 0 62
5115 0 62
5116 0 62
5117 0 62
5118 0 62
5119 0 61
5120 0 62
5121 0 63
5122 0 63
5123 0 63
5124 0 63
5125 0 63
5126 0 62
5127 0 62
5128 0 63
5129 0 63
5130 0 62
5131 0 62
5132 0 63
5133 0 63
5134 0 63
5135 0 63
5136 0 63
5137 0 62
5138 0 62
5139 0 63
5140 0 63
5141 0 63
5142 0 63
5143 0 63
5144 0 63
5145 0 63
5146 0 63
5147 0 63
5148 0 62
5149 0 61
5150 0 62
5151 0 62
5152 0 61
5153 0 62
5154 0 62
5155 0 62
5156 0 62
5157 0 62
5158 0 63
5159 0 63
5160 0 62
5161 0 62
5162 0 62
5163 0 63
5164 0 63
5165 0 62
5166 0 62
5167 0 62
5168 0 61
5169 0 62
5170 0 61
5171 0 61
5172 0 61
5173 0 61
5174 0 61
5175 0 62
5176 0 62
5177 0 61
5178 0 62
5179 0 62
5180 0 62
5181 0 61
5182 0 61
5183 0 63
5184 0 63
5185 0 62
5186 0 62
5187 0 62
5188 0 63
5189 0 63
5190 0 62
5191 0 62
5192 0 62
5193 0 61
5194 0 62
5195 0 61
5196 0 61
5197 0 61
5198 0 61
5199 0 61
5200 0 62
5201 0 63
5202 0 62
5203 0 63
5204 0 63
5205 0 63
5206 0 61
5207 0 61
5208 0 63
5209 0 63
5210 0 62
5211 0 62
5212 0 63
5213 0 62
5214 0 63
5215 0 63
5216 0 63
5217 0 61
5218 0 61
5219 0 63
5220 0 62
5221 0 63
5222 0 63
5223 0 63
5224 0 61
5225 0 61
5226 0 63
5227 0 63
5228 0 62
5229 0 62
5230 0 63
5231 0 62
5232 0 63
5233 0 63
5234 0 63
5235 0 61
5236 0 61
5237 0 62
5238 0 62
5239 0 61
5240 0 62
5241 0 61
5242 0 62
5243 0 62
5244 0 61
5245 0 62
5246 0 62
5247 0 62
5248 0 62
5249 0 62
5250 0 62
5251 0 62
5252 0 62
5253 0 62
5254 0 62
5255 0 62
5256 0 64
5257 0 64
5258 0 64
5259 0 63
5260 0 64
5261 0 64
5262 0 64
5263 0 63
5264 0 64
5265 0 63
5266 0 63
5267 0 63
5268 0 63
5269 0 64
5270 0 63
5271 0 64
5272 0 63
5273 0 63
5274 0 63
5275 0 63
5276 0 63
5277 0 64
5278 0 64
5279 0 64
5280 0 63
5281 0 64
5282 0 64
5283 0 64
5284 0 63
5285 0 64
5286 0 63
5287 0 63
5288 0 63
5289 0 63
5290 0 64
5291 0 63
5292 0 64
5293 0 63
5294 0 64
5295 0 63
5296 0 63
5297 0 63
5298 0 64
5299 0 63
5300 0 64
5301 0 63
5302 0 64
5303 0 63
5304 0 64
5305 0 63
5306 0 63
5307 0 63
5308 0 63
5309 0 63
5310 0 63
5311 0 62
5312 0 63
5313 0 63
5314 0 63
5315 0 63
5316 0 63
5317 0 62
5318 0 63
5319 0 63
5320 0 63
5321 0 62
5322 0 63
5323 0 62
5324 0 63
5325 0 63
5326 0 63
5327 0 64
5328 0 63
5329 0 64
5330 0 63
5331 0 64
5332 0 63
5333 0 63
5334 0 63
5335 0 64
5336 0 63
5337 0 64
5338 0 63
5339 0 64
5340 0 63
5341 0 64
5342 0 63
5343 0 63
5344 0 63
5345 0 63
5346 0 63
5347 0 63
5348 0 62
5349 0 63
5350 0 63
5351 0 63
5352 0 62
5353 0 63
5354 0 62
5355 0 63
5356 0 62
5357 0 63
5358 0 62
5359 0 62
5360 0 63
5361 0 63
5362 0 62
5363 0 64
5364 0 64
5365 0 64
5366 0 63
5367 0 64
5368 0 64
5369 0 64
5370 0 63
5371 0 64
5372 0 63
5373 0 63
5374 0 63
5375 0 63
5376 0 64
5377 0 63
5378 0 64
5379 0 63
5380 0 63
5381 0 63
5382 0 63
5383 0 63
5384 0 64
5385 0 64
5386 0 64
5387 0 63
5388 0 64
5389 0 64
5390 0 64
5391 0 63
5392 0 64
5393 0 63
5394 0 63
5395 0 63
5396 0 63
5397 0 64
5398 0 63
5399 0 64
5400 0 63
5401 0 64
5402 0 63
5403 0 63
5404 0 63
5405 0 64
5406 0 63
5407 0 64
5408 0 63
5409 0 64
5410 0 63
5411 0 64
5412 0 63
5413 0 63
5414 0 63
5415 0 63
5416 0 63
5417 0 63
5418 0 62
5419 0 63
5420 0 63
5421 0 63
5422 0 63
5423 0 63
5424 0 62
5425 0 63
5426 0 63
5427 0 63
5428 0 62
5429 0 63
5430 0 62
5431 0 63
5432 0 63
5433 0 63
5434 0 64
5435 0 63
5436 0 64
5437 0 63
5438 0 64
5439 0 63
5440 0 63
5441 0 63
5442 0 64
5443 0 63
5444 0 64
5445 0 63
5446 0 64
5447 0 63
5448 0 64
5449 0 63
5450 0 63
5451 0 63
5452 0 64
5453 0 64
5454 0 64
5455 0 63
5456 0 64
5457 0 64
5458 0 63
5459 0 63
5460 0 63
5461 0 63
5462 0 63
5463 0 63
5464 0 63
5465 0 63
5466 0 63
5467 0 63
5468 0 63
5469 0 63
5470 0 64
5471 0 64
5472 0 64
5473 0 63
5474 0 64
5475 0 64
5476 0 63
5477 0 62
5478 0 63
5479 0 62
5480 0 63
5481 0 63
5482 0 62
5483 0 64
5484 0 63
5485 0 64
5486 0 63
5487 0 64
5488 0 63
5489 0 63
5490 0 63
5491 0 64
5492 0 63
5493 0 64
5494 0 63
5495 0 64
5496 0 63
5497 0 64
5498 0 63
5499 0 63
5500 0 63
5501 0 64
5502 0 64
5503 0 64
5504 0 63
5505 0 64
5506 0 64
5507 0 63
5508 0 63
5509 0 63
5510 0 63
5511 0 63
5512 0 63
5513 0 63
5514 0 63
5515 0 63
5516 0 63
5517 0 63
5518 0 63
5519 0 63
5520 0 63
5521 0 63
5522 0 62
5523 0 63
5524 0 63
5525 0 63
5526 0 63
5527 0 63
5528 0 63
5529 0 63
5530 0 63
5531 0 62
5532 0 63
5533 0 63
5534 0 63
5535 0 63
5536 0 62
5537 0 62
5538 0 62
5539 0 61
5540 0 63
5541 0 63
5542 0 63
5543 0 62
5544 0 63
5545 0 63
5546 0 63
5547 0 63
5548 0 63
5549 0 63
5550 0 63
5551 0 63
5552 0 62
5553 0 63
5554 0 63
5555 0 63
5556 0 62
5557 0 63
5558 0 63
5559 0 63
5560 0 63
5561 0 63
5562 0 63
5563 0 63
5564 0 63
5565 0 62
5566 0 63
5567 0 63
5568 0 63
5569 0 63
5570 0 62
5571 0 62
5572 0 62
5573 0 61
5574 0 63
5575 0 63
5576 0 63
5577 0 62
5578 0 63
5579 0 63
5580 0 63
5581 0 63
5582 0 63
5583 0 63
5584 0 63
5585 0 63
5586 0 62
5587 0 63
5588 0 62
5589 0 63
5590 0 62
5591 0 63
5592 0 62
5593 0 62
5594 0 62
5595 0 63
5596 0 62
5597 0 63
5598 0 62
5599 0 63
5600 0 62
5601 0 63
5602 0 62
5603 0 62
5604 0 62
5605 0 63
5606 0 63
5607 0 63
5608 0 62
5609 0 63
5610 0 63
5611 0 63
5612 0 63
5613 0 63
5614 0 62
5615 0 63
5616 0 63
5617 0 63
5618 0 61
5619 0 63
5620 0 61
5621 0 63
5622 0 63
5623 0 62
5624 0 64
5625 0 63
5626 0 64
5627 0 63
5628 0 64
5629 0 63
5630 0 63
5631 0 63
5632 0 64
5633 0 63
5634 0 64
5635 0 63
5636 0 64
5637 0 63
5638 0 64
5639 0 63
5640 0 63
5641 0 63
5642 0 64
5643 0 64
5644 0 64
5645 0 63
5646 0 64
5647 0 64
5648 0 63
5649 0 63
5650 0 63
5651 0 63
5652 0 63
5653 0 63
5654 0 63
5655 0 63
5656 0 63
5657 0 63
5658 0 63
5659 0 63
5660 0 64
5661 0 64
5662 0 64
5663 0 63
5664 0 64
5665 0 64
5666 0 63
5667 0 63
5668 0 63
5669 0 63
5670 0 63
5671 0 63
5672 0 62
5673 0 64
5674 0 63
5675 0 64
5676 0 63
5677 0 64
5678 0 63
5679 0 63
5680 0 63
5681 0 64
5682 0 63
5683 0 64
5684 0 63
5685 0 64
5686 0 63
5687 0 64
5688 0 63
5689 0 63
5690 0 63
5691 0 64
5692 0 64
5693 0 64
5694 0 63
5695 0 64
5696 0 64
5697 0 63
5698 0 63
5699 0 63
5700 0 63
5701 0 63
5702 0 63
5703 0 63
5704 0 63
5705 0 63
5706 0 63
5707 0 63
5708 0 63
5709 0 63
5710 0 63
5711 0 63
5712 0 62
5713 0 63
5714 0 63
5715 0 63
5716 0 62
5717 0 63
5718 0 62
5719 0 63
5720 0 63
5721 0 62
5722 0 63
5723 0 62
5724 0 63
5725 0 62
5726 0 62
5727 0 62
5728 0 62
5729 0 62
5730 0 63
5731 0 63
5732 0 63
5733 0 62
5734 0 63
5735 0 63
5736 0 63
5737 0 63
5738 0 63
5739 0 63
5740 0 63
5741 0 63
5742 0 62
5743 0 63
5744 0 62
5745 0 63
5746 0 62
5747 0 63
5748 0 62
5749 0 62
5750 0 62
5751 0 63
5752 0 62
5753 0 63
5754 0 62
5755 0 63
5756 0 62
5757 0 63
5758 0 62
5759 0 62
5760 0 62
5761 0 63
5762 0 62
5763 0 63
5764 0 62
5765 0 63
5766 0 62
5767 0 62
5768 0 62
5769 0 63
5770 0 62
5771 0 63
5772 0 62
5773 0 63
5774 0 62
5775 0 63
5776 0 62
5777 0 62
5778 0 62
5779 0 62
5780 0 62
5781 0 62
5782 0 61
5783 0 62
5784 0 62
5785 0 63
5786 0 61
5787 0 63
5788 0 61
5789 0 63
5790 0 61
5791 0 63
5792 0 61
5793 0 61
5794 0 62
5795 0 62
5796 0 62
5797 0 64
5798 0 64
5799 0 64
5800 0 63
5801 0 64
5802 0 64
5803 0 64
5804 0 63
5805 0 64
5806 0 63
5807 0 63
5808 0 63
5809 0 63
5810 0 64
5811 0 63
5812 0 64
5813 0 63
5814 0 63
5815 0 63
5816 0 63
5817 0 63
5818 0 64
5819 0 64
5820 0 64
5821 0 63
5822 0 64
5823 0 64
5824 0 64
5825 0 63
5826 0 64
5827 0 63
5828 0 63
5829 0 63
5830 0 63
5831 0 64
5832 0 63
5833 0 64
5834 0 63
5835 0 64
5836 0 63
5837 0 63
5838 0 63
5839 0 64
5840 0 63
5841 0 64
5842 0 63
5843 0 64
5844 0 63
5845 0 64
5846 0 63
5847 0 63
5848 0 63
5849 0 63
5850 0 63
5851 0 63
5852 0 62
5853 0 63
5854 0 63
5855 0 63
5856 0 63
5857 0 63
5858 0 62
5859 0 63
5860 0 63
5861 0 63
5862 0 62
5863 0 63
5864 0 62
5865 0 63
5866 0 63
5867 0 63
5868 0 64
5869 0 63
5870 0 64
5871 0 63
5872 0 64
5873 0 63
5874 0 63
5875 0 63
5876 0 64
5877 0 63
5878 0 64
5879 0 63
5880 0 64
5881 0 63
5882 0 64
5883 0 63
5884 0 63
5885 0 63
5886 0 63
5887 0 63
5888 0 63
5889 0 62
5890 0 63
5891 0 63
5892 0 63
5893 0 62
5894 0 63
5895 0 62
5896 0 63
5897 0 62
5898 0 63
5899 0 62
5900 0 62
5901 0 63
5902 0 63
5903 0 62
5904 0 64
5905 0 64
5906 0 64
5907 0 63
5908 0 64
5909 0 64
5910 0 64
5911 0 63
5912 0 64
5913 0 63
5914 0 63
5915 0 63
5916 0 63
5917 0 64
5918 0 63
5919 0 64
5920 0 63
5921 0 63
5922 0 63
5923 0 63
5924 0 63
5925 0 64
5926 0 64
5927 0 64
5928 0 63
5929 0 64
5930 0 64
5931 0 64
5932 0 63
5933 0 64
5934 0 63
5935 0 63
5936 0 63
5937 0 63
5938 0 64
5939 0 63
5940 0 64
5941 0 63
5942 0 64
5943 0 63
5944 0 63
5945 0 63
5946 0 64
5947 0 63
5948 0 64
5949 0 63
5950 0 64
5951 0 63
5952 0 64
5953 0 63
5954 0 63
5955 0 63
5956 0 63
5957 0 63
5958 0 63
5959 0 62
5960 0 63
5961 0 63
5962 0 63
5963 0 63
5964 0 63
5965 0 62
5966 0 63
5967 0 63
5968 0 63
5969 0 62
5970 0 63
5971 0 62
5972 0 63
5973 0 63
5974 0 63
5975 0 64
5976 0 63
5977 0 64
5978 0 63
5979 0 64
5980 0 63
5981 0 63
5982 0 63
5983 0 64
5984 0 63
5985 0 64
5986 0 63
5987 0 64
5988 0 63
5989 0 64
5990 0 63
5991 0 63
5992 0 63
5993 0 64
5994 0 64
5995 0 64
5996 0 63
5997 0 64
5998 0 64
5999 0 63
6000 0 63
6001 0 63
6002 0 63
6003 0 63
6004 0 63
6005 0 63
6006 0 63
6007 0 63
6008 0 63
6009 0 63
6010 0 63
6011 0 64
6012 0 64
6013 0 64
6014 0 63
6015 0 64
6016 0 64
6017 0 63
6018 0 62
6019 0 63
6020 0 62
6021 0 63
6022 0 63
6023 0 62
6024 0 64
6025 0 63
6026 0 64
6027 0 63
6028 0 64
6029 0 63
6030 0 63
6031 0 63
6032 0 64
6033 0 63
6034 0 64
6035 0 63
6036 0 64
6037 0 63
6038 0 64
6039 0 63
6040 0 63
6041 0 63
6042 0 64
6043 0 64
6044 0 64
6045 0 63
6046 0 64
6047 0 64
6048 0 63
6049 0 63
6050 0 63
6051 0 63
6052 0 63
6053 0 63
6054 0 63
6055 0 63
6056 0 63
6057 0 63
6058 0 63
6059 0 63
6060 0 63
6061 0 63
6062 0 63
6063 0 62
6064 0 63
6065 0 63
6066 0 63
6067 0 63
6068 0 63
6069 0 63
6070 0 63
6071 0 63
6072 0 62
6073 0 63
6074 0 63
6075 0 63
6076 0 63
6077 0 62
6078 0 62
6079 0 62
6080 0 61
6081 0 63
6082 0 63
6083 0 63
6084 0 62
6085 0 63
6086 0 63
6087 0 63
6088 0 63
6089 0 63
6090 0 63
6091 0 63
6092 0 63
6093 0 62
6094 0 63
6095 0 63
6096 0 63
6097 0 62
6098 0 63
6099 0 63
6100 0 63
6101 0 63
6102 0 63
6103 0 63
6104 0 63
6105 0 63
6106 0 62
6107 0 63
6108 0 63
6109 0 63
6110 0 63
6111 0 62
6112 0 62
6113 0 62
6114 0 61
6115 0 63
6116 0 63
6117 0 63
6118 0 62
6119 0 63
6120 0 63
6121 0 63
6122 0 63
6123 0 63
6124 0 63
6125 0 63
6126 0 63
6127 0 62
6128 0 63
6129 0 62
6130 0 63
6131 0 62
6132 0 63
6133 0 62
6134 0 62
6135 0 62
6136 0 63
6137 0 62
6138 0 63
6139 0 62
6140 0 63
6141 0 62
6142 0 63
6143 0 62
6144 0 62
6145 0 62
6146 0 63
6147 0 63
6148 0 63
6149 0 62
6150 0 63
6151 0 63
6152 0 63
6153 0 63
6154 0 63
6155 0 62
6156 0 63
6157 0 63
6158 0 63
6159 0 61
6160 0 63
6161 0 61
6162 0 63
6163 0 63
6164 0 62
6165 0 64
6166 0 63
6167 0 64
6168 0 63
6169 0 63
6170 0 63
6171 0 63
6172 0 63
6173 0 63
6174 0 63
6175 0 64
6176 0 63
6177 0 64
6178 0 63
6179 0 63
6180 0 63
6181 0 63
6182 0 63
6183 0 63
6184 0 64
6185 0 64
6186 0 62
6187 0 63
6188 0 64
6189 0 63
6190 0 62
6191 0 63
6192 0 62
6193 0 63
6194 0 62
6195 0 63
6196 0 62
6197 0 62
6198 0 63
6199 0 63
6200 0 62
6201 0 63
6202 0 64
6203 0 64
6204 0 62
6205 0 63
6206 0 64
6207 0 63
6208 0 62
6209 0 63
6210 0 62
6211 0 62
6212 0 62
6213 0 62
6214 0 64
6215 0 63
6216 0 64
6217 0 63
6218 0 63
6219 0 63
6220 0 63
6221 0 63
6222 0 63
6223 0 63
6224 0 64
6225 0 63
6226 0 64
6227 0 63
6228 0 63
6229 0 63
6230 0 63
6231 0 63
6232 0 63
6233 0 64
6234 0 64
6235 0 62
6236 0 63
6237 0 64
6238 0 63
6239 0 62
6240 0 63
6241 0 62
6242 0 63
6243 0 62
6244 0 63
6245 0 62
6246 0 62
6247 0 63
6248 0 63
6249 0 62
6250 0 63
6251 0 64
6252 0 64
6253 0 62
6254 0 63
6255 0 64
6256 0 64
6257 0 63
6258 0 64
6259 0 63
6260 0 62
6261 0 62
6262 0 63
6263 0 64
6264 0 63
6265 0 64
6266 0 63
6267 0 62
6268 0 63
6269 0 63
6270 0 61
6271 0 63
6272 0 64
6273 0 64
6274 0 62
6275 0 63
6276 0 64
6277 0 64
6278 0 63
6279 0 64
6280 0 63
6281 0 62
6282 0 62
6283 0 63
6284 0 63
6285 0 62
6286 0 63
6287 0 62
6288 0 62
6289 0 63
6290 0 63
6291 0 61
6292 0 63
6293 0 63
6294 0 63
6295 0 62
6296 0 63
6297 0 62
6298 0 62
6299 0 63
6300 0 63
6301 0 61
6302 0 63
6303 0 62
6304 0 63
6305 0 62
6306 0 62
6307 0 63
6308 0 63
6309 0 61
6310 0 63
6311 0 63
6312 0 63
6313 0 62
6314 0 63
6315 0 62
6316 0 62
6317 0 63
6318 0 63
6319 0 61
6320 0 62
6321 0 63
6322 0 63
6323 0 61
6324 0 62
6325 0 63
6326 0 63
6327 0 62
6328 0 63
6329 0 62
6330 0 63
6331 0 62
6332 0 63
6333 0 62
6334 0 62
6335 0 63
6336 0 63
6337 0 62
6338 0 63
6339 0 64
6340 0 64
6341 0 62
6342 0 63
6343 0 64
6344 0 64
6345 0 63
6346 0 64
6347 0 63
6348 0 62
6349 0 62
6350 0 63
6351 0 64
6352 0 63
6353 0 64
6354 0 63
6355 0 62
6356 0 63
6357 0 63
6358 0 61
6359 0 63
6360 0 64
6361 0 64
6362 0 62
6363 0 63
6364 0 64
6365 0 64
6366 0 63
6367 0 64
6368 0 63
6369 0 62
6370 0 62
6371 0 63
6372 0 63
6373 0 62
6374 0 63
6375 0 62
6376 0 62
6377 0 62
6378 0 62
6379 0 62
6380 0 62
6381 0 62
6382 0 63
6383 0 62
6384 0 63
6385 0 62
6386 0 62
6387 0 62
6388 0 62
6389 0 62
6390 0 62
6391 0 63
6392 0 63
6393 0 61
6394 0 62
6395 0 63
6396 0 62
6397 0 63
6398 0 63
6399 0 61
6400 0 62
6401 0 63
6402 0 62
6403 0 61
6404 0 62
6405 0 61
6406 0 62
6407 0 62
6408 0 61
6409 0 64
6410 0 63
6411 0 64
6412 0 63
6413 0 63
6414 0 63
6415 0 63
6416 0 63
6417 0 63
6418 0 63
6419 0 64
6420 0 63
6421 0 64
6422 0 63
6423 0 63
6424 0 63
6425 0 63
6426 0 63
6427 0 63
6428 0 64
6429 0 64
6430 0 62
6431 0 63
6432 0 64
6433 0 63
6434 0 62
6435 0 63
6436 0 62
6437 0 63
6438 0 62
6439 0 63
6440 0 62
6441 0 62
6442 0 63
6443 0 63
6444 0 62
6445 0 63
6446 0 64
6447 0 64
6448 0 62
6449 0 63
6450 0 64
6451 0 63
6452 0 62
6453 0 63
6454 0 62
6455 0 62
6456 0 62
6457 0 62
6458 0 64
6459 0 63
6460 0 64
6461 0 63
6462 0 63
6463 0 63
6464 0 63
6465 0 63
6466 0 63
6467 0 63
6468 0 64
6469 0 63
6470 0 64
6471 0 63
6472 0 63
6473 0 63
6474 0 63
6475 0 63
6476 0 63
6477 0 64
6478 0 64
6479 0 62
6480 0 63
6481 0 64
6482 0 63
6483 0 62
6484 0 63
6485 0 62
6486 0 63
6487 0 62
6488 0 63
6489 0 62
6490 0 62
6491 0 63
6492 0 63
6493 0 62
6494 0 63
6495 0 64
6496 0 64
6497 0 62
6498 0 63
6499 0 64
6500 0 64
6501 0 63
6502 0 64
6503 0 63
6504 0 63
6505 0 63
6506 0 63
6507 0 64
6508 0 63
6509 0 64
6510 0 63
6511 0 62
6512 0 63
6513 0 63
6514 0 61
6515 0 63
6516 0 64
6517 0 64
6518 0 62
6519 0 63
6520 0 64
6521 0 64
6522 0 63
6523 0 64
6524 0 63
6525 0 63
6526 0 63
6527 0 63
6528 0 63
6529 0 62
6530 0 63
6531 0 62
6532 0 62
6533 0 63
6534 0 63
6535 0 61
6536 0 63
6537 0 63
6538 0 63
6539 0 62
6540 0 63
6541 0 62
6542 0 62
6543 0 63
6544 0 63
6545 0 61
6546 0 63
6547 0 62
6548 0 63
6549 0 62
6550 0 62
6551 0 63
6552 0 63
6553 0 61
6554 0 63
6555 0 63
6556 0 63
6557 0 62
6558 0 63
6559 0 62
6560 0 62
6561 0 63
6562 0 63
6563 0 61
6564 0 62
6565 0 63
6566 0 63
6567 0 61
6568 0 62
6569 0 63
6570 0 63
6571 0 62
6572 0 63
6573 0 62
6574 0 63
6575 0 62
6576 0 63
6577 0 62
6578 0 62
6579 0 63
6580 0 63
6581 0 62
6582 0 63
6583 0 63
6584 0 63
6585 0 63
6586 0 63
6587 0 63
6588 0 63
6589 0 63
6590 0 63
6591 0 63
6592 0 62
6593 0 62
6594 0 62
6595 0 63
6596 0 63
6597 0 63
6598 0 63
6599 0 62
6600 0 62
6601 0 62
6602 0 62
6603 0 63
6604 0 63
6605 0 63
6606 0 63
6607 0 63
6608 0 63
6609 0 63
6610 0 63
6611 0 63
6612 0 63
6613 0 62
6614 0 62
6615 0 62
6616 0 63
6617 0 63
6618 0 63
6619 0 63
6620 0 63
6621 0 63
6622 0 63
6623 0 63
6624 0 63
6625 0 62
6626 0 63
6627 0 63
6628 0 63
6629 0 63
6630 0 63
6631 0 63
6632 0 63
6633 0 63
6634 0 62
6635 0 63
6636 0 63
6637 0 61
6638 0 62
6639 0 63
6640 0 62
6641 0 63
6642 0 63
6643 0 61
6644 0 62
6645 0 63
6646 0 62
6647 0 62
6648 0 62
6649 0 62
6650 0 62
6651 0 62
6652 0 61
6653 0 63
6654 0 63
6655 0 63
6656 0 63
6657 0 63
6658 0 63
6659 0 63
6660 0 63
6661 0 63
6662 0 63
6663 0 63
6664 0 63
6665 0 63
6666 0 63
6667 0 63
6668 0 63
6669 0 63
6670 0 63
6671 0 62
6672 0 62
6673 0 62
6674 0 62
6675 0 62
6676 0 63
6677 0 62
6678 0 62
6679 0 62
6680 0 62
6681 0 62
6682 0 62
6683 0 62
6684 0 62
6685 0 61
6686 0 61
6687 0 61
6688 0 62
6689 0 63
6690 0 63
6691 0 63
6692 0 63
6693 0 63
6694 0 63
6695 0 63
6696 0 63
6697 0 63
6698 0 63
6699 0 62
6700 0 62
6701 0 62
6702 0 63
6703 0 63
6704 0 63
6705 0 63
6706 0 62
6707 0 62
6708 0 62
6709 0 62
6710 0 63
6711 0 63
6712 0 63
6713 0 63
6714 0 63
6715 0 63
6716 0 63
6717 0 63
6718 0 63
6719 0 63
6720 0 62
6721 0 62
6722 0 62
6723 0 63
6724 0 63
6725 0 63
6726 0 63
6727 0 63
6728 0 63
6729 0 63
6730 0 63
6731 0 63
6732 0 62
6733 0 63
6734 0 63
6735 0 63
6736 0 63
6737 0 63
6738 0 63
6739 0 63
6740 0 63
6741 0 62
6742 0 63
6743 0 63
6744 0 61
6745 0 62
6746 0 63
6747 0 62
6748 0 63
6749 0 63
6750 0 61
6751 0 62
6752 0 63
6753 0 62
6754 0 62
6755 0 62
6756 0 62
6757 0 62
6758 0 62
6759 0 61
6760 0 63
6761 0 63
6762 0 63
6763 0 63
6764 0 63
6765 0 63
6766 0 63
6767 0 63
6768 0 63
6769 0 63
6770 0 62
6771 0 62
6772 0 62
6773 0 63
6774 0 63
6775 0 63
6776 0 63
6777 0 62
6778 0 62
6779 0 62
6780 0 62
6781 0 63
6782 0 63
6783 0 63
6784 0 63
6785 0 63
6786 0 63
6787 0 63
6788 0 63
6789 0 63
6790 0 63
6791 0 62
6792 0 62
6793 0 62
6794 0 63
6795 0 63
6796 0 63
6797 0 63
6798 0 63
6799 0 63
6800 0 63
6801 0 63
6802 0 63
6803 0 62
6804 0 63
6805 0 63
6806 0 63
6807 0 63
6808 0 63
6809 0 63
6810 0 63
6811 0 63
6812 0 62
6813 0 63
6814 0 63
6815 0 61
6816 0 62
6817 0 63
6818 0 62
6819 0 63
6820 0 63
6821 0 61
6822 0 62
6823 0 63
6824 0 62
6825 0 62
6826 0 62
6827 0 62
6828 0 62
6829 0 62
6830 0 61
6831 0 63
6832 0 63
6833 0 63
6834 0 63
6835 0 63
6836 0 63
6837 0 63
6838 0 63
6839 0 63
6840 0 63
6841 0 63
6842 0 63
6843 0 63
6844 0 63
6845 0 63
6846 0 63
6847 0 63
6848 0 63
6849 0 62
6850 0 62
6851 0 62
6852 0 62
6853 0 62
6854 0 63
6855 0 62
6856 0 62
6857 0 62
6858 0 62
6859 0 62
6860 0 62
6861 0 62
6862 0 62
6863 0 61
6864 0 61
6865 0 61
6866 0 62
6867 0 63
6868 0 63
6869 0 63
6870 0 63
6871 0 63
6872 0 63
6873 0 63
6874 0 63
6875 0 63
6876 0 63
6877 0 62
6878 0 62
6879 0 62
6880 0 63
6881 0 63
6882 0 63
6883 0 63
6884 0 62
6885 0 62
6886 0 62
6887 0 62
6888 0 63
6889 0 63
6890 0 63
6891 0 63
6892 0 63
6893 0 63
6894 0 63
6895 0 63
6896 0 63
6897 0 63
6898 0 62
6899 0 62
6900 0 62
6901 0 63
6902 0 63
6903 0 63
6904 0 63
6905 0 63
6906 0 63
6907 0 63
6908 0 63
6909 0 63
6910 0 62
6911 0 63
6912 0 63
6913 0 63
6914 0 63
6915 0 63
6916 0 63
6917 0 63
6918 0 63
6919 0 62
6920 0 63
6921 0 63
6922 0 61
6923 0 62
6924 0 63
6925 0 62
6926 0 63
6927 0 63
6928 0 61
6929 0 62
6930 0 63
6931 0 62
6932 0 62
6933 0 62
6934 0 62
6935 0 62
6936 0 62
6937 0 61
6938 0 63
6939 0 63
6940 0 63
6941 0 63
6942 0 62
6943 0 62
6944 0 62
6945 0 62
6946 0 62
6947 0 62
6948 0 63
6949 0 63
6950 0 63
6951 0 63
6952 0 62
6953 0 62
6954 0 62
6955 0 62
6956 0 62
6957 0 63
6958 0 63
6959 0 61
6960 0 62
6961 0 63
6962 0 62
6963 0 61
6964 0 62
6965 0 61
6966 0 62
6967 0 61
6968 0 62
6969 0 61
6970 0 61
6971 0 62
6972 0 62
6973 0 62
6974 0 62
6975 0 63
6976 0 63
6977 0 61
6978 0 62
6979 0 63
6980 0 62
6981 0 62
6982 0 62
6983 0 62
6984 0 61
6985 0 61
6986 0 61
6987 0 63
6988 0 63
6989 0 63
6990 0 63
6991 0 62
6992 0 62
6993 0 62
6994 0 62
6995 0 62
6996 0 62
6997 0 63
6998 0 63
6999 0 63
7000 0 63
7001 0 62
7002 0 62
7003 0 62
7004 0 62
7005 0 62
7006 0 63
7007 0 63
7008 0 61
7009 0 62
7010 0 63
7011 0 62
7012 0 61
7013 0 62
7014 0 61
7015 0 62
7016 0 61
7017 0 62
7018 0 61
7019 0 61
7020 0 62
7021 0 62
7022 0 62
7023 0 63
7024 0 63
7025 0 63
7026 0 62
7027 0 63
7028 0 63
7029 0 63
7030 0 63
7031 0 63
7032 0 63
7033 0 61
7034 0 61
7035 0 62
7036 0 63
7037 0 63
7038 0 63
7039 0 63
7040 0 62
7041 0 62
7042 0 62
7043 0 62
7044 0 63
7045 0 63
7046 0 63
7047 0 62
7048 0 63
7049 0 63
7050 0 63
7051 0 63
7052 0 63
7053 0 63
7054 0 61
7055 0 61
7056 0 62
7057 0 63
7058 0 63
7059 0 63
7060 0 62
7061 0 63
7062 0 63
7063 0 63
7064 0 63
7065 0 63
7066 0 63
7067 0 61
7068 0 61
7069 0 62
7070 0 63
7071 0 63
7072 0 63
7073 0 63
7074 0 62
7075 0 62
7076 0 62
7077 0 62
7078 0 63
7079 0 63
7080 0 63
7081 0 62
7082 0 63
7083 0 63
7084 0 63
7085 0 63
7086 0 63
7087 0 63
7088 0 61
7089 0 61
7090 0 62
7091 0 63
7092 0 62
7093 0 63
7094 0 62
7095 0 61
7096 0 61
7097 0 61
7098 0 62
7099 0 61
7100 0 62
7101 0 63
7102 0 62
7103 0 63
7104 0 62
7105 0 61
7106 0 61
7107 0 61
7108 0 62
7109 0 62
7110 0 63
7111 0 63
7112 0 62
7113 0 62
7114 0 63
7115 0 62
7116 0 63
7117 0 63
7118 0 62
7119 0 62
7120 0 63
7121 0 62
7122 0 62
7123 0 62
7124 0 62
7125 0 62
7126 0 62
7127 0 62
