0 0 66
1 0 66
2 0 66
3 0 66
4 0 66
5 0 65
6 0 66
7 0 66
8 0 65
9 0 65
10 0 66
11 0 66
12 0 66
13 0 66
14 0 66
15 0 65
16 0 66
17 0 66
18 0 65
19 0 65
20 0 65
21 0 66
22 0 66
23 0 65
24 0 65
25 0 65
26 0 65
27 0 65
28 0 65
29 0 65
30 0 65
31 0 65
32 0 66
33 0 65
34 0 66
35 0 66
36 0 65
37 0 65
38 0 66
39 0 66
40 0 66
41 0 65
42 0 65
43 0 65
44 0 65
45 0 66
46 0 65
47 0 65
48 0 65
49 0 65
50 0 65
51 0 65
52 0 66
53 0 67
54 0 66
55 0 66
56 0 66
57 0 65
58 0 66
59 0 66
60 0 66
61 0 66
62 0 66
63 0 67
64 0 66
65 0 66
66 0 66
67 0 65
68 0 66
69 0 67
70 0 65
71 0 65
72 0 65
73 0 66
74 0 67
75 0 65
76 0 65
77 0 65
78 0 65
79 0 65
80 0 65
81 0 65
82 0 65
83 0 65
84 0 66
85 0 65
86 0 66
87 0 66
88 0 65
89 0 65
90 0 65
91 0 66
92 0 67
93 0 65
94 0 65
95 0 66
96 0 66
97 0 66
98 0 65
99 0 65
100 0 65
101 0 65
102 0 65
103 0 65
104 0 66
105 0 66
106 0 66
107 0 65
108 0 65
109 0 64
110 0 66
111 0 66
112 0 65
113 0 65
114 0 65
115 0 66
116 0 67
117 0 65
118 0 65
119 0 66
120 0 66
121 0 66
122 0 65
123 0 65
124 0 65
125 0 65
126 0 65
127 0 65
128 0 65
129 0 65
130 0 65
131 0 65
132 0 65
133 0 64
134 0 65
135 0 65
136 0 64
137 0 64
138 0 65
139 0 65
140 0 65
141 0 65
142 0 65
143 0 64
144 0 65
145 0 65
146 0 65
147 0 65
148 0 65
149 0 64
150 0 65
151 0 65
152 0 64
153 0 64
154 0 65
155 0 65
156 0 65
157 0 65
158 0 65
159 0 64
160 0 65
161 0 65
162 0 64
163 0 64
164 0 64
165 0 66
166 0 66
167 0 64
168 0 64
169 0 65
170 0 65
171 0 65
172 0 65
173 0 65
174 0 65
175 0 65
176 0 65
177 0 65
178 0 66
179 0 67
180 0 65
181 0 65
182 0 65
183 0 66
184 0 67
185 0 65
186 0 65
187 0 66
188 0 66
189 0 66
190 0 65
191 0 65
192 0 65
193 0 65
194 0 65
195 0 65
196 0 66
197 0 67
198 0 66
199 0 66
200 0 66
201 0 65
202 0 66
203 0 67
204 0 65
205 0 65
206 0 65
207 0 66
208 0 67
209 0 65
210 0 65
211 0 66
212 0 66
213 0 66
214 0 65
215 0 65
216 0 65
217 0 65
218 0 65
219 0 65
220 0 65
221 0 65
222 0 65
223 0 65
224 0 65
225 0 65
226 0 65
227 0 65
228 0 64
229 0 64
230 0 65
231 0 65
232 0 65
233 0 66
234 0 66
235 0 65
236 0 65
237 0 65
238 0 64
239 0 64
240 0 65
241 0 65
242 0 65
243 0 64
244 0 64
245 0 65
246 0 65
247 0 64
248 0 64
249 0 65
250 0 65
251 0 65
252 0 64
253 0 64
254 0 64
255 0 64
256 0 65
257 0 65
258 0 65
259 0 65
260 0 65
261 0 65
262 0 65
263 0 66
264 0 66
265 0 67
266 0 66
267 0 66
268 0 65
269 0 67
270 0 67
271 0 65
272 0 65
273 0 66
274 0 66
275 0 67
276 0 66
277 0 66
278 0 65
279 0 66
280 0 66
281 0 65
282 0 65
283 0 65
284 0 66
285 0 66
286 0 65
287 0 65
288 0 65
289 0 65
290 0 65
291 0 65
292 0 65
293 0 65
294 0 65
295 0 66
296 0 65
297 0 66
298 0 66
299 0 65
300 0 65
301 0 66
302 0 66
303 0 66
304 0 65
305 0 65
306 0 65
307 0 65
308 0 66
309 0 66
310 0 66
311 0 66
312 0 66
313 0 65
314 0 65
315 0 67
316 0 67
317 0 67
318 0 66
319 0 66
320 0 65
321 0 67
322 0 67
323 0 66
324 0 66
325 0 67
326 0 67
327 0 67
328 0 66
329 0 66
330 0 65
331 0 66
332 0 67
333 0 65
334 0 65
335 0 65
336 0 66
337 0 67
338 0 65
339 0 65
340 0 65
341 0 65
342 0 65
343 0 65
344 0 65
345 0 65
346 0 65
347 0 66
348 0 65
349 0 66
350 0 66
351 0 65
352 0 65
353 0 65
354 0 67
355 0 67
356 0 65
357 0 65
358 0 66
359 0 66
360 0 66
361 0 65
362 0 65
363 0 65
364 0 65
365 0 65
366 0 65
367 0 66
368 0 66
369 0 66
370 0 65
371 0 65
372 0 64
373 0 66
374 0 66
375 0 65
376 0 65
377 0 65
378 0 67
379 0 67
380 0 65
381 0 65
382 0 66
383 0 66
384 0 67
385 0 65
386 0 65
387 0 65
388 0 65
389 0 65
390 0 65
391 0 65
392 0 65
393 0 65
394 0 65
395 0 65
396 0 64
397 0 65
398 0 65
399 0 64
400 0 64
401 0 65
402 0 65
403 0 65
404 0 65
405 0 65
406 0 64
407 0 65
408 0 65
409 0 65
410 0 65
411 0 65
412 0 64
413 0 65
414 0 65
415 0 64
416 0 64
417 0 65
418 0 65
419 0 65
420 0 65
421 0 65
422 0 64
423 0 65
424 0 65
425 0 64
426 0 64
427 0 64
428 0 66
429 0 66
430 0 64
431 0 64
432 0 65
433 0 65
434 0 65
435 0 65
436 0 65
437 0 65
438 0 65
439 0 65
440 0 65
441 0 66
442 0 66
443 0 65
444 0 65
445 0 65
446 0 66
447 0 66
448 0 65
449 0 65
450 0 66
451 0 66
452 0 66
453 0 65
454 0 65
455 0 65
456 0 65
457 0 65
458 0 65
459 0 66
460 0 66
461 0 66
462 0 65
463 0 65
464 0 64
465 0 66
466 0 66
467 0 65
468 0 65
469 0 65
470 0 67
471 0 67
472 0 65
473 0 65
474 0 66
475 0 66
476 0 66
477 0 65
478 0 65
479 0 65
480 0 65
481 0 65
482 0 65
483 0 66
484 0 66
485 0 66
486 0 66
487 0 66
488 0 65
489 0 66
490 0 66
491 0 65
492 0 65
493 0 66
494 0 66
495 0 66
496 0 66
497 0 66
498 0 65
499 0 65
500 0 65
501 0 65
502 0 65
503 0 65
504 0 65
505 0 65
506 0 65
507 0 65
508 0 65
509 0 65
510 0 65
511 0 65
512 0 65
513 0 65
514 0 65
515 0 65
516 0 65
517 0 65
518 0 65
519 0 65
520 0 65
521 0 65
522 0 65
523 0 65
524 0 65
525 0 65
526 0 66
527 0 66
528 0 66
529 0 66
530 0 66
531 0 65
532 0 66
533 0 66
534 0 65
535 0 65
536 0 66
537 0 66
538 0 66
539 0 66
540 0 66
541 0 65
542 0 65
543 0 65
544 0 65
545 0 65
546 0 65
547 0 65
548 0 65
549 0 65
550 0 65
551 0 65
552 0 65
553 0 65
554 0 65
555 0 65
556 0 65
557 0 64
558 0 64
559 0 64
560 0 66
561 0 66
562 0 65
563 0 65
564 0 65
565 0 66
566 0 66
567 0 65
568 0 65
569 0 66
570 0 66
571 0 66
572 0 65
573 0 65
574 0 65
575 0 65
576 0 65
577 0 65
578 0 66
579 0 66
580 0 66
581 0 65
582 0 65
583 0 64
584 0 66
585 0 66
586 0 65
587 0 65
588 0 65
589 0 67
590 0 67
591 0 65
592 0 65
593 0 66
594 0 66
595 0 66
596 0 65
597 0 65
598 0 65
599 0 65
600 0 65
601 0 65
602 0 66
603 0 66
604 0 66
605 0 66
606 0 66
607 0 65
608 0 66
609 0 66
610 0 65
611 0 65
612 0 66
613 0 66
614 0 66
615 0 66
616 0 66
617 0 65
618 0 65
619 0 65
620 0 65
621 0 65
622 0 65
623 0 65
624 0 65
625 0 65
626 0 65
627 0 65
628 0 65
629 0 65
630 0 65
631 0 65
632 0 65
633 0 65
634 0 65
635 0 65
636 0 65
637 0 65
638 0 65
639 0 65
640 0 65
641 0 65
642 0 65
643 0 65
644 0 65
645 0 65
646 0 65
647 0 65
648 0 65
649 0 65
650 0 64
651 0 65
652 0 65
653 0 64
654 0 64
655 0 65
656 0 65
657 0 65
658 0 65
659 0 65
660 0 64
661 0 65
662 0 65
663 0 65
664 0 65
665 0 65
666 0 65
667 0 65
668 0 65
669 0 65
670 0 65
671 0 65
672 0 65
673 0 65
674 0 65
675 0 65
676 0 64
677 0 64
678 0 64
679 0 65
680 0 65
681 0 65
682 0 65
683 0 66
684 0 65
685 0 65
686 0 65
687 0 65
688 0 65
689 0 65
690 0 66
691 0 64
692 0 64
693 0 64
694 0 64
695 0 64
696 0 64
697 0 65
698 0 65
699 0 65
700 0 65
701 0 65
702 0 64
703 0 65
704 0 65
705 0 64
706 0 64
707 0 65
708 0 65
709 0 65
710 0 65
711 0 65
712 0 64
713 0 65
714 0 65
715 0 65
716 0 65
717 0 65
718 0 65
719 0 65
720 0 65
721 0 65
722 0 65
723 0 65
724 0 65
725 0 65
726 0 65
727 0 65
728 0 64
729 0 64
730 0 64
731 0 65
732 0 65
733 0 65
734 0 65
735 0 65
736 0 64
737 0 65
738 0 65
739 0 64
740 0 64
741 0 65
742 0 65
743 0 65
744 0 65
745 0 65
746 0 64
747 0 65
748 0 65
749 0 65
750 0 65
751 0 65
752 0 65
753 0 65
754 0 65
755 0 65
756 0 65
757 0 65
758 0 65
759 0 65
760 0 65
761 0 65
762 0 64
763 0 64
764 0 64
765 0 65
766 0 65
767 0 65
768 0 65
769 0 66
770 0 65
771 0 65
772 0 65
773 0 65
774 0 65
775 0 65
776 0 66
777 0 64
778 0 64
779 0 64
780 0 64
781 0 64
782 0 64
783 0 65
784 0 65
785 0 65
786 0 65
787 0 65
788 0 64
789 0 65
790 0 65
791 0 64
792 0 64
793 0 65
794 0 65
795 0 65
796 0 65
797 0 65
798 0 64
799 0 65
800 0 65
801 0 65
802 0 65
803 0 65
804 0 65
805 0 65
806 0 65
807 0 65
808 0 65
809 0 65
810 0 65
811 0 65
812 0 65
813 0 65
814 0 64
815 0 64
816 0 64
817 0 65
818 0 65
819 0 64
820 0 64
821 0 65
822 0 65
823 0 65
824 0 64
825 0 64
826 0 65
827 0 65
828 0 65
829 0 64
830 0 64
831 0 64
832 0 64
833 0 64
834 0 64
835 0 65
836 0 65
837 0 65
838 0 64
839 0 64
840 0 64
841 0 66
842 0 66
843 0 64
844 0 64
845 0 65
846 0 66
847 0 66
848 0 64
849 0 64
850 0 65
851 0 65
852 0 66
853 0 64
854 0 64
855 0 64
856 0 64
857 0 64
858 0 64
859 0 65
860 0 65
861 0 65
862 0 65
863 0 65
864 0 64
865 0 65
866 0 65
867 0 64
868 0 64
869 0 65
870 0 65
871 0 65
872 0 65
873 0 65
874 0 64
875 0 65
876 0 65
877 0 65
878 0 65
879 0 65
880 0 64
881 0 65
882 0 65
883 0 64
884 0 64
885 0 65
886 0 65
887 0 65
888 0 65
889 0 65
890 0 64
891 0 65
892 0 65
893 0 64
894 0 64
895 0 64
896 0 65
897 0 65
898 0 64
899 0 64
900 0 65
901 0 65
902 0 65
903 0 65
904 0 65
905 0 65
906 0 65
907 0 65
908 0 64
909 0 66
910 0 66
911 0 65
912 0 65
913 0 65
914 0 67
915 0 67
916 0 65
917 0 65
918 0 66
919 0 66
920 0 66
921 0 65
922 0 65
923 0 65
924 0 65
925 0 65
926 0 65
927 0 66
928 0 67
929 0 66
930 0 65
931 0 65
932 0 64
933 0 66
934 0 66
935 0 65
936 0 65
937 0 65
938 0 67
939 0 67
940 0 65
941 0 65
942 0 66
943 0 66
944 0 66
945 0 65
946 0 65
947 0 65
948 0 65
949 0 65
950 0 65
951 0 66
952 0 66
953 0 66
954 0 66
955 0 66
956 0 65
957 0 66
958 0 66
959 0 65
960 0 65
961 0 66
962 0 66
963 0 66
964 0 66
965 0 66
966 0 65
967 0 65
968 0 65
969 0 65
970 0 65
971 0 65
972 0 65
973 0 65
974 0 65
975 0 65
976 0 65
977 0 65
978 0 65
979 0 65
980 0 65
981 0 65
982 0 65
983 0 65
984 0 65
985 0 65
986 0 65
987 0 65
988 0 65
989 0 65
990 0 65
991 0 65
992 0 65
993 0 65
994 0 66
995 0 67
996 0 66
997 0 66
998 0 66
999 0 65
1000 0 67
1001 0 67
1002 0 66
1003 0 66
1004 0 66
1005 0 67
1006 0 66
1007 0 66
1008 0 66
1009 0 65
1010 0 66
1011 0 66
1012 0 66
1013 0 66
1014 0 65
1015 0 66
1016 0 66
1017 0 66
1018 0 66
1019 0 65
1020 0 66
1021 0 65
1022 0 65
1023 0 66
1024 0 65
1025 0 65
1026 0 65
1027 0 64
1028 0 66
1029 0 66
1030 0 65
1031 0 65
1032 0 65
1033 0 67
1034 0 67
1035 0 65
1036 0 65
1037 0 66
1038 0 66
1039 0 66
1040 0 65
1041 0 65
1042 0 65
1043 0 65
1044 0 65
1045 0 65
1046 0 66
1047 0 67
1048 0 66
1049 0 65
1050 0 65
1051 0 64
1052 0 66
1053 0 66
1054 0 65
1055 0 65
1056 0 65
1057 0 67
1058 0 67
1059 0 65
1060 0 65
1061 0 66
1062 0 66
1063 0 66
1064 0 65
1065 0 65
1066 0 65
1067 0 65
1068 0 65
1069 0 65
1070 0 66
1071 0 66
1072 0 66
1073 0 66
1074 0 66
1075 0 65
1076 0 66
1077 0 66
1078 0 65
1079 0 65
1080 0 66
1081 0 66
1082 0 66
1083 0 66
1084 0 66
1085 0 65
1086 0 65
1087 0 65
1088 0 65
1089 0 65
1090 0 65
1091 0 65
1092 0 65
1093 0 65
1094 0 65
1095 0 65
1096 0 65
1097 0 65
1098 0 65
1099 0 65
1100 0 65
1101 0 65
1102 0 65
1103 0 65
1104 0 65
1105 0 65
1106 0 65
1107 0 65
1108 0 65
1109 0 65
1110 0 65
1111 0 65
1112 0 65
1113 0 65
1114 0 66
1115 0 65
1116 0 65
1117 0 65
1118 0 64
1119 0 65
1120 0 65
1121 0 65
1122 0 65
1123 0 65
1124 0 66
1125 0 65
1126 0 65
1127 0 65
1128 0 64
1129 0 65
1130 0 65
1131 0 65
1132 0 65
1133 0 65
1134 0 65
1135 0 65
1136 0 65
1137 0 65
1138 0 65
1139 0 66
1140 0 65
1141 0 65
1142 0 66
1143 0 65
1144 0 65
1145 0 65
1146 0 64
1147 0 65
1148 0 65
1149 0 65
1150 0 65
1151 0 65
1152 0 65
1153 0 65
1154 0 65
1155 0 65
1156 0 65
1157 0 65
1158 0 65
1159 0 64
1160 0 64
1161 0 64
1162 0 64
1163 0 64
1164 0 64
1165 0 65
1166 0 66
1167 0 65
1168 0 65
1169 0 65
1170 0 64
1171 0 65
1172 0 65
1173 0 65
1174 0 65
1175 0 65
1176 0 66
1177 0 65
1178 0 65
1179 0 65
1180 0 64
1181 0 66
1182 0 66
1183 0 66
1184 0 66
1185 0 65
1186 0 66
1187 0 66
1188 0 66
1189 0 66
1190 0 65
1191 0 66
1192 0 65
1193 0 65
1194 0 66
1195 0 65
1196 0 65
1197 0 65
1198 0 64
1199 0 65
1200 0 66
1201 0 64
1202 0 64
1203 0 64
1204 0 65
1205 0 66
1206 0 64
1207 0 64
1208 0 65
1209 0 65
1210 0 65
1211 0 64
1212 0 64
1213 0 64
1214 0 64
1215 0 64
1216 0 64
1217 0 65
1218 0 66
1219 0 65
1220 0 65
1221 0 65
1222 0 64
1223 0 65
1224 0 66
1225 0 64
1226 0 64
1227 0 64
1228 0 65
1229 0 66
1230 0 64
1231 0 64
1232 0 65
1233 0 65
1234 0 65
1235 0 64
1236 0 64
1237 0 64
1238 0 64
1239 0 64
1240 0 64
1241 0 65
1242 0 66
1243 0 64
1244 0 64
1245 0 64
1246 0 65
1247 0 66
1248 0 64
1249 0 64
1250 0 65
1251 0 65
1252 0 65
1253 0 64
1254 0 64
1255 0 64
1256 0 64
1257 0 64
1258 0 64
1259 0 65
1260 0 66
1261 0 65
1262 0 65
1263 0 65
1264 0 64
1265 0 65
1266 0 66
1267 0 64
1268 0 64
1269 0 64
1270 0 65
1271 0 66
1272 0 64
1273 0 64
1274 0 65
1275 0 65
1276 0 65
1277 0 64
1278 0 64
1279 0 64
1280 0 64
1281 0 64
1282 0 64
1283 0 64
1284 0 65
1285 0 64
1286 0 64
1287 0 64
1288 0 64
1289 0 64
1290 0 64
1291 0 64
1292 0 64
1293 0 64
1294 0 65
1295 0 64
1296 0 65
1297 0 65
1298 0 64
1299 0 65
1300 0 65
1301 0 64
1302 0 64
1303 0 64
1304 0 65
1305 0 65
1306 0 64
1307 0 64
1308 0 65
1309 0 65
1310 0 64
1311 0 64
1312 0 64
1313 0 65
1314 0 65
1315 0 64
1316 0 64
1317 0 64
1318 0 64
1319 0 64
1320 0 65
1321 0 65
1322 0 65
1323 0 65
1324 0 64
1325 0 64
1326 0 66
1327 0 66
1328 0 66
1329 0 66
1330 0 66
1331 0 66
1332 0 66
1333 0 66
1334 0 65
1335 0 65
1336 0 66
1337 0 66
1338 0 66
1339 0 67
1340 0 67
1341 0 66
1342 0 66
1343 0 67
1344 0 65
1345 0 65
1346 0 65
1347 0 66
1348 0 67
1349 0 65
1350 0 65
1351 0 65
1352 0 65
1353 0 65
1354 0 65
1355 0 65
1356 0 65
1357 0 65
1358 0 66
1359 0 65
1360 0 67
1361 0 67
1362 0 65
1363 0 65
1364 0 66
1365 0 67
1366 0 67
1367 0 65
1368 0 65
1369 0 65
1370 0 65
1371 0 66
1372 0 65
1373 0 65
1374 0 65
1375 0 65
1376 0 65
1377 0 65
1378 0 66
1379 0 67
1380 0 66
1381 0 66
1382 0 66
1383 0 66
1384 0 66
1385 0 66
1386 0 66
1387 0 66
1388 0 66
1389 0 67
1390 0 66
1391 0 67
1392 0 67
1393 0 66
1394 0 66
1395 0 67
1396 0 65
1397 0 65
1398 0 65
1399 0 66
1400 0 67
1401 0 65
1402 0 65
1403 0 65
1404 0 65
1405 0 65
1406 0 65
1407 0 65
1408 0 65
1409 0 65
1410 0 66
1411 0 65
1412 0 66
1413 0 66
1414 0 65
1415 0 65
1416 0 65
1417 0 66
1418 0 67
1419 0 65
1420 0 65
1421 0 66
1422 0 66
1423 0 66
1424 0 65
1425 0 65
1426 0 65
1427 0 65
1428 0 65
1429 0 65
1430 0 66
1431 0 66
1432 0 66
1433 0 65
1434 0 65
1435 0 64
1436 0 66
1437 0 66
1438 0 65
1439 0 65
1440 0 65
1441 0 66
1442 0 67
1443 0 65
1444 0 65
1445 0 66
1446 0 66
1447 0 66
1448 0 65
1449 0 65
1450 0 65
1451 0 65
1452 0 65
1453 0 65
1454 0 65
1455 0 65
1456 0 65
1457 0 65
1458 0 65
1459 0 64
1460 0 65
1461 0 65
1462 0 64
1463 0 64
1464 0 65
1465 0 65
1466 0 65
1467 0 65
1468 0 65
1469 0 64
1470 0 65
1471 0 65
1472 0 65
1473 0 65
1474 0 65
1475 0 64
1476 0 65
1477 0 65
1478 0 64
1479 0 64
1480 0 65
1481 0 65
1482 0 65
1483 0 65
1484 0 65
1485 0 64
1486 0 65
1487 0 65
1488 0 64
1489 0 64
1490 0 64
1491 0 66
1492 0 66
1493 0 64
1494 0 64
1495 0 65
1496 0 65
1497 0 65
1498 0 65
1499 0 65
1500 0 65
1501 0 65
1502 0 65
1503 0 65
1504 0 66
1505 0 67
1506 0 65
1507 0 65
1508 0 65
1509 0 66
1510 0 67
1511 0 65
1512 0 65
1513 0 66
1514 0 66
1515 0 66
1516 0 65
1517 0 65
1518 0 65
1519 0 65
1520 0 65
1521 0 65
1522 0 66
1523 0 67
1524 0 66
1525 0 66
1526 0 66
1527 0 65
1528 0 66
1529 0 67
1530 0 65
1531 0 65
1532 0 65
1533 0 66
1534 0 67
1535 0 65
1536 0 65
1537 0 66
1538 0 66
1539 0 66
1540 0 65
1541 0 65
1542 0 65
1543 0 65
1544 0 65
1545 0 65
1546 0 65
1547 0 65
1548 0 65
1549 0 65
1550 0 65
1551 0 65
1552 0 65
1553 0 65
1554 0 64
1555 0 64
1556 0 65
1557 0 65
1558 0 65
1559 0 66
1560 0 66
1561 0 65
1562 0 66
1563 0 66
1564 0 64
1565 0 64
1566 0 65
1567 0 66
1568 0 66
1569 0 64
1570 0 64
1571 0 66
1572 0 66
1573 0 64
1574 0 64
1575 0 65
1576 0 66
1577 0 66
1578 0 64
1579 0 64
1580 0 64
1581 0 64
1582 0 65
1583 0 65
1584 0 65
1585 0 65
1586 0 65
1587 0 65
1588 0 65
1589 0 66
1590 0 66
1591 0 67
1592 0 67
1593 0 67
1594 0 66
1595 0 67
1596 0 67
1597 0 65
1598 0 65
1599 0 66
1600 0 66
1601 0 67
1602 0 67
1603 0 67
1604 0 66
1605 0 66
1606 0 67
1607 0 65
1608 0 65
1609 0 65
1610 0 66
1611 0 67
1612 0 65
1613 0 65
1614 0 65
1615 0 65
1616 0 65
1617 0 65
1618 0 65
1619 0 65
1620 0 65
1621 0 66
1622 0 65
1623 0 67
1624 0 67
1625 0 65
1626 0 65
1627 0 66
1628 0 67
1629 0 67
1630 0 65
1631 0 65
1632 0 65
1633 0 65
1634 0 66
1635 0 66
1636 0 66
1637 0 66
1638 0 66
1639 0 65
1640 0 65
1641 0 67
1642 0 67
1643 0 67
1644 0 67
1645 0 67
1646 0 66
1647 0 67
1648 0 67
1649 0 66
1650 0 66
1651 0 67
1652 0 67
1653 0 67
1654 0 67
1655 0 67
1656 0 66
1657 0 66
1658 0 67
1659 0 65
1660 0 65
1661 0 65
1662 0 66
1663 0 67
1664 0 65
1665 0 65
1666 0 65
1667 0 65
1668 0 65
1669 0 65
1670 0 65
1671 0 65
1672 0 65
1673 0 66
1674 0 65
1675 0 66
1676 0 66
1677 0 65
1678 0 65
1679 0 65
1680 0 67
1681 0 67
1682 0 65
1683 0 65
1684 0 66
1685 0 66
1686 0 66
1687 0 65
1688 0 65
1689 0 65
1690 0 65
1691 0 65
1692 0 65
1693 0 66
1694 0 66
1695 0 66
1696 0 65
1697 0 65
1698 0 64
1699 0 66
1700 0 66
1701 0 65
1702 0 65
1703 0 65
1704 0 67
1705 0 67
1706 0 65
1707 0 65
1708 0 66
1709 0 66
1710 0 67
1711 0 65
1712 0 65
1713 0 65
1714 0 65
1715 0 65
1716 0 65
1717 0 65
1718 0 65
1719 0 65
1720 0 65
1721 0 65
1722 0 64
1723 0 65
1724 0 65
1725 0 64
1726 0 64
1727 0 65
1728 0 65
1729 0 65
1730 0 65
1731 0 65
1732 0 64
1733 0 65
1734 0 65
1735 0 65
1736 0 65
1737 0 65
1738 0 64
1739 0 65
1740 0 65
1741 0 64
1742 0 64
1743 0 65
1744 0 65
1745 0 65
1746 0 65
1747 0 65
1748 0 64
1749 0 65
1750 0 65
1751 0 64
1752 0 64
1753 0 64
1754 0 66
1755 0 66
1756 0 64
1757 0 64
1758 0 65
1759 0 65
1760 0 65
1761 0 65
1762 0 65
1763 0 65
1764 0 65
1765 0 65
1766 0 65
1767 0 66
1768 0 66
1769 0 65
1770 0 65
1771 0 66
1772 0 66
1773 0 66
1774 0 65
1775 0 65
1776 0 66
1777 0 66
1778 0 66
1779 0 65
1780 0 65
1781 0 65
1782 0 65
1783 0 65
1784 0 65
1785 0 66
1786 0 66
1787 0 66
1788 0 65
1789 0 65
1790 0 65
1791 0 67
1792 0 67
1793 0 65
1794 0 65
1795 0 66
1796 0 67
1797 0 67
1798 0 65
1799 0 65
1800 0 66
1801 0 66
1802 0 67
1803 0 65
1804 0 65
1805 0 65
1806 0 65
1807 0 65
1808 0 65
1809 0 66
1810 0 66
1811 0 66
1812 0 66
1813 0 66
1814 0 65
1815 0 66
1816 0 66
1817 0 65
1818 0 65
1819 0 66
1820 0 66
1821 0 66
1822 0 66
1823 0 66
1824 0 65
1825 0 65
1826 0 65
1827 0 65
1828 0 65
1829 0 66
1830 0 65
1831 0 65
1832 0 65
1833 0 65
1834 0 65
1835 0 65
1836 0 65
1837 0 65
1838 0 66
1839 0 65
1840 0 65
1841 0 65
1842 0 65
1843 0 65
1844 0 65
1845 0 66
1846 0 65
1847 0 65
1848 0 65
1849 0 65
1850 0 65
1851 0 65
1852 0 66
1853 0 66
1854 0 66
1855 0 66
1856 0 66
1857 0 65
1858 0 66
1859 0 66
1860 0 65
1861 0 65
1862 0 66
1863 0 66
1864 0 66
1865 0 66
1866 0 66
1867 0 65
1868 0 65
1869 0 65
1870 0 65
1871 0 65
1872 0 65
1873 0 65
1874 0 65
1875 0 65
1876 0 65
1877 0 65
1878 0 65
1879 0 65
1880 0 65
1881 0 65
1882 0 65
1883 0 64
1884 0 64
1885 0 64
1886 0 66
1887 0 66
1888 0 65
1889 0 65
1890 0 66
1891 0 66
1892 0 66
1893 0 65
1894 0 65
1895 0 66
1896 0 66
1897 0 66
1898 0 65
1899 0 65
1900 0 65
1901 0 65
1902 0 65
1903 0 65
1904 0 66
1905 0 66
1906 0 66
1907 0 65
1908 0 65
1909 0 65
1910 0 67
1911 0 67
1912 0 65
1913 0 65
1914 0 66
1915 0 67
1916 0 67
1917 0 65
1918 0 65
1919 0 66
1920 0 66
1921 0 67
1922 0 65
1923 0 65
1924 0 65
1925 0 65
1926 0 65
1927 0 65
1928 0 66
1929 0 66
1930 0 67
1931 0 66
1932 0 66
1933 0 66
1934 0 66
1935 0 66
1936 0 65
1937 0 65
1938 0 66
1939 0 66
1940 0 67
1941 0 67
1942 0 67
1943 0 66
1944 0 65
1945 0 65
1946 0 65
1947 0 65
1948 0 66
1949 0 65
1950 0 65
1951 0 65
1952 0 65
1953 0 65
1954 0 65
1955 0 65
1956 0 65
1957 0 66
1958 0 65
1959 0 65
1960 0 65
1961 0 65
1962 0 65
1963 0 65
1964 0 66
1965 0 65
1966 0 65
1967 0 65
1968 0 65
1969 0 65
1970 0 65
1971 0 65
1972 0 65
1973 0 65
1974 0 65
1975 0 65
1976 0 64
1977 0 65
1978 0 65
1979 0 64
1980 0 64
1981 0 65
1982 0 65
1983 0 65
1984 0 65
1985 0 65
1986 0 64
1987 0 65
1988 0 65
1989 0 65
1990 0 65
1991 0 65
1992 0 65
1993 0 65
1994 0 65
1995 0 65
1996 0 65
1997 0 65
1998 0 65
1999 0 65
2000 0 65
2001 0 65
2002 0 64
2003 0 64
2004 0 64
2005 0 65
2006 0 65
2007 0 65
2008 0 65
2009 0 66
2010 0 65
2011 0 65
2012 0 65
2013 0 65
2014 0 65
2015 0 65
2016 0 66
2017 0 64
2018 0 64
2019 0 64
2020 0 64
2021 0 64
2022 0 64
2023 0 65
2024 0 65
2025 0 65
2026 0 65
2027 0 65
2028 0 64
2029 0 65
2030 0 65
2031 0 64
2032 0 64
2033 0 65
2034 0 65
2035 0 65
2036 0 65
2037 0 65
2038 0 64
2039 0 65
2040 0 65
2041 0 65
2042 0 65
2043 0 65
2044 0 65
2045 0 65
2046 0 65
2047 0 65
2048 0 65
2049 0 65
2050 0 65
2051 0 65
2052 0 65
2053 0 65
2054 0 64
2055 0 64
2056 0 64
2057 0 65
2058 0 65
2059 0 65
2060 0 65
2061 0 65
2062 0 64
2063 0 65
2064 0 65
2065 0 64
2066 0 64
2067 0 65
2068 0 65
2069 0 65
2070 0 65
2071 0 65
2072 0 64
2073 0 65
2074 0 65
2075 0 65
2076 0 65
2077 0 65
2078 0 65
2079 0 65
2080 0 65
2081 0 65
2082 0 65
2083 0 65
2084 0 65
2085 0 65
2086 0 65
2087 0 65
2088 0 64
2089 0 64
2090 0 64
2091 0 65
2092 0 65
2093 0 65
2094 0 65
2095 0 66
2096 0 65
2097 0 65
2098 0 65
2099 0 65
2100 0 65
2101 0 65
2102 0 66
2103 0 64
2104 0 64
2105 0 64
2106 0 64
2107 0 64
2108 0 64
2109 0 65
2110 0 65
2111 0 65
2112 0 65
2113 0 65
2114 0 64
2115 0 65
2116 0 65
2117 0 64
2118 0 64
2119 0 65
2120 0 65
2121 0 65
2122 0 65
2123 0 65
2124 0 64
2125 0 65
2126 0 65
2127 0 65
2128 0 65
2129 0 65
2130 0 65
2131 0 65
2132 0 65
2133 0 65
2134 0 65
2135 0 65
2136 0 65
2137 0 65
2138 0 65
2139 0 65
2140 0 64
2141 0 64
2142 0 64
2143 0 65
2144 0 65
2145 0 64
2146 0 64
2147 0 65
2148 0 65
2149 0 65
2150 0 64
2151 0 64
2152 0 65
2153 0 65
2154 0 65
2155 0 64
2156 0 64
2157 0 64
2158 0 64
2159 0 64
2160 0 64
2161 0 65
2162 0 65
2163 0 65
2164 0 64
2165 0 64
2166 0 64
2167 0 66
2168 0 66
2169 0 64
2170 0 64
2171 0 65
2172 0 66
2173 0 66
2174 0 64
2175 0 64
2176 0 65
2177 0 65
2178 0 66
2179 0 64
2180 0 64
2181 0 64
2182 0 64
2183 0 64
2184 0 64
2185 0 65
2186 0 65
2187 0 65
2188 0 65
2189 0 65
2190 0 64
2191 0 65
2192 0 65
2193 0 64
2194 0 64
2195 0 65
2196 0 65
2197 0 65
2198 0 65
2199 0 65
2200 0 64
2201 0 65
2202 0 65
2203 0 65
2204 0 65
2205 0 65
2206 0 64
2207 0 65
2208 0 65
2209 0 64
2210 0 64
2211 0 65
2212 0 65
2213 0 65
2214 0 65
2215 0 65
2216 0 64
2217 0 65
2218 0 65
2219 0 64
2220 0 64
2221 0 64
2222 0 65
2223 0 65
2224 0 64
2225 0 64
2226 0 65
2227 0 65
2228 0 65
2229 0 65
2230 0 65
2231 0 65
2232 0 65
2233 0 65
2234 0 64
2235 0 66
2236 0 66
2237 0 66
2238 0 65
2239 0 66
2240 0 65
2241 0 66
2242 0 66
2243 0 66
2244 0 65
2245 0 66
2246 0 65
2247 0 65
2248 0 66
2249 0 65
2250 0 65
2251 0 65
2252 0 65
2253 0 65
2254 0 65
2255 0 65
2256 0 66
2257 0 65
2258 0 66
2259 0 66
2260 0 65
2261 0 65
2262 0 66
2263 0 65
2264 0 65
2265 0 65
2266 0 66
2267 0 66
2268 0 66
2269 0 65
2270 0 66
2271 0 66
2272 0 66
2273 0 66
2274 0 66
2275 0 65
2276 0 66
2277 0 65
2278 0 65
2279 0 66
2280 0 65
2281 0 65
2282 0 65
2283 0 65
2284 0 65
2285 0 65
2286 0 65
2287 0 66
2288 0 65
2289 0 65
2290 0 66
2291 0 65
2292 0 66
2293 0 66
2294 0 65
2295 0 65
2296 0 65
2297 0 66
2298 0 66
2299 0 65
2300 0 64
2301 0 66
2302 0 65
2303 0 65
2304 0 66
2305 0 65
2306 0 66
2307 0 66
2308 0 65
2309 0 65
2310 0 65
2311 0 65
2312 0 65
2313 0 65
2314 0 64
2315 0 65
2316 0 64
2317 0 65
2318 0 65
2319 0 65
2320 0 64
2321 0 65
2322 0 65
2323 0 65
2324 0 64
2325 0 65
2326 0 64
2327 0 65
2328 0 65
2329 0 65
2330 0 64
2331 0 65
2332 0 64
2333 0 64
2334 0 66
2335 0 64
2336 0 65
2337 0 65
2338 0 65
2339 0 65
2340 0 65
2341 0 65
2342 0 66
2343 0 65
2344 0 65
2345 0 66
2346 0 65
2347 0 66
2348 0 66
2349 0 65
2350 0 65
2351 0 65
2352 0 66
2353 0 66
2354 0 66
2355 0 65
2356 0 66
2357 0 65
2358 0 65
2359 0 66
2360 0 65
2361 0 66
2362 0 66
2363 0 65
2364 0 65
2365 0 65
2366 0 65
2367 0 65
2368 0 65
2369 0 65
2370 0 65
2371 0 64
2372 0 65
2373 0 65
2374 0 66
2375 0 65
2376 0 65
2377 0 64
2378 0 65
2379 0 65
2380 0 64
2381 0 65
2382 0 64
2383 0 65
2384 0 65
2385 0 64
2386 0 64
2387 0 65
2388 0 65
2389 0 65
2390 0 65
2391 0 66
2392 0 67
2393 0 66
2394 0 65
2395 0 67
2396 0 65
2397 0 66
2398 0 67
2399 0 66
2400 0 65
2401 0 66
2402 0 65
2403 0 65
2404 0 66
2405 0 65
2406 0 65
2407 0 65
2408 0 65
2409 0 65
2410 0 65
2411 0 65
2412 0 66
2413 0 65
2414 0 66
2415 0 66
2416 0 65
2417 0 65
2418 0 66
2419 0 66
2420 0 66
2421 0 65
2422 0 67
2423 0 67
2424 0 66
2425 0 65
2426 0 67
2427 0 66
2428 0 67
2429 0 67
2430 0 66
2431 0 65
2432 0 66
2433 0 65
2434 0 65
2435 0 66
2436 0 65
2437 0 65
2438 0 65
2439 0 65
2440 0 65
2441 0 65
2442 0 65
2443 0 66
2444 0 65
2445 0 65
2446 0 67
2447 0 65
2448 0 66
2449 0 66
2450 0 65
2451 0 65
2452 0 65
2453 0 66
2454 0 66
2455 0 65
2456 0 64
2457 0 66
2458 0 65
2459 0 65
2460 0 67
2461 0 65
2462 0 66
2463 0 67
2464 0 65
2465 0 65
2466 0 65
2467 0 65
2468 0 65
2469 0 65
2470 0 64
2471 0 65
2472 0 64
2473 0 65
2474 0 65
2475 0 65
2476 0 64
2477 0 65
2478 0 65
2479 0 65
2480 0 64
2481 0 65
2482 0 64
2483 0 65
2484 0 65
2485 0 65
2486 0 64
2487 0 65
2488 0 64
2489 0 64
2490 0 66
2491 0 64
2492 0 65
2493 0 65
2494 0 65
2495 0 65
2496 0 65
2497 0 65
2498 0 66
2499 0 65
2500 0 65
2501 0 66
2502 0 65
2503 0 66
2504 0 66
2505 0 65
2506 0 65
2507 0 65
2508 0 66
2509 0 66
2510 0 65
2511 0 64
2512 0 66
2513 0 65
2514 0 65
2515 0 67
2516 0 65
2517 0 66
2518 0 66
2519 0 65
2520 0 65
2521 0 65
2522 0 66
2523 0 66
2524 0 66
2525 0 65
2526 0 66
2527 0 65
2528 0 66
2529 0 66
2530 0 66
2531 0 65
2532 0 65
2533 0 65
2534 0 65
2535 0 65
2536 0 65
2537 0 65
2538 0 65
2539 0 65
2540 0 65
2541 0 65
2542 0 65
2543 0 65
2544 0 65
2545 0 65
2546 0 65
2547 0 66
2548 0 66
2549 0 66
2550 0 65
2551 0 66
2552 0 65
2553 0 66
2554 0 66
2555 0 66
2556 0 65
2557 0 65
2558 0 65
2559 0 65
2560 0 65
2561 0 65
2562 0 65
2563 0 65
2564 0 65
2565 0 65
2566 0 64
2567 0 64
2568 0 66
2569 0 65
2570 0 65
2571 0 66
2572 0 65
2573 0 66
2574 0 66
2575 0 65
2576 0 65
2577 0 65
2578 0 66
2579 0 66
2580 0 65
2581 0 64
2582 0 66
2583 0 65
2584 0 65
2585 0 67
2586 0 65
2587 0 66
2588 0 66
2589 0 65
2590 0 65
2591 0 65
2592 0 66
2593 0 66
2594 0 66
2595 0 65
2596 0 66
2597 0 65
2598 0 66
2599 0 66
2600 0 66
2601 0 65
2602 0 65
2603 0 65
2604 0 65
2605 0 65
2606 0 65
2607 0 65
2608 0 65
2609 0 65
2610 0 65
2611 0 65
2612 0 65
2613 0 65
2614 0 65
2615 0 65
2616 0 65
2617 0 65
2618 0 65
2619 0 65
2620 0 64
2621 0 65
2622 0 64
2623 0 65
2624 0 65
2625 0 65
2626 0 64
2627 0 65
2628 0 65
2629 0 65
2630 0 65
2631 0 65
2632 0 65
2633 0 65
2634 0 65
2635 0 65
2636 0 64
2637 0 64
2638 0 65
2639 0 65
2640 0 66
2641 0 65
2642 0 65
2643 0 65
2644 0 66
2645 0 64
2646 0 64
2647 0 64
2648 0 65
2649 0 65
2650 0 65
2651 0 64
2652 0 65
2653 0 64
2654 0 65
2655 0 65
2656 0 65
2657 0 64
2658 0 65
2659 0 65
2660 0 65
2661 0 65
2662 0 65
2663 0 65
2664 0 65
2665 0 65
2666 0 65
2667 0 64
2668 0 64
2669 0 65
2670 0 65
2671 0 65
2672 0 64
2673 0 65
2674 0 64
2675 0 65
2676 0 65
2677 0 65
2678 0 64
2679 0 65
2680 0 65
2681 0 65
2682 0 65
2683 0 65
2684 0 65
2685 0 65
2686 0 65
2687 0 65
2688 0 64
2689 0 64
2690 0 65
2691 0 65
2692 0 66
2693 0 65
2694 0 65
2695 0 65
2696 0 66
2697 0 64
2698 0 64
2699 0 64
2700 0 65
2701 0 65
2702 0 65
2703 0 64
2704 0 65
2705 0 64
2706 0 65
2707 0 65
2708 0 65
2709 0 64
2710 0 65
2711 0 65
2712 0 65
2713 0 65
2714 0 65
2715 0 65
2716 0 65
2717 0 65
2718 0 65
2719 0 64
2720 0 64
2721 0 65
2722 0 64
2723 0 65
2724 0 65
2725 0 64
2726 0 65
2727 0 65
2728 0 64
2729 0 64
2730 0 64
2731 0 65
2732 0 65
2733 0 64
2734 0 64
2735 0 66
2736 0 64
2737 0 65
2738 0 66
2739 0 64
2740 0 65
2741 0 66
2742 0 64
2743 0 64
2744 0 64
2745 0 65
2746 0 65
2747 0 65
2748 0 64
2749 0 65
2750 0 64
2751 0 65
2752 0 65
2753 0 65
2754 0 64
2755 0 65
2756 0 65
2757 0 65
2758 0 64
2759 0 65
2760 0 64
2761 0 65
2762 0 65
2763 0 65
2764 0 64
2765 0 65
2766 0 64
2767 0 64
2768 0 65
2769 0 64
2770 0 65
2771 0 65
2772 0 65
2773 0 65
2774 0 65
2775 0 64
2776 0 66
2777 0 65
2778 0 65
2779 0 67
2780 0 65
2781 0 66
2782 0 66
2783 0 65
2784 0 65
2785 0 65
2786 0 66
2787 0 66
2788 0 65
2789 0 64
2790 0 66
2791 0 65
2792 0 65
2793 0 67
2794 0 65
2795 0 66
2796 0 66
2797 0 65
2798 0 65
2799 0 65
2800 0 66
2801 0 66
2802 0 66
2803 0 65
2804 0 66
2805 0 65
2806 0 66
2807 0 66
2808 0 66
2809 0 65
2810 0 65
2811 0 65
2812 0 65
2813 0 65
2814 0 65
2815 0 65
2816 0 65
2817 0 65
2818 0 65
2819 0 65
2820 0 65
2821 0 65
2822 0 65
2823 0 65
2824 0 65
2825 0 66
2826 0 66
2827 0 66
2828 0 65
2829 0 67
2830 0 66
2831 0 66
2832 0 66
2833 0 66
2834 0 65
2835 0 66
2836 0 66
2837 0 65
2838 0 66
2839 0 66
2840 0 65
2841 0 65
2842 0 65
2843 0 65
2844 0 65
2845 0 64
2846 0 66
2847 0 65
2848 0 65
2849 0 67
2850 0 65
2851 0 66
2852 0 66
2853 0 65
2854 0 65
2855 0 65
2856 0 66
2857 0 66
2858 0 65
2859 0 64
2860 0 66
2861 0 65
2862 0 65
2863 0 67
2864 0 65
2865 0 66
2866 0 66
2867 0 65
2868 0 65
2869 0 65
2870 0 66
2871 0 66
2872 0 66
2873 0 65
2874 0 66
2875 0 65
2876 0 66
2877 0 66
2878 0 66
2879 0 65
2880 0 65
2881 0 65
2882 0 65
2883 0 65
2884 0 65
2885 0 65
2886 0 65
2887 0 65
2888 0 65
2889 0 65
2890 0 65
2891 0 65
2892 0 65
2893 0 65
2894 0 65
2895 0 65
2896 0 65
2897 0 65
2898 0 64
2899 0 65
2900 0 65
2901 0 65
2902 0 65
2903 0 65
2904 0 64
2905 0 65
2906 0 65
2907 0 65
2908 0 65
2909 0 65
2910 0 65
2911 0 65
2912 0 65
2913 0 65
2914 0 65
2915 0 64
2916 0 65
2917 0 65
2918 0 65
2919 0 65
2920 0 65
2921 0 65
2922 0 65
2923 0 64
2924 0 64
2925 0 64
2926 0 65
2927 0 65
2928 0 65
2929 0 64
2930 0 65
2931 0 65
2932 0 65
2933 0 65
2934 0 65
2935 0 64
2936 0 66
2937 0 66
2938 0 65
2939 0 66
2940 0 66
2941 0 65
2942 0 65
2943 0 65
2944 0 65
2945 0 65
2946 0 64
2947 0 65
2948 0 64
2949 0 64
2950 0 65
2951 0 64
2952 0 65
2953 0 65
2954 0 64
2955 0 64
2956 0 64
2957 0 65
2958 0 65
2959 0 65
2960 0 64
2961 0 65
2962 0 64
2963 0 64
2964 0 65
2965 0 64
2966 0 65
2967 0 65
2968 0 64
2969 0 64
2970 0 64
2971 0 65
2972 0 64
2973 0 64
2974 0 65
2975 0 64
2976 0 65
2977 0 65
2978 0 64
2979 0 64
2980 0 64
2981 0 65
2982 0 65
2983 0 65
2984 0 64
2985 0 65
2986 0 64
2987 0 64
2988 0 65
2989 0 64
2990 0 65
2991 0 65
2992 0 64
2993 0 64
2994 0 64
2995 0 64
2996 0 64
2997 0 64
2998 0 64
2999 0 64
3000 0 64
3001 0 64
3002 0 64
3003 0 65
3004 0 64
3005 0 65
3006 0 64
3007 0 64
3008 0 65
3009 0 64
3010 0 65
3011 0 64
3012 0 64
3013 0 65
3014 0 64
3015 0 64
3016 0 64
3017 0 65
3018 0 65
3019 0 64
3020 0 66
3021 0 66
3022 0 66
3023 0 66
3024 0 66
3025 0 65
3026 0 66
3027 0 66
3028 0 67
3029 0 66
3030 0 66
3031 0 65
3032 0 65
3033 0 66
3034 0 65
3035 0 65
3036 0 65
3037 0 65
3038 0 65
3039 0 65
3040 0 65
3041 0 67
3042 0 65
3043 0 66
3044 0 67
3045 0 65
3046 0 65
3047 0 66
3048 0 65
3049 0 65
3050 0 65
3051 0 66
3052 0 66
3053 0 66
3054 0 66
3055 0 66
3056 0 66
3057 0 66
3058 0 66
3059 0 67
3060 0 66
3061 0 66
3062 0 65
3063 0 65
3064 0 66
3065 0 65
3066 0 65
3067 0 65
3068 0 65
3069 0 65
3070 0 65
3071 0 65
3072 0 66
3073 0 65
3074 0 65
3075 0 66
3076 0 65
3077 0 66
3078 0 66
3079 0 65
3080 0 65
3081 0 65
3082 0 66
3083 0 66
3084 0 65
3085 0 64
3086 0 66
3087 0 65
3088 0 65
3089 0 66
3090 0 65
3091 0 66
3092 0 66
3093 0 65
3094 0 65
3095 0 65
3096 0 65
3097 0 65
3098 0 65
3099 0 64
3100 0 65
3101 0 64
3102 0 65
3103 0 65
3104 0 65
3105 0 64
3106 0 65
3107 0 65
3108 0 65
3109 0 64
3110 0 65
3111 0 64
3112 0 65
3113 0 65
3114 0 65
3115 0 64
3116 0 65
3117 0 64
3118 0 64
3119 0 66
3120 0 64
3121 0 65
3122 0 65
3123 0 65
3124 0 65
3125 0 65
3126 0 65
3127 0 66
3128 0 65
3129 0 65
3130 0 66
3131 0 65
3132 0 66
3133 0 66
3134 0 65
3135 0 65
3136 0 65
3137 0 66
3138 0 66
3139 0 66
3140 0 65
3141 0 66
3142 0 65
3143 0 65
3144 0 66
3145 0 65
3146 0 66
3147 0 66
3148 0 65
3149 0 65
3150 0 65
3151 0 65
3152 0 65
3153 0 65
3154 0 65
3155 0 65
3156 0 64
3157 0 65
3158 0 65
3159 0 66
3160 0 65
3161 0 66
3162 0 64
3163 0 65
3164 0 66
3165 0 64
3166 0 66
3167 0 64
3168 0 65
3169 0 66
3170 0 64
3171 0 64
3172 0 65
3173 0 65
3174 0 65
3175 0 65
3176 0 66
3177 0 67
3178 0 67
3179 0 66
3180 0 67
3181 0 65
3182 0 66
3183 0 67
3184 0 67
3185 0 66
3186 0 66
3187 0 65
3188 0 65
3189 0 66
3190 0 65
3191 0 65
3192 0 65
3193 0 65
3194 0 65
3195 0 65
3196 0 65
3197 0 67
3198 0 65
3199 0 66
3200 0 67
3201 0 65
3202 0 65
3203 0 66
3204 0 66
3205 0 66
3206 0 65
3207 0 67
3208 0 67
3209 0 67
3210 0 66
3211 0 67
3212 0 66
3213 0 67
3214 0 67
3215 0 67
3216 0 66
3217 0 66
3218 0 65
3219 0 65
3220 0 66
3221 0 65
3222 0 65
3223 0 65
3224 0 65
3225 0 65
3226 0 65
3227 0 65
3228 0 66
3229 0 65
3230 0 65
3231 0 67
3232 0 65
3233 0 66
3234 0 66
3235 0 65
3236 0 65
3237 0 65
3238 0 66
3239 0 66
3240 0 65
3241 0 64
3242 0 66
3243 0 65
3244 0 65
3245 0 67
3246 0 65
3247 0 66
3248 0 67
3249 0 65
3250 0 65
3251 0 65
3252 0 65
3253 0 65
3254 0 65
3255 0 64
3256 0 65
3257 0 64
3258 0 65
3259 0 65
3260 0 65
3261 0 64
3262 0 65
3263 0 65
3264 0 65
3265 0 64
3266 0 65
3267 0 64
3268 0 65
3269 0 65
3270 0 65
3271 0 64
3272 0 65
3273 0 64
3274 0 64
3275 0 66
3276 0 64
3277 0 65
3278 0 65
3279 0 65
3280 0 65
3281 0 65
3282 0 65
3283 0 66
3284 0 65
3285 0 66
3286 0 66
3287 0 65
3288 0 66
3289 0 66
3290 0 65
3291 0 65
3292 0 65
3293 0 66
3294 0 66
3295 0 65
3296 0 65
3297 0 67
3298 0 65
3299 0 66
3300 0 67
3301 0 65
3302 0 66
3303 0 67
3304 0 65
3305 0 65
3306 0 65
3307 0 66
3308 0 66
3309 0 66
3310 0 65
3311 0 66
3312 0 65
3313 0 66
3314 0 66
3315 0 66
3316 0 65
3317 0 65
3318 0 65
3319 0 66
3320 0 65
3321 0 65
3322 0 65
3323 0 65
3324 0 66
3325 0 65
3326 0 65
3327 0 65
3328 0 66
3329 0 65
3330 0 65
3331 0 65
3332 0 66
3333 0 66
3334 0 66
3335 0 65
3336 0 66
3337 0 65
3338 0 66
3339 0 66
3340 0 66
3341 0 65
3342 0 65
3343 0 65
3344 0 65
3345 0 65
3346 0 65
3347 0 65
3348 0 65
3349 0 65
3350 0 65
3351 0 64
3352 0 64
3353 0 66
3354 0 65
3355 0 66
3356 0 66
3357 0 65
3358 0 66
3359 0 66
3360 0 65
3361 0 65
3362 0 65
3363 0 66
3364 0 66
3365 0 65
3366 0 65
3367 0 67
3368 0 65
3369 0 66
3370 0 67
3371 0 65
3372 0 66
3373 0 67
3374 0 65
3375 0 65
3376 0 65
3377 0 66
3378 0 67
3379 0 66
3380 0 66
3381 0 66
3382 0 65
3383 0 66
3384 0 67
3385 0 67
3386 0 66
3387 0 65
3388 0 65
3389 0 66
3390 0 65
3391 0 65
3392 0 65
3393 0 65
3394 0 66
3395 0 65
3396 0 65
3397 0 65
3398 0 66
3399 0 65
3400 0 65
3401 0 65
3402 0 65
3403 0 65
3404 0 65
3405 0 64
3406 0 65
3407 0 64
3408 0 65
3409 0 65
3410 0 65
3411 0 64
3412 0 65
3413 0 65
3414 0 65
3415 0 65
3416 0 65
3417 0 65
3418 0 65
3419 0 65
3420 0 65
3421 0 64
3422 0 64
3423 0 65
3424 0 65
3425 0 66
3426 0 65
3427 0 65
3428 0 65
3429 0 66
3430 0 64
3431 0 64
3432 0 64
3433 0 65
3434 0 65
3435 0 65
3436 0 64
3437 0 65
3438 0 64
3439 0 65
3440 0 65
3441 0 65
3442 0 64
3443 0 65
3444 0 65
3445 0 65
3446 0 65
3447 0 65
3448 0 65
3449 0 65
3450 0 65
3451 0 65
3452 0 64
3453 0 64
3454 0 65
3455 0 65
3456 0 65
3457 0 64
3458 0 65
3459 0 64
3460 0 65
3461 0 65
3462 0 65
3463 0 64
3464 0 65
3465 0 65
3466 0 65
3467 0 65
3468 0 65
3469 0 65
3470 0 65
3471 0 65
3472 0 65
3473 0 64
3474 0 64
3475 0 65
3476 0 65
3477 0 66
3478 0 65
3479 0 65
3480 0 65
3481 0 66
3482 0 64
3483 0 64
3484 0 64
3485 0 65
3486 0 65
3487 0 65
3488 0 64
3489 0 65
3490 0 64
3491 0 65
3492 0 65
3493 0 65
3494 0 64
3495 0 65
3496 0 65
3497 0 65
3498 0 65
3499 0 65
3500 0 65
3501 0 65
3502 0 65
3503 0 65
3504 0 64
3505 0 64
3506 0 65
3507 0 64
3508 0 65
3509 0 65
3510 0 64
3511 0 65
3512 0 65
3513 0 64
3514 0 64
3515 0 64
3516 0 65
3517 0 65
3518 0 64
3519 0 64
3520 0 66
3521 0 64
3522 0 65
3523 0 66
3524 0 64
3525 0 65
3526 0 66
3527 0 64
3528 0 64
3529 0 64
3530 0 65
3531 0 65
3532 0 65
3533 0 64
3534 0 65
3535 0 64
3536 0 65
3537 0 65
3538 0 65
3539 0 64
3540 0 65
3541 0 65
3542 0 65
3543 0 64
3544 0 65
3545 0 64
3546 0 65
3547 0 65
3548 0 65
3549 0 64
3550 0 65
3551 0 64
3552 0 64
3553 0 65
3554 0 64
3555 0 65
3556 0 65
3557 0 65
3558 0 65
3559 0 65
3560 0 64
3561 0 66
3562 0 65
3563 0 66
3564 0 65
3565 0 65
3566 0 65
3567 0 65
3568 0 65
3569 0 65
3570 0 65
3571 0 65
3572 0 66
3573 0 66
3574 0 66
3575 0 65
3576 0 65
3577 0 65
3578 0 65
3579 0 65
3580 0 65
3581 0 66
3582 0 65
3583 0 66
3584 0 65
3585 0 65
3586 0 66
3587 0 65
3588 0 65
3589 0 64
3590 0 65
3591 0 65
3592 0 64
3593 0 65
3594 0 64
3595 0 64
3596 0 65
3597 0 65
3598 0 65
3599 0 65
3600 0 66
3601 0 65
3602 0 66
3603 0 65
3604 0 65
3605 0 66
3606 0 65
3607 0 65
3608 0 64
3609 0 65
3610 0 64
3611 0 64
3612 0 64
3613 0 64
3614 0 64
3615 0 65
3616 0 66
3617 0 65
3618 0 66
3619 0 65
3620 0 65
3621 0 65
3622 0 65
3623 0 65
3624 0 65
3625 0 65
3626 0 65
3627 0 67
3628 0 66
3629 0 67
3630 0 65
3631 0 65
3632 0 65
3633 0 65
3634 0 65
3635 0 65
3636 0 66
3637 0 65
3638 0 66
3639 0 65
3640 0 65
3641 0 66
3642 0 65
3643 0 65
3644 0 64
3645 0 65
3646 0 65
3647 0 64
3648 0 65
3649 0 64
3650 0 64
3651 0 65
3652 0 65
3653 0 65
3654 0 65
3655 0 66
3656 0 65
3657 0 66
3658 0 65
3659 0 65
3660 0 66
3661 0 65
3662 0 66
3663 0 65
3664 0 66
3665 0 65
3666 0 65
3667 0 65
3668 0 65
3669 0 65
3670 0 65
3671 0 66
3672 0 65
3673 0 66
3674 0 65
3675 0 65
3676 0 65
3677 0 65
3678 0 65
3679 0 65
3680 0 66
3681 0 65
3682 0 66
3683 0 65
3684 0 65
3685 0 66
3686 0 65
3687 0 66
3688 0 65
3689 0 66
3690 0 65
3691 0 65
3692 0 65
3693 0 65
3694 0 65
3695 0 65
3696 0 65
3697 0 64
3698 0 65
3699 0 65
3700 0 65
3701 0 65
3702 0 65
3703 0 65
3704 0 65
3705 0 65
3706 0 64
3707 0 65
3708 0 64
3709 0 65
3710 0 65
3711 0 65
3712 0 65
3713 0 65
3714 0 65
3715 0 64
3716 0 65
3717 0 65
3718 0 65
3719 0 65
3720 0 65
3721 0 65
3722 0 65
3723 0 65
3724 0 64
3725 0 65
3726 0 64
3727 0 65
3728 0 65
3729 0 65
3730 0 65
3731 0 65
3732 0 64
3733 0 64
3734 0 65
3735 0 64
3736 0 65
3737 0 64
3738 0 64
3739 0 65
3740 0 64
3741 0 65
3742 0 64
3743 0 65
3744 0 65
3745 0 64
3746 0 65
3747 0 64
3748 0 64
3749 0 65
3750 0 65
3751 0 65
3752 0 65
3753 0 66
3754 0 65
3755 0 66
3756 0 65
3757 0 65
3758 0 66
3759 0 65
3760 0 66
3761 0 65
3762 0 66
3763 0 65
3764 0 65
3765 0 65
3766 0 65
3767 0 65
3768 0 65
3769 0 66
3770 0 66
3771 0 66
3772 0 66
3773 0 66
3774 0 65
3775 0 65
3776 0 65
3777 0 65
3778 0 66
3779 0 65
3780 0 66
3781 0 65
3782 0 65
3783 0 66
3784 0 65
3785 0 66
3786 0 65
3787 0 66
3788 0 65
3789 0 65
3790 0 65
3791 0 65
3792 0 65
3793 0 65
3794 0 65
3795 0 65
3796 0 65
3797 0 65
3798 0 65
3799 0 65
3800 0 65
3801 0 65
3802 0 65
3803 0 65
3804 0 64
3805 0 65
3806 0 65
3807 0 65
3808 0 66
3809 0 66
3810 0 65
3811 0 65
3812 0 64
3813 0 64
3814 0 65
3815 0 64
3816 0 65
3817 0 64
3818 0 64
3819 0 65
3820 0 64
3821 0 64
3822 0 64
3823 0 65
3824 0 64
3825 0 65
3826 0 64
3827 0 64
3828 0 65
3829 0 64
3830 0 64
3831 0 64
3832 0 64
3833 0 64
3834 0 64
3835 0 64
3836 0 64
3837 0 64
3838 0 64
3839 0 66
3840 0 65
3841 0 66
3842 0 65
3843 0 65
3844 0 65
3845 0 65
3846 0 65
3847 0 65
3848 0 65
3849 0 65
3850 0 66
3851 0 66
3852 0 66
3853 0 65
3854 0 65
3855 0 65
3856 0 65
3857 0 65
3858 0 65
3859 0 66
3860 0 65
3861 0 66
3862 0 65
3863 0 65
3864 0 66
3865 0 65
3866 0 65
3867 0 64
3868 0 65
3869 0 65
3870 0 64
3871 0 65
3872 0 64
3873 0 64
3874 0 65
3875 0 65
3876 0 65
3877 0 65
3878 0 66
3879 0 65
3880 0 66
3881 0 65
3882 0 65
3883 0 66
3884 0 65
3885 0 65
3886 0 64
3887 0 65
3888 0 64
3889 0 64
3890 0 64
3891 0 64
3892 0 64
3893 0 65
3894 0 66
3895 0 65
3896 0 66
3897 0 65
3898 0 65
3899 0 65
3900 0 65
3901 0 65
3902 0 65
3903 0 65
3904 0 65
3905 0 67
3906 0 66
3907 0 67
3908 0 65
3909 0 65
3910 0 65
3911 0 65
3912 0 65
3913 0 65
3914 0 66
3915 0 65
3916 0 66
3917 0 65
3918 0 65
3919 0 66
3920 0 65
3921 0 65
3922 0 64
3923 0 65
3924 0 65
3925 0 64
3926 0 65
3927 0 64
3928 0 64
3929 0 65
3930 0 65
3931 0 65
3932 0 65
3933 0 66
3934 0 65
3935 0 66
3936 0 65
3937 0 65
3938 0 66
3939 0 65
3940 0 66
3941 0 65
3942 0 66
3943 0 65
3944 0 65
3945 0 65
3946 0 65
3947 0 65
3948 0 65
3949 0 66
3950 0 65
3951 0 66
3952 0 65
3953 0 65
3954 0 65
3955 0 65
3956 0 65
3957 0 65
3958 0 66
3959 0 65
3960 0 66
3961 0 65
3962 0 65
3963 0 66
3964 0 65
3965 0 66
3966 0 65
3967 0 66
3968 0 65
3969 0 65
3970 0 65
3971 0 65
3972 0 65
3973 0 65
3974 0 65
3975 0 64
3976 0 65
3977 0 65
3978 0 65
3979 0 65
3980 0 65
3981 0 65
3982 0 65
3983 0 65
3984 0 64
3985 0 65
3986 0 64
3987 0 65
3988 0 65
3989 0 65
3990 0 65
3991 0 65
3992 0 65
3993 0 64
3994 0 65
3995 0 65
3996 0 65
3997 0 65
3998 0 65
3999 0 65
4000 0 65
4001 0 65
4002 0 64
4003 0 65
4004 0 64
4005 0 65
4006 0 65
4007 0 65
4008 0 65
4009 0 65
4010 0 64
4011 0 64
4012 0 65
4013 0 64
4014 0 65
4015 0 64
4016 0 64
4017 0 65
4018 0 64
4019 0 65
4020 0 64
4021 0 65
4022 0 65
4023 0 64
4024 0 65
4025 0 64
4026 0 64
4027 0 65
4028 0 65
4029 0 65
4030 0 65
4031 0 65
4032 0 65
4033 0 65
4034 0 64
4035 0 65
4036 0 65
4037 0 64
4038 0 64
4039 0 65
4040 0 65
4041 0 65
4042 0 65
4043 0 65
4044 0 64
4045 0 65
4046 0 65
4047 0 65
4048 0 65
4049 0 65
4050 0 65
4051 0 65
4052 0 65
4053 0 65
4054 0 65
4055 0 65
4056 0 65
4057 0 65
4058 0 65
4059 0 65
4060 0 64
4061 0 64
4062 0 64
4063 0 65
4064 0 65
4065 0 65
4066 0 65
4067 0 66
4068 0 65
4069 0 65
4070 0 65
4071 0 65
4072 0 65
4073 0 65
4074 0 66
4075 0 64
4076 0 64
4077 0 64
4078 0 64
4079 0 64
4080 0 64
4081 0 65
4082 0 65
4083 0 65
4084 0 65
4085 0 65
4086 0 64
4087 0 65
4088 0 65
4089 0 64
4090 0 64
4091 0 65
4092 0 65
4093 0 65
4094 0 65
4095 0 65
4096 0 64
4097 0 65
4098 0 65
4099 0 65
4100 0 65
4101 0 65
4102 0 65
4103 0 65
4104 0 65
4105 0 65
4106 0 65
4107 0 65
4108 0 65
4109 0 65
4110 0 65
4111 0 65
4112 0 64
4113 0 64
4114 0 64
4115 0 65
4116 0 65
4117 0 65
4118 0 65
4119 0 65
4120 0 64
4121 0 65
4122 0 65
4123 0 64
4124 0 64
4125 0 65
4126 0 65
4127 0 65
4128 0 65
4129 0 65
4130 0 64
4131 0 65
4132 0 65
4133 0 65
4134 0 65
4135 0 65
4136 0 65
4137 0 65
4138 0 65
4139 0 65
4140 0 65
4141 0 65
4142 0 65
4143 0 65
4144 0 65
4145 0 65
4146 0 64
4147 0 64
4148 0 64
4149 0 65
4150 0 65
4151 0 65
4152 0 65
4153 0 66
4154 0 65
4155 0 65
4156 0 65
4157 0 65
4158 0 65
4159 0 65
4160 0 66
4161 0 64
4162 0 64
4163 0 64
4164 0 64
4165 0 64
4166 0 64
4167 0 65
4168 0 65
4169 0 65
4170 0 65
4171 0 65
4172 0 64
4173 0 65
4174 0 65
4175 0 64
4176 0 64
4177 0 65
4178 0 65
4179 0 65
4180 0 65
4181 0 65
4182 0 64
4183 0 65
4184 0 65
4185 0 65
4186 0 65
4187 0 65
4188 0 65
4189 0 65
4190 0 65
4191 0 65
4192 0 65
4193 0 65
4194 0 65
4195 0 65
4196 0 65
4197 0 65
4198 0 64
4199 0 64
4200 0 64
4201 0 65
4202 0 65
4203 0 64
4204 0 64
4205 0 65
4206 0 65
4207 0 65
4208 0 64
4209 0 64
4210 0 65
4211 0 65
4212 0 65
4213 0 64
4214 0 64
4215 0 64
4216 0 64
4217 0 64
4218 0 64
4219 0 65
4220 0 65
4221 0 65
4222 0 64
4223 0 64
4224 0 64
4225 0 66
4226 0 66
4227 0 64
4228 0 64
4229 0 65
4230 0 66
4231 0 66
4232 0 64
4233 0 64
4234 0 65
4235 0 65
4236 0 66
4237 0 64
4238 0 64
4239 0 64
4240 0 64
4241 0 64
4242 0 64
4243 0 65
4244 0 65
4245 0 65
4246 0 65
4247 0 65
4248 0 64
4249 0 65
4250 0 65
4251 0 64
4252 0 64
4253 0 65
4254 0 65
4255 0 65
4256 0 65
4257 0 65
4258 0 64
4259 0 65
4260 0 65
4261 0 65
4262 0 65
4263 0 65
4264 0 64
4265 0 65
4266 0 65
4267 0 64
4268 0 64
4269 0 65
4270 0 65
4271 0 65
4272 0 65
4273 0 65
4274 0 64
4275 0 65
4276 0 65
4277 0 64
4278 0 64
4279 0 64
4280 0 65
4281 0 65
4282 0 64
4283 0 64
4284 0 65
4285 0 65
4286 0 65
4287 0 65
4288 0 65
4289 0 65
4290 0 65
4291 0 65
4292 0 64
4293 0 66
4294 0 65
4295 0 66
4296 0 65
4297 0 65
4298 0 65
4299 0 65
4300 0 65
4301 0 65
4302 0 65
4303 0 65
4304 0 67
4305 0 66
4306 0 67
4307 0 65
4308 0 65
4309 0 65
4310 0 65
4311 0 65
4312 0 65
4313 0 66
4314 0 65
4315 0 66
4316 0 65
4317 0 65
4318 0 66
4319 0 65
4320 0 65
4321 0 64
4322 0 65
4323 0 65
4324 0 64
4325 0 65
4326 0 64
4327 0 64
4328 0 65
4329 0 65
4330 0 65
4331 0 65
4332 0 66
4333 0 65
4334 0 67
4335 0 65
4336 0 65
4337 0 66
4338 0 65
4339 0 65
4340 0 64
4341 0 65
4342 0 64
4343 0 64
4344 0 64
4345 0 64
4346 0 64
4347 0 65
4348 0 66
4349 0 65
4350 0 66
4351 0 65
4352 0 65
4353 0 65
4354 0 65
4355 0 65
4356 0 65
4357 0 65
4358 0 65
4359 0 67
4360 0 66
4361 0 67
4362 0 65
4363 0 65
4364 0 65
4365 0 65
4366 0 65
4367 0 65
4368 0 66
4369 0 65
4370 0 66
4371 0 65
4372 0 65
4373 0 66
4374 0 65
4375 0 65
4376 0 64
4377 0 65
4378 0 65
4379 0 64
4380 0 65
4381 0 64
4382 0 64
4383 0 65
4384 0 65
4385 0 65
4386 0 65
4387 0 66
4388 0 65
4389 0 66
4390 0 65
4391 0 65
4392 0 66
4393 0 65
4394 0 66
4395 0 65
4396 0 66
4397 0 65
4398 0 65
4399 0 65
4400 0 65
4401 0 65
4402 0 65
4403 0 66
4404 0 65
4405 0 66
4406 0 65
4407 0 65
4408 0 65
4409 0 65
4410 0 65
4411 0 65
4412 0 66
4413 0 65
4414 0 66
4415 0 65
4416 0 65
4417 0 66
4418 0 65
4419 0 66
4420 0 65
4421 0 66
4422 0 65
4423 0 65
4424 0 65
4425 0 65
4426 0 65
4427 0 65
4428 0 65
4429 0 64
4430 0 65
4431 0 65
4432 0 65
4433 0 65
4434 0 65
4435 0 65
4436 0 65
4437 0 65
4438 0 64
4439 0 65
4440 0 64
4441 0 65
4442 0 65
4443 0 65
4444 0 65
4445 0 65
4446 0 65
4447 0 64
4448 0 65
4449 0 65
4450 0 65
4451 0 65
4452 0 65
4453 0 65
4454 0 65
4455 0 65
4456 0 64
4457 0 65
4458 0 64
4459 0 65
4460 0 65
4461 0 65
4462 0 65
4463 0 65
4464 0 64
4465 0 64
4466 0 65
4467 0 64
4468 0 65
4469 0 64
4470 0 64
4471 0 65
4472 0 64
4473 0 65
4474 0 64
4475 0 65
4476 0 65
4477 0 64
4478 0 65
4479 0 64
4480 0 64
4481 0 65
4482 0 65
4483 0 65
4484 0 65
4485 0 66
4486 0 65
4487 0 67
4488 0 65
4489 0 65
4490 0 66
4491 0 65
4492 0 66
4493 0 65
4494 0 66
4495 0 65
4496 0 65
4497 0 65
4498 0 65
4499 0 65
4500 0 65
4501 0 67
4502 0 66
4503 0 67
4504 0 66
4505 0 66
4506 0 66
4507 0 66
4508 0 65
4509 0 65
4510 0 66
4511 0 65
4512 0 67
4513 0 65
4514 0 65
4515 0 66
4516 0 65
4517 0 66
4518 0 65
4519 0 66
4520 0 65
4521 0 65
4522 0 65
4523 0 65
4524 0 65
4525 0 65
4526 0 66
4527 0 65
4528 0 66
4529 0 65
4530 0 65
4531 0 66
4532 0 66
4533 0 65
4534 0 65
4535 0 65
4536 0 64
4537 0 66
4538 0 65
4539 0 66
4540 0 66
4541 0 66
4542 0 66
4543 0 66
4544 0 64
4545 0 64
4546 0 65
4547 0 64
4548 0 66
4549 0 64
4550 0 64
4551 0 65
4552 0 64
4553 0 64
4554 0 64
4555 0 65
4556 0 64
4557 0 66
4558 0 64
4559 0 64
4560 0 65
4561 0 64
4562 0 65
4563 0 64
4564 0 65
4565 0 64
4566 0 64
4567 0 64
4568 0 64
4569 0 64
4570 0 64
4571 0 66
4572 0 65
4573 0 66
4574 0 65
4575 0 65
4576 0 65
4577 0 65
4578 0 65
4579 0 65
4580 0 65
4581 0 65
4582 0 67
4583 0 66
4584 0 67
4585 0 65
4586 0 65
4587 0 65
4588 0 65
4589 0 65
4590 0 65
4591 0 66
4592 0 65
4593 0 66
4594 0 65
4595 0 65
4596 0 66
4597 0 65
4598 0 65
4599 0 64
4600 0 65
4601 0 65
4602 0 64
4603 0 65
4604 0 64
4605 0 64
4606 0 65
4607 0 65
4608 0 65
4609 0 65
4610 0 66
4611 0 65
4612 0 67
4613 0 65
4614 0 65
4615 0 66
4616 0 65
4617 0 65
4618 0 64
4619 0 65
4620 0 64
4621 0 64
4622 0 64
4623 0 64
4624 0 64
4625 0 65
4626 0 66
4627 0 65
4628 0 66
4629 0 65
4630 0 65
4631 0 65
4632 0 65
4633 0 65
4634 0 65
4635 0 65
4636 0 65
4637 0 67
4638 0 66
4639 0 67
4640 0 65
4641 0 65
4642 0 65
4643 0 65
4644 0 65
4645 0 65
4646 0 66
4647 0 65
4648 0 66
4649 0 65
4650 0 65
4651 0 66
4652 0 65
4653 0 65
4654 0 64
4655 0 65
4656 0 65
4657 0 64
4658 0 65
4659 0 64
4660 0 64
4661 0 65
4662 0 65
4663 0 65
4664 0 65
4665 0 66
4666 0 65
4667 0 66
4668 0 65
4669 0 65
4670 0 66
4671 0 65
4672 0 66
4673 0 65
4674 0 66
4675 0 65
4676 0 65
4677 0 65
4678 0 65
4679 0 65
4680 0 65
4681 0 66
4682 0 65
4683 0 66
4684 0 65
4685 0 65
4686 0 65
4687 0 65
4688 0 65
4689 0 65
4690 0 66
4691 0 65
4692 0 66
4693 0 65
4694 0 65
4695 0 66
4696 0 65
4697 0 66
4698 0 65
4699 0 66
4700 0 65
4701 0 65
4702 0 65
4703 0 65
4704 0 65
4705 0 65
4706 0 65
4707 0 64
4708 0 65
4709 0 65
4710 0 65
4711 0 65
4712 0 65
4713 0 65
4714 0 65
4715 0 65
4716 0 64
4717 0 65
4718 0 64
4719 0 65
4720 0 65
4721 0 65
4722 0 65
4723 0 65
4724 0 65
4725 0 64
4726 0 65
4727 0 65
4728 0 65
4729 0 65
4730 0 65
4731 0 65
4732 0 65
4733 0 65
4734 0 64
4735 0 65
4736 0 64
4737 0 65
4738 0 65
4739 0 65
4740 0 65
4741 0 65
4742 0 64
4743 0 64
4744 0 65
4745 0 64
4746 0 65
4747 0 64
4748 0 64
4749 0 65
4750 0 64
4751 0 65
4752 0 64
4753 0 65
4754 0 65
4755 0 64
4756 0 65
4757 0 64
4758 0 64
4759 0 65
4760 0 65
4761 0 65
4762 0 65
4763 0 65
4764 0 65
4765 0 66
4766 0 65
4767 0 65
4768 0 65
4769 0 65
4770 0 65
4771 0 64
4772 0 65
4773 0 64
4774 0 64
4775 0 64
4776 0 64
4777 0 64
4778 0 65
4779 0 65
4780 0 65
4781 0 65
4782 0 65
4783 0 65
4784 0 65
4785 0 65
4786 0 65
4787 0 65
4788 0 65
4789 0 65
4790 0 66
4791 0 65
4792 0 65
4793 0 65
4794 0 65
4795 0 65
4796 0 64
4797 0 65
4798 0 64
4799 0 64
4800 0 64
4801 0 64
4802 0 64
4803 0 65
4804 0 65
4805 0 64
4806 0 65
4807 0 65
4808 0 65
4809 0 65
4810 0 65
4811 0 65
4812 0 65
4813 0 65
4814 0 64
4815 0 65
4816 0 64
4817 0 65
4818 0 65
4819 0 65
4820 0 65
4821 0 65
4822 0 64
4823 0 64
4824 0 65
4825 0 64
4826 0 66
4827 0 64
4828 0 64
4829 0 65
4830 0 64
4831 0 64
4832 0 64
4833 0 65
4834 0 64
4835 0 66
4836 0 64
4837 0 64
4838 0 65
4839 0 64
4840 0 65
4841 0 64
4842 0 65
4843 0 64
4844 0 64
4845 0 64
4846 0 64
4847 0 64
4848 0 64
4849 0 65
4850 0 64
4851 0 65
4852 0 65
4853 0 65
4854 0 65
4855 0 65
4856 0 65
4857 0 65
4858 0 65
4859 0 64
4860 0 65
4861 0 64
4862 0 65
4863 0 65
4864 0 65
4865 0 65
4866 0 65
4867 0 64
4868 0 64
4869 0 65
4870 0 64
4871 0 65
4872 0 64
4873 0 64
4874 0 65
4875 0 64
4876 0 64
4877 0 64
4878 0 64
4879 0 64
4880 0 64
4881 0 64
4882 0 64
4883 0 64
4884 0 64
4885 0 64
4886 0 66
4887 0 66
4888 0 65
4889 0 65
4890 0 66
4891 0 66
4892 0 66
4893 0 65
4894 0 65
4895 0 65
4896 0 64
4897 0 65
4898 0 64
4899 0 64
4900 0 64
4901 0 64
4902 0 64
4903 0 65
4904 0 65
4905 0 65
4906 0 65
4907 0 65
4908 0 65
4909 0 65
4910 0 65
4911 0 66
4912 0 66
4913 0 65
4914 0 65
4915 0 66
4916 0 66
4917 0 66
4918 0 65
4919 0 65
4920 0 65
4921 0 64
4922 0 65
4923 0 64
4924 0 64
4925 0 64
4926 0 64
4927 0 64
4928 0 65
4929 0 66
4930 0 65
4931 0 66
4932 0 65
4933 0 65
4934 0 66
4935 0 66
4936 0 65
4937 0 65
4938 0 65
4939 0 64
4940 0 66
4941 0 65
4942 0 66
4943 0 66
4944 0 66
4945 0 66
4946 0 66
4947 0 64
4948 0 64
4949 0 65
4950 0 64
4951 0 66
4952 0 64
4953 0 64
4954 0 65
4955 0 64
4956 0 64
4957 0 64
4958 0 65
4959 0 64
4960 0 66
4961 0 64
4962 0 64
4963 0 65
4964 0 64
4965 0 65
4966 0 64
4967 0 65
4968 0 64
4969 0 64
4970 0 64
4971 0 64
4972 0 64
4973 0 64
4974 0 65
4975 0 65
4976 0 66
4977 0 65
4978 0 65
4979 0 64
4980 0 64
4981 0 65
4982 0 65
4983 0 64
4984 0 65
4985 0 65
4986 0 65
4987 0 66
4988 0 65
4989 0 65
4990 0 64
4991 0 64
4992 0 65
4993 0 65
4994 0 65
4995 0 65
4996 0 65
4997 0 65
4998 0 65
4999 0 65
5000 0 65
5001 0 64
5002 0 64
5003 0 64
5004 0 64
5005 0 64
5006 0 64
5007 0 64
5008 0 64
5009 0 64
5010 0 64
5011 0 65
5012 0 65
5013 0 65
5014 0 65
5015 0 66
5016 0 65
5017 0 65
5018 0 65
5019 0 65
5020 0 65
5021 0 64
5022 0 65
5023 0 64
5024 0 64
5025 0 64
5026 0 64
5027 0 64
5028 0 64
5029 0 65
5030 0 65
5031 0 66
5032 0 65
5033 0 65
5034 0 64
5035 0 64
5036 0 65
5037 0 65
5038 0 64
5039 0 65
5040 0 65
5041 0 65
5042 0 66
5043 0 65
5044 0 65
5045 0 64
5046 0 64
5047 0 65
5048 0 65
5049 0 65
5050 0 65
5051 0 65
5052 0 65
5053 0 65
5054 0 65
5055 0 65
5056 0 64
5057 0 64
5058 0 64
5059 0 64
5060 0 64
5061 0 64
5062 0 64
5063 0 64
5064 0 64
5065 0 64
5066 0 65
5067 0 65
5068 0 66
5069 0 65
5070 0 65
5071 0 64
5072 0 64
5073 0 65
5074 0 65
5075 0 64
5076 0 65
5077 0 65
5078 0 65
5079 0 66
5080 0 65
5081 0 65
5082 0 64
5083 0 64
5084 0 65
5085 0 65
5086 0 65
5087 0 65
5088 0 65
5089 0 65
5090 0 65
5091 0 65
5092 0 65
5093 0 64
5094 0 64
5095 0 64
5096 0 64
5097 0 64
5098 0 64
5099 0 64
5100 0 64
5101 0 64
5102 0 64
5103 0 65
5104 0 65
5105 0 65
5106 0 65
5107 0 66
5108 0 65
5109 0 65
5110 0 65
5111 0 65
5112 0 65
5113 0 64
5114 0 65
5115 0 64
5116 0 64
5117 0 64
5118 0 64
5119 0 64
5120 0 64
5121 0 65
5122 0 65
5123 0 66
5124 0 65
5125 0 65
5126 0 64
5127 0 64
5128 0 65
5129 0 65
5130 0 64
5131 0 65
5132 0 65
5133 0 65
5134 0 66
5135 0 65
5136 0 65
5137 0 64
5138 0 64
5139 0 65
5140 0 65
5141 0 65
5142 0 65
5143 0 65
5144 0 65
5145 0 65
5146 0 65
5147 0 65
5148 0 64
5149 0 64
5150 0 64
5151 0 64
5152 0 64
5153 0 64
5154 0 64
5155 0 64
5156 0 64
5157 0 64
5158 0 65
5159 0 65
5160 0 64
5161 0 65
5162 0 65
5163 0 65
5164 0 65
5165 0 64
5166 0 65
5167 0 64
5168 0 64
5169 0 64
5170 0 64
5171 0 64
5172 0 64
5173 0 64
5174 0 64
5175 0 64
5176 0 64
5177 0 64
5178 0 64
5179 0 64
5180 0 64
5181 0 64
5182 0 64
5183 0 65
5184 0 65
5185 0 64
5186 0 65
5187 0 65
5188 0 65
5189 0 65
5190 0 64
5191 0 65
5192 0 65
5193 0 64
5194 0 65
5195 0 64
5196 0 64
5197 0 64
5198 0 64
5199 0 64
5200 0 64
5201 0 65
5202 0 65
5203 0 65
5204 0 65
5205 0 65
5206 0 64
5207 0 64
5208 0 65
5209 0 65
5210 0 64
5211 0 64
5212 0 65
5213 0 65
5214 0 65
5215 0 65
5216 0 65
5217 0 64
5218 0 64
5219 0 65
5220 0 65
5221 0 65
5222 0 65
5223 0 65
5224 0 64
5225 0 64
5226 0 65
5227 0 65
5228 0 64
5229 0 64
5230 0 65
5231 0 65
5232 0 65
5233 0 65
5234 0 65
5235 0 64
5236 0 64
5237 0 65
5238 0 65
5239 0 64
5240 0 64
5241 0 64
5242 0 65
5243 0 65
5244 0 64
5245 0 64
5246 0 65
5247 0 64
5248 0 65
5249 0 65
5250 0 64
5251 0 65
5252 0 64
5253 0 64
5254 0 64
5255 0 64
5256 0 66
5257 0 66
5258 0 66
5259 0 65
5260 0 66
5261 0 66
5262 0 66
5263 0 65
5264 0 66
5265 0 65
5266 0 65
5267 0 65
5268 0 66
5269 0 66
5270 0 65
5271 0 66
5272 0 65
5273 0 65
5274 0 65
5275 0 65
5276 0 65
5277 0 67
5278 0 66
5279 0 66
5280 0 66
5281 0 67
5282 0 66
5283 0 67
5284 0 65
5285 0 67
5286 0 65
5287 0 65
5288 0 65
5289 0 66
5290 0 66
5291 0 65
5292 0 67
5293 0 65
5294 0 66
5295 0 65
5296 0 65
5297 0 65
5298 0 66
5299 0 65
5300 0 66
5301 0 65
5302 0 67
5303 0 65
5304 0 66
5305 0 65
5306 0 65
5307 0 65
5308 0 65
5309 0 65
5310 0 65
5311 0 64
5312 0 65
5313 0 65
5314 0 65
5315 0 65
5316 0 65
5317 0 64
5318 0 65
5319 0 65
5320 0 65
5321 0 64
5322 0 66
5323 0 64
5324 0 65
5325 0 65
5326 0 65
5327 0 67
5328 0 65
5329 0 67
5330 0 65
5331 0 66
5332 0 65
5333 0 65
5334 0 65
5335 0 67
5336 0 66
5337 0 67
5338 0 65
5339 0 67
5340 0 65
5341 0 66
5342 0 65
5343 0 65
5344 0 65
5345 0 65
5346 0 65
5347 0 65
5348 0 64
5349 0 65
5350 0 66
5351 0 65
5352 0 64
5353 0 65
5354 0 64
5355 0 65
5356 0 64
5357 0 65
5358 0 64
5359 0 64
5360 0 65
5361 0 65
5362 0 65
5363 0 66
5364 0 66
5365 0 67
5366 0 65
5367 0 66
5368 0 66
5369 0 66
5370 0 65
5371 0 66
5372 0 65
5373 0 65
5374 0 65
5375 0 66
5376 0 66
5377 0 65
5378 0 66
5379 0 65
5380 0 65
5381 0 66
5382 0 66
5383 0 65
5384 0 67
5385 0 66
5386 0 67
5387 0 66
5388 0 67
5389 0 66
5390 0 67
5391 0 65
5392 0 67
5393 0 65
5394 0 65
5395 0 65
5396 0 66
5397 0 66
5398 0 65
5399 0 67
5400 0 65
5401 0 66
5402 0 65
5403 0 65
5404 0 65
5405 0 66
5406 0 65
5407 0 66
5408 0 65
5409 0 67
5410 0 65
5411 0 66
5412 0 65
5413 0 65
5414 0 65
5415 0 65
5416 0 65
5417 0 65
5418 0 64
5419 0 65
5420 0 65
5421 0 65
5422 0 65
5423 0 65
5424 0 64
5425 0 65
5426 0 65
5427 0 65
5428 0 64
5429 0 66
5430 0 64
5431 0 65
5432 0 65
5433 0 65
5434 0 66
5435 0 65
5436 0 66
5437 0 65
5438 0 66
5439 0 65
5440 0 65
5441 0 65
5442 0 66
5443 0 65
5444 0 66
5445 0 65
5446 0 67
5447 0 65
5448 0 66
5449 0 65
5450 0 65
5451 0 65
5452 0 66
5453 0 66
5454 0 66
5455 0 65
5456 0 66
5457 0 66
5458 0 65
5459 0 65
5460 0 65
5461 0 65
5462 0 65
5463 0 65
5464 0 65
5465 0 65
5466 0 65
5467 0 65
5468 0 65
5469 0 65
5470 0 66
5471 0 66
5472 0 66
5473 0 65
5474 0 66
5475 0 66
5476 0 65
5477 0 65
5478 0 65
5479 0 65
5480 0 65
5481 0 65
5482 0 64
5483 0 66
5484 0 65
5485 0 66
5486 0 65
5487 0 66
5488 0 65
5489 0 65
5490 0 65
5491 0 66
5492 0 65
5493 0 66
5494 0 65
5495 0 67
5496 0 65
5497 0 66
5498 0 65
5499 0 65
5500 0 65
5501 0 66
5502 0 66
5503 0 66
5504 0 65
5505 0 66
5506 0 66
5507 0 65
5508 0 65
5509 0 65
5510 0 65
5511 0 65
5512 0 65
5513 0 65
5514 0 65
5515 0 65
5516 0 65
5517 0 65
5518 0 65
5519 0 65
5520 0 65
5521 0 65
5522 0 64
5523 0 65
5524 0 65
5525 0 65
5526 0 65
5527 0 65
5528 0 65
5529 0 65
5530 0 65
5531 0 64
5532 0 65
5533 0 65
5534 0 65
5535 0 65
5536 0 65
5537 0 64
5538 0 64
5539 0 64
5540 0 65
5541 0 65
5542 0 65
5543 0 64
5544 0 65
5545 0 65
5546 0 65
5547 0 65
5548 0 65
5549 0 65
5550 0 65
5551 0 65
5552 0 64
5553 0 65
5554 0 65
5555 0 65
5556 0 64
5557 0 65
5558 0 65
5559 0 65
5560 0 65
5561 0 65
5562 0 65
5563 0 65
5564 0 65
5565 0 64
5566 0 65
5567 0 65
5568 0 65
5569 0 65
5570 0 65
5571 0 64
5572 0 64
5573 0 64
5574 0 65
5575 0 65
5576 0 65
5577 0 64
5578 0 65
5579 0 65
5580 0 65
5581 0 65
5582 0 65
5583 0 65
5584 0 65
5585 0 65
5586 0 64
5587 0 65
5588 0 64
5589 0 65
5590 0 64
5591 0 65
5592 0 64
5593 0 64
5594 0 64
5595 0 65
5596 0 64
5597 0 66
5598 0 64
5599 0 66
5600 0 64
5601 0 65
5602 0 64
5603 0 64
5604 0 64
5605 0 65
5606 0 65
5607 0 65
5608 0 64
5609 0 65
5610 0 65
5611 0 65
5612 0 65
5613 0 65
5614 0 64
5615 0 65
5616 0 65
5617 0 65
5618 0 64
5619 0 65
5620 0 64
5621 0 65
5622 0 65
5623 0 65
5624 0 66
5625 0 65
5626 0 67
5627 0 65
5628 0 66
5629 0 65
5630 0 65
5631 0 65
5632 0 67
5633 0 65
5634 0 66
5635 0 65
5636 0 67
5637 0 65
5638 0 66
5639 0 65
5640 0 65
5641 0 65
5642 0 66
5643 0 66
5644 0 66
5645 0 65
5646 0 66
5647 0 66
5648 0 65
5649 0 65
5650 0 65
5651 0 65
5652 0 65
5653 0 65
5654 0 65
5655 0 65
5656 0 65
5657 0 65
5658 0 65
5659 0 65
5660 0 67
5661 0 66
5662 0 67
5663 0 66
5664 0 67
5665 0 66
5666 0 66
5667 0 66
5668 0 66
5669 0 66
5670 0 66
5671 0 66
5672 0 65
5673 0 66
5674 0 65
5675 0 67
5676 0 65
5677 0 66
5678 0 65
5679 0 65
5680 0 65
5681 0 67
5682 0 65
5683 0 66
5684 0 65
5685 0 67
5686 0 65
5687 0 66
5688 0 65
5689 0 65
5690 0 65
5691 0 66
5692 0 66
5693 0 66
5694 0 65
5695 0 66
5696 0 66
5697 0 65
5698 0 65
5699 0 65
5700 0 65
5701 0 65
5702 0 65
5703 0 65
5704 0 65
5705 0 65
5706 0 65
5707 0 65
5708 0 65
5709 0 66
5710 0 65
5711 0 65
5712 0 65
5713 0 66
5714 0 65
5715 0 65
5716 0 65
5717 0 65
5718 0 65
5719 0 66
5720 0 66
5721 0 65
5722 0 65
5723 0 65
5724 0 65
5725 0 65
5726 0 65
5727 0 64
5728 0 64
5729 0 64
5730 0 66
5731 0 65
5732 0 65
5733 0 65
5734 0 66
5735 0 65
5736 0 66
5737 0 66
5738 0 66
5739 0 66
5740 0 66
5741 0 66
5742 0 65
5743 0 66
5744 0 64
5745 0 66
5746 0 64
5747 0 65
5748 0 64
5749 0 64
5750 0 64
5751 0 66
5752 0 65
5753 0 66
5754 0 64
5755 0 66
5756 0 64
5757 0 65
5758 0 64
5759 0 64
5760 0 64
5761 0 66
5762 0 64
5763 0 66
5764 0 64
5765 0 65
5766 0 64
5767 0 64
5768 0 64
5769 0 66
5770 0 65
5771 0 66
5772 0 64
5773 0 66
5774 0 64
5775 0 65
5776 0 64
5777 0 64
5778 0 64
5779 0 65
5780 0 64
5781 0 64
5782 0 64
5783 0 65
5784 0 65
5785 0 65
5786 0 64
5787 0 65
5788 0 64
5789 0 65
5790 0 64
5791 0 65
5792 0 64
5793 0 64
5794 0 65
5795 0 65
5796 0 64
5797 0 66
5798 0 66
5799 0 66
5800 0 65
5801 0 66
5802 0 67
5803 0 67
5804 0 65
5805 0 67
5806 0 65
5807 0 65
5808 0 65
5809 0 66
5810 0 67
5811 0 65
5812 0 67
5813 0 65
5814 0 65
5815 0 65
5816 0 65
5817 0 65
5818 0 67
5819 0 66
5820 0 66
5821 0 66
5822 0 67
5823 0 67
5824 0 67
5825 0 65
5826 0 67
5827 0 65
5828 0 65
5829 0 65
5830 0 66
5831 0 66
5832 0 65
5833 0 67
5834 0 65
5835 0 66
5836 0 65
5837 0 65
5838 0 65
5839 0 66
5840 0 65
5841 0 66
5842 0 65
5843 0 67
5844 0 65
5845 0 66
5846 0 65
5847 0 65
5848 0 65
5849 0 65
5850 0 65
5851 0 65
5852 0 64
5853 0 65
5854 0 65
5855 0 65
5856 0 65
5857 0 65
5858 0 64
5859 0 65
5860 0 65
5861 0 65
5862 0 64
5863 0 66
5864 0 64
5865 0 65
5866 0 65
5867 0 65
5868 0 67
5869 0 65
5870 0 67
5871 0 65
5872 0 66
5873 0 65
5874 0 65
5875 0 65
5876 0 67
5877 0 66
5878 0 67
5879 0 65
5880 0 67
5881 0 65
5882 0 66
5883 0 65
5884 0 65
5885 0 65
5886 0 65
5887 0 65
5888 0 65
5889 0 64
5890 0 65
5891 0 66
5892 0 66
5893 0 64
5894 0 66
5895 0 64
5896 0 66
5897 0 64
5898 0 66
5899 0 64
5900 0 64
5901 0 65
5902 0 65
5903 0 65
5904 0 66
5905 0 67
5906 0 67
5907 0 65
5908 0 66
5909 0 67
5910 0 67
5911 0 65
5912 0 67
5913 0 65
5914 0 65
5915 0 65
5916 0 66
5917 0 67
5918 0 65
5919 0 67
5920 0 65
5921 0 65
5922 0 66
5923 0 66
5924 0 65
5925 0 67
5926 0 67
5927 0 67
5928 0 66
5929 0 67
5930 0 67
5931 0 67
5932 0 65
5933 0 67
5934 0 65
5935 0 65
5936 0 65
5937 0 66
5938 0 66
5939 0 65
5940 0 67
5941 0 65
5942 0 66
5943 0 65
5944 0 65
5945 0 65
5946 0 66
5947 0 65
5948 0 66
5949 0 65
5950 0 67
5951 0 65
5952 0 66
5953 0 65
5954 0 65
5955 0 65
5956 0 65
5957 0 65
5958 0 65
5959 0 64
5960 0 65
5961 0 65
5962 0 65
5963 0 65
5964 0 65
5965 0 64
5966 0 65
5967 0 65
5968 0 65
5969 0 64
5970 0 66
5971 0 64
5972 0 65
5973 0 65
5974 0 65
5975 0 66
5976 0 65
5977 0 66
5978 0 65
5979 0 66
5980 0 65
5981 0 65
5982 0 65
5983 0 66
5984 0 65
5985 0 67
5986 0 65
5987 0 67
5988 0 65
5989 0 66
5990 0 65
5991 0 65
5992 0 65
5993 0 66
5994 0 66
5995 0 66
5996 0 65
5997 0 66
5998 0 66
5999 0 65
6000 0 65
6001 0 65
6002 0 65
6003 0 65
6004 0 65
6005 0 65
6006 0 65
6007 0 65
6008 0 65
6009 0 65
6010 0 65
6011 0 66
6012 0 66
6013 0 66
6014 0 65
6015 0 66
6016 0 66
6017 0 65
6018 0 65
6019 0 65
6020 0 65
6021 0 65
6022 0 65
6023 0 64
6024 0 66
6025 0 65
6026 0 66
6027 0 65
6028 0 66
6029 0 65
6030 0 65
6031 0 65
6032 0 66
6033 0 65
6034 0 67
6035 0 65
6036 0 67
6037 0 65
6038 0 66
6039 0 65
6040 0 65
6041 0 65
6042 0 66
6043 0 66
6044 0 66
6045 0 65
6046 0 66
6047 0 67
6048 0 65
6049 0 65
6050 0 65
6051 0 65
6052 0 65
6053 0 65
6054 0 65
6055 0 65
6056 0 65
6057 0 65
6058 0 65
6059 0 65
6060 0 65
6061 0 65
6062 0 65
6063 0 64
6064 0 65
6065 0 65
6066 0 65
6067 0 65
6068 0 65
6069 0 65
6070 0 65
6071 0 65
6072 0 64
6073 0 65
6074 0 65
6075 0 65
6076 0 65
6077 0 65
6078 0 64
6079 0 64
6080 0 64
6081 0 65
6082 0 65
6083 0 65
6084 0 64
6085 0 65
6086 0 65
6087 0 65
6088 0 65
6089 0 65
6090 0 65
6091 0 65
6092 0 65
6093 0 64
6094 0 65
6095 0 65
6096 0 65
6097 0 64
6098 0 65
6099 0 65
6100 0 65
6101 0 65
6102 0 65
6103 0 65
6104 0 65
6105 0 65
6106 0 64
6107 0 65
6108 0 65
6109 0 65
6110 0 65
6111 0 65
6112 0 64
6113 0 64
6114 0 64
6115 0 65
6116 0 65
6117 0 65
6118 0 64
6119 0 65
6120 0 65
6121 0 65
6122 0 65
6123 0 65
6124 0 65
6125 0 65
6126 0 65
6127 0 64
6128 0 65
6129 0 64
6130 0 65
6131 0 64
6132 0 65
6133 0 64
6134 0 64
6135 0 64
6136 0 65
6137 0 64
6138 0 66
6139 0 64
6140 0 66
6141 0 64
6142 0 65
6143 0 64
6144 0 64
6145 0 64
6146 0 65
6147 0 65
6148 0 65
6149 0 64
6150 0 65
6151 0 65
6152 0 65
6153 0 65
6154 0 65
6155 0 64
6156 0 65
6157 0 65
6158 0 65
6159 0 64
6160 0 65
6161 0 64
6162 0 65
6163 0 65
6164 0 65
6165 0 66
6166 0 65
6167 0 66
6168 0 65
6169 0 65
6170 0 65
6171 0 65
6172 0 65
6173 0 66
6174 0 66
6175 0 66
6176 0 65
6177 0 66
6178 0 65
6179 0 65
6180 0 65
6181 0 65
6182 0 65
6183 0 65
6184 0 66
6185 0 66
6186 0 64
6187 0 65
6188 0 66
6189 0 65
6190 0 64
6191 0 65
6192 0 64
6193 0 65
6194 0 64
6195 0 65
6196 0 64
6197 0 64
6198 0 65
6199 0 65
6200 0 65
6201 0 65
6202 0 66
6203 0 66
6204 0 65
6205 0 65
6206 0 66
6207 0 65
6208 0 65
6209 0 65
6210 0 65
6211 0 65
6212 0 65
6213 0 65
6214 0 67
6215 0 65
6216 0 67
6217 0 65
6218 0 65
6219 0 65
6220 0 65
6221 0 65
6222 0 66
6223 0 66
6224 0 67
6225 0 65
6226 0 67
6227 0 65
6228 0 65
6229 0 65
6230 0 65
6231 0 65
6232 0 65
6233 0 66
6234 0 66
6235 0 64
6236 0 65
6237 0 67
6238 0 65
6239 0 64
6240 0 65
6241 0 64
6242 0 65
6243 0 64
6244 0 65
6245 0 64
6246 0 64
6247 0 65
6248 0 65
6249 0 65
6250 0 65
6251 0 66
6252 0 66
6253 0 64
6254 0 65
6255 0 66
6256 0 66
6257 0 65
6258 0 66
6259 0 65
6260 0 65
6261 0 65
6262 0 65
6263 0 66
6264 0 65
6265 0 66
6266 0 65
6267 0 65
6268 0 65
6269 0 65
6270 0 64
6271 0 65
6272 0 66
6273 0 66
6274 0 64
6275 0 65
6276 0 66
6277 0 66
6278 0 65
6279 0 66
6280 0 65
6281 0 65
6282 0 65
6283 0 65
6284 0 65
6285 0 64
6286 0 65
6287 0 64
6288 0 65
6289 0 65
6290 0 65
6291 0 64
6292 0 66
6293 0 66
6294 0 65
6295 0 64
6296 0 65
6297 0 64
6298 0 65
6299 0 65
6300 0 65
6301 0 64
6302 0 65
6303 0 64
6304 0 65
6305 0 64
6306 0 65
6307 0 65
6308 0 65
6309 0 64
6310 0 66
6311 0 66
6312 0 65
6313 0 64
6314 0 65
6315 0 64
6316 0 65
6317 0 65
6318 0 65
6319 0 64
6320 0 65
6321 0 65
6322 0 65
6323 0 64
6324 0 65
6325 0 66
6326 0 65
6327 0 64
6328 0 65
6329 0 64
6330 0 65
6331 0 64
6332 0 65
6333 0 64
6334 0 64
6335 0 65
6336 0 65
6337 0 64
6338 0 65
6339 0 66
6340 0 66
6341 0 64
6342 0 65
6343 0 66
6344 0 66
6345 0 65
6346 0 66
6347 0 65
6348 0 65
6349 0 65
6350 0 65
6351 0 66
6352 0 65
6353 0 66
6354 0 65
6355 0 65
6356 0 65
6357 0 65
6358 0 64
6359 0 65
6360 0 66
6361 0 66
6362 0 64
6363 0 65
6364 0 66
6365 0 66
6366 0 65
6367 0 66
6368 0 65
6369 0 65
6370 0 65
6371 0 65
6372 0 65
6373 0 64
6374 0 65
6375 0 64
6376 0 65
6377 0 65
6378 0 65
6379 0 64
6380 0 65
6381 0 65
6382 0 65
6383 0 64
6384 0 65
6385 0 64
6386 0 65
6387 0 65
6388 0 65
6389 0 64
6390 0 64
6391 0 65
6392 0 65
6393 0 64
6394 0 64
6395 0 65
6396 0 64
6397 0 65
6398 0 65
6399 0 64
6400 0 64
6401 0 65
6402 0 64
6403 0 64
6404 0 64
6405 0 64
6406 0 64
6407 0 64
6408 0 64
6409 0 66
6410 0 66
6411 0 66
6412 0 66
6413 0 65
6414 0 65
6415 0 65
6416 0 65
6417 0 66
6418 0 66
6419 0 66
6420 0 66
6421 0 66
6422 0 66
6423 0 65
6424 0 65
6425 0 65
6426 0 65
6427 0 65
6428 0 66
6429 0 66
6430 0 64
6431 0 65
6432 0 66
6433 0 65
6434 0 64
6435 0 65
6436 0 64
6437 0 65
6438 0 64
6439 0 65
6440 0 64
6441 0 64
6442 0 65
6443 0 65
6444 0 65
6445 0 65
6446 0 66
6447 0 66
6448 0 65
6449 0 65
6450 0 66
6451 0 65
6452 0 65
6453 0 65
6454 0 65
6455 0 65
6456 0 65
6457 0 65
6458 0 67
6459 0 66
6460 0 67
6461 0 66
6462 0 65
6463 0 65
6464 0 65
6465 0 65
6466 0 66
6467 0 66
6468 0 67
6469 0 66
6470 0 67
6471 0 66
6472 0 65
6473 0 65
6474 0 65
6475 0 65
6476 0 65
6477 0 66
6478 0 66
6479 0 64
6480 0 65
6481 0 67
6482 0 65
6483 0 64
6484 0 65
6485 0 64
6486 0 65
6487 0 64
6488 0 65
6489 0 64
6490 0 64
6491 0 65
6492 0 65
6493 0 65
6494 0 66
6495 0 66
6496 0 66
6497 0 65
6498 0 66
6499 0 67
6500 0 66
6501 0 65
6502 0 66
6503 0 65
6504 0 66
6505 0 66
6506 0 66
6507 0 66
6508 0 65
6509 0 66
6510 0 65
6511 0 65
6512 0 65
6513 0 65
6514 0 64
6515 0 66
6516 0 66
6517 0 66
6518 0 65
6519 0 66
6520 0 67
6521 0 67
6522 0 66
6523 0 67
6524 0 66
6525 0 66
6526 0 66
6527 0 66
6528 0 65
6529 0 64
6530 0 65
6531 0 64
6532 0 65
6533 0 65
6534 0 65
6535 0 64
6536 0 66
6537 0 66
6538 0 65
6539 0 64
6540 0 65
6541 0 64
6542 0 65
6543 0 65
6544 0 65
6545 0 64
6546 0 65
6547 0 64
6548 0 65
6549 0 64
6550 0 65
6551 0 65
6552 0 65
6553 0 64
6554 0 66
6555 0 66
6556 0 65
6557 0 64
6558 0 65
6559 0 64
6560 0 65
6561 0 65
6562 0 65
6563 0 64
6564 0 65
6565 0 65
6566 0 65
6567 0 64
6568 0 65
6569 0 66
6570 0 65
6571 0 64
6572 0 65
6573 0 64
6574 0 65
6575 0 64
6576 0 65
6577 0 64
6578 0 64
6579 0 65
6580 0 65
6581 0 64
6582 0 65
6583 0 65
6584 0 65
6585 0 65
6586 0 66
6587 0 65
6588 0 65
6589 0 65
6590 0 65
6591 0 65
6592 0 64
6593 0 64
6594 0 64
6595 0 65
6596 0 65
6597 0 65
6598 0 65
6599 0 64
6600 0 64
6601 0 64
6602 0 65
6603 0 65
6604 0 65
6605 0 65
6606 0 65
6607 0 66
6608 0 65
6609 0 65
6610 0 65
6611 0 65
6612 0 65
6613 0 64
6614 0 64
6615 0 64
6616 0 65
6617 0 65
6618 0 65
6619 0 65
6620 0 65
6621 0 65
6622 0 65
6623 0 65
6624 0 65
6625 0 65
6626 0 65
6627 0 65
6628 0 65
6629 0 65
6630 0 65
6631 0 65
6632 0 65
6633 0 65
6634 0 64
6635 0 65
6636 0 65
6637 0 64
6638 0 64
6639 0 65
6640 0 64
6641 0 65
6642 0 65
6643 0 64
6644 0 64
6645 0 65
6646 0 64
6647 0 64
6648 0 64
6649 0 64
6650 0 64
6651 0 64
6652 0 64
6653 0 65
6654 0 65
6655 0 65
6656 0 65
6657 0 65
6658 0 65
6659 0 65
6660 0 65
6661 0 66
6662 0 66
6663 0 65
6664 0 65
6665 0 65
6666 0 65
6667 0 65
6668 0 65
6669 0 65
6670 0 65
6671 0 65
6672 0 65
6673 0 65
6674 0 64
6675 0 65
6676 0 66
6677 0 64
6678 0 64
6679 0 64
6680 0 64
6681 0 64
6682 0 64
6683 0 64
6684 0 64
6685 0 64
6686 0 64
6687 0 64
6688 0 64
6689 0 65
6690 0 65
6691 0 65
6692 0 65
6693 0 66
6694 0 65
6695 0 65
6696 0 65
6697 0 65
6698 0 65
6699 0 64
6700 0 64
6701 0 64
6702 0 65
6703 0 65
6704 0 65
6705 0 65
6706 0 64
6707 0 64
6708 0 64
6709 0 65
6710 0 65
6711 0 65
6712 0 65
6713 0 65
6714 0 66
6715 0 65
6716 0 65
6717 0 65
6718 0 65
6719 0 65
6720 0 64
6721 0 64
6722 0 64
6723 0 65
6724 0 65
6725 0 65
6726 0 65
6727 0 65
6728 0 65
6729 0 65
6730 0 65
6731 0 65
6732 0 65
6733 0 65
6734 0 65
6735 0 65
6736 0 65
6737 0 65
6738 0 65
6739 0 65
6740 0 65
6741 0 64
6742 0 65
6743 0 65
6744 0 64
6745 0 64
6746 0 65
6747 0 64
6748 0 65
6749 0 65
6750 0 64
6751 0 64
6752 0 65
6753 0 64
6754 0 64
6755 0 64
6756 0 64
6757 0 64
6758 0 64
6759 0 64
6760 0 65
6761 0 65
6762 0 65
6763 0 65
6764 0 66
6765 0 65
6766 0 65
6767 0 65
6768 0 65
6769 0 65
6770 0 64
6771 0 64
6772 0 64
6773 0 65
6774 0 65
6775 0 65
6776 0 65
6777 0 64
6778 0 64
6779 0 64
6780 0 65
6781 0 65
6782 0 65
6783 0 65
6784 0 65
6785 0 66
6786 0 65
6787 0 65
6788 0 65
6789 0 65
6790 0 65
6791 0 64
6792 0 64
6793 0 64
6794 0 65
6795 0 65
6796 0 65
6797 0 65
6798 0 65
6799 0 65
6800 0 65
6801 0 65
6802 0 65
6803 0 65
6804 0 65
6805 0 65
6806 0 65
6807 0 65
6808 0 65
6809 0 65
6810 0 65
6811 0 65
6812 0 64
6813 0 65
6814 0 65
6815 0 64
6816 0 64
6817 0 65
6818 0 64
6819 0 65
6820 0 65
6821 0 64
6822 0 64
6823 0 65
6824 0 64
6825 0 64
6826 0 64
6827 0 64
6828 0 64
6829 0 64
6830 0 64
6831 0 65
6832 0 65
6833 0 65
6834 0 65
6835 0 65
6836 0 65
6837 0 65
6838 0 65
6839 0 66
6840 0 66
6841 0 65
6842 0 65
6843 0 65
6844 0 65
6845 0 65
6846 0 65
6847 0 65
6848 0 65
6849 0 65
6850 0 65
6851 0 65
6852 0 64
6853 0 65
6854 0 66
6855 0 64
6856 0 64
6857 0 64
6858 0 64
6859 0 64
6860 0 64
6861 0 64
6862 0 64
6863 0 64
6864 0 64
6865 0 64
6866 0 64
6867 0 65
6868 0 65
6869 0 65
6870 0 65
6871 0 66
6872 0 65
6873 0 65
6874 0 65
6875 0 65
6876 0 65
6877 0 64
6878 0 64
6879 0 64
6880 0 65
6881 0 65
6882 0 65
6883 0 65
6884 0 64
6885 0 64
6886 0 64
6887 0 65
6888 0 65
6889 0 65
6890 0 65
6891 0 65
6892 0 66
6893 0 65
6894 0 65
6895 0 65
6896 0 65
6897 0 65
6898 0 64
6899 0 64
6900 0 64
6901 0 65
6902 0 65
6903 0 65
6904 0 65
6905 0 65
6906 0 65
6907 0 65
6908 0 65
6909 0 65
6910 0 65
6911 0 65
6912 0 65
6913 0 65
6914 0 65
6915 0 65
6916 0 65
6917 0 65
6918 0 65
6919 0 64
6920 0 65
6921 0 65
6922 0 64
6923 0 64
6924 0 65
6925 0 64
6926 0 65
6927 0 65
6928 0 64
6929 0 64
6930 0 65
6931 0 64
6932 0 64
6933 0 64
6934 0 64
6935 0 64
6936 0 64
6937 0 64
6938 0 65
6939 0 65
6940 0 65
6941 0 65
6942 0 64
6943 0 64
6944 0 64
6945 0 65
6946 0 65
6947 0 65
6948 0 65
6949 0 65
6950 0 65
6951 0 65
6952 0 64
6953 0 64
6954 0 64
6955 0 65
6956 0 64
6957 0 65
6958 0 65
6959 0 64
6960 0 64
6961 0 65
6962 0 64
6963 0 64
6964 0 64
6965 0 64
6966 0 64
6967 0 64
6968 0 64
6969 0 64
6970 0 64
6971 0 64
6972 0 64
6973 0 64
6974 0 64
6975 0 65
6976 0 65
6977 0 64
6978 0 64
6979 0 65
6980 0 64
6981 0 64
6982 0 64
6983 0 64
6984 0 64
6985 0 64
6986 0 64
6987 0 66
6988 0 65
6989 0 66
6990 0 65
6991 0 64
6992 0 64
6993 0 64
6994 0 65
6995 0 65
6996 0 65
6997 0 66
6998 0 65
6999 0 66
7000 0 65
7001 0 64
7002 0 64
7003 0 64
7004 0 65
7005 0 65
7006 0 65
7007 0 65
7008 0 64
7009 0 65
7010 0 66
7011 0 64
7012 0 64
7013 0 64
7014 0 64
7015 0 64
7016 0 64
7017 0 64
7018 0 64
7019 0 64
7020 0 64
7021 0 64
7022 0 64
7023 0 65
7024 0 65
7025 0 65
7026 0 65
7027 0 65
7028 0 65
7029 0 65
7030 0 65
7031 0 65
7032 0 65
7033 0 64
7034 0 64
7035 0 64
7036 0 65
7037 0 65
7038 0 65
7039 0 65
7040 0 64
7041 0 64
7042 0 64
7043 0 64
7044 0 65
7045 0 65
7046 0 65
7047 0 65
7048 0 65
7049 0 65
7050 0 65
7051 0 65
7052 0 65
7053 0 65
7054 0 64
7055 0 64
7056 0 64
7057 0 65
7058 0 65
7059 0 65
7060 0 65
7061 0 65
7062 0 65
7063 0 65
7064 0 65
7065 0 65
7066 0 65
7067 0 64
7068 0 64
7069 0 64
7070 0 65
7071 0 65
7072 0 65
7073 0 65
7074 0 64
7075 0 64
7076 0 64
7077 0 64
7078 0 65
7079 0 65
7080 0 65
7081 0 65
7082 0 65
7083 0 65
7084 0 65
7085 0 65
7086 0 65
7087 0 65
7088 0 64
7089 0 64
7090 0 64
7091 0 65
7092 0 65
7093 0 65
7094 0 65
7095 0 64
7096 0 64
7097 0 64
7098 0 64
7099 0 64
7100 0 64
7101 0 65
7102 0 65
7103 0 65
7104 0 65
7105 0 64
7106 0 64
7107 0 64
7108 0 64
7109 0 65
7110 0 65
7111 0 65
7112 0 64
7113 0 65
7114 0 65
7115 0 65
7116 0 65
7117 0 65
7118 0 64
7119 0 65
7120 0 65
7121 0 65
7122 0 64
7123 0 65
7124 0 64
7125 0 64
7126 0 64
7127 0 64
