0 0 69
1 0 69
2 0 69
3 0 69
4 0 69
5 0 68
6 0 69
7 0 69
8 0 68
9 0 68
10 0 69
11 0 69
12 0 69
13 0 69
14 0 69
15 0 68
16 0 69
17 0 69
18 0 68
19 0 68
20 0 68
21 0 69
22 0 69
23 0 68
24 0 68
25 0 68
26 0 68
27 0 68
28 0 68
29 0 68
30 0 68
31 0 68
32 0 68
33 0 67
34 0 69
35 0 69
36 0 68
37 0 68
38 0 68
39 0 69
40 0 69
41 0 68
42 0 68
43 0 68
44 0 68
45 0 68
46 0 68
47 0 68
48 0 68
49 0 68
50 0 67
51 0 67
52 0 69
53 0 69
54 0 69
55 0 69
56 0 69
57 0 68
58 0 69
59 0 69
60 0 68
61 0 68
62 0 69
63 0 69
64 0 69
65 0 69
66 0 69
67 0 68
68 0 69
69 0 69
70 0 68
71 0 68
72 0 68
73 0 69
74 0 69
75 0 68
76 0 68
77 0 68
78 0 68
79 0 68
80 0 68
81 0 68
82 0 68
83 0 68
84 0 68
85 0 67
86 0 69
87 0 69
88 0 68
89 0 68
90 0 68
91 0 69
92 0 69
93 0 68
94 0 68
95 0 68
96 0 68
97 0 68
98 0 68
99 0 68
100 0 68
101 0 68
102 0 67
103 0 67
104 0 68
105 0 68
106 0 68
107 0 68
108 0 68
109 0 67
110 0 69
111 0 69
112 0 68
113 0 68
114 0 68
115 0 69
116 0 69
117 0 68
118 0 68
119 0 68
120 0 68
121 0 69
122 0 68
123 0 68
124 0 68
125 0 68
126 0 67
127 0 67
128 0 68
129 0 68
130 0 68
131 0 68
132 0 68
133 0 67
134 0 68
135 0 68
136 0 67
137 0 67
138 0 68
139 0 68
140 0 68
141 0 68
142 0 68
143 0 67
144 0 68
145 0 68
146 0 68
147 0 68
148 0 68
149 0 67
150 0 68
151 0 68
152 0 67
153 0 67
154 0 68
155 0 68
156 0 68
157 0 68
158 0 68
159 0 67
160 0 68
161 0 68
162 0 67
163 0 67
164 0 67
165 0 68
166 0 68
167 0 67
168 0 67
169 0 67
170 0 67
171 0 67
172 0 67
173 0 67
174 0 67
175 0 67
176 0 68
177 0 67
178 0 69
179 0 69
180 0 68
181 0 68
182 0 68
183 0 69
184 0 69
185 0 68
186 0 68
187 0 68
188 0 68
189 0 69
190 0 68
191 0 68
192 0 68
193 0 68
194 0 67
195 0 67
196 0 69
197 0 69
198 0 69
199 0 68
200 0 68
201 0 67
202 0 69
203 0 69
204 0 68
205 0 68
206 0 68
207 0 69
208 0 69
209 0 68
210 0 68
211 0 68
212 0 68
213 0 69
214 0 68
215 0 68
216 0 68
217 0 68
218 0 67
219 0 67
220 0 68
221 0 68
222 0 68
223 0 68
224 0 68
225 0 67
226 0 68
227 0 68
228 0 67
229 0 67
230 0 68
231 0 68
232 0 68
233 0 68
234 0 68
235 0 67
236 0 68
237 0 68
238 0 67
239 0 67
240 0 67
241 0 68
242 0 68
243 0 67
244 0 67
245 0 68
246 0 68
247 0 67
248 0 67
249 0 67
250 0 68
251 0 68
252 0 67
253 0 67
254 0 67
255 0 67
256 0 67
257 0 67
258 0 67
259 0 67
260 0 67
261 0 67
262 0 67
263 0 69
264 0 69
265 0 69
266 0 69
267 0 69
268 0 68
269 0 69
270 0 69
271 0 68
272 0 68
273 0 69
274 0 69
275 0 69
276 0 69
277 0 69
278 0 68
279 0 69
280 0 69
281 0 68
282 0 68
283 0 68
284 0 69
285 0 69
286 0 68
287 0 68
288 0 68
289 0 68
290 0 68
291 0 68
292 0 68
293 0 68
294 0 68
295 0 68
296 0 67
297 0 69
298 0 69
299 0 68
300 0 68
301 0 68
302 0 69
303 0 69
304 0 68
305 0 68
306 0 68
307 0 68
308 0 68
309 0 68
310 0 68
311 0 68
312 0 68
313 0 68
314 0 68
315 0 69
316 0 69
317 0 69
318 0 69
319 0 69
320 0 68
321 0 69
322 0 69
323 0 68
324 0 68
325 0 69
326 0 69
327 0 69
328 0 69
329 0 69
330 0 68
331 0 69
332 0 69
333 0 68
334 0 68
335 0 68
336 0 69
337 0 69
338 0 68
339 0 68
340 0 68
341 0 68
342 0 68
343 0 68
344 0 68
345 0 68
346 0 68
347 0 68
348 0 67
349 0 69
350 0 69
351 0 68
352 0 68
353 0 68
354 0 69
355 0 69
356 0 68
357 0 68
358 0 68
359 0 68
360 0 68
361 0 68
362 0 68
363 0 68
364 0 68
365 0 67
366 0 67
367 0 68
368 0 68
369 0 68
370 0 68
371 0 68
372 0 67
373 0 69
374 0 69
375 0 68
376 0 68
377 0 68
378 0 69
379 0 69
380 0 68
381 0 68
382 0 68
383 0 68
384 0 69
385 0 68
386 0 68
387 0 68
388 0 68
389 0 67
390 0 67
391 0 68
392 0 68
393 0 68
394 0 68
395 0 68
396 0 67
397 0 68
398 0 68
399 0 67
400 0 67
401 0 68
402 0 68
403 0 68
404 0 68
405 0 68
406 0 67
407 0 68
408 0 68
409 0 68
410 0 68
411 0 68
412 0 67
413 0 68
414 0 68
415 0 67
416 0 67
417 0 68
418 0 68
419 0 68
420 0 68
421 0 68
422 0 67
423 0 68
424 0 68
425 0 67
426 0 67
427 0 67
428 0 68
429 0 68
430 0 67
431 0 67
432 0 67
433 0 67
434 0 67
435 0 67
436 0 67
437 0 67
438 0 67
439 0 68
440 0 67
441 0 69
442 0 69
443 0 68
444 0 68
445 0 68
446 0 69
447 0 69
448 0 68
449 0 68
450 0 68
451 0 68
452 0 68
453 0 68
454 0 68
455 0 68
456 0 68
457 0 67
458 0 67
459 0 68
460 0 69
461 0 68
462 0 68
463 0 68
464 0 67
465 0 69
466 0 69
467 0 68
468 0 68
469 0 68
470 0 69
471 0 69
472 0 68
473 0 68
474 0 68
475 0 68
476 0 68
477 0 68
478 0 68
479 0 68
480 0 68
481 0 67
482 0 67
483 0 68
484 0 68
485 0 68
486 0 68
487 0 68
488 0 67
489 0 68
490 0 68
491 0 67
492 0 67
493 0 68
494 0 68
495 0 68
496 0 68
497 0 68
498 0 67
499 0 68
500 0 68
501 0 68
502 0 68
503 0 67
504 0 68
505 0 68
506 0 68
507 0 68
508 0 68
509 0 68
510 0 68
511 0 68
512 0 67
513 0 68
514 0 68
515 0 68
516 0 68
517 0 67
518 0 68
519 0 67
520 0 67
521 0 67
522 0 67
523 0 67
524 0 67
525 0 67
526 0 68
527 0 68
528 0 68
529 0 68
530 0 68
531 0 67
532 0 68
533 0 68
534 0 67
535 0 67
536 0 68
537 0 68
538 0 68
539 0 68
540 0 68
541 0 67
542 0 68
543 0 68
544 0 67
545 0 67
546 0 67
547 0 68
548 0 68
549 0 67
550 0 67
551 0 67
552 0 68
553 0 67
554 0 67
555 0 68
556 0 67
557 0 67
558 0 67
559 0 66
560 0 69
561 0 69
562 0 68
563 0 68
564 0 68
565 0 69
566 0 69
567 0 68
568 0 68
569 0 68
570 0 68
571 0 68
572 0 68
573 0 68
574 0 68
575 0 68
576 0 67
577 0 67
578 0 68
579 0 69
580 0 68
581 0 68
582 0 68
583 0 67
584 0 69
585 0 69
586 0 68
587 0 68
588 0 68
589 0 69
590 0 69
591 0 68
592 0 68
593 0 68
594 0 68
595 0 68
596 0 68
597 0 68
598 0 68
599 0 68
600 0 67
601 0 67
602 0 68
603 0 69
604 0 68
605 0 68
606 0 68
607 0 68
608 0 68
609 0 68
610 0 68
611 0 68
612 0 68
613 0 69
614 0 68
615 0 69
616 0 69
617 0 68
618 0 68
619 0 68
620 0 68
621 0 68
622 0 67
623 0 68
624 0 68
625 0 68
626 0 68
627 0 68
628 0 68
629 0 68
630 0 68
631 0 67
632 0 68
633 0 68
634 0 68
635 0 68
636 0 67
637 0 68
638 0 67
639 0 67
640 0 67
641 0 67
642 0 67
643 0 67
644 0 67
645 0 68
646 0 68
647 0 68
648 0 68
649 0 68
650 0 67
651 0 68
652 0 68
653 0 67
654 0 67
655 0 68
656 0 68
657 0 68
658 0 68
659 0 68
660 0 67
661 0 68
662 0 68
663 0 68
664 0 68
665 0 67
666 0 68
667 0 68
668 0 68
669 0 68
670 0 68
671 0 68
672 0 68
673 0 68
674 0 68
675 0 68
676 0 67
677 0 67
678 0 66
679 0 68
680 0 68
681 0 68
682 0 68
683 0 68
684 0 68
685 0 68
686 0 68
687 0 68
688 0 67
689 0 67
690 0 68
691 0 67
692 0 67
693 0 67
694 0 67
695 0 66
696 0 66
697 0 68
698 0 68
699 0 68
700 0 68
701 0 68
702 0 67
703 0 68
704 0 68
705 0 67
706 0 67
707 0 68
708 0 68
709 0 68
710 0 68
711 0 68
712 0 67
713 0 68
714 0 68
715 0 68
716 0 68
717 0 67
718 0 68
719 0 68
720 0 68
721 0 68
722 0 68
723 0 68
724 0 68
725 0 68
726 0 68
727 0 68
728 0 67
729 0 67
730 0 66
731 0 68
732 0 68
733 0 68
734 0 68
735 0 68
736 0 67
737 0 68
738 0 68
739 0 67
740 0 67
741 0 68
742 0 68
743 0 68
744 0 68
745 0 68
746 0 67
747 0 68
748 0 68
749 0 68
750 0 68
751 0 67
752 0 68
753 0 68
754 0 68
755 0 68
756 0 68
757 0 68
758 0 68
759 0 68
760 0 68
761 0 68
762 0 67
763 0 67
764 0 66
765 0 68
766 0 68
767 0 68
768 0 68
769 0 68
770 0 68
771 0 68
772 0 68
773 0 68
774 0 67
775 0 67
776 0 68
777 0 67
778 0 67
779 0 67
780 0 67
781 0 66
782 0 66
783 0 68
784 0 68
785 0 68
786 0 68
787 0 68
788 0 67
789 0 68
790 0 68
791 0 67
792 0 67
793 0 68
794 0 68
795 0 68
796 0 68
797 0 68
798 0 67
799 0 68
800 0 68
801 0 68
802 0 68
803 0 67
804 0 68
805 0 68
806 0 68
807 0 68
808 0 68
809 0 68
810 0 68
811 0 68
812 0 68
813 0 68
814 0 67
815 0 67
816 0 66
817 0 68
818 0 68
819 0 67
820 0 67
821 0 67
822 0 68
823 0 68
824 0 67
825 0 67
826 0 67
827 0 67
828 0 68
829 0 67
830 0 67
831 0 67
832 0 67
833 0 66
834 0 66
835 0 68
836 0 68
837 0 68
838 0 67
839 0 67
840 0 66
841 0 68
842 0 68
843 0 67
844 0 67
845 0 67
846 0 68
847 0 68
848 0 67
849 0 67
850 0 67
851 0 67
852 0 68
853 0 67
854 0 67
855 0 67
856 0 67
857 0 66
858 0 66
859 0 67
860 0 67
861 0 67
862 0 67
863 0 67
864 0 66
865 0 67
866 0 67
867 0 66
868 0 66
869 0 67
870 0 67
871 0 67
872 0 67
873 0 67
874 0 66
875 0 67
876 0 67
877 0 67
878 0 67
879 0 67
880 0 66
881 0 67
882 0 67
883 0 66
884 0 66
885 0 67
886 0 67
887 0 67
888 0 67
889 0 67
890 0 66
891 0 67
892 0 67
893 0 66
894 0 66
895 0 66
896 0 68
897 0 68
898 0 66
899 0 66
900 0 67
901 0 67
902 0 67
903 0 67
904 0 67
905 0 67
906 0 67
907 0 67
908 0 66
909 0 69
910 0 69
911 0 68
912 0 68
913 0 68
914 0 69
915 0 69
916 0 68
917 0 68
918 0 68
919 0 68
920 0 68
921 0 68
922 0 68
923 0 68
924 0 68
925 0 67
926 0 67
927 0 68
928 0 69
929 0 68
930 0 68
931 0 68
932 0 67
933 0 69
934 0 69
935 0 68
936 0 68
937 0 68
938 0 69
939 0 69
940 0 68
941 0 68
942 0 68
943 0 68
944 0 68
945 0 68
946 0 68
947 0 68
948 0 68
949 0 67
950 0 67
951 0 68
952 0 69
953 0 68
954 0 68
955 0 68
956 0 68
957 0 68
958 0 68
959 0 68
960 0 68
961 0 68
962 0 69
963 0 68
964 0 69
965 0 69
966 0 68
967 0 68
968 0 68
969 0 68
970 0 68
971 0 67
972 0 68
973 0 68
974 0 68
975 0 68
976 0 68
977 0 68
978 0 68
979 0 68
980 0 67
981 0 68
982 0 68
983 0 68
984 0 68
985 0 67
986 0 68
987 0 67
988 0 67
989 0 67
990 0 67
991 0 67
992 0 67
993 0 67
994 0 68
995 0 69
996 0 68
997 0 69
998 0 69
999 0 68
1000 0 69
1001 0 69
1002 0 68
1003 0 68
1004 0 68
1005 0 69
1006 0 68
1007 0 69
1008 0 69
1009 0 68
1010 0 68
1011 0 68
1012 0 68
1013 0 68
1014 0 67
1015 0 68
1016 0 68
1017 0 68
1018 0 68
1019 0 67
1020 0 68
1021 0 67
1022 0 67
1023 0 68
1024 0 67
1025 0 67
1026 0 67
1027 0 66
1028 0 69
1029 0 69
1030 0 68
1031 0 68
1032 0 68
1033 0 69
1034 0 69
1035 0 68
1036 0 68
1037 0 68
1038 0 68
1039 0 68
1040 0 68
1041 0 68
1042 0 68
1043 0 68
1044 0 67
1045 0 67
1046 0 68
1047 0 69
1048 0 68
1049 0 68
1050 0 68
1051 0 67
1052 0 69
1053 0 69
1054 0 68
1055 0 68
1056 0 68
1057 0 69
1058 0 69
1059 0 68
1060 0 68
1061 0 68
1062 0 68
1063 0 68
1064 0 68
1065 0 68
1066 0 68
1067 0 68
1068 0 67
1069 0 67
1070 0 68
1071 0 69
1072 0 68
1073 0 68
1074 0 68
1075 0 68
1076 0 68
1077 0 68
1078 0 68
1079 0 68
1080 0 68
1081 0 69
1082 0 68
1083 0 69
1084 0 69
1085 0 68
1086 0 68
1087 0 68
1088 0 68
1089 0 68
1090 0 67
1091 0 68
1092 0 68
1093 0 68
1094 0 68
1095 0 68
1096 0 68
1097 0 68
1098 0 68
1099 0 67
1100 0 68
1101 0 68
1102 0 68
1103 0 68
1104 0 67
1105 0 68
1106 0 67
1107 0 67
1108 0 67
1109 0 67
1110 0 67
1111 0 67
1112 0 67
1113 0 68
1114 0 68
1115 0 68
1116 0 68
1117 0 68
1118 0 67
1119 0 68
1120 0 68
1121 0 67
1122 0 67
1123 0 68
1124 0 68
1125 0 68
1126 0 68
1127 0 68
1128 0 67
1129 0 68
1130 0 68
1131 0 67
1132 0 67
1133 0 67
1134 0 68
1135 0 68
1136 0 67
1137 0 67
1138 0 67
1139 0 68
1140 0 67
1141 0 67
1142 0 68
1143 0 67
1144 0 67
1145 0 67
1146 0 66
1147 0 68
1148 0 68
1149 0 67
1150 0 67
1151 0 67
1152 0 68
1153 0 68
1154 0 67
1155 0 67
1156 0 67
1157 0 67
1158 0 67
1159 0 67
1160 0 67
1161 0 67
1162 0 67
1163 0 66
1164 0 66
1165 0 68
1166 0 68
1167 0 68
1168 0 68
1169 0 68
1170 0 67
1171 0 68
1172 0 68
1173 0 67
1174 0 67
1175 0 68
1176 0 68
1177 0 68
1178 0 68
1179 0 68
1180 0 67
1181 0 68
1182 0 68
1183 0 68
1184 0 68
1185 0 67
1186 0 68
1187 0 68
1188 0 68
1189 0 68
1190 0 67
1191 0 68
1192 0 67
1193 0 67
1194 0 68
1195 0 67
1196 0 67
1197 0 67
1198 0 66
1199 0 68
1200 0 68
1201 0 67
1202 0 67
1203 0 67
1204 0 68
1205 0 68
1206 0 67
1207 0 67
1208 0 67
1209 0 67
1210 0 68
1211 0 67
1212 0 67
1213 0 67
1214 0 67
1215 0 66
1216 0 66
1217 0 68
1218 0 68
1219 0 68
1220 0 67
1221 0 67
1222 0 66
1223 0 68
1224 0 68
1225 0 67
1226 0 67
1227 0 67
1228 0 68
1229 0 68
1230 0 67
1231 0 67
1232 0 67
1233 0 67
1234 0 68
1235 0 67
1236 0 67
1237 0 67
1238 0 67
1239 0 66
1240 0 66
1241 0 68
1242 0 68
1243 0 67
1244 0 67
1245 0 67
1246 0 68
1247 0 68
1248 0 67
1249 0 67
1250 0 67
1251 0 67
1252 0 68
1253 0 67
1254 0 67
1255 0 67
1256 0 67
1257 0 66
1258 0 66
1259 0 68
1260 0 68
1261 0 68
1262 0 67
1263 0 67
1264 0 66
1265 0 68
1266 0 68
1267 0 67
1268 0 67
1269 0 67
1270 0 68
1271 0 68
1272 0 67
1273 0 67
1274 0 67
1275 0 67
1276 0 68
1277 0 67
1278 0 67
1279 0 67
1280 0 67
1281 0 66
1282 0 66
1283 0 67
1284 0 67
1285 0 67
1286 0 67
1287 0 67
1288 0 66
1289 0 67
1290 0 67
1291 0 66
1292 0 66
1293 0 67
1294 0 67
1295 0 67
1296 0 67
1297 0 67
1298 0 66
1299 0 67
1300 0 68
1301 0 66
1302 0 66
1303 0 66
1304 0 67
1305 0 68
1306 0 66
1307 0 66
1308 0 67
1309 0 68
1310 0 66
1311 0 66
1312 0 66
1313 0 67
1314 0 68
1315 0 66
1316 0 66
1317 0 66
1318 0 66
1319 0 66
1320 0 67
1321 0 67
1322 0 67
1323 0 67
1324 0 66
1325 0 66
1326 0 69
1327 0 69
1328 0 69
1329 0 69
1330 0 69
1331 0 68
1332 0 69
1333 0 69
1334 0 68
1335 0 68
1336 0 69
1337 0 69
1338 0 69
1339 0 69
1340 0 69
1341 0 68
1342 0 69
1343 0 69
1344 0 68
1345 0 68
1346 0 68
1347 0 69
1348 0 69
1349 0 68
1350 0 68
1351 0 68
1352 0 68
1353 0 68
1354 0 68
1355 0 68
1356 0 68
1357 0 68
1358 0 68
1359 0 68
1360 0 69
1361 0 69
1362 0 68
1363 0 68
1364 0 68
1365 0 69
1366 0 69
1367 0 68
1368 0 68
1369 0 68
1370 0 68
1371 0 68
1372 0 68
1373 0 68
1374 0 68
1375 0 68
1376 0 67
1377 0 67
1378 0 69
1379 0 69
1380 0 69
1381 0 69
1382 0 69
1383 0 68
1384 0 69
1385 0 69
1386 0 68
1387 0 68
1388 0 69
1389 0 69
1390 0 69
1391 0 69
1392 0 69
1393 0 68
1394 0 69
1395 0 69
1396 0 68
1397 0 68
1398 0 68
1399 0 69
1400 0 69
1401 0 68
1402 0 68
1403 0 68
1404 0 68
1405 0 68
1406 0 68
1407 0 68
1408 0 68
1409 0 68
1410 0 68
1411 0 68
1412 0 69
1413 0 69
1414 0 68
1415 0 68
1416 0 68
1417 0 69
1418 0 69
1419 0 68
1420 0 68
1421 0 68
1422 0 68
1423 0 68
1424 0 68
1425 0 68
1426 0 68
1427 0 68
1428 0 67
1429 0 67
1430 0 68
1431 0 68
1432 0 68
1433 0 68
1434 0 68
1435 0 67
1436 0 69
1437 0 69
1438 0 68
1439 0 68
1440 0 68
1441 0 69
1442 0 69
1443 0 68
1444 0 68
1445 0 68
1446 0 68
1447 0 69
1448 0 68
1449 0 68
1450 0 68
1451 0 68
1452 0 67
1453 0 67
1454 0 68
1455 0 68
1456 0 68
1457 0 68
1458 0 68
1459 0 67
1460 0 68
1461 0 68
1462 0 67
1463 0 67
1464 0 68
1465 0 68
1466 0 68
1467 0 68
1468 0 68
1469 0 67
1470 0 68
1471 0 68
1472 0 68
1473 0 68
1474 0 68
1475 0 67
1476 0 68
1477 0 68
1478 0 67
1479 0 67
1480 0 68
1481 0 68
1482 0 68
1483 0 68
1484 0 68
1485 0 67
1486 0 68
1487 0 68
1488 0 67
1489 0 67
1490 0 67
1491 0 68
1492 0 68
1493 0 67
1494 0 67
1495 0 67
1496 0 67
1497 0 67
1498 0 67
1499 0 67
1500 0 67
1501 0 67
1502 0 68
1503 0 67
1504 0 69
1505 0 69
1506 0 68
1507 0 68
1508 0 68
1509 0 69
1510 0 69
1511 0 68
1512 0 68
1513 0 68
1514 0 68
1515 0 69
1516 0 68
1517 0 68
1518 0 68
1519 0 68
1520 0 67
1521 0 67
1522 0 69
1523 0 69
1524 0 69
1525 0 68
1526 0 68
1527 0 67
1528 0 69
1529 0 69
1530 0 68
1531 0 68
1532 0 68
1533 0 69
1534 0 69
1535 0 68
1536 0 68
1537 0 68
1538 0 68
1539 0 69
1540 0 68
1541 0 68
1542 0 68
1543 0 68
1544 0 67
1545 0 67
1546 0 68
1547 0 68
1548 0 68
1549 0 68
1550 0 68
1551 0 67
1552 0 68
1553 0 68
1554 0 67
1555 0 67
1556 0 68
1557 0 68
1558 0 68
1559 0 68
1560 0 68
1561 0 67
1562 0 68
1563 0 68
1564 0 67
1565 0 67
1566 0 67
1567 0 68
1568 0 68
1569 0 67
1570 0 67
1571 0 68
1572 0 68
1573 0 67
1574 0 67
1575 0 67
1576 0 68
1577 0 68
1578 0 67
1579 0 67
1580 0 67
1581 0 67
1582 0 67
1583 0 68
1584 0 68
1585 0 68
1586 0 68
1587 0 67
1588 0 67
1589 0 69
1590 0 69
1591 0 69
1592 0 69
1593 0 69
1594 0 68
1595 0 69
1596 0 69
1597 0 68
1598 0 68
1599 0 69
1600 0 69
1601 0 69
1602 0 69
1603 0 69
1604 0 68
1605 0 69
1606 0 69
1607 0 68
1608 0 68
1609 0 68
1610 0 69
1611 0 69
1612 0 68
1613 0 68
1614 0 68
1615 0 68
1616 0 68
1617 0 68
1618 0 68
1619 0 68
1620 0 68
1621 0 68
1622 0 68
1623 0 69
1624 0 69
1625 0 68
1626 0 68
1627 0 68
1628 0 69
1629 0 69
1630 0 68
1631 0 68
1632 0 68
1633 0 68
1634 0 68
1635 0 68
1636 0 68
1637 0 68
1638 0 68
1639 0 68
1640 0 68
1641 0 69
1642 0 69
1643 0 69
1644 0 69
1645 0 69
1646 0 68
1647 0 69
1648 0 69
1649 0 68
1650 0 68
1651 0 69
1652 0 69
1653 0 69
1654 0 69
1655 0 69
1656 0 68
1657 0 69
1658 0 69
1659 0 68
1660 0 68
1661 0 68
1662 0 69
1663 0 69
1664 0 68
1665 0 68
1666 0 68
1667 0 68
1668 0 68
1669 0 68
1670 0 68
1671 0 68
1672 0 68
1673 0 68
1674 0 68
1675 0 69
1676 0 69
1677 0 68
1678 0 68
1679 0 68
1680 0 69
1681 0 69
1682 0 68
1683 0 68
1684 0 68
1685 0 68
1686 0 68
1687 0 68
1688 0 68
1689 0 68
1690 0 68
1691 0 67
1692 0 67
1693 0 68
1694 0 68
1695 0 68
1696 0 68
1697 0 68
1698 0 67
1699 0 69
1700 0 69
1701 0 68
1702 0 68
1703 0 68
1704 0 69
1705 0 69
1706 0 68
1707 0 68
1708 0 68
1709 0 68
1710 0 69
1711 0 68
1712 0 68
1713 0 68
1714 0 68
1715 0 67
1716 0 67
1717 0 68
1718 0 68
1719 0 68
1720 0 68
1721 0 68
1722 0 67
1723 0 68
1724 0 68
1725 0 67
1726 0 67
1727 0 68
1728 0 68
1729 0 68
1730 0 68
1731 0 68
1732 0 67
1733 0 68
1734 0 68
1735 0 68
1736 0 68
1737 0 68
1738 0 67
1739 0 68
1740 0 68
1741 0 67
1742 0 67
1743 0 68
1744 0 68
1745 0 68
1746 0 68
1747 0 68
1748 0 67
1749 0 68
1750 0 68
1751 0 67
1752 0 67
1753 0 67
1754 0 68
1755 0 68
1756 0 67
1757 0 67
1758 0 67
1759 0 67
1760 0 67
1761 0 67
1762 0 67
1763 0 67
1764 0 67
1765 0 68
1766 0 67
1767 0 69
1768 0 69
1769 0 68
1770 0 68
1771 0 68
1772 0 69
1773 0 69
1774 0 68
1775 0 68
1776 0 68
1777 0 68
1778 0 69
1779 0 68
1780 0 68
1781 0 68
1782 0 68
1783 0 67
1784 0 67
1785 0 69
1786 0 69
1787 0 69
1788 0 68
1789 0 68
1790 0 67
1791 0 69
1792 0 69
1793 0 68
1794 0 68
1795 0 68
1796 0 69
1797 0 69
1798 0 68
1799 0 68
1800 0 68
1801 0 68
1802 0 69
1803 0 68
1804 0 68
1805 0 68
1806 0 68
1807 0 67
1808 0 67
1809 0 68
1810 0 68
1811 0 68
1812 0 68
1813 0 68
1814 0 67
1815 0 68
1816 0 68
1817 0 67
1818 0 67
1819 0 68
1820 0 68
1821 0 68
1822 0 68
1823 0 68
1824 0 67
1825 0 68
1826 0 68
1827 0 68
1828 0 68
1829 0 68
1830 0 68
1831 0 68
1832 0 68
1833 0 68
1834 0 68
1835 0 68
1836 0 68
1837 0 68
1838 0 68
1839 0 68
1840 0 68
1841 0 68
1842 0 68
1843 0 68
1844 0 68
1845 0 68
1846 0 67
1847 0 67
1848 0 67
1849 0 67
1850 0 67
1851 0 67
1852 0 68
1853 0 68
1854 0 68
1855 0 68
1856 0 68
1857 0 67
1858 0 68
1859 0 68
1860 0 67
1861 0 67
1862 0 68
1863 0 68
1864 0 68
1865 0 68
1866 0 68
1867 0 67
1868 0 68
1869 0 68
1870 0 67
1871 0 67
1872 0 67
1873 0 68
1874 0 68
1875 0 67
1876 0 67
1877 0 68
1878 0 68
1879 0 68
1880 0 68
1881 0 68
1882 0 68
1883 0 67
1884 0 67
1885 0 66
1886 0 69
1887 0 69
1888 0 68
1889 0 68
1890 0 68
1891 0 69
1892 0 69
1893 0 68
1894 0 68
1895 0 68
1896 0 68
1897 0 69
1898 0 68
1899 0 68
1900 0 68
1901 0 68
1902 0 67
1903 0 67
1904 0 69
1905 0 69
1906 0 69
1907 0 68
1908 0 68
1909 0 67
1910 0 69
1911 0 69
1912 0 68
1913 0 68
1914 0 68
1915 0 69
1916 0 69
1917 0 68
1918 0 68
1919 0 68
1920 0 68
1921 0 69
1922 0 68
1923 0 68
1924 0 68
1925 0 68
1926 0 67
1927 0 67
1928 0 69
1929 0 69
1930 0 69
1931 0 68
1932 0 68
1933 0 68
1934 0 68
1935 0 68
1936 0 68
1937 0 68
1938 0 69
1939 0 69
1940 0 69
1941 0 69
1942 0 69
1943 0 68
1944 0 68
1945 0 68
1946 0 68
1947 0 68
1948 0 68
1949 0 68
1950 0 68
1951 0 68
1952 0 68
1953 0 68
1954 0 68
1955 0 68
1956 0 68
1957 0 68
1958 0 68
1959 0 68
1960 0 68
1961 0 68
1962 0 68
1963 0 68
1964 0 68
1965 0 67
1966 0 67
1967 0 67
1968 0 67
1969 0 67
1970 0 67
1971 0 68
1972 0 68
1973 0 68
1974 0 68
1975 0 68
1976 0 67
1977 0 68
1978 0 68
1979 0 67
1980 0 67
1981 0 68
1982 0 68
1983 0 68
1984 0 68
1985 0 68
1986 0 67
1987 0 68
1988 0 68
1989 0 68
1990 0 68
1991 0 67
1992 0 68
1993 0 68
1994 0 68
1995 0 68
1996 0 68
1997 0 68
1998 0 68
1999 0 68
2000 0 68
2001 0 68
2002 0 67
2003 0 67
2004 0 66
2005 0 68
2006 0 68
2007 0 68
2008 0 68
2009 0 68
2010 0 68
2011 0 68
2012 0 68
2013 0 68
2014 0 67
2015 0 67
2016 0 68
2017 0 67
2018 0 67
2019 0 67
2020 0 67
2021 0 66
2022 0 66
2023 0 68
2024 0 68
2025 0 68
2026 0 68
2027 0 68
2028 0 67
2029 0 68
2030 0 68
2031 0 67
2032 0 67
2033 0 68
2034 0 68
2035 0 68
2036 0 68
2037 0 68
2038 0 67
2039 0 68
2040 0 68
2041 0 68
2042 0 68
2043 0 67
2044 0 68
2045 0 68
2046 0 68
2047 0 68
2048 0 68
2049 0 68
2050 0 68
2051 0 68
2052 0 68
2053 0 68
2054 0 67
2055 0 67
2056 0 66
2057 0 68
2058 0 68
2059 0 68
2060 0 68
2061 0 68
2062 0 67
2063 0 68
2064 0 68
2065 0 67
2066 0 67
2067 0 68
2068 0 68
2069 0 68
2070 0 68
2071 0 68
2072 0 67
2073 0 68
2074 0 68
2075 0 68
2076 0 68
2077 0 67
2078 0 68
2079 0 68
2080 0 68
2081 0 68
2082 0 68
2083 0 68
2084 0 68
2085 0 68
2086 0 68
2087 0 68
2088 0 67
2089 0 67
2090 0 66
2091 0 68
2092 0 68
2093 0 68
2094 0 68
2095 0 68
2096 0 68
2097 0 68
2098 0 68
2099 0 68
2100 0 67
2101 0 67
2102 0 68
2103 0 67
2104 0 67
2105 0 67
2106 0 67
2107 0 66
2108 0 66
2109 0 68
2110 0 68
2111 0 68
2112 0 68
2113 0 68
2114 0 67
2115 0 68
2116 0 68
2117 0 67
2118 0 67
2119 0 68
2120 0 68
2121 0 68
2122 0 68
2123 0 68
2124 0 67
2125 0 68
2126 0 68
2127 0 68
2128 0 68
2129 0 67
2130 0 68
2131 0 68
2132 0 68
2133 0 68
2134 0 68
2135 0 68
2136 0 68
2137 0 68
2138 0 68
2139 0 68
2140 0 67
2141 0 67
2142 0 66
2143 0 68
2144 0 68
2145 0 67
2146 0 67
2147 0 67
2148 0 68
2149 0 68
2150 0 67
2151 0 67
2152 0 67
2153 0 67
2154 0 68
2155 0 67
2156 0 67
2157 0 67
2158 0 67
2159 0 66
2160 0 66
2161 0 68
2162 0 68
2163 0 68
2164 0 67
2165 0 67
2166 0 66
2167 0 68
2168 0 68
2169 0 67
2170 0 67
2171 0 67
2172 0 68
2173 0 68
2174 0 67
2175 0 67
2176 0 67
2177 0 67
2178 0 68
2179 0 67
2180 0 67
2181 0 67
2182 0 67
2183 0 66
2184 0 66
2185 0 67
2186 0 67
2187 0 67
2188 0 67
2189 0 67
2190 0 66
2191 0 67
2192 0 67
2193 0 66
2194 0 66
2195 0 67
2196 0 67
2197 0 67
2198 0 67
2199 0 67
2200 0 66
2201 0 67
2202 0 67
2203 0 67
2204 0 67
2205 0 67
2206 0 66
2207 0 67
2208 0 67
2209 0 66
2210 0 66
2211 0 67
2212 0 67
2213 0 67
2214 0 67
2215 0 67
2216 0 66
2217 0 67
2218 0 67
2219 0 66
2220 0 66
2221 0 66
2222 0 68
2223 0 68
2224 0 66
2225 0 66
2226 0 67
2227 0 67
2228 0 67
2229 0 67
2230 0 67
2231 0 67
2232 0 67
2233 0 67
2234 0 66
2235 0 69
2236 0 69
2237 0 69
2238 0 68
2239 0 69
2240 0 68
2241 0 69
2242 0 69
2243 0 69
2244 0 68
2245 0 69
2246 0 68
2247 0 68
2248 0 69
2249 0 68
2250 0 68
2251 0 68
2252 0 68
2253 0 68
2254 0 68
2255 0 67
2256 0 69
2257 0 68
2258 0 68
2259 0 69
2260 0 68
2261 0 68
2262 0 68
2263 0 68
2264 0 68
2265 0 67
2266 0 69
2267 0 69
2268 0 69
2269 0 68
2270 0 69
2271 0 68
2272 0 69
2273 0 69
2274 0 69
2275 0 68
2276 0 69
2277 0 68
2278 0 68
2279 0 69
2280 0 68
2281 0 68
2282 0 68
2283 0 68
2284 0 68
2285 0 68
2286 0 67
2287 0 69
2288 0 68
2289 0 68
2290 0 69
2291 0 68
2292 0 68
2293 0 68
2294 0 68
2295 0 68
2296 0 67
2297 0 68
2298 0 68
2299 0 68
2300 0 67
2301 0 69
2302 0 68
2303 0 68
2304 0 69
2305 0 68
2306 0 68
2307 0 69
2308 0 68
2309 0 68
2310 0 67
2311 0 68
2312 0 68
2313 0 68
2314 0 67
2315 0 68
2316 0 67
2317 0 68
2318 0 68
2319 0 68
2320 0 67
2321 0 68
2322 0 68
2323 0 68
2324 0 67
2325 0 68
2326 0 67
2327 0 68
2328 0 68
2329 0 68
2330 0 67
2331 0 68
2332 0 67
2333 0 67
2334 0 68
2335 0 67
2336 0 67
2337 0 67
2338 0 67
2339 0 67
2340 0 67
2341 0 67
2342 0 69
2343 0 68
2344 0 68
2345 0 69
2346 0 68
2347 0 68
2348 0 69
2349 0 68
2350 0 68
2351 0 67
2352 0 69
2353 0 69
2354 0 68
2355 0 67
2356 0 69
2357 0 68
2358 0 68
2359 0 69
2360 0 68
2361 0 68
2362 0 69
2363 0 68
2364 0 68
2365 0 67
2366 0 68
2367 0 68
2368 0 68
2369 0 67
2370 0 68
2371 0 67
2372 0 68
2373 0 68
2374 0 68
2375 0 67
2376 0 68
2377 0 67
2378 0 67
2379 0 68
2380 0 67
2381 0 68
2382 0 67
2383 0 67
2384 0 68
2385 0 67
2386 0 67
2387 0 67
2388 0 67
2389 0 67
2390 0 67
2391 0 69
2392 0 69
2393 0 69
2394 0 68
2395 0 69
2396 0 68
2397 0 69
2398 0 69
2399 0 69
2400 0 68
2401 0 69
2402 0 68
2403 0 68
2404 0 69
2405 0 68
2406 0 68
2407 0 68
2408 0 68
2409 0 68
2410 0 68
2411 0 67
2412 0 69
2413 0 68
2414 0 68
2415 0 69
2416 0 68
2417 0 68
2418 0 68
2419 0 68
2420 0 68
2421 0 68
2422 0 69
2423 0 69
2424 0 69
2425 0 68
2426 0 69
2427 0 68
2428 0 69
2429 0 69
2430 0 69
2431 0 68
2432 0 69
2433 0 68
2434 0 68
2435 0 69
2436 0 68
2437 0 68
2438 0 68
2439 0 68
2440 0 68
2441 0 68
2442 0 67
2443 0 69
2444 0 68
2445 0 68
2446 0 69
2447 0 68
2448 0 68
2449 0 68
2450 0 68
2451 0 68
2452 0 67
2453 0 68
2454 0 68
2455 0 68
2456 0 67
2457 0 69
2458 0 68
2459 0 68
2460 0 69
2461 0 68
2462 0 68
2463 0 69
2464 0 68
2465 0 68
2466 0 67
2467 0 68
2468 0 68
2469 0 68
2470 0 67
2471 0 68
2472 0 67
2473 0 68
2474 0 68
2475 0 68
2476 0 67
2477 0 68
2478 0 68
2479 0 68
2480 0 67
2481 0 68
2482 0 67
2483 0 68
2484 0 68
2485 0 68
2486 0 67
2487 0 68
2488 0 67
2489 0 67
2490 0 68
2491 0 67
2492 0 67
2493 0 67
2494 0 67
2495 0 67
2496 0 67
2497 0 67
2498 0 69
2499 0 68
2500 0 68
2501 0 69
2502 0 68
2503 0 68
2504 0 68
2505 0 68
2506 0 68
2507 0 67
2508 0 68
2509 0 68
2510 0 68
2511 0 67
2512 0 69
2513 0 68
2514 0 68
2515 0 69
2516 0 68
2517 0 68
2518 0 68
2519 0 68
2520 0 68
2521 0 67
2522 0 68
2523 0 68
2524 0 68
2525 0 67
2526 0 68
2527 0 67
2528 0 68
2529 0 68
2530 0 68
2531 0 67
2532 0 68
2533 0 68
2534 0 67
2535 0 68
2536 0 68
2537 0 68
2538 0 68
2539 0 67
2540 0 68
2541 0 68
2542 0 67
2543 0 67
2544 0 67
2545 0 67
2546 0 67
2547 0 68
2548 0 68
2549 0 68
2550 0 67
2551 0 68
2552 0 67
2553 0 68
2554 0 68
2555 0 68
2556 0 67
2557 0 68
2558 0 67
2559 0 67
2560 0 68
2561 0 67
2562 0 67
2563 0 67
2564 0 67
2565 0 67
2566 0 67
2567 0 66
2568 0 69
2569 0 68
2570 0 68
2571 0 69
2572 0 68
2573 0 68
2574 0 68
2575 0 68
2576 0 68
2577 0 67
2578 0 68
2579 0 68
2580 0 68
2581 0 67
2582 0 69
2583 0 68
2584 0 68
2585 0 69
2586 0 68
2587 0 68
2588 0 68
2589 0 68
2590 0 68
2591 0 67
2592 0 68
2593 0 68
2594 0 68
2595 0 68
2596 0 68
2597 0 68
2598 0 68
2599 0 68
2600 0 69
2601 0 68
2602 0 68
2603 0 68
2604 0 67
2605 0 68
2606 0 68
2607 0 68
2608 0 68
2609 0 67
2610 0 68
2611 0 68
2612 0 67
2613 0 67
2614 0 67
2615 0 67
2616 0 67
2617 0 68
2618 0 68
2619 0 68
2620 0 67
2621 0 68
2622 0 67
2623 0 68
2624 0 68
2625 0 68
2626 0 67
2627 0 68
2628 0 68
2629 0 67
2630 0 68
2631 0 68
2632 0 68
2633 0 68
2634 0 68
2635 0 68
2636 0 67
2637 0 66
2638 0 68
2639 0 68
2640 0 68
2641 0 68
2642 0 68
2643 0 67
2644 0 68
2645 0 67
2646 0 67
2647 0 66
2648 0 68
2649 0 68
2650 0 68
2651 0 67
2652 0 68
2653 0 67
2654 0 68
2655 0 68
2656 0 68
2657 0 67
2658 0 68
2659 0 68
2660 0 67
2661 0 68
2662 0 68
2663 0 68
2664 0 68
2665 0 68
2666 0 68
2667 0 67
2668 0 66
2669 0 68
2670 0 68
2671 0 68
2672 0 67
2673 0 68
2674 0 67
2675 0 68
2676 0 68
2677 0 68
2678 0 67
2679 0 68
2680 0 68
2681 0 67
2682 0 68
2683 0 68
2684 0 68
2685 0 68
2686 0 68
2687 0 68
2688 0 67
2689 0 66
2690 0 68
2691 0 68
2692 0 68
2693 0 68
2694 0 68
2695 0 67
2696 0 68
2697 0 67
2698 0 67
2699 0 66
2700 0 68
2701 0 68
2702 0 68
2703 0 67
2704 0 68
2705 0 67
2706 0 68
2707 0 68
2708 0 68
2709 0 67
2710 0 68
2711 0 68
2712 0 67
2713 0 68
2714 0 68
2715 0 68
2716 0 68
2717 0 68
2718 0 68
2719 0 67
2720 0 66
2721 0 68
2722 0 67
2723 0 67
2724 0 68
2725 0 67
2726 0 67
2727 0 68
2728 0 67
2729 0 67
2730 0 66
2731 0 68
2732 0 68
2733 0 67
2734 0 66
2735 0 68
2736 0 67
2737 0 67
2738 0 68
2739 0 67
2740 0 67
2741 0 68
2742 0 67
2743 0 67
2744 0 66
2745 0 67
2746 0 67
2747 0 67
2748 0 66
2749 0 67
2750 0 66
2751 0 67
2752 0 67
2753 0 67
2754 0 66
2755 0 67
2756 0 67
2757 0 67
2758 0 66
2759 0 67
2760 0 66
2761 0 67
2762 0 67
2763 0 67
2764 0 66
2765 0 67
2766 0 66
2767 0 66
2768 0 68
2769 0 66
2770 0 67
2771 0 67
2772 0 67
2773 0 67
2774 0 67
2775 0 66
2776 0 69
2777 0 68
2778 0 68
2779 0 69
2780 0 68
2781 0 68
2782 0 68
2783 0 68
2784 0 68
2785 0 67
2786 0 68
2787 0 68
2788 0 68
2789 0 67
2790 0 69
2791 0 68
2792 0 68
2793 0 69
2794 0 68
2795 0 68
2796 0 68
2797 0 68
2798 0 68
2799 0 67
2800 0 68
2801 0 68
2802 0 68
2803 0 68
2804 0 68
2805 0 68
2806 0 68
2807 0 68
2808 0 69
2809 0 68
2810 0 68
2811 0 68
2812 0 67
2813 0 68
2814 0 68
2815 0 68
2816 0 68
2817 0 67
2818 0 68
2819 0 68
2820 0 67
2821 0 67
2822 0 67
2823 0 67
2824 0 67
2825 0 68
2826 0 68
2827 0 69
2828 0 68
2829 0 69
2830 0 68
2831 0 68
2832 0 68
2833 0 69
2834 0 68
2835 0 68
2836 0 68
2837 0 67
2838 0 68
2839 0 68
2840 0 67
2841 0 67
2842 0 67
2843 0 67
2844 0 67
2845 0 66
2846 0 69
2847 0 68
2848 0 68
2849 0 69
2850 0 68
2851 0 68
2852 0 68
2853 0 68
2854 0 68
2855 0 67
2856 0 68
2857 0 68
2858 0 68
2859 0 67
2860 0 69
2861 0 68
2862 0 68
2863 0 69
2864 0 68
2865 0 68
2866 0 68
2867 0 68
2868 0 68
2869 0 67
2870 0 68
2871 0 68
2872 0 68
2873 0 68
2874 0 68
2875 0 68
2876 0 68
2877 0 68
2878 0 69
2879 0 68
2880 0 68
2881 0 68
2882 0 67
2883 0 68
2884 0 68
2885 0 68
2886 0 68
2887 0 67
2888 0 68
2889 0 68
2890 0 67
2891 0 67
2892 0 67
2893 0 67
2894 0 67
2895 0 68
2896 0 68
2897 0 68
2898 0 67
2899 0 68
2900 0 67
2901 0 68
2902 0 68
2903 0 68
2904 0 67
2905 0 68
2906 0 67
2907 0 67
2908 0 68
2909 0 67
2910 0 67
2911 0 67
2912 0 67
2913 0 67
2914 0 67
2915 0 66
2916 0 68
2917 0 67
2918 0 67
2919 0 68
2920 0 67
2921 0 67
2922 0 67
2923 0 67
2924 0 67
2925 0 66
2926 0 68
2927 0 68
2928 0 68
2929 0 67
2930 0 68
2931 0 67
2932 0 68
2933 0 68
2934 0 68
2935 0 67
2936 0 68
2937 0 68
2938 0 67
2939 0 68
2940 0 68
2941 0 67
2942 0 67
2943 0 67
2944 0 67
2945 0 67
2946 0 66
2947 0 68
2948 0 67
2949 0 67
2950 0 68
2951 0 67
2952 0 67
2953 0 68
2954 0 67
2955 0 67
2956 0 66
2957 0 68
2958 0 68
2959 0 67
2960 0 66
2961 0 68
2962 0 67
2963 0 67
2964 0 68
2965 0 67
2966 0 67
2967 0 68
2968 0 67
2969 0 67
2970 0 66
2971 0 68
2972 0 67
2973 0 67
2974 0 68
2975 0 67
2976 0 67
2977 0 68
2978 0 67
2979 0 67
2980 0 66
2981 0 68
2982 0 68
2983 0 67
2984 0 66
2985 0 68
2986 0 67
2987 0 67
2988 0 68
2989 0 67
2990 0 67
2991 0 68
2992 0 67
2993 0 67
2994 0 66
2995 0 67
2996 0 67
2997 0 67
2998 0 66
2999 0 67
3000 0 66
3001 0 67
3002 0 67
3003 0 67
3004 0 66
3005 0 67
3006 0 66
3007 0 66
3008 0 67
3009 0 66
3010 0 67
3011 0 66
3012 0 66
3013 0 67
3014 0 66
3015 0 66
3016 0 66
3017 0 67
3018 0 67
3019 0 66
3020 0 69
3021 0 69
3022 0 69
3023 0 68
3024 0 69
3025 0 68
3026 0 69
3027 0 69
3028 0 69
3029 0 68
3030 0 69
3031 0 68
3032 0 68
3033 0 69
3034 0 68
3035 0 68
3036 0 68
3037 0 68
3038 0 68
3039 0 68
3040 0 68
3041 0 69
3042 0 68
3043 0 68
3044 0 69
3045 0 68
3046 0 68
3047 0 68
3048 0 68
3049 0 68
3050 0 67
3051 0 69
3052 0 69
3053 0 69
3054 0 68
3055 0 69
3056 0 68
3057 0 69
3058 0 69
3059 0 69
3060 0 68
3061 0 69
3062 0 68
3063 0 68
3064 0 69
3065 0 68
3066 0 68
3067 0 68
3068 0 68
3069 0 68
3070 0 68
3071 0 68
3072 0 69
3073 0 68
3074 0 68
3075 0 69
3076 0 68
3077 0 68
3078 0 68
3079 0 68
3080 0 68
3081 0 67
3082 0 68
3083 0 68
3084 0 68
3085 0 67
3086 0 69
3087 0 68
3088 0 68
3089 0 69
3090 0 68
3091 0 68
3092 0 69
3093 0 68
3094 0 68
3095 0 67
3096 0 68
3097 0 68
3098 0 68
3099 0 67
3100 0 68
3101 0 67
3102 0 68
3103 0 68
3104 0 68
3105 0 67
3106 0 68
3107 0 68
3108 0 68
3109 0 67
3110 0 68
3111 0 67
3112 0 68
3113 0 68
3114 0 68
3115 0 67
3116 0 68
3117 0 67
3118 0 67
3119 0 68
3120 0 67
3121 0 67
3122 0 67
3123 0 67
3124 0 67
3125 0 67
3126 0 67
3127 0 69
3128 0 68
3129 0 68
3130 0 69
3131 0 68
3132 0 68
3133 0 69
3134 0 68
3135 0 68
3136 0 67
3137 0 69
3138 0 69
3139 0 68
3140 0 67
3141 0 69
3142 0 68
3143 0 68
3144 0 69
3145 0 68
3146 0 68
3147 0 69
3148 0 68
3149 0 68
3150 0 67
3151 0 68
3152 0 68
3153 0 68
3154 0 67
3155 0 68
3156 0 67
3157 0 68
3158 0 68
3159 0 68
3160 0 67
3161 0 68
3162 0 67
3163 0 67
3164 0 68
3165 0 67
3166 0 68
3167 0 67
3168 0 67
3169 0 68
3170 0 67
3171 0 67
3172 0 67
3173 0 68
3174 0 68
3175 0 67
3176 0 69
3177 0 69
3178 0 69
3179 0 68
3180 0 69
3181 0 68
3182 0 69
3183 0 69
3184 0 69
3185 0 68
3186 0 69
3187 0 68
3188 0 68
3189 0 69
3190 0 68
3191 0 68
3192 0 68
3193 0 68
3194 0 68
3195 0 68
3196 0 68
3197 0 69
3198 0 68
3199 0 68
3200 0 69
3201 0 68
3202 0 68
3203 0 68
3204 0 68
3205 0 68
3206 0 68
3207 0 69
3208 0 69
3209 0 69
3210 0 68
3211 0 69
3212 0 68
3213 0 69
3214 0 69
3215 0 69
3216 0 68
3217 0 69
3218 0 68
3219 0 68
3220 0 69
3221 0 68
3222 0 68
3223 0 68
3224 0 68
3225 0 68
3226 0 68
3227 0 68
3228 0 69
3229 0 68
3230 0 68
3231 0 69
3232 0 68
3233 0 68
3234 0 68
3235 0 68
3236 0 68
3237 0 67
3238 0 68
3239 0 68
3240 0 68
3241 0 67
3242 0 69
3243 0 68
3244 0 68
3245 0 69
3246 0 68
3247 0 68
3248 0 69
3249 0 68
3250 0 68
3251 0 67
3252 0 68
3253 0 68
3254 0 68
3255 0 67
3256 0 68
3257 0 67
3258 0 68
3259 0 68
3260 0 68
3261 0 67
3262 0 68
3263 0 68
3264 0 68
3265 0 67
3266 0 68
3267 0 67
3268 0 68
3269 0 68
3270 0 68
3271 0 67
3272 0 68
3273 0 67
3274 0 67
3275 0 68
3276 0 67
3277 0 67
3278 0 67
3279 0 67
3280 0 67
3281 0 67
3282 0 67
3283 0 69
3284 0 68
3285 0 68
3286 0 69
3287 0 68
3288 0 68
3289 0 69
3290 0 68
3291 0 68
3292 0 67
3293 0 69
3294 0 69
3295 0 68
3296 0 67
3297 0 69
3298 0 68
3299 0 68
3300 0 69
3301 0 68
3302 0 68
3303 0 69
3304 0 68
3305 0 68
3306 0 67
3307 0 68
3308 0 68
3309 0 68
3310 0 67
3311 0 68
3312 0 67
3313 0 68
3314 0 68
3315 0 68
3316 0 67
3317 0 68
3318 0 68
3319 0 68
3320 0 68
3321 0 68
3322 0 68
3323 0 68
3324 0 68
3325 0 68
3326 0 68
3327 0 68
3328 0 68
3329 0 67
3330 0 67
3331 0 67
3332 0 68
3333 0 68
3334 0 68
3335 0 67
3336 0 68
3337 0 67
3338 0 68
3339 0 68
3340 0 68
3341 0 67
3342 0 68
3343 0 67
3344 0 67
3345 0 68
3346 0 67
3347 0 68
3348 0 68
3349 0 68
3350 0 68
3351 0 67
3352 0 66
3353 0 69
3354 0 68
3355 0 68
3356 0 69
3357 0 68
3358 0 68
3359 0 69
3360 0 68
3361 0 68
3362 0 67
3363 0 69
3364 0 69
3365 0 68
3366 0 67
3367 0 69
3368 0 68
3369 0 68
3370 0 69
3371 0 68
3372 0 68
3373 0 69
3374 0 68
3375 0 68
3376 0 67
3377 0 69
3378 0 69
3379 0 68
3380 0 68
3381 0 68
3382 0 68
3383 0 69
3384 0 69
3385 0 69
3386 0 68
3387 0 68
3388 0 68
3389 0 68
3390 0 68
3391 0 68
3392 0 68
3393 0 68
3394 0 68
3395 0 68
3396 0 68
3397 0 68
3398 0 68
3399 0 67
3400 0 67
3401 0 67
3402 0 68
3403 0 68
3404 0 68
3405 0 67
3406 0 68
3407 0 67
3408 0 68
3409 0 68
3410 0 68
3411 0 67
3412 0 68
3413 0 68
3414 0 67
3415 0 68
3416 0 68
3417 0 68
3418 0 68
3419 0 68
3420 0 68
3421 0 67
3422 0 66
3423 0 68
3424 0 68
3425 0 68
3426 0 68
3427 0 68
3428 0 67
3429 0 68
3430 0 67
3431 0 67
3432 0 66
3433 0 68
3434 0 68
3435 0 68
3436 0 67
3437 0 68
3438 0 67
3439 0 68
3440 0 68
3441 0 68
3442 0 67
3443 0 68
3444 0 68
3445 0 67
3446 0 68
3447 0 68
3448 0 68
3449 0 68
3450 0 68
3451 0 68
3452 0 67
3453 0 66
3454 0 68
3455 0 68
3456 0 68
3457 0 67
3458 0 68
3459 0 67
3460 0 68
3461 0 68
3462 0 68
3463 0 67
3464 0 68
3465 0 68
3466 0 67
3467 0 68
3468 0 68
3469 0 68
3470 0 68
3471 0 68
3472 0 68
3473 0 67
3474 0 66
3475 0 68
3476 0 68
3477 0 68
3478 0 68
3479 0 68
3480 0 67
3481 0 68
3482 0 67
3483 0 67
3484 0 66
3485 0 68
3486 0 68
3487 0 68
3488 0 67
3489 0 68
3490 0 67
3491 0 68
3492 0 68
3493 0 68
3494 0 67
3495 0 68
3496 0 68
3497 0 67
3498 0 68
3499 0 68
3500 0 68
3501 0 68
3502 0 68
3503 0 68
3504 0 67
3505 0 66
3506 0 68
3507 0 67
3508 0 67
3509 0 68
3510 0 67
3511 0 67
3512 0 68
3513 0 67
3514 0 67
3515 0 66
3516 0 68
3517 0 68
3518 0 67
3519 0 66
3520 0 68
3521 0 67
3522 0 67
3523 0 68
3524 0 67
3525 0 67
3526 0 68
3527 0 67
3528 0 67
3529 0 66
3530 0 67
3531 0 67
3532 0 67
3533 0 66
3534 0 67
3535 0 66
3536 0 67
3537 0 67
3538 0 67
3539 0 66
3540 0 67
3541 0 67
3542 0 67
3543 0 66
3544 0 67
3545 0 66
3546 0 67
3547 0 67
3548 0 67
3549 0 66
3550 0 67
3551 0 66
3552 0 66
3553 0 68
3554 0 66
3555 0 67
3556 0 67
3557 0 67
3558 0 67
3559 0 67
3560 0 66
3561 0 69
3562 0 68
3563 0 69
3564 0 68
3565 0 68
3566 0 68
3567 0 68
3568 0 68
3569 0 68
3570 0 68
3571 0 67
3572 0 69
3573 0 68
3574 0 69
3575 0 68
3576 0 68
3577 0 68
3578 0 68
3579 0 68
3580 0 68
3581 0 68
3582 0 67
3583 0 68
3584 0 68
3585 0 68
3586 0 68
3587 0 67
3588 0 68
3589 0 67
3590 0 68
3591 0 68
3592 0 67
3593 0 68
3594 0 67
3595 0 67
3596 0 67
3597 0 67
3598 0 68
3599 0 68
3600 0 68
3601 0 67
3602 0 69
3603 0 68
3604 0 68
3605 0 68
3606 0 67
3607 0 68
3608 0 67
3609 0 68
3610 0 67
3611 0 67
3612 0 67
3613 0 67
3614 0 67
3615 0 67
3616 0 69
3617 0 68
3618 0 69
3619 0 68
3620 0 68
3621 0 68
3622 0 68
3623 0 68
3624 0 68
3625 0 68
3626 0 68
3627 0 69
3628 0 68
3629 0 69
3630 0 68
3631 0 68
3632 0 68
3633 0 68
3634 0 68
3635 0 68
3636 0 68
3637 0 67
3638 0 68
3639 0 68
3640 0 68
3641 0 68
3642 0 67
3643 0 68
3644 0 67
3645 0 68
3646 0 68
3647 0 67
3648 0 68
3649 0 67
3650 0 67
3651 0 67
3652 0 67
3653 0 68
3654 0 68
3655 0 68
3656 0 67
3657 0 68
3658 0 68
3659 0 68
3660 0 68
3661 0 67
3662 0 68
3663 0 67
3664 0 68
3665 0 68
3666 0 68
3667 0 68
3668 0 68
3669 0 67
3670 0 67
3671 0 68
3672 0 67
3673 0 68
3674 0 67
3675 0 67
3676 0 67
3677 0 67
3678 0 68
3679 0 68
3680 0 68
3681 0 67
3682 0 68
3683 0 68
3684 0 68
3685 0 68
3686 0 67
3687 0 68
3688 0 68
3689 0 68
3690 0 68
3691 0 68
3692 0 68
3693 0 68
3694 0 67
3695 0 67
3696 0 68
3697 0 67
3698 0 68
3699 0 68
3700 0 68
3701 0 68
3702 0 68
3703 0 68
3704 0 68
3705 0 67
3706 0 66
3707 0 68
3708 0 67
3709 0 68
3710 0 68
3711 0 68
3712 0 68
3713 0 68
3714 0 68
3715 0 67
3716 0 68
3717 0 68
3718 0 68
3719 0 68
3720 0 68
3721 0 68
3722 0 68
3723 0 67
3724 0 66
3725 0 68
3726 0 67
3727 0 68
3728 0 68
3729 0 68
3730 0 68
3731 0 68
3732 0 67
3733 0 67
3734 0 67
3735 0 66
3736 0 68
3737 0 67
3738 0 67
3739 0 67
3740 0 66
3741 0 67
3742 0 66
3743 0 67
3744 0 67
3745 0 66
3746 0 67
3747 0 66
3748 0 66
3749 0 67
3750 0 67
3751 0 68
3752 0 68
3753 0 68
3754 0 67
3755 0 68
3756 0 68
3757 0 68
3758 0 68
3759 0 67
3760 0 68
3761 0 68
3762 0 68
3763 0 68
3764 0 68
3765 0 68
3766 0 68
3767 0 67
3768 0 67
3769 0 68
3770 0 68
3771 0 68
3772 0 68
3773 0 68
3774 0 67
3775 0 67
3776 0 68
3777 0 68
3778 0 68
3779 0 67
3780 0 68
3781 0 68
3782 0 68
3783 0 68
3784 0 67
3785 0 68
3786 0 68
3787 0 68
3788 0 68
3789 0 68
3790 0 68
3791 0 68
3792 0 67
3793 0 67
3794 0 68
3795 0 67
3796 0 68
3797 0 67
3798 0 67
3799 0 67
3800 0 67
3801 0 67
3802 0 67
3803 0 67
3804 0 66
3805 0 68
3806 0 67
3807 0 68
3808 0 68
3809 0 68
3810 0 67
3811 0 67
3812 0 67
3813 0 67
3814 0 67
3815 0 66
3816 0 68
3817 0 67
3818 0 67
3819 0 67
3820 0 66
3821 0 67
3822 0 67
3823 0 67
3824 0 66
3825 0 68
3826 0 67
3827 0 67
3828 0 67
3829 0 66
3830 0 67
3831 0 66
3832 0 67
3833 0 66
3834 0 66
3835 0 66
3836 0 66
3837 0 66
3838 0 66
3839 0 69
3840 0 68
3841 0 69
3842 0 68
3843 0 68
3844 0 68
3845 0 68
3846 0 68
3847 0 68
3848 0 68
3849 0 67
3850 0 69
3851 0 68
3852 0 69
3853 0 68
3854 0 68
3855 0 68
3856 0 68
3857 0 68
3858 0 68
3859 0 68
3860 0 67
3861 0 68
3862 0 68
3863 0 68
3864 0 68
3865 0 67
3866 0 68
3867 0 67
3868 0 68
3869 0 68
3870 0 67
3871 0 68
3872 0 67
3873 0 67
3874 0 67
3875 0 67
3876 0 68
3877 0 68
3878 0 68
3879 0 67
3880 0 69
3881 0 68
3882 0 68
3883 0 68
3884 0 67
3885 0 68
3886 0 67
3887 0 68
3888 0 67
3889 0 67
3890 0 67
3891 0 67
3892 0 67
3893 0 67
3894 0 69
3895 0 68
3896 0 69
3897 0 68
3898 0 68
3899 0 68
3900 0 68
3901 0 68
3902 0 68
3903 0 68
3904 0 68
3905 0 69
3906 0 68
3907 0 69
3908 0 68
3909 0 68
3910 0 68
3911 0 68
3912 0 68
3913 0 68
3914 0 68
3915 0 67
3916 0 68
3917 0 68
3918 0 68
3919 0 68
3920 0 67
3921 0 68
3922 0 67
3923 0 68
3924 0 68
3925 0 67
3926 0 68
3927 0 67
3928 0 67
3929 0 67
3930 0 67
3931 0 68
3932 0 68
3933 0 68
3934 0 67
3935 0 69
3936 0 68
3937 0 68
3938 0 68
3939 0 67
3940 0 68
3941 0 67
3942 0 68
3943 0 68
3944 0 68
3945 0 68
3946 0 68
3947 0 68
3948 0 67
3949 0 68
3950 0 67
3951 0 68
3952 0 67
3953 0 67
3954 0 68
3955 0 68
3956 0 68
3957 0 68
3958 0 68
3959 0 67
3960 0 69
3961 0 68
3962 0 68
3963 0 68
3964 0 67
3965 0 69
3966 0 68
3967 0 69
3968 0 68
3969 0 68
3970 0 68
3971 0 68
3972 0 68
3973 0 67
3974 0 68
3975 0 67
3976 0 68
3977 0 68
3978 0 68
3979 0 68
3980 0 68
3981 0 68
3982 0 68
3983 0 67
3984 0 66
3985 0 68
3986 0 67
3987 0 68
3988 0 68
3989 0 68
3990 0 68
3991 0 68
3992 0 68
3993 0 67
3994 0 68
3995 0 68
3996 0 68
3997 0 68
3998 0 68
3999 0 68
4000 0 68
4001 0 67
4002 0 66
4003 0 68
4004 0 67
4005 0 68
4006 0 68
4007 0 68
4008 0 68
4009 0 68
4010 0 67
4011 0 67
4012 0 67
4013 0 66
4014 0 68
4015 0 67
4016 0 67
4017 0 67
4018 0 66
4019 0 67
4020 0 66
4021 0 67
4022 0 67
4023 0 66
4024 0 67
4025 0 66
4026 0 66
4027 0 67
4028 0 67
4029 0 68
4030 0 68
4031 0 68
4032 0 68
4033 0 68
4034 0 67
4035 0 68
4036 0 68
4037 0 67
4038 0 67
4039 0 68
4040 0 68
4041 0 68
4042 0 68
4043 0 68
4044 0 67
4045 0 68
4046 0 68
4047 0 68
4048 0 68
4049 0 67
4050 0 68
4051 0 68
4052 0 68
4053 0 68
4054 0 68
4055 0 68
4056 0 68
4057 0 68
4058 0 68
4059 0 68
4060 0 67
4061 0 67
4062 0 66
4063 0 68
4064 0 68
4065 0 68
4066 0 68
4067 0 68
4068 0 68
4069 0 68
4070 0 68
4071 0 68
4072 0 67
4073 0 67
4074 0 68
4075 0 67
4076 0 67
4077 0 67
4078 0 67
4079 0 66
4080 0 66
4081 0 68
4082 0 68
4083 0 68
4084 0 68
4085 0 68
4086 0 67
4087 0 68
4088 0 68
4089 0 67
4090 0 67
4091 0 68
4092 0 68
4093 0 68
4094 0 68
4095 0 68
4096 0 67
4097 0 68
4098 0 68
4099 0 68
4100 0 68
4101 0 67
4102 0 68
4103 0 68
4104 0 68
4105 0 68
4106 0 68
4107 0 68
4108 0 68
4109 0 68
4110 0 68
4111 0 68
4112 0 67
4113 0 67
4114 0 66
4115 0 68
4116 0 68
4117 0 68
4118 0 68
4119 0 68
4120 0 67
4121 0 68
4122 0 68
4123 0 67
4124 0 67
4125 0 68
4126 0 68
4127 0 68
4128 0 68
4129 0 68
4130 0 67
4131 0 68
4132 0 68
4133 0 68
4134 0 68
4135 0 67
4136 0 68
4137 0 68
4138 0 68
4139 0 68
4140 0 68
4141 0 68
4142 0 68
4143 0 68
4144 0 68
4145 0 68
4146 0 67
4147 0 67
4148 0 66
4149 0 68
4150 0 68
4151 0 68
4152 0 68
4153 0 68
4154 0 68
4155 0 68
4156 0 68
4157 0 68
4158 0 67
4159 0 67
4160 0 68
4161 0 67
4162 0 67
4163 0 67
4164 0 67
4165 0 66
4166 0 66
4167 0 68
4168 0 68
4169 0 68
4170 0 68
4171 0 68
4172 0 67
4173 0 68
4174 0 68
4175 0 67
4176 0 67
4177 0 68
4178 0 68
4179 0 68
4180 0 68
4181 0 68
4182 0 67
4183 0 68
4184 0 68
4185 0 68
4186 0 68
4187 0 67
4188 0 68
4189 0 68
4190 0 68
4191 0 68
4192 0 68
4193 0 68
4194 0 68
4195 0 68
4196 0 68
4197 0 68
4198 0 67
4199 0 67
4200 0 66
4201 0 68
4202 0 68
4203 0 67
4204 0 67
4205 0 67
4206 0 68
4207 0 68
4208 0 67
4209 0 67
4210 0 67
4211 0 67
4212 0 68
4213 0 67
4214 0 67
4215 0 67
4216 0 67
4217 0 66
4218 0 66
4219 0 68
4220 0 68
4221 0 68
4222 0 67
4223 0 67
4224 0 66
4225 0 68
4226 0 68
4227 0 67
4228 0 67
4229 0 67
4230 0 68
4231 0 68
4232 0 67
4233 0 67
4234 0 67
4235 0 67
4236 0 68
4237 0 67
4238 0 67
4239 0 67
4240 0 67
4241 0 66
4242 0 66
4243 0 67
4244 0 67
4245 0 67
4246 0 67
4247 0 67
4248 0 66
4249 0 67
4250 0 67
4251 0 66
4252 0 66
4253 0 67
4254 0 67
4255 0 67
4256 0 67
4257 0 67
4258 0 66
4259 0 67
4260 0 67
4261 0 67
4262 0 67
4263 0 67
4264 0 66
4265 0 67
4266 0 67
4267 0 66
4268 0 66
4269 0 67
4270 0 67
4271 0 67
4272 0 67
4273 0 67
4274 0 66
4275 0 67
4276 0 67
4277 0 66
4278 0 66
4279 0 66
4280 0 68
4281 0 68
4282 0 66
4283 0 66
4284 0 67
4285 0 67
4286 0 67
4287 0 67
4288 0 67
4289 0 67
4290 0 67
4291 0 67
4292 0 66
4293 0 69
4294 0 68
4295 0 69
4296 0 68
4297 0 68
4298 0 68
4299 0 68
4300 0 68
4301 0 68
4302 0 68
4303 0 67
4304 0 69
4305 0 68
4306 0 69
4307 0 68
4308 0 68
4309 0 68
4310 0 68
4311 0 68
4312 0 68
4313 0 68
4314 0 67
4315 0 68
4316 0 68
4317 0 68
4318 0 68
4319 0 67
4320 0 68
4321 0 67
4322 0 68
4323 0 68
4324 0 67
4325 0 68
4326 0 67
4327 0 67
4328 0 67
4329 0 67
4330 0 68
4331 0 68
4332 0 68
4333 0 67
4334 0 69
4335 0 68
4336 0 68
4337 0 68
4338 0 67
4339 0 68
4340 0 67
4341 0 68
4342 0 67
4343 0 67
4344 0 67
4345 0 67
4346 0 67
4347 0 67
4348 0 69
4349 0 68
4350 0 69
4351 0 68
4352 0 68
4353 0 68
4354 0 68
4355 0 68
4356 0 68
4357 0 68
4358 0 68
4359 0 69
4360 0 68
4361 0 69
4362 0 68
4363 0 68
4364 0 68
4365 0 68
4366 0 68
4367 0 68
4368 0 68
4369 0 67
4370 0 68
4371 0 68
4372 0 68
4373 0 68
4374 0 67
4375 0 68
4376 0 67
4377 0 68
4378 0 68
4379 0 67
4380 0 68
4381 0 67
4382 0 67
4383 0 67
4384 0 67
4385 0 68
4386 0 68
4387 0 68
4388 0 67
4389 0 69
4390 0 68
4391 0 68
4392 0 68
4393 0 67
4394 0 68
4395 0 67
4396 0 68
4397 0 68
4398 0 68
4399 0 68
4400 0 68
4401 0 68
4402 0 67
4403 0 68
4404 0 67
4405 0 68
4406 0 67
4407 0 67
4408 0 68
4409 0 68
4410 0 68
4411 0 68
4412 0 68
4413 0 67
4414 0 69
4415 0 68
4416 0 68
4417 0 68
4418 0 67
4419 0 69
4420 0 68
4421 0 69
4422 0 68
4423 0 68
4424 0 68
4425 0 68
4426 0 68
4427 0 67
4428 0 68
4429 0 67
4430 0 68
4431 0 68
4432 0 68
4433 0 68
4434 0 68
4435 0 68
4436 0 68
4437 0 67
4438 0 66
4439 0 68
4440 0 67
4441 0 68
4442 0 68
4443 0 68
4444 0 68
4445 0 68
4446 0 68
4447 0 67
4448 0 68
4449 0 68
4450 0 68
4451 0 68
4452 0 68
4453 0 68
4454 0 68
4455 0 67
4456 0 66
4457 0 68
4458 0 67
4459 0 68
4460 0 68
4461 0 68
4462 0 68
4463 0 68
4464 0 67
4465 0 67
4466 0 67
4467 0 66
4468 0 68
4469 0 67
4470 0 67
4471 0 67
4472 0 66
4473 0 67
4474 0 66
4475 0 67
4476 0 67
4477 0 66
4478 0 67
4479 0 66
4480 0 66
4481 0 67
4482 0 67
4483 0 68
4484 0 68
4485 0 68
4486 0 67
4487 0 69
4488 0 68
4489 0 68
4490 0 68
4491 0 67
4492 0 69
4493 0 68
4494 0 69
4495 0 68
4496 0 68
4497 0 68
4498 0 68
4499 0 68
4500 0 67
4501 0 69
4502 0 68
4503 0 69
4504 0 68
4505 0 68
4506 0 68
4507 0 68
4508 0 68
4509 0 68
4510 0 68
4511 0 67
4512 0 69
4513 0 68
4514 0 68
4515 0 68
4516 0 67
4517 0 69
4518 0 68
4519 0 69
4520 0 68
4521 0 68
4522 0 68
4523 0 68
4524 0 68
4525 0 67
4526 0 68
4527 0 67
4528 0 68
4529 0 67
4530 0 67
4531 0 68
4532 0 68
4533 0 67
4534 0 67
4535 0 67
4536 0 66
4537 0 68
4538 0 67
4539 0 68
4540 0 68
4541 0 68
4542 0 68
4543 0 68
4544 0 67
4545 0 67
4546 0 67
4547 0 66
4548 0 68
4549 0 67
4550 0 67
4551 0 67
4552 0 66
4553 0 67
4554 0 67
4555 0 67
4556 0 66
4557 0 68
4558 0 67
4559 0 67
4560 0 67
4561 0 66
4562 0 67
4563 0 66
4564 0 67
4565 0 66
4566 0 66
4567 0 66
4568 0 66
4569 0 66
4570 0 66
4571 0 69
4572 0 68
4573 0 69
4574 0 68
4575 0 68
4576 0 68
4577 0 68
4578 0 68
4579 0 68
4580 0 68
4581 0 67
4582 0 69
4583 0 68
4584 0 69
4585 0 68
4586 0 68
4587 0 68
4588 0 68
4589 0 68
4590 0 68
4591 0 68
4592 0 67
4593 0 68
4594 0 68
4595 0 68
4596 0 68
4597 0 67
4598 0 68
4599 0 67
4600 0 68
4601 0 68
4602 0 67
4603 0 68
4604 0 67
4605 0 67
4606 0 67
4607 0 67
4608 0 68
4609 0 68
4610 0 68
4611 0 67
4612 0 69
4613 0 68
4614 0 68
4615 0 68
4616 0 67
4617 0 68
4618 0 67
4619 0 68
4620 0 67
4621 0 67
4622 0 67
4623 0 67
4624 0 67
4625 0 67
4626 0 69
4627 0 68
4628 0 69
4629 0 68
4630 0 68
4631 0 68
4632 0 68
4633 0 68
4634 0 68
4635 0 68
4636 0 68
4637 0 69
4638 0 68
4639 0 69
4640 0 68
4641 0 68
4642 0 68
4643 0 68
4644 0 68
4645 0 68
4646 0 68
4647 0 67
4648 0 68
4649 0 68
4650 0 68
4651 0 68
4652 0 67
4653 0 68
4654 0 67
4655 0 68
4656 0 68
4657 0 67
4658 0 68
4659 0 67
4660 0 67
4661 0 67
4662 0 67
4663 0 68
4664 0 68
4665 0 68
4666 0 67
4667 0 69
4668 0 68
4669 0 68
4670 0 68
4671 0 67
4672 0 68
4673 0 67
4674 0 68
4675 0 68
4676 0 68
4677 0 68
4678 0 68
4679 0 68
4680 0 67
4681 0 68
4682 0 67
4683 0 68
4684 0 67
4685 0 67
4686 0 68
4687 0 68
4688 0 68
4689 0 68
4690 0 68
4691 0 67
4692 0 69
4693 0 68
4694 0 68
4695 0 68
4696 0 67
4697 0 69
4698 0 68
4699 0 69
4700 0 68
4701 0 68
4702 0 68
4703 0 68
4704 0 68
4705 0 67
4706 0 68
4707 0 67
4708 0 68
4709 0 68
4710 0 68
4711 0 68
4712 0 68
4713 0 68
4714 0 68
4715 0 67
4716 0 66
4717 0 68
4718 0 67
4719 0 68
4720 0 68
4721 0 68
4722 0 68
4723 0 68
4724 0 68
4725 0 67
4726 0 68
4727 0 68
4728 0 68
4729 0 68
4730 0 68
4731 0 68
4732 0 68
4733 0 67
4734 0 66
4735 0 68
4736 0 67
4737 0 68
4738 0 68
4739 0 68
4740 0 68
4741 0 68
4742 0 67
4743 0 67
4744 0 67
4745 0 66
4746 0 68
4747 0 67
4748 0 67
4749 0 67
4750 0 66
4751 0 67
4752 0 66
4753 0 67
4754 0 67
4755 0 66
4756 0 67
4757 0 66
4758 0 66
4759 0 67
4760 0 67
4761 0 68
4762 0 68
4763 0 68
4764 0 67
4765 0 68
4766 0 68
4767 0 68
4768 0 68
4769 0 67
4770 0 68
4771 0 67
4772 0 68
4773 0 67
4774 0 67
4775 0 67
4776 0 67
4777 0 67
4778 0 67
4779 0 68
4780 0 67
4781 0 68
4782 0 67
4783 0 67
4784 0 67
4785 0 67
4786 0 68
4787 0 68
4788 0 68
4789 0 67
4790 0 68
4791 0 68
4792 0 68
4793 0 68
4794 0 67
4795 0 68
4796 0 67
4797 0 68
4798 0 67
4799 0 67
4800 0 67
4801 0 67
4802 0 67
4803 0 67
4804 0 68
4805 0 67
4806 0 68
4807 0 67
4808 0 67
4809 0 67
4810 0 67
4811 0 67
4812 0 67
4813 0 67
4814 0 66
4815 0 68
4816 0 67
4817 0 68
4818 0 68
4819 0 68
4820 0 67
4821 0 67
4822 0 67
4823 0 67
4824 0 67
4825 0 66
4826 0 68
4827 0 67
4828 0 67
4829 0 67
4830 0 66
4831 0 67
4832 0 67
4833 0 67
4834 0 66
4835 0 68
4836 0 67
4837 0 67
4838 0 67
4839 0 66
4840 0 67
4841 0 66
4842 0 67
4843 0 66
4844 0 66
4845 0 66
4846 0 66
4847 0 66
4848 0 66
4849 0 68
4850 0 67
4851 0 68
4852 0 68
4853 0 68
4854 0 67
4855 0 67
4856 0 68
4857 0 68
4858 0 67
4859 0 66
4860 0 68
4861 0 67
4862 0 68
4863 0 68
4864 0 68
4865 0 67
4866 0 67
4867 0 67
4868 0 67
4869 0 67
4870 0 66
4871 0 67
4872 0 67
4873 0 67
4874 0 67
4875 0 66
4876 0 67
4877 0 66
4878 0 67
4879 0 67
4880 0 66
4881 0 67
4882 0 66
4883 0 66
4884 0 66
4885 0 66
4886 0 68
4887 0 68
4888 0 68
4889 0 68
4890 0 68
4891 0 68
4892 0 68
4893 0 68
4894 0 68
4895 0 68
4896 0 67
4897 0 68
4898 0 67
4899 0 67
4900 0 67
4901 0 67
4902 0 67
4903 0 67
4904 0 68
4905 0 67
4906 0 68
4907 0 67
4908 0 67
4909 0 67
4910 0 67
4911 0 68
4912 0 68
4913 0 68
4914 0 68
4915 0 68
4916 0 68
4917 0 68
4918 0 68
4919 0 68
4920 0 68
4921 0 67
4922 0 68
4923 0 67
4924 0 67
4925 0 67
4926 0 67
4927 0 67
4928 0 67
4929 0 68
4930 0 67
4931 0 68
4932 0 67
4933 0 67
4934 0 68
4935 0 68
4936 0 67
4937 0 67
4938 0 67
4939 0 66
4940 0 68
4941 0 67
4942 0 68
4943 0 68
4944 0 68
4945 0 68
4946 0 68
4947 0 67
4948 0 67
4949 0 67
4950 0 66
4951 0 68
4952 0 67
4953 0 67
4954 0 67
4955 0 66
4956 0 67
4957 0 67
4958 0 67
4959 0 66
4960 0 68
4961 0 67
4962 0 67
4963 0 67
4964 0 66
4965 0 67
4966 0 66
4967 0 67
4968 0 66
4969 0 66
4970 0 66
4971 0 66
4972 0 66
4973 0 66
4974 0 68
4975 0 67
4976 0 68
4977 0 67
4978 0 67
4979 0 67
4980 0 67
4981 0 67
4982 0 67
4983 0 67
4984 0 67
4985 0 68
4986 0 68
4987 0 68
4988 0 67
4989 0 67
4990 0 67
4991 0 67
4992 0 67
4993 0 67
4994 0 67
4995 0 67
4996 0 67
4997 0 67
4998 0 67
4999 0 68
5000 0 67
5001 0 67
5002 0 66
5003 0 67
5004 0 67
5005 0 66
5006 0 67
5007 0 66
5008 0 66
5009 0 66
5010 0 66
5011 0 67
5012 0 67
5013 0 68
5014 0 67
5015 0 68
5016 0 67
5017 0 67
5018 0 68
5019 0 67
5020 0 67
5021 0 66
5022 0 67
5023 0 66
5024 0 66
5025 0 66
5026 0 66
5027 0 66
5028 0 66
5029 0 68
5030 0 67
5031 0 68
5032 0 67
5033 0 67
5034 0 67
5035 0 67
5036 0 67
5037 0 67
5038 0 67
5039 0 67
5040 0 68
5041 0 68
5042 0 68
5043 0 67
5044 0 67
5045 0 67
5046 0 67
5047 0 67
5048 0 67
5049 0 67
5050 0 67
5051 0 67
5052 0 67
5053 0 67
5054 0 68
5055 0 67
5056 0 67
5057 0 66
5058 0 67
5059 0 67
5060 0 66
5061 0 67
5062 0 66
5063 0 66
5064 0 66
5065 0 66
5066 0 68
5067 0 67
5068 0 68
5069 0 67
5070 0 67
5071 0 67
5072 0 67
5073 0 67
5074 0 67
5075 0 67
5076 0 67
5077 0 68
5078 0 68
5079 0 68
5080 0 67
5081 0 67
5082 0 67
5083 0 67
5084 0 67
5085 0 67
5086 0 67
5087 0 67
5088 0 67
5089 0 67
5090 0 67
5091 0 68
5092 0 67
5093 0 67
5094 0 66
5095 0 67
5096 0 67
5097 0 66
5098 0 67
5099 0 66
5100 0 66
5101 0 66
5102 0 66
5103 0 67
5104 0 67
5105 0 68
5106 0 67
5107 0 68
5108 0 67
5109 0 67
5110 0 68
5111 0 67
5112 0 67
5113 0 66
5114 0 67
5115 0 66
5116 0 66
5117 0 66
5118 0 66
5119 0 66
5120 0 66
5121 0 68
5122 0 67
5123 0 68
5124 0 67
5125 0 67
5126 0 67
5127 0 67
5128 0 67
5129 0 67
5130 0 67
5131 0 67
5132 0 68
5133 0 68
5134 0 68
5135 0 67
5136 0 67
5137 0 67
5138 0 67
5139 0 67
5140 0 67
5141 0 67
5142 0 67
5143 0 67
5144 0 67
5145 0 67
5146 0 68
5147 0 67
5148 0 67
5149 0 66
5150 0 67
5151 0 67
5152 0 66
5153 0 67
5154 0 66
5155 0 66
5156 0 66
5157 0 66
5158 0 67
5159 0 67
5160 0 67
5161 0 67
5162 0 67
5163 0 67
5164 0 67
5165 0 67
5166 0 67
5167 0 67
5168 0 66
5169 0 67
5170 0 66
5171 0 66
5172 0 66
5173 0 66
5174 0 66
5175 0 66
5176 0 67
5177 0 66
5178 0 67
5179 0 66
5180 0 66
5181 0 66
5182 0 66
5183 0 68
5184 0 68
5185 0 67
5186 0 67
5187 0 67
5188 0 68
5189 0 68
5190 0 67
5191 0 67
5192 0 67
5193 0 66
5194 0 67
5195 0 66
5196 0 66
5197 0 66
5198 0 66
5199 0 66
5200 0 66
5201 0 67
5202 0 67
5203 0 68
5204 0 67
5205 0 67
5206 0 66
5207 0 66
5208 0 67
5209 0 67
5210 0 66
5211 0 66
5212 0 67
5213 0 67
5214 0 68
5215 0 67
5216 0 67
5217 0 66
5218 0 66
5219 0 67
5220 0 67
5221 0 68
5222 0 67
5223 0 67
5224 0 66
5225 0 66
5226 0 67
5227 0 67
5228 0 66
5229 0 66
5230 0 67
5231 0 67
5232 0 68
5233 0 67
5234 0 67
5235 0 66
5236 0 66
5237 0 67
5238 0 67
5239 0 66
5240 0 66
5241 0 66
5242 0 67
5243 0 67
5244 0 66
5245 0 66
5246 0 67
5247 0 66
5248 0 67
5249 0 67
5250 0 66
5251 0 67
5252 0 66
5253 0 66
5254 0 66
5255 0 66
5256 0 69
5257 0 69
5258 0 69
5259 0 68
5260 0 69
5261 0 69
5262 0 69
5263 0 68
5264 0 69
5265 0 68
5266 0 68
5267 0 68
5268 0 68
5269 0 69
5270 0 68
5271 0 69
5272 0 68
5273 0 68
5274 0 68
5275 0 68
5276 0 67
5277 0 69
5278 0 69
5279 0 69
5280 0 68
5281 0 69
5282 0 69
5283 0 69
5284 0 68
5285 0 69
5286 0 68
5287 0 68
5288 0 68
5289 0 68
5290 0 69
5291 0 68
5292 0 69
5293 0 68
5294 0 68
5295 0 68
5296 0 68
5297 0 67
5298 0 68
5299 0 68
5300 0 69
5301 0 68
5302 0 69
5303 0 68
5304 0 68
5305 0 68
5306 0 68
5307 0 67
5308 0 68
5309 0 68
5310 0 68
5311 0 67
5312 0 68
5313 0 68
5314 0 68
5315 0 68
5316 0 68
5317 0 67
5318 0 68
5319 0 68
5320 0 68
5321 0 67
5322 0 68
5323 0 67
5324 0 67
5325 0 67
5326 0 68
5327 0 69
5328 0 68
5329 0 69
5330 0 68
5331 0 68
5332 0 68
5333 0 68
5334 0 67
5335 0 69
5336 0 68
5337 0 69
5338 0 68
5339 0 69
5340 0 68
5341 0 68
5342 0 68
5343 0 68
5344 0 67
5345 0 68
5346 0 68
5347 0 68
5348 0 67
5349 0 68
5350 0 68
5351 0 68
5352 0 67
5353 0 68
5354 0 67
5355 0 68
5356 0 67
5357 0 68
5358 0 67
5359 0 67
5360 0 67
5361 0 67
5362 0 67
5363 0 69
5364 0 69
5365 0 69
5366 0 68
5367 0 69
5368 0 69
5369 0 69
5370 0 68
5371 0 69
5372 0 68
5373 0 68
5374 0 68
5375 0 68
5376 0 69
5377 0 68
5378 0 69
5379 0 68
5380 0 68
5381 0 68
5382 0 68
5383 0 68
5384 0 69
5385 0 69
5386 0 69
5387 0 68
5388 0 69
5389 0 69
5390 0 69
5391 0 68
5392 0 69
5393 0 68
5394 0 68
5395 0 68
5396 0 68
5397 0 69
5398 0 68
5399 0 69
5400 0 68
5401 0 68
5402 0 68
5403 0 68
5404 0 67
5405 0 68
5406 0 68
5407 0 69
5408 0 68
5409 0 69
5410 0 68
5411 0 68
5412 0 68
5413 0 68
5414 0 67
5415 0 68
5416 0 68
5417 0 68
5418 0 67
5419 0 68
5420 0 68
5421 0 68
5422 0 68
5423 0 68
5424 0 67
5425 0 68
5426 0 68
5427 0 68
5428 0 67
5429 0 68
5430 0 67
5431 0 67
5432 0 67
5433 0 68
5434 0 69
5435 0 68
5436 0 69
5437 0 68
5438 0 68
5439 0 68
5440 0 68
5441 0 67
5442 0 69
5443 0 68
5444 0 69
5445 0 68
5446 0 69
5447 0 68
5448 0 68
5449 0 68
5450 0 68
5451 0 67
5452 0 68
5453 0 68
5454 0 68
5455 0 67
5456 0 68
5457 0 68
5458 0 68
5459 0 68
5460 0 68
5461 0 68
5462 0 68
5463 0 68
5464 0 68
5465 0 68
5466 0 68
5467 0 67
5468 0 67
5469 0 67
5470 0 68
5471 0 68
5472 0 68
5473 0 67
5474 0 68
5475 0 68
5476 0 68
5477 0 67
5478 0 68
5479 0 67
5480 0 68
5481 0 68
5482 0 67
5483 0 69
5484 0 68
5485 0 69
5486 0 68
5487 0 68
5488 0 68
5489 0 68
5490 0 67
5491 0 69
5492 0 68
5493 0 69
5494 0 68
5495 0 69
5496 0 68
5497 0 68
5498 0 68
5499 0 68
5500 0 67
5501 0 69
5502 0 68
5503 0 68
5504 0 68
5505 0 69
5506 0 69
5507 0 68
5508 0 68
5509 0 68
5510 0 68
5511 0 68
5512 0 68
5513 0 68
5514 0 68
5515 0 68
5516 0 67
5517 0 67
5518 0 67
5519 0 68
5520 0 68
5521 0 68
5522 0 67
5523 0 68
5524 0 68
5525 0 68
5526 0 68
5527 0 68
5528 0 68
5529 0 68
5530 0 68
5531 0 67
5532 0 68
5533 0 68
5534 0 68
5535 0 68
5536 0 67
5537 0 67
5538 0 67
5539 0 66
5540 0 68
5541 0 68
5542 0 68
5543 0 67
5544 0 68
5545 0 68
5546 0 68
5547 0 68
5548 0 68
5549 0 68
5550 0 68
5551 0 68
5552 0 67
5553 0 68
5554 0 68
5555 0 68
5556 0 67
5557 0 68
5558 0 68
5559 0 68
5560 0 68
5561 0 68
5562 0 68
5563 0 68
5564 0 68
5565 0 67
5566 0 68
5567 0 68
5568 0 68
5569 0 68
5570 0 67
5571 0 67
5572 0 67
5573 0 66
5574 0 68
5575 0 68
5576 0 68
5577 0 67
5578 0 68
5579 0 68
5580 0 68
5581 0 68
5582 0 68
5583 0 68
5584 0 68
5585 0 68
5586 0 67
5587 0 68
5588 0 67
5589 0 68
5590 0 67
5591 0 67
5592 0 67
5593 0 67
5594 0 66
5595 0 68
5596 0 67
5597 0 68
5598 0 67
5599 0 68
5600 0 67
5601 0 67
5602 0 67
5603 0 67
5604 0 66
5605 0 67
5606 0 67
5607 0 67
5608 0 66
5609 0 67
5610 0 67
5611 0 67
5612 0 67
5613 0 67
5614 0 66
5615 0 67
5616 0 67
5617 0 67
5618 0 66
5619 0 68
5620 0 66
5621 0 67
5622 0 67
5623 0 67
5624 0 69
5625 0 68
5626 0 69
5627 0 68
5628 0 68
5629 0 68
5630 0 68
5631 0 67
5632 0 69
5633 0 68
5634 0 69
5635 0 68
5636 0 69
5637 0 68
5638 0 68
5639 0 68
5640 0 68
5641 0 67
5642 0 69
5643 0 68
5644 0 68
5645 0 68
5646 0 69
5647 0 69
5648 0 68
5649 0 68
5650 0 68
5651 0 68
5652 0 68
5653 0 68
5654 0 68
5655 0 68
5656 0 68
5657 0 67
5658 0 67
5659 0 67
5660 0 69
5661 0 69
5662 0 69
5663 0 68
5664 0 69
5665 0 69
5666 0 68
5667 0 68
5668 0 68
5669 0 68
5670 0 68
5671 0 68
5672 0 67
5673 0 69
5674 0 68
5675 0 69
5676 0 68
5677 0 68
5678 0 68
5679 0 68
5680 0 67
5681 0 69
5682 0 68
5683 0 69
5684 0 68
5685 0 69
5686 0 68
5687 0 68
5688 0 68
5689 0 68
5690 0 67
5691 0 69
5692 0 68
5693 0 68
5694 0 68
5695 0 69
5696 0 69
5697 0 68
5698 0 68
5699 0 68
5700 0 68
5701 0 68
5702 0 68
5703 0 68
5704 0 68
5705 0 68
5706 0 67
5707 0 67
5708 0 67
5709 0 68
5710 0 68
5711 0 68
5712 0 67
5713 0 68
5714 0 68
5715 0 68
5716 0 67
5717 0 68
5718 0 67
5719 0 68
5720 0 68
5721 0 67
5722 0 68
5723 0 67
5724 0 68
5725 0 67
5726 0 67
5727 0 67
5728 0 67
5729 0 66
5730 0 68
5731 0 68
5732 0 68
5733 0 67
5734 0 68
5735 0 68
5736 0 68
5737 0 68
5738 0 68
5739 0 68
5740 0 68
5741 0 68
5742 0 67
5743 0 68
5744 0 67
5745 0 68
5746 0 67
5747 0 67
5748 0 67
5749 0 67
5750 0 66
5751 0 68
5752 0 67
5753 0 68
5754 0 67
5755 0 68
5756 0 67
5757 0 67
5758 0 67
5759 0 67
5760 0 66
5761 0 68
5762 0 67
5763 0 68
5764 0 67
5765 0 67
5766 0 67
5767 0 67
5768 0 66
5769 0 68
5770 0 67
5771 0 68
5772 0 67
5773 0 68
5774 0 67
5775 0 67
5776 0 67
5777 0 67
5778 0 66
5779 0 67
5780 0 67
5781 0 67
5782 0 66
5783 0 67
5784 0 67
5785 0 68
5786 0 66
5787 0 68
5788 0 66
5789 0 68
5790 0 66
5791 0 68
5792 0 66
5793 0 66
5794 0 67
5795 0 67
5796 0 66
5797 0 69
5798 0 69
5799 0 69
5800 0 68
5801 0 69
5802 0 69
5803 0 69
5804 0 68
5805 0 69
5806 0 68
5807 0 68
5808 0 68
5809 0 68
5810 0 69
5811 0 68
5812 0 69
5813 0 68
5814 0 68
5815 0 68
5816 0 68
5817 0 67
5818 0 69
5819 0 69
5820 0 69
5821 0 68
5822 0 69
5823 0 69
5824 0 69
5825 0 68
5826 0 69
5827 0 68
5828 0 68
5829 0 68
5830 0 68
5831 0 69
5832 0 68
5833 0 69
5834 0 68
5835 0 68
5836 0 68
5837 0 68
5838 0 67
5839 0 68
5840 0 68
5841 0 69
5842 0 68
5843 0 69
5844 0 68
5845 0 68
5846 0 68
5847 0 68
5848 0 67
5849 0 68
5850 0 68
5851 0 68
5852 0 67
5853 0 68
5854 0 68
5855 0 68
5856 0 68
5857 0 68
5858 0 67
5859 0 68
5860 0 68
5861 0 68
5862 0 67
5863 0 68
5864 0 67
5865 0 67
5866 0 67
5867 0 68
5868 0 69
5869 0 68
5870 0 69
5871 0 68
5872 0 68
5873 0 68
5874 0 68
5875 0 67
5876 0 69
5877 0 68
5878 0 69
5879 0 68
5880 0 69
5881 0 68
5882 0 68
5883 0 68
5884 0 68
5885 0 67
5886 0 68
5887 0 68
5888 0 68
5889 0 67
5890 0 68
5891 0 68
5892 0 68
5893 0 67
5894 0 68
5895 0 67
5896 0 68
5897 0 67
5898 0 68
5899 0 67
5900 0 67
5901 0 68
5902 0 68
5903 0 67
5904 0 69
5905 0 69
5906 0 69
5907 0 68
5908 0 69
5909 0 69
5910 0 69
5911 0 68
5912 0 69
5913 0 68
5914 0 68
5915 0 68
5916 0 68
5917 0 69
5918 0 68
5919 0 69
5920 0 68
5921 0 68
5922 0 68
5923 0 68
5924 0 68
5925 0 69
5926 0 69
5927 0 69
5928 0 68
5929 0 69
5930 0 69
5931 0 69
5932 0 68
5933 0 69
5934 0 68
5935 0 68
5936 0 68
5937 0 68
5938 0 69
5939 0 68
5940 0 69
5941 0 68
5942 0 68
5943 0 68
5944 0 68
5945 0 67
5946 0 68
5947 0 68
5948 0 69
5949 0 68
5950 0 69
5951 0 68
5952 0 68
5953 0 68
5954 0 68
5955 0 67
5956 0 68
5957 0 68
5958 0 68
5959 0 67
5960 0 68
5961 0 68
5962 0 68
5963 0 68
5964 0 68
5965 0 67
5966 0 68
5967 0 68
5968 0 68
5969 0 67
5970 0 68
5971 0 67
5972 0 67
5973 0 67
5974 0 68
5975 0 69
5976 0 68
5977 0 69
5978 0 68
5979 0 68
5980 0 68
5981 0 68
5982 0 67
5983 0 69
5984 0 68
5985 0 69
5986 0 68
5987 0 69
5988 0 68
5989 0 68
5990 0 68
5991 0 68
5992 0 67
5993 0 68
5994 0 68
5995 0 68
5996 0 67
5997 0 68
5998 0 68
5999 0 68
6000 0 68
6001 0 68
6002 0 68
6003 0 68
6004 0 68
6005 0 68
6006 0 68
6007 0 68
6008 0 67
6009 0 67
6010 0 67
6011 0 68
6012 0 68
6013 0 68
6014 0 67
6015 0 68
6016 0 68
6017 0 68
6018 0 67
6019 0 68
6020 0 67
6021 0 68
6022 0 68
6023 0 67
6024 0 69
6025 0 68
6026 0 69
6027 0 68
6028 0 68
6029 0 68
6030 0 68
6031 0 67
6032 0 69
6033 0 68
6034 0 69
6035 0 68
6036 0 69
6037 0 68
6038 0 68
6039 0 68
6040 0 68
6041 0 67
6042 0 69
6043 0 68
6044 0 68
6045 0 68
6046 0 69
6047 0 69
6048 0 68
6049 0 68
6050 0 68
6051 0 68
6052 0 68
6053 0 68
6054 0 68
6055 0 68
6056 0 68
6057 0 67
6058 0 67
6059 0 67
6060 0 68
6061 0 68
6062 0 68
6063 0 67
6064 0 68
6065 0 68
6066 0 68
6067 0 68
6068 0 68
6069 0 68
6070 0 68
6071 0 68
6072 0 67
6073 0 68
6074 0 68
6075 0 68
6076 0 68
6077 0 67
6078 0 67
6079 0 67
6080 0 66
6081 0 68
6082 0 68
6083 0 68
6084 0 67
6085 0 68
6086 0 68
6087 0 68
6088 0 68
6089 0 68
6090 0 68
6091 0 68
6092 0 68
6093 0 67
6094 0 68
6095 0 68
6096 0 68
6097 0 67
6098 0 68
6099 0 68
6100 0 68
6101 0 68
6102 0 68
6103 0 68
6104 0 68
6105 0 68
6106 0 67
6107 0 68
6108 0 68
6109 0 68
6110 0 68
6111 0 67
6112 0 67
6113 0 67
6114 0 66
6115 0 68
6116 0 68
6117 0 68
6118 0 67
6119 0 68
6120 0 68
6121 0 68
6122 0 68
6123 0 68
6124 0 68
6125 0 68
6126 0 68
6127 0 67
6128 0 68
6129 0 67
6130 0 68
6131 0 67
6132 0 67
6133 0 67
6134 0 67
6135 0 66
6136 0 68
6137 0 67
6138 0 68
6139 0 67
6140 0 68
6141 0 67
6142 0 67
6143 0 67
6144 0 67
6145 0 66
6146 0 67
6147 0 67
6148 0 67
6149 0 66
6150 0 67
6151 0 67
6152 0 67
6153 0 67
6154 0 67
6155 0 66
6156 0 67
6157 0 67
6158 0 67
6159 0 66
6160 0 68
6161 0 66
6162 0 67
6163 0 67
6164 0 67
6165 0 69
6166 0 68
6167 0 69
6168 0 68
6169 0 68
6170 0 68
6171 0 68
6172 0 67
6173 0 68
6174 0 68
6175 0 69
6176 0 68
6177 0 69
6178 0 68
6179 0 68
6180 0 68
6181 0 68
6182 0 67
6183 0 68
6184 0 68
6185 0 68
6186 0 67
6187 0 68
6188 0 69
6189 0 68
6190 0 67
6191 0 68
6192 0 67
6193 0 68
6194 0 67
6195 0 68
6196 0 67
6197 0 67
6198 0 67
6199 0 67
6200 0 67
6201 0 68
6202 0 69
6203 0 69
6204 0 67
6205 0 68
6206 0 69
6207 0 68
6208 0 67
6209 0 68
6210 0 67
6211 0 67
6212 0 67
6213 0 67
6214 0 69
6215 0 68
6216 0 69
6217 0 68
6218 0 68
6219 0 68
6220 0 68
6221 0 67
6222 0 68
6223 0 68
6224 0 69
6225 0 68
6226 0 69
6227 0 68
6228 0 68
6229 0 68
6230 0 68
6231 0 67
6232 0 68
6233 0 68
6234 0 68
6235 0 67
6236 0 68
6237 0 69
6238 0 68
6239 0 67
6240 0 68
6241 0 67
6242 0 68
6243 0 67
6244 0 68
6245 0 67
6246 0 67
6247 0 67
6248 0 67
6249 0 67
6250 0 68
6251 0 68
6252 0 68
6253 0 67
6254 0 68
6255 0 68
6256 0 68
6257 0 67
6258 0 68
6259 0 67
6260 0 67
6261 0 67
6262 0 67
6263 0 68
6264 0 67
6265 0 68
6266 0 67
6267 0 67
6268 0 67
6269 0 67
6270 0 66
6271 0 68
6272 0 68
6273 0 68
6274 0 67
6275 0 68
6276 0 68
6277 0 68
6278 0 68
6279 0 68
6280 0 68
6281 0 67
6282 0 67
6283 0 67
6284 0 68
6285 0 67
6286 0 68
6287 0 67
6288 0 67
6289 0 68
6290 0 68
6291 0 66
6292 0 68
6293 0 68
6294 0 68
6295 0 67
6296 0 68
6297 0 67
6298 0 67
6299 0 68
6300 0 68
6301 0 66
6302 0 68
6303 0 67
6304 0 68
6305 0 67
6306 0 67
6307 0 68
6308 0 68
6309 0 66
6310 0 68
6311 0 68
6312 0 68
6313 0 67
6314 0 68
6315 0 67
6316 0 67
6317 0 68
6318 0 68
6319 0 66
6320 0 67
6321 0 68
6322 0 68
6323 0 66
6324 0 67
6325 0 68
6326 0 67
6327 0 66
6328 0 67
6329 0 66
6330 0 67
6331 0 66
6332 0 67
6333 0 66
6334 0 66
6335 0 67
6336 0 67
6337 0 66
6338 0 68
6339 0 68
6340 0 68
6341 0 67
6342 0 68
6343 0 68
6344 0 68
6345 0 68
6346 0 68
6347 0 68
6348 0 67
6349 0 67
6350 0 67
6351 0 68
6352 0 68
6353 0 68
6354 0 68
6355 0 67
6356 0 67
6357 0 67
6358 0 66
6359 0 68
6360 0 68
6361 0 68
6362 0 67
6363 0 68
6364 0 68
6365 0 68
6366 0 68
6367 0 68
6368 0 68
6369 0 67
6370 0 67
6371 0 67
6372 0 68
6373 0 67
6374 0 68
6375 0 67
6376 0 67
6377 0 67
6378 0 67
6379 0 66
6380 0 67
6381 0 67
6382 0 68
6383 0 67
6384 0 68
6385 0 67
6386 0 67
6387 0 67
6388 0 67
6389 0 66
6390 0 67
6391 0 68
6392 0 68
6393 0 66
6394 0 67
6395 0 68
6396 0 67
6397 0 68
6398 0 68
6399 0 66
6400 0 67
6401 0 68
6402 0 67
6403 0 66
6404 0 67
6405 0 66
6406 0 66
6407 0 66
6408 0 66
6409 0 69
6410 0 68
6411 0 69
6412 0 68
6413 0 68
6414 0 68
6415 0 68
6416 0 68
6417 0 68
6418 0 68
6419 0 69
6420 0 68
6421 0 69
6422 0 68
6423 0 68
6424 0 68
6425 0 68
6426 0 68
6427 0 68
6428 0 68
6429 0 68
6430 0 67
6431 0 68
6432 0 69
6433 0 68
6434 0 67
6435 0 68
6436 0 67
6437 0 68
6438 0 67
6439 0 68
6440 0 67
6441 0 67
6442 0 67
6443 0 67
6444 0 67
6445 0 68
6446 0 69
6447 0 69
6448 0 67
6449 0 68
6450 0 69
6451 0 68
6452 0 67
6453 0 68
6454 0 67
6455 0 67
6456 0 67
6457 0 67
6458 0 69
6459 0 68
6460 0 69
6461 0 68
6462 0 68
6463 0 68
6464 0 68
6465 0 68
6466 0 68
6467 0 68
6468 0 69
6469 0 68
6470 0 69
6471 0 68
6472 0 68
6473 0 68
6474 0 68
6475 0 68
6476 0 68
6477 0 68
6478 0 68
6479 0 67
6480 0 68
6481 0 69
6482 0 68
6483 0 67
6484 0 68
6485 0 67
6486 0 68
6487 0 67
6488 0 68
6489 0 67
6490 0 67
6491 0 67
6492 0 67
6493 0 67
6494 0 68
6495 0 69
6496 0 69
6497 0 67
6498 0 68
6499 0 69
6500 0 68
6501 0 67
6502 0 68
6503 0 67
6504 0 68
6505 0 68
6506 0 68
6507 0 68
6508 0 67
6509 0 68
6510 0 67
6511 0 67
6512 0 68
6513 0 68
6514 0 66
6515 0 68
6516 0 69
6517 0 69
6518 0 67
6519 0 68
6520 0 69
6521 0 69
6522 0 68
6523 0 69
6524 0 68
6525 0 68
6526 0 68
6527 0 68
6528 0 68
6529 0 67
6530 0 68
6531 0 67
6532 0 67
6533 0 68
6534 0 68
6535 0 66
6536 0 68
6537 0 68
6538 0 68
6539 0 67
6540 0 68
6541 0 67
6542 0 67
6543 0 68
6544 0 68
6545 0 66
6546 0 68
6547 0 67
6548 0 68
6549 0 67
6550 0 67
6551 0 68
6552 0 68
6553 0 66
6554 0 68
6555 0 68
6556 0 68
6557 0 67
6558 0 68
6559 0 67
6560 0 67
6561 0 68
6562 0 68
6563 0 66
6564 0 67
6565 0 68
6566 0 68
6567 0 66
6568 0 67
6569 0 68
6570 0 67
6571 0 66
6572 0 67
6573 0 66
6574 0 67
6575 0 66
6576 0 67
6577 0 66
6578 0 66
6579 0 67
6580 0 67
6581 0 66
6582 0 68
6583 0 68
6584 0 68
6585 0 67
6586 0 68
6587 0 68
6588 0 68
6589 0 67
6590 0 68
6591 0 67
6592 0 67
6593 0 67
6594 0 67
6595 0 68
6596 0 67
6597 0 68
6598 0 67
6599 0 67
6600 0 67
6601 0 67
6602 0 67
6603 0 68
6604 0 68
6605 0 68
6606 0 68
6607 0 68
6608 0 68
6609 0 68
6610 0 67
6611 0 68
6612 0 67
6613 0 67
6614 0 67
6615 0 67
6616 0 68
6617 0 67
6618 0 68
6619 0 67
6620 0 67
6621 0 68
6622 0 68
6623 0 67
6624 0 67
6625 0 67
6626 0 68
6627 0 67
6628 0 68
6629 0 67
6630 0 68
6631 0 68
6632 0 68
6633 0 67
6634 0 67
6635 0 68
6636 0 68
6637 0 66
6638 0 67
6639 0 68
6640 0 67
6641 0 68
6642 0 68
6643 0 66
6644 0 67
6645 0 68
6646 0 67
6647 0 66
6648 0 67
6649 0 66
6650 0 66
6651 0 66
6652 0 66
6653 0 68
6654 0 67
6655 0 68
6656 0 67
6657 0 68
6658 0 68
6659 0 68
6660 0 67
6661 0 68
6662 0 68
6663 0 68
6664 0 67
6665 0 68
6666 0 67
6667 0 68
6668 0 68
6669 0 68
6670 0 67
6671 0 67
6672 0 67
6673 0 67
6674 0 66
6675 0 67
6676 0 68
6677 0 67
6678 0 66
6679 0 67
6680 0 66
6681 0 67
6682 0 66
6683 0 67
6684 0 66
6685 0 66
6686 0 66
6687 0 66
6688 0 66
6689 0 68
6690 0 68
6691 0 68
6692 0 67
6693 0 68
6694 0 68
6695 0 68
6696 0 67
6697 0 68
6698 0 67
6699 0 67
6700 0 67
6701 0 67
6702 0 68
6703 0 67
6704 0 68
6705 0 67
6706 0 67
6707 0 67
6708 0 67
6709 0 67
6710 0 68
6711 0 68
6712 0 68
6713 0 68
6714 0 68
6715 0 68
6716 0 68
6717 0 67
6718 0 68
6719 0 67
6720 0 67
6721 0 67
6722 0 67
6723 0 68
6724 0 67
6725 0 68
6726 0 67
6727 0 67
6728 0 68
6729 0 68
6730 0 67
6731 0 67
6732 0 67
6733 0 68
6734 0 67
6735 0 68
6736 0 67
6737 0 68
6738 0 68
6739 0 68
6740 0 67
6741 0 67
6742 0 68
6743 0 68
6744 0 66
6745 0 67
6746 0 68
6747 0 67
6748 0 68
6749 0 68
6750 0 66
6751 0 67
6752 0 68
6753 0 67
6754 0 66
6755 0 67
6756 0 66
6757 0 66
6758 0 66
6759 0 66
6760 0 68
6761 0 68
6762 0 68
6763 0 67
6764 0 68
6765 0 68
6766 0 68
6767 0 67
6768 0 68
6769 0 67
6770 0 67
6771 0 67
6772 0 67
6773 0 68
6774 0 67
6775 0 68
6776 0 67
6777 0 67
6778 0 67
6779 0 67
6780 0 67
6781 0 68
6782 0 68
6783 0 68
6784 0 68
6785 0 68
6786 0 68
6787 0 68
6788 0 67
6789 0 68
6790 0 67
6791 0 67
6792 0 67
6793 0 67
6794 0 68
6795 0 67
6796 0 68
6797 0 67
6798 0 67
6799 0 68
6800 0 68
6801 0 67
6802 0 67
6803 0 67
6804 0 68
6805 0 67
6806 0 68
6807 0 67
6808 0 68
6809 0 68
6810 0 68
6811 0 67
6812 0 67
6813 0 68
6814 0 68
6815 0 66
6816 0 67
6817 0 68
6818 0 67
6819 0 68
6820 0 68
6821 0 66
6822 0 67
6823 0 68
6824 0 67
6825 0 66
6826 0 67
6827 0 66
6828 0 66
6829 0 66
6830 0 66
6831 0 68
6832 0 67
6833 0 68
6834 0 67
6835 0 68
6836 0 68
6837 0 68
6838 0 67
6839 0 68
6840 0 68
6841 0 68
6842 0 67
6843 0 68
6844 0 67
6845 0 68
6846 0 68
6847 0 68
6848 0 67
6849 0 67
6850 0 67
6851 0 67
6852 0 66
6853 0 67
6854 0 68
6855 0 67
6856 0 66
6857 0 67
6858 0 66
6859 0 67
6860 0 66
6861 0 67
6862 0 66
6863 0 66
6864 0 66
6865 0 66
6866 0 66
6867 0 68
6868 0 68
6869 0 68
6870 0 67
6871 0 68
6872 0 68
6873 0 68
6874 0 67
6875 0 68
6876 0 67
6877 0 67
6878 0 67
6879 0 67
6880 0 68
6881 0 67
6882 0 68
6883 0 67
6884 0 67
6885 0 67
6886 0 67
6887 0 67
6888 0 68
6889 0 68
6890 0 68
6891 0 68
6892 0 68
6893 0 68
6894 0 68
6895 0 67
6896 0 68
6897 0 67
6898 0 67
6899 0 67
6900 0 67
6901 0 68
6902 0 67
6903 0 68
6904 0 67
6905 0 67
6906 0 68
6907 0 68
6908 0 67
6909 0 67
6910 0 67
6911 0 68
6912 0 67
6913 0 68
6914 0 67
6915 0 68
6916 0 68
6917 0 68
6918 0 67
6919 0 67
6920 0 68
6921 0 68
6922 0 66
6923 0 67
6924 0 68
6925 0 67
6926 0 68
6927 0 68
6928 0 66
6929 0 67
6930 0 68
6931 0 67
6932 0 66
6933 0 67
6934 0 66
6935 0 66
6936 0 66
6937 0 66
6938 0 68
6939 0 67
6940 0 68
6941 0 67
6942 0 67
6943 0 67
6944 0 67
6945 0 67
6946 0 67
6947 0 67
6948 0 68
6949 0 67
6950 0 68
6951 0 67
6952 0 67
6953 0 67
6954 0 67
6955 0 67
6956 0 67
6957 0 67
6958 0 67
6959 0 66
6960 0 67
6961 0 68
6962 0 67
6963 0 66
6964 0 67
6965 0 66
6966 0 67
6967 0 66
6968 0 67
6969 0 66
6970 0 66
6971 0 66
6972 0 66
6973 0 66
6974 0 67
6975 0 68
6976 0 68
6977 0 66
6978 0 67
6979 0 68
6980 0 67
6981 0 66
6982 0 67
6983 0 66
6984 0 66
6985 0 66
6986 0 66
6987 0 68
6988 0 68
6989 0 68
6990 0 68
6991 0 67
6992 0 67
6993 0 67
6994 0 67
6995 0 67
6996 0 67
6997 0 68
6998 0 68
6999 0 68
7000 0 68
7001 0 67
7002 0 67
7003 0 67
7004 0 67
7005 0 67
7006 0 67
7007 0 67
7008 0 66
7009 0 67
7010 0 68
7011 0 67
7012 0 66
7013 0 67
7014 0 66
7015 0 67
7016 0 66
7017 0 67
7018 0 66
7019 0 66
7020 0 66
7021 0 66
7022 0 66
7023 0 67
7024 0 67
7025 0 67
7026 0 67
7027 0 68
7028 0 67
7029 0 67
7030 0 67
7031 0 67
7032 0 67
7033 0 66
7034 0 66
7035 0 66
7036 0 67
7037 0 67
7038 0 67
7039 0 67
7040 0 66
7041 0 66
7042 0 66
7043 0 66
7044 0 67
7045 0 67
7046 0 67
7047 0 67
7048 0 68
7049 0 67
7050 0 67
7051 0 67
7052 0 67
7053 0 67
7054 0 66
7055 0 66
7056 0 66
7057 0 67
7058 0 67
7059 0 67
7060 0 67
7061 0 68
7062 0 67
7063 0 67
7064 0 67
7065 0 67
7066 0 67
7067 0 66
7068 0 66
7069 0 66
7070 0 67
7071 0 67
7072 0 67
7073 0 67
7074 0 66
7075 0 66
7076 0 66
7077 0 66
7078 0 67
7079 0 67
7080 0 67
7081 0 67
7082 0 68
7083 0 67
7084 0 67
7085 0 67
7086 0 67
7087 0 67
7088 0 66
7089 0 66
7090 0 66
7091 0 67
7092 0 67
7093 0 67
7094 0 67
7095 0 66
7096 0 66
7097 0 66
7098 0 66
7099 0 66
7100 0 66
7101 0 68
7102 0 67
7103 0 68
7104 0 67
7105 0 66
7106 0 66
7107 0 66
7108 0 66
7109 0 67
7110 0 67
7111 0 67
7112 0 66
7113 0 67
7114 0 67
7115 0 67
7116 0 67
7117 0 67
7118 0 66
7119 0 67
7120 0 67
7121 0 67
7122 0 66
7123 0 67
7124 0 66
7125 0 66
7126 0 66
7127 0 66
