0 0 71
1 0 71
2 0 71
3 0 71
4 0 71
5 0 70
6 0 71
7 0 71
8 0 70
9 0 70
10 0 71
11 0 71
12 0 71
13 0 71
14 0 71
15 0 70
16 0 71
17 0 71
18 0 70
19 0 70
20 0 70
21 0 71
22 0 71
23 0 70
24 0 70
25 0 70
26 0 70
27 0 70
28 0 70
29 0 70
30 0 70
31 0 70
32 0 70
33 0 70
34 0 71
35 0 71
36 0 70
37 0 70
38 0 70
39 0 71
40 0 71
41 0 70
42 0 70
43 0 70
44 0 70
45 0 70
46 0 70
47 0 70
48 0 70
49 0 70
50 0 70
51 0 70
52 0 71
53 0 71
54 0 71
55 0 71
56 0 71
57 0 70
58 0 71
59 0 71
60 0 70
61 0 70
62 0 71
63 0 71
64 0 71
65 0 71
66 0 71
67 0 70
68 0 71
69 0 71
70 0 70
71 0 70
72 0 70
73 0 71
74 0 71
75 0 70
76 0 70
77 0 70
78 0 70
79 0 70
80 0 70
81 0 70
82 0 70
83 0 70
84 0 70
85 0 70
86 0 71
87 0 71
88 0 70
89 0 70
90 0 70
91 0 71
92 0 71
93 0 70
94 0 70
95 0 71
96 0 71
97 0 71
98 0 70
99 0 70
100 0 70
101 0 70
102 0 70
103 0 70
104 0 71
105 0 71
106 0 71
107 0 70
108 0 70
109 0 69
110 0 71
111 0 71
112 0 70
113 0 70
114 0 70
115 0 71
116 0 71
117 0 70
118 0 70
119 0 71
120 0 71
121 0 71
122 0 70
123 0 70
124 0 70
125 0 70
126 0 70
127 0 70
128 0 70
129 0 70
130 0 70
131 0 70
132 0 70
133 0 69
134 0 70
135 0 70
136 0 69
137 0 69
138 0 70
139 0 70
140 0 70
141 0 70
142 0 70
143 0 69
144 0 70
145 0 70
146 0 70
147 0 70
148 0 70
149 0 69
150 0 70
151 0 70
152 0 69
153 0 69
154 0 70
155 0 70
156 0 70
157 0 70
158 0 70
159 0 69
160 0 70
161 0 70
162 0 69
163 0 69
164 0 69
165 0 70
166 0 70
167 0 69
168 0 69
169 0 70
170 0 70
171 0 70
172 0 70
173 0 70
174 0 70
175 0 70
176 0 70
177 0 69
178 0 71
179 0 71
180 0 70
181 0 70
182 0 70
183 0 71
184 0 71
185 0 70
186 0 70
187 0 71
188 0 71
189 0 71
190 0 70
191 0 70
192 0 70
193 0 70
194 0 70
195 0 70
196 0 71
197 0 71
198 0 71
199 0 70
200 0 70
201 0 69
202 0 71
203 0 71
204 0 70
205 0 70
206 0 70
207 0 71
208 0 71
209 0 70
210 0 70
211 0 71
212 0 71
213 0 71
214 0 70
215 0 70
216 0 70
217 0 70
218 0 70
219 0 70
220 0 70
221 0 70
222 0 70
223 0 70
224 0 70
225 0 69
226 0 70
227 0 70
228 0 69
229 0 69
230 0 70
231 0 70
232 0 70
233 0 70
234 0 70
235 0 69
236 0 70
237 0 70
238 0 69
239 0 69
240 0 69
241 0 70
242 0 70
243 0 69
244 0 69
245 0 70
246 0 70
247 0 69
248 0 69
249 0 69
250 0 70
251 0 70
252 0 69
253 0 69
254 0 69
255 0 69
256 0 69
257 0 70
258 0 70
259 0 70
260 0 70
261 0 69
262 0 69
263 0 71
264 0 71
265 0 71
266 0 71
267 0 71
268 0 70
269 0 71
270 0 71
271 0 70
272 0 70
273 0 71
274 0 71
275 0 71
276 0 71
277 0 71
278 0 70
279 0 71
280 0 71
281 0 70
282 0 70
283 0 70
284 0 71
285 0 71
286 0 70
287 0 70
288 0 70
289 0 70
290 0 70
291 0 70
292 0 70
293 0 70
294 0 70
295 0 70
296 0 70
297 0 71
298 0 71
299 0 70
300 0 70
301 0 70
302 0 71
303 0 71
304 0 70
305 0 70
306 0 70
307 0 70
308 0 70
309 0 70
310 0 70
311 0 70
312 0 70
313 0 70
314 0 70
315 0 71
316 0 71
317 0 71
318 0 71
319 0 71
320 0 70
321 0 71
322 0 71
323 0 70
324 0 70
325 0 71
326 0 71
327 0 71
328 0 71
329 0 71
330 0 70
331 0 71
332 0 71
333 0 70
334 0 70
335 0 70
336 0 71
337 0 71
338 0 70
339 0 70
340 0 70
341 0 70
342 0 70
343 0 70
344 0 70
345 0 70
346 0 70
347 0 70
348 0 70
349 0 71
350 0 71
351 0 70
352 0 70
353 0 70
354 0 71
355 0 71
356 0 70
357 0 70
358 0 71
359 0 71
360 0 71
361 0 70
362 0 70
363 0 70
364 0 70
365 0 70
366 0 70
367 0 71
368 0 71
369 0 71
370 0 70
371 0 70
372 0 69
373 0 71
374 0 71
375 0 70
376 0 70
377 0 70
378 0 71
379 0 71
380 0 70
381 0 70
382 0 71
383 0 71
384 0 71
385 0 70
386 0 70
387 0 70
388 0 70
389 0 70
390 0 70
391 0 70
392 0 70
393 0 70
394 0 70
395 0 70
396 0 69
397 0 70
398 0 70
399 0 69
400 0 69
401 0 70
402 0 70
403 0 70
404 0 70
405 0 70
406 0 69
407 0 70
408 0 70
409 0 70
410 0 70
411 0 70
412 0 69
413 0 70
414 0 70
415 0 69
416 0 69
417 0 70
418 0 70
419 0 70
420 0 70
421 0 70
422 0 69
423 0 70
424 0 70
425 0 69
426 0 69
427 0 69
428 0 70
429 0 70
430 0 69
431 0 69
432 0 70
433 0 70
434 0 70
435 0 70
436 0 70
437 0 70
438 0 70
439 0 70
440 0 69
441 0 71
442 0 71
443 0 70
444 0 70
445 0 70
446 0 71
447 0 71
448 0 70
449 0 70
450 0 71
451 0 71
452 0 71
453 0 70
454 0 70
455 0 70
456 0 70
457 0 70
458 0 70
459 0 71
460 0 71
461 0 71
462 0 70
463 0 70
464 0 69
465 0 71
466 0 71
467 0 70
468 0 70
469 0 70
470 0 71
471 0 71
472 0 70
473 0 70
474 0 71
475 0 71
476 0 71
477 0 70
478 0 70
479 0 70
480 0 70
481 0 70
482 0 70
483 0 71
484 0 71
485 0 71
486 0 71
487 0 71
488 0 70
489 0 71
490 0 71
491 0 70
492 0 70
493 0 71
494 0 71
495 0 71
496 0 71
497 0 71
498 0 70
499 0 70
500 0 70
501 0 70
502 0 70
503 0 70
504 0 70
505 0 70
506 0 70
507 0 70
508 0 70
509 0 70
510 0 70
511 0 70
512 0 70
513 0 70
514 0 70
515 0 70
516 0 70
517 0 70
518 0 70
519 0 70
520 0 70
521 0 70
522 0 70
523 0 70
524 0 70
525 0 70
526 0 71
527 0 71
528 0 71
529 0 71
530 0 71
531 0 70
532 0 71
533 0 71
534 0 70
535 0 70
536 0 71
537 0 71
538 0 71
539 0 71
540 0 71
541 0 70
542 0 70
543 0 70
544 0 70
545 0 70
546 0 70
547 0 70
548 0 70
549 0 70
550 0 70
551 0 70
552 0 70
553 0 70
554 0 70
555 0 70
556 0 70
557 0 69
558 0 69
559 0 69
560 0 71
561 0 71
562 0 70
563 0 70
564 0 70
565 0 71
566 0 71
567 0 70
568 0 70
569 0 71
570 0 71
571 0 71
572 0 70
573 0 70
574 0 70
575 0 70
576 0 70
577 0 70
578 0 71
579 0 71
580 0 71
581 0 70
582 0 70
583 0 69
584 0 71
585 0 71
586 0 70
587 0 70
588 0 70
589 0 71
590 0 71
591 0 70
592 0 70
593 0 71
594 0 71
595 0 71
596 0 70
597 0 70
598 0 70
599 0 70
600 0 70
601 0 70
602 0 71
603 0 71
604 0 71
605 0 71
606 0 71
607 0 70
608 0 71
609 0 71
610 0 70
611 0 70
612 0 71
613 0 71
614 0 71
615 0 71
616 0 71
617 0 70
618 0 70
619 0 70
620 0 70
621 0 70
622 0 70
623 0 70
624 0 70
625 0 70
626 0 70
627 0 70
628 0 70
629 0 70
630 0 70
631 0 70
632 0 70
633 0 70
634 0 70
635 0 70
636 0 70
637 0 70
638 0 70
639 0 70
640 0 70
641 0 70
642 0 70
643 0 70
644 0 70
645 0 70
646 0 70
647 0 70
648 0 70
649 0 70
650 0 69
651 0 70
652 0 70
653 0 69
654 0 69
655 0 70
656 0 70
657 0 70
658 0 70
659 0 70
660 0 69
661 0 70
662 0 70
663 0 70
664 0 70
665 0 70
666 0 70
667 0 70
668 0 70
669 0 70
670 0 70
671 0 70
672 0 70
673 0 70
674 0 70
675 0 70
676 0 69
677 0 69
678 0 69
679 0 70
680 0 70
681 0 70
682 0 70
683 0 70
684 0 70
685 0 70
686 0 70
687 0 70
688 0 70
689 0 70
690 0 70
691 0 69
692 0 69
693 0 69
694 0 69
695 0 69
696 0 69
697 0 70
698 0 70
699 0 70
700 0 70
701 0 70
702 0 69
703 0 70
704 0 70
705 0 69
706 0 69
707 0 70
708 0 70
709 0 70
710 0 70
711 0 70
712 0 69
713 0 70
714 0 70
715 0 70
716 0 70
717 0 70
718 0 70
719 0 70
720 0 70
721 0 70
722 0 70
723 0 70
724 0 70
725 0 70
726 0 70
727 0 70
728 0 69
729 0 69
730 0 69
731 0 70
732 0 70
733 0 70
734 0 70
735 0 70
736 0 69
737 0 70
738 0 70
739 0 69
740 0 69
741 0 70
742 0 70
743 0 70
744 0 70
745 0 70
746 0 69
747 0 70
748 0 70
749 0 70
750 0 70
751 0 70
752 0 70
753 0 70
754 0 70
755 0 70
756 0 70
757 0 70
758 0 70
759 0 70
760 0 70
761 0 70
762 0 69
763 0 69
764 0 69
765 0 70
766 0 70
767 0 70
768 0 70
769 0 70
770 0 70
771 0 70
772 0 70
773 0 70
774 0 70
775 0 70
776 0 70
777 0 69
778 0 69
779 0 69
780 0 69
781 0 69
782 0 69
783 0 70
784 0 70
785 0 70
786 0 70
787 0 70
788 0 69
789 0 70
790 0 70
791 0 69
792 0 69
793 0 70
794 0 70
795 0 70
796 0 70
797 0 70
798 0 69
799 0 70
800 0 70
801 0 70
802 0 70
803 0 70
804 0 70
805 0 70
806 0 70
807 0 70
808 0 70
809 0 70
810 0 70
811 0 70
812 0 70
813 0 70
814 0 69
815 0 69
816 0 69
817 0 70
818 0 70
819 0 69
820 0 69
821 0 69
822 0 70
823 0 70
824 0 69
825 0 69
826 0 70
827 0 70
828 0 70
829 0 69
830 0 69
831 0 69
832 0 69
833 0 69
834 0 69
835 0 70
836 0 70
837 0 70
838 0 69
839 0 69
840 0 68
841 0 70
842 0 70
843 0 69
844 0 69
845 0 69
846 0 70
847 0 70
848 0 69
849 0 69
850 0 70
851 0 70
852 0 70
853 0 69
854 0 69
855 0 69
856 0 69
857 0 69
858 0 69
859 0 70
860 0 70
861 0 70
862 0 70
863 0 70
864 0 69
865 0 70
866 0 70
867 0 69
868 0 69
869 0 70
870 0 70
871 0 70
872 0 70
873 0 70
874 0 69
875 0 70
876 0 70
877 0 70
878 0 70
879 0 70
880 0 69
881 0 70
882 0 70
883 0 69
884 0 69
885 0 70
886 0 70
887 0 70
888 0 70
889 0 70
890 0 69
891 0 70
892 0 70
893 0 69
894 0 69
895 0 69
896 0 70
897 0 70
898 0 69
899 0 69
900 0 70
901 0 70
902 0 70
903 0 70
904 0 70
905 0 70
906 0 69
907 0 69
908 0 69
909 0 71
910 0 71
911 0 70
912 0 70
913 0 70
914 0 71
915 0 71
916 0 70
917 0 70
918 0 71
919 0 71
920 0 71
921 0 70
922 0 70
923 0 70
924 0 70
925 0 70
926 0 70
927 0 71
928 0 71
929 0 71
930 0 70
931 0 70
932 0 69
933 0 71
934 0 71
935 0 70
936 0 70
937 0 70
938 0 71
939 0 71
940 0 70
941 0 70
942 0 71
943 0 71
944 0 71
945 0 70
946 0 70
947 0 70
948 0 70
949 0 70
950 0 70
951 0 71
952 0 71
953 0 71
954 0 71
955 0 71
956 0 70
957 0 71
958 0 71
959 0 70
960 0 70
961 0 71
962 0 71
963 0 71
964 0 71
965 0 71
966 0 70
967 0 70
968 0 70
969 0 70
970 0 70
971 0 70
972 0 70
973 0 70
974 0 70
975 0 70
976 0 70
977 0 70
978 0 70
979 0 70
980 0 70
981 0 70
982 0 70
983 0 70
984 0 70
985 0 70
986 0 70
987 0 70
988 0 70
989 0 70
990 0 70
991 0 70
992 0 70
993 0 70
994 0 71
995 0 71
996 0 71
997 0 71
998 0 71
999 0 70
1000 0 71
1001 0 71
1002 0 70
1003 0 70
1004 0 71
1005 0 71
1006 0 71
1007 0 71
1008 0 71
1009 0 70
1010 0 70
1011 0 70
1012 0 70
1013 0 70
1014 0 70
1015 0 70
1016 0 70
1017 0 70
1018 0 70
1019 0 70
1020 0 70
1021 0 70
1022 0 70
1023 0 70
1024 0 70
1025 0 69
1026 0 69
1027 0 69
1028 0 71
1029 0 71
1030 0 70
1031 0 70
1032 0 70
1033 0 71
1034 0 71
1035 0 70
1036 0 70
1037 0 71
1038 0 71
1039 0 71
1040 0 70
1041 0 70
1042 0 70
1043 0 70
1044 0 70
1045 0 70
1046 0 71
1047 0 71
1048 0 71
1049 0 70
1050 0 70
1051 0 69
1052 0 71
1053 0 71
1054 0 70
1055 0 70
1056 0 70
1057 0 71
1058 0 71
1059 0 70
1060 0 70
1061 0 71
1062 0 71
1063 0 71
1064 0 70
1065 0 70
1066 0 70
1067 0 70
1068 0 70
1069 0 70
1070 0 71
1071 0 71
1072 0 71
1073 0 71
1074 0 71
1075 0 70
1076 0 71
1077 0 71
1078 0 70
1079 0 70
1080 0 71
1081 0 71
1082 0 71
1083 0 71
1084 0 71
1085 0 70
1086 0 70
1087 0 70
1088 0 70
1089 0 70
1090 0 70
1091 0 70
1092 0 70
1093 0 70
1094 0 70
1095 0 70
1096 0 70
1097 0 70
1098 0 70
1099 0 70
1100 0 70
1101 0 70
1102 0 70
1103 0 70
1104 0 70
1105 0 70
1106 0 70
1107 0 70
1108 0 70
1109 0 70
1110 0 70
1111 0 70
1112 0 70
1113 0 70
1114 0 70
1115 0 70
1116 0 70
1117 0 70
1118 0 69
1119 0 70
1120 0 70
1121 0 69
1122 0 69
1123 0 70
1124 0 70
1125 0 70
1126 0 70
1127 0 70
1128 0 69
1129 0 70
1130 0 70
1131 0 70
1132 0 70
1133 0 70
1134 0 70
1135 0 70
1136 0 70
1137 0 70
1138 0 70
1139 0 70
1140 0 70
1141 0 70
1142 0 70
1143 0 70
1144 0 69
1145 0 69
1146 0 69
1147 0 70
1148 0 70
1149 0 70
1150 0 70
1151 0 70
1152 0 70
1153 0 70
1154 0 70
1155 0 70
1156 0 70
1157 0 70
1158 0 70
1159 0 69
1160 0 69
1161 0 69
1162 0 69
1163 0 69
1164 0 69
1165 0 70
1166 0 70
1167 0 70
1168 0 70
1169 0 70
1170 0 69
1171 0 70
1172 0 70
1173 0 69
1174 0 69
1175 0 70
1176 0 70
1177 0 70
1178 0 70
1179 0 70
1180 0 69
1181 0 70
1182 0 70
1183 0 70
1184 0 70
1185 0 70
1186 0 70
1187 0 70
1188 0 70
1189 0 70
1190 0 70
1191 0 70
1192 0 70
1193 0 70
1194 0 70
1195 0 70
1196 0 69
1197 0 69
1198 0 69
1199 0 70
1200 0 70
1201 0 69
1202 0 69
1203 0 69
1204 0 70
1205 0 70
1206 0 69
1207 0 69
1208 0 70
1209 0 70
1210 0 70
1211 0 69
1212 0 69
1213 0 69
1214 0 69
1215 0 69
1216 0 69
1217 0 70
1218 0 70
1219 0 70
1220 0 69
1221 0 69
1222 0 68
1223 0 70
1224 0 70
1225 0 69
1226 0 69
1227 0 69
1228 0 70
1229 0 70
1230 0 69
1231 0 69
1232 0 70
1233 0 70
1234 0 70
1235 0 69
1236 0 69
1237 0 69
1238 0 69
1239 0 69
1240 0 69
1241 0 70
1242 0 70
1243 0 69
1244 0 69
1245 0 69
1246 0 70
1247 0 70
1248 0 69
1249 0 69
1250 0 70
1251 0 70
1252 0 70
1253 0 69
1254 0 69
1255 0 69
1256 0 69
1257 0 69
1258 0 69
1259 0 70
1260 0 70
1261 0 70
1262 0 69
1263 0 69
1264 0 68
1265 0 70
1266 0 70
1267 0 69
1268 0 69
1269 0 69
1270 0 70
1271 0 70
1272 0 69
1273 0 69
1274 0 70
1275 0 70
1276 0 70
1277 0 69
1278 0 69
1279 0 69
1280 0 69
1281 0 69
1282 0 69
1283 0 69
1284 0 69
1285 0 69
1286 0 69
1287 0 69
1288 0 68
1289 0 69
1290 0 69
1291 0 68
1292 0 68
1293 0 69
1294 0 69
1295 0 69
1296 0 69
1297 0 69
1298 0 68
1299 0 70
1300 0 70
1301 0 69
1302 0 69
1303 0 69
1304 0 70
1305 0 70
1306 0 69
1307 0 69
1308 0 70
1309 0 70
1310 0 69
1311 0 69
1312 0 69
1313 0 70
1314 0 70
1315 0 69
1316 0 69
1317 0 69
1318 0 69
1319 0 69
1320 0 69
1321 0 69
1322 0 69
1323 0 69
1324 0 69
1325 0 69
1326 0 71
1327 0 71
1328 0 71
1329 0 71
1330 0 71
1331 0 70
1332 0 71
1333 0 71
1334 0 70
1335 0 70
1336 0 71
1337 0 71
1338 0 71
1339 0 71
1340 0 71
1341 0 70
1342 0 71
1343 0 71
1344 0 70
1345 0 70
1346 0 70
1347 0 71
1348 0 71
1349 0 70
1350 0 70
1351 0 70
1352 0 70
1353 0 70
1354 0 70
1355 0 70
1356 0 70
1357 0 70
1358 0 70
1359 0 70
1360 0 71
1361 0 71
1362 0 70
1363 0 70
1364 0 70
1365 0 71
1366 0 71
1367 0 70
1368 0 70
1369 0 70
1370 0 70
1371 0 70
1372 0 70
1373 0 70
1374 0 70
1375 0 70
1376 0 70
1377 0 70
1378 0 71
1379 0 71
1380 0 71
1381 0 71
1382 0 71
1383 0 70
1384 0 71
1385 0 71
1386 0 70
1387 0 70
1388 0 71
1389 0 71
1390 0 71
1391 0 71
1392 0 71
1393 0 70
1394 0 71
1395 0 71
1396 0 70
1397 0 70
1398 0 70
1399 0 71
1400 0 71
1401 0 70
1402 0 70
1403 0 70
1404 0 70
1405 0 70
1406 0 70
1407 0 70
1408 0 70
1409 0 70
1410 0 70
1411 0 70
1412 0 71
1413 0 71
1414 0 70
1415 0 70
1416 0 70
1417 0 71
1418 0 71
1419 0 70
1420 0 70
1421 0 71
1422 0 71
1423 0 71
1424 0 70
1425 0 70
1426 0 70
1427 0 70
1428 0 70
1429 0 70
1430 0 71
1431 0 71
1432 0 71
1433 0 70
1434 0 70
1435 0 69
1436 0 71
1437 0 71
1438 0 70
1439 0 70
1440 0 70
1441 0 71
1442 0 71
1443 0 70
1444 0 70
1445 0 71
1446 0 71
1447 0 71
1448 0 70
1449 0 70
1450 0 70
1451 0 70
1452 0 70
1453 0 70
1454 0 70
1455 0 70
1456 0 70
1457 0 70
1458 0 70
1459 0 69
1460 0 70
1461 0 70
1462 0 69
1463 0 69
1464 0 70
1465 0 70
1466 0 70
1467 0 70
1468 0 70
1469 0 69
1470 0 70
1471 0 70
1472 0 70
1473 0 70
1474 0 70
1475 0 69
1476 0 70
1477 0 70
1478 0 69
1479 0 69
1480 0 70
1481 0 70
1482 0 70
1483 0 70
1484 0 70
1485 0 69
1486 0 70
1487 0 70
1488 0 69
1489 0 69
1490 0 69
1491 0 70
1492 0 70
1493 0 69
1494 0 69
1495 0 70
1496 0 70
1497 0 70
1498 0 70
1499 0 70
1500 0 70
1501 0 70
1502 0 70
1503 0 69
1504 0 71
1505 0 71
1506 0 70
1507 0 70
1508 0 70
1509 0 71
1510 0 71
1511 0 70
1512 0 70
1513 0 71
1514 0 71
1515 0 71
1516 0 70
1517 0 70
1518 0 70
1519 0 70
1520 0 70
1521 0 70
1522 0 71
1523 0 71
1524 0 71
1525 0 70
1526 0 70
1527 0 69
1528 0 71
1529 0 71
1530 0 70
1531 0 70
1532 0 70
1533 0 71
1534 0 71
1535 0 70
1536 0 70
1537 0 71
1538 0 71
1539 0 71
1540 0 70
1541 0 70
1542 0 70
1543 0 70
1544 0 70
1545 0 70
1546 0 70
1547 0 70
1548 0 70
1549 0 70
1550 0 70
1551 0 69
1552 0 70
1553 0 70
1554 0 69
1555 0 69
1556 0 70
1557 0 70
1558 0 70
1559 0 70
1560 0 70
1561 0 69
1562 0 70
1563 0 70
1564 0 69
1565 0 69
1566 0 69
1567 0 70
1568 0 70
1569 0 69
1570 0 69
1571 0 70
1572 0 70
1573 0 69
1574 0 69
1575 0 69
1576 0 70
1577 0 70
1578 0 69
1579 0 69
1580 0 69
1581 0 69
1582 0 69
1583 0 70
1584 0 70
1585 0 70
1586 0 70
1587 0 69
1588 0 69
1589 0 71
1590 0 71
1591 0 71
1592 0 71
1593 0 71
1594 0 70
1595 0 71
1596 0 71
1597 0 70
1598 0 70
1599 0 71
1600 0 71
1601 0 71
1602 0 71
1603 0 71
1604 0 70
1605 0 71
1606 0 71
1607 0 70
1608 0 70
1609 0 70
1610 0 71
1611 0 71
1612 0 70
1613 0 70
1614 0 70
1615 0 70
1616 0 70
1617 0 70
1618 0 70
1619 0 70
1620 0 70
1621 0 70
1622 0 70
1623 0 71
1624 0 71
1625 0 70
1626 0 70
1627 0 70
1628 0 71
1629 0 71
1630 0 70
1631 0 70
1632 0 70
1633 0 70
1634 0 70
1635 0 70
1636 0 70
1637 0 70
1638 0 70
1639 0 70
1640 0 70
1641 0 71
1642 0 71
1643 0 71
1644 0 71
1645 0 71
1646 0 70
1647 0 71
1648 0 71
1649 0 70
1650 0 70
1651 0 71
1652 0 71
1653 0 71
1654 0 71
1655 0 71
1656 0 70
1657 0 71
1658 0 71
1659 0 70
1660 0 70
1661 0 70
1662 0 71
1663 0 71
1664 0 70
1665 0 70
1666 0 70
1667 0 70
1668 0 70
1669 0 70
1670 0 70
1671 0 70
1672 0 70
1673 0 70
1674 0 70
1675 0 71
1676 0 71
1677 0 70
1678 0 70
1679 0 70
1680 0 71
1681 0 71
1682 0 70
1683 0 70
1684 0 71
1685 0 71
1686 0 71
1687 0 70
1688 0 70
1689 0 70
1690 0 70
1691 0 70
1692 0 70
1693 0 71
1694 0 71
1695 0 71
1696 0 70
1697 0 70
1698 0 69
1699 0 71
1700 0 71
1701 0 70
1702 0 70
1703 0 70
1704 0 71
1705 0 71
1706 0 70
1707 0 70
1708 0 71
1709 0 71
1710 0 71
1711 0 70
1712 0 70
1713 0 70
1714 0 70
1715 0 70
1716 0 70
1717 0 70
1718 0 70
1719 0 70
1720 0 70
1721 0 70
1722 0 69
1723 0 70
1724 0 70
1725 0 69
1726 0 69
1727 0 70
1728 0 70
1729 0 70
1730 0 70
1731 0 70
1732 0 69
1733 0 70
1734 0 70
1735 0 70
1736 0 70
1737 0 70
1738 0 69
1739 0 70
1740 0 70
1741 0 69
1742 0 69
1743 0 70
1744 0 70
1745 0 70
1746 0 70
1747 0 70
1748 0 69
1749 0 70
1750 0 70
1751 0 69
1752 0 69
1753 0 69
1754 0 70
1755 0 70
1756 0 69
1757 0 69
1758 0 70
1759 0 70
1760 0 70
1761 0 70
1762 0 70
1763 0 70
1764 0 70
1765 0 70
1766 0 69
1767 0 71
1768 0 71
1769 0 70
1770 0 70
1771 0 70
1772 0 71
1773 0 71
1774 0 70
1775 0 70
1776 0 71
1777 0 71
1778 0 71
1779 0 70
1780 0 70
1781 0 70
1782 0 70
1783 0 70
1784 0 70
1785 0 71
1786 0 71
1787 0 71
1788 0 70
1789 0 70
1790 0 69
1791 0 71
1792 0 71
1793 0 70
1794 0 70
1795 0 70
1796 0 71
1797 0 71
1798 0 70
1799 0 70
1800 0 71
1801 0 71
1802 0 71
1803 0 70
1804 0 70
1805 0 70
1806 0 70
1807 0 70
1808 0 70
1809 0 71
1810 0 71
1811 0 71
1812 0 71
1813 0 71
1814 0 70
1815 0 71
1816 0 71
1817 0 70
1818 0 70
1819 0 71
1820 0 71
1821 0 71
1822 0 71
1823 0 71
1824 0 70
1825 0 70
1826 0 70
1827 0 70
1828 0 70
1829 0 70
1830 0 70
1831 0 70
1832 0 70
1833 0 70
1834 0 70
1835 0 70
1836 0 70
1837 0 70
1838 0 70
1839 0 70
1840 0 70
1841 0 70
1842 0 70
1843 0 70
1844 0 70
1845 0 70
1846 0 70
1847 0 70
1848 0 70
1849 0 70
1850 0 70
1851 0 70
1852 0 71
1853 0 71
1854 0 71
1855 0 71
1856 0 71
1857 0 70
1858 0 71
1859 0 71
1860 0 70
1861 0 70
1862 0 71
1863 0 71
1864 0 71
1865 0 71
1866 0 71
1867 0 70
1868 0 70
1869 0 70
1870 0 70
1871 0 70
1872 0 70
1873 0 70
1874 0 70
1875 0 70
1876 0 70
1877 0 70
1878 0 70
1879 0 70
1880 0 70
1881 0 70
1882 0 70
1883 0 69
1884 0 69
1885 0 69
1886 0 71
1887 0 71
1888 0 70
1889 0 70
1890 0 70
1891 0 71
1892 0 71
1893 0 70
1894 0 70
1895 0 71
1896 0 71
1897 0 71
1898 0 70
1899 0 70
1900 0 70
1901 0 70
1902 0 70
1903 0 70
1904 0 71
1905 0 71
1906 0 71
1907 0 70
1908 0 70
1909 0 69
1910 0 71
1911 0 71
1912 0 70
1913 0 70
1914 0 70
1915 0 71
1916 0 71
1917 0 70
1918 0 70
1919 0 71
1920 0 71
1921 0 71
1922 0 70
1923 0 70
1924 0 70
1925 0 70
1926 0 70
1927 0 70
1928 0 71
1929 0 71
1930 0 71
1931 0 71
1932 0 71
1933 0 70
1934 0 71
1935 0 71
1936 0 70
1937 0 70
1938 0 71
1939 0 71
1940 0 71
1941 0 71
1942 0 71
1943 0 70
1944 0 70
1945 0 70
1946 0 70
1947 0 70
1948 0 70
1949 0 70
1950 0 70
1951 0 70
1952 0 70
1953 0 70
1954 0 70
1955 0 70
1956 0 70
1957 0 70
1958 0 70
1959 0 70
1960 0 70
1961 0 70
1962 0 70
1963 0 70
1964 0 70
1965 0 70
1966 0 70
1967 0 70
1968 0 70
1969 0 70
1970 0 70
1971 0 70
1972 0 70
1973 0 70
1974 0 70
1975 0 70
1976 0 69
1977 0 70
1978 0 70
1979 0 69
1980 0 69
1981 0 70
1982 0 70
1983 0 70
1984 0 70
1985 0 70
1986 0 69
1987 0 70
1988 0 70
1989 0 70
1990 0 70
1991 0 70
1992 0 70
1993 0 70
1994 0 70
1995 0 70
1996 0 70
1997 0 70
1998 0 70
1999 0 70
2000 0 70
2001 0 70
2002 0 69
2003 0 69
2004 0 69
2005 0 70
2006 0 70
2007 0 70
2008 0 70
2009 0 70
2010 0 70
2011 0 70
2012 0 70
2013 0 70
2014 0 70
2015 0 70
2016 0 70
2017 0 69
2018 0 69
2019 0 69
2020 0 69
2021 0 69
2022 0 69
2023 0 70
2024 0 70
2025 0 70
2026 0 70
2027 0 70
2028 0 69
2029 0 70
2030 0 70
2031 0 69
2032 0 69
2033 0 70
2034 0 70
2035 0 70
2036 0 70
2037 0 70
2038 0 69
2039 0 70
2040 0 70
2041 0 70
2042 0 70
2043 0 70
2044 0 70
2045 0 70
2046 0 70
2047 0 70
2048 0 70
2049 0 70
2050 0 70
2051 0 70
2052 0 70
2053 0 70
2054 0 69
2055 0 69
2056 0 69
2057 0 70
2058 0 70
2059 0 70
2060 0 70
2061 0 70
2062 0 69
2063 0 70
2064 0 70
2065 0 69
2066 0 69
2067 0 70
2068 0 70
2069 0 70
2070 0 70
2071 0 70
2072 0 69
2073 0 70
2074 0 70
2075 0 70
2076 0 70
2077 0 70
2078 0 70
2079 0 70
2080 0 70
2081 0 70
2082 0 70
2083 0 70
2084 0 70
2085 0 70
2086 0 70
2087 0 70
2088 0 69
2089 0 69
2090 0 69
2091 0 70
2092 0 70
2093 0 70
2094 0 70
2095 0 70
2096 0 70
2097 0 70
2098 0 70
2099 0 70
2100 0 70
2101 0 70
2102 0 70
2103 0 69
2104 0 69
2105 0 69
2106 0 69
2107 0 69
2108 0 69
2109 0 70
2110 0 70
2111 0 70
2112 0 70
2113 0 70
2114 0 69
2115 0 70
2116 0 70
2117 0 69
2118 0 69
2119 0 70
2120 0 70
2121 0 70
2122 0 70
2123 0 70
2124 0 69
2125 0 70
2126 0 70
2127 0 70
2128 0 70
2129 0 70
2130 0 70
2131 0 70
2132 0 70
2133 0 70
2134 0 70
2135 0 70
2136 0 70
2137 0 70
2138 0 70
2139 0 70
2140 0 69
2141 0 69
2142 0 69
2143 0 70
2144 0 70
2145 0 69
2146 0 69
2147 0 69
2148 0 70
2149 0 70
2150 0 69
2151 0 69
2152 0 70
2153 0 70
2154 0 70
2155 0 69
2156 0 69
2157 0 69
2158 0 69
2159 0 69
2160 0 69
2161 0 70
2162 0 70
2163 0 70
2164 0 69
2165 0 69
2166 0 68
2167 0 70
2168 0 70
2169 0 69
2170 0 69
2171 0 69
2172 0 70
2173 0 70
2174 0 69
2175 0 69
2176 0 70
2177 0 70
2178 0 70
2179 0 69
2180 0 69
2181 0 69
2182 0 69
2183 0 69
2184 0 69
2185 0 70
2186 0 70
2187 0 70
2188 0 70
2189 0 70
2190 0 69
2191 0 70
2192 0 70
2193 0 69
2194 0 69
2195 0 70
2196 0 70
2197 0 70
2198 0 70
2199 0 70
2200 0 69
2201 0 70
2202 0 70
2203 0 70
2204 0 70
2205 0 70
2206 0 69
2207 0 70
2208 0 70
2209 0 69
2210 0 69
2211 0 70
2212 0 70
2213 0 70
2214 0 70
2215 0 70
2216 0 69
2217 0 70
2218 0 70
2219 0 69
2220 0 69
2221 0 69
2222 0 70
2223 0 70
2224 0 69
2225 0 69
2226 0 70
2227 0 70
2228 0 70
2229 0 70
2230 0 70
2231 0 70
2232 0 69
2233 0 69
2234 0 69
2235 0 71
2236 0 71
2237 0 71
2238 0 70
2239 0 71
2240 0 70
2241 0 71
2242 0 71
2243 0 71
2244 0 70
2245 0 71
2246 0 70
2247 0 70
2248 0 71
2249 0 70
2250 0 70
2251 0 70
2252 0 70
2253 0 70
2254 0 70
2255 0 70
2256 0 71
2257 0 70
2258 0 70
2259 0 71
2260 0 70
2261 0 70
2262 0 70
2263 0 70
2264 0 70
2265 0 70
2266 0 71
2267 0 71
2268 0 71
2269 0 70
2270 0 71
2271 0 70
2272 0 71
2273 0 71
2274 0 71
2275 0 70
2276 0 71
2277 0 70
2278 0 70
2279 0 71
2280 0 70
2281 0 70
2282 0 70
2283 0 70
2284 0 70
2285 0 70
2286 0 70
2287 0 71
2288 0 70
2289 0 70
2290 0 71
2291 0 70
2292 0 71
2293 0 71
2294 0 70
2295 0 70
2296 0 70
2297 0 71
2298 0 71
2299 0 70
2300 0 69
2301 0 71
2302 0 70
2303 0 70
2304 0 71
2305 0 70
2306 0 71
2307 0 71
2308 0 70
2309 0 70
2310 0 70
2311 0 70
2312 0 70
2313 0 70
2314 0 69
2315 0 70
2316 0 69
2317 0 70
2318 0 70
2319 0 70
2320 0 69
2321 0 70
2322 0 70
2323 0 70
2324 0 69
2325 0 70
2326 0 69
2327 0 70
2328 0 70
2329 0 70
2330 0 69
2331 0 70
2332 0 69
2333 0 69
2334 0 70
2335 0 69
2336 0 70
2337 0 70
2338 0 70
2339 0 70
2340 0 70
2341 0 69
2342 0 71
2343 0 70
2344 0 70
2345 0 71
2346 0 70
2347 0 71
2348 0 71
2349 0 70
2350 0 70
2351 0 70
2352 0 71
2353 0 71
2354 0 70
2355 0 69
2356 0 71
2357 0 70
2358 0 70
2359 0 71
2360 0 70
2361 0 71
2362 0 71
2363 0 70
2364 0 70
2365 0 70
2366 0 70
2367 0 70
2368 0 70
2369 0 69
2370 0 70
2371 0 69
2372 0 70
2373 0 70
2374 0 70
2375 0 69
2376 0 70
2377 0 69
2378 0 69
2379 0 70
2380 0 69
2381 0 70
2382 0 69
2383 0 69
2384 0 70
2385 0 69
2386 0 69
2387 0 69
2388 0 70
2389 0 70
2390 0 69
2391 0 71
2392 0 71
2393 0 71
2394 0 70
2395 0 71
2396 0 70
2397 0 71
2398 0 71
2399 0 71
2400 0 70
2401 0 71
2402 0 70
2403 0 70
2404 0 71
2405 0 70
2406 0 70
2407 0 70
2408 0 70
2409 0 70
2410 0 70
2411 0 70
2412 0 71
2413 0 70
2414 0 70
2415 0 71
2416 0 70
2417 0 70
2418 0 70
2419 0 70
2420 0 70
2421 0 70
2422 0 71
2423 0 71
2424 0 71
2425 0 70
2426 0 71
2427 0 70
2428 0 71
2429 0 71
2430 0 71
2431 0 70
2432 0 71
2433 0 70
2434 0 70
2435 0 71
2436 0 70
2437 0 70
2438 0 70
2439 0 70
2440 0 70
2441 0 70
2442 0 70
2443 0 71
2444 0 70
2445 0 70
2446 0 71
2447 0 70
2448 0 71
2449 0 71
2450 0 70
2451 0 70
2452 0 70
2453 0 71
2454 0 71
2455 0 70
2456 0 69
2457 0 71
2458 0 70
2459 0 70
2460 0 71
2461 0 70
2462 0 71
2463 0 71
2464 0 70
2465 0 70
2466 0 70
2467 0 70
2468 0 70
2469 0 70
2470 0 69
2471 0 70
2472 0 69
2473 0 70
2474 0 70
2475 0 70
2476 0 69
2477 0 70
2478 0 70
2479 0 70
2480 0 69
2481 0 70
2482 0 69
2483 0 70
2484 0 70
2485 0 70
2486 0 69
2487 0 70
2488 0 69
2489 0 69
2490 0 70
2491 0 69
2492 0 70
2493 0 70
2494 0 70
2495 0 70
2496 0 70
2497 0 69
2498 0 71
2499 0 70
2500 0 70
2501 0 71
2502 0 70
2503 0 71
2504 0 71
2505 0 70
2506 0 70
2507 0 70
2508 0 71
2509 0 71
2510 0 70
2511 0 69
2512 0 71
2513 0 70
2514 0 70
2515 0 71
2516 0 70
2517 0 71
2518 0 71
2519 0 70
2520 0 70
2521 0 70
2522 0 71
2523 0 71
2524 0 71
2525 0 70
2526 0 71
2527 0 70
2528 0 71
2529 0 71
2530 0 71
2531 0 70
2532 0 70
2533 0 70
2534 0 70
2535 0 70
2536 0 70
2537 0 70
2538 0 70
2539 0 70
2540 0 70
2541 0 70
2542 0 70
2543 0 70
2544 0 70
2545 0 70
2546 0 70
2547 0 71
2548 0 71
2549 0 71
2550 0 70
2551 0 71
2552 0 70
2553 0 71
2554 0 71
2555 0 71
2556 0 70
2557 0 70
2558 0 70
2559 0 70
2560 0 70
2561 0 70
2562 0 70
2563 0 70
2564 0 70
2565 0 70
2566 0 69
2567 0 69
2568 0 71
2569 0 70
2570 0 70
2571 0 71
2572 0 70
2573 0 71
2574 0 71
2575 0 70
2576 0 70
2577 0 70
2578 0 71
2579 0 71
2580 0 70
2581 0 69
2582 0 71
2583 0 70
2584 0 70
2585 0 71
2586 0 70
2587 0 71
2588 0 71
2589 0 70
2590 0 70
2591 0 70
2592 0 71
2593 0 71
2594 0 71
2595 0 70
2596 0 71
2597 0 70
2598 0 71
2599 0 71
2600 0 71
2601 0 70
2602 0 70
2603 0 70
2604 0 70
2605 0 70
2606 0 70
2607 0 70
2608 0 70
2609 0 70
2610 0 70
2611 0 70
2612 0 70
2613 0 70
2614 0 70
2615 0 70
2616 0 70
2617 0 70
2618 0 70
2619 0 70
2620 0 69
2621 0 70
2622 0 69
2623 0 70
2624 0 70
2625 0 70
2626 0 69
2627 0 70
2628 0 70
2629 0 70
2630 0 70
2631 0 70
2632 0 70
2633 0 70
2634 0 70
2635 0 70
2636 0 69
2637 0 69
2638 0 70
2639 0 70
2640 0 70
2641 0 70
2642 0 70
2643 0 70
2644 0 70
2645 0 69
2646 0 69
2647 0 69
2648 0 70
2649 0 70
2650 0 70
2651 0 69
2652 0 70
2653 0 69
2654 0 70
2655 0 70
2656 0 70
2657 0 69
2658 0 70
2659 0 70
2660 0 70
2661 0 70
2662 0 70
2663 0 70
2664 0 70
2665 0 70
2666 0 70
2667 0 69
2668 0 69
2669 0 70
2670 0 70
2671 0 70
2672 0 69
2673 0 70
2674 0 69
2675 0 70
2676 0 70
2677 0 70
2678 0 69
2679 0 70
2680 0 70
2681 0 70
2682 0 70
2683 0 70
2684 0 70
2685 0 70
2686 0 70
2687 0 70
2688 0 69
2689 0 69
2690 0 70
2691 0 70
2692 0 70
2693 0 70
2694 0 70
2695 0 70
2696 0 70
2697 0 69
2698 0 69
2699 0 69
2700 0 70
2701 0 70
2702 0 70
2703 0 69
2704 0 70
2705 0 69
2706 0 70
2707 0 70
2708 0 70
2709 0 69
2710 0 70
2711 0 70
2712 0 70
2713 0 70
2714 0 70
2715 0 70
2716 0 70
2717 0 70
2718 0 70
2719 0 69
2720 0 69
2721 0 70
2722 0 69
2723 0 69
2724 0 70
2725 0 69
2726 0 70
2727 0 70
2728 0 69
2729 0 69
2730 0 69
2731 0 70
2732 0 70
2733 0 69
2734 0 68
2735 0 70
2736 0 69
2737 0 69
2738 0 70
2739 0 69
2740 0 70
2741 0 70
2742 0 69
2743 0 69
2744 0 69
2745 0 70
2746 0 70
2747 0 70
2748 0 69
2749 0 70
2750 0 69
2751 0 70
2752 0 70
2753 0 70
2754 0 69
2755 0 70
2756 0 70
2757 0 70
2758 0 69
2759 0 70
2760 0 69
2761 0 70
2762 0 70
2763 0 70
2764 0 69
2765 0 70
2766 0 69
2767 0 69
2768 0 70
2769 0 69
2770 0 70
2771 0 70
2772 0 70
2773 0 70
2774 0 69
2775 0 69
2776 0 71
2777 0 70
2778 0 70
2779 0 71
2780 0 70
2781 0 71
2782 0 71
2783 0 70
2784 0 70
2785 0 70
2786 0 71
2787 0 71
2788 0 70
2789 0 69
2790 0 71
2791 0 70
2792 0 70
2793 0 71
2794 0 70
2795 0 71
2796 0 71
2797 0 70
2798 0 70
2799 0 70
2800 0 71
2801 0 71
2802 0 71
2803 0 70
2804 0 71
2805 0 70
2806 0 71
2807 0 71
2808 0 71
2809 0 70
2810 0 70
2811 0 70
2812 0 70
2813 0 70
2814 0 70
2815 0 70
2816 0 70
2817 0 70
2818 0 70
2819 0 70
2820 0 70
2821 0 70
2822 0 70
2823 0 70
2824 0 70
2825 0 71
2826 0 71
2827 0 71
2828 0 70
2829 0 71
2830 0 70
2831 0 71
2832 0 71
2833 0 71
2834 0 70
2835 0 70
2836 0 70
2837 0 70
2838 0 70
2839 0 70
2840 0 70
2841 0 70
2842 0 70
2843 0 70
2844 0 69
2845 0 69
2846 0 71
2847 0 70
2848 0 70
2849 0 71
2850 0 70
2851 0 71
2852 0 71
2853 0 70
2854 0 70
2855 0 70
2856 0 71
2857 0 71
2858 0 70
2859 0 69
2860 0 71
2861 0 70
2862 0 70
2863 0 71
2864 0 70
2865 0 71
2866 0 71
2867 0 70
2868 0 70
2869 0 70
2870 0 71
2871 0 71
2872 0 71
2873 0 70
2874 0 71
2875 0 70
2876 0 71
2877 0 71
2878 0 71
2879 0 70
2880 0 70
2881 0 70
2882 0 70
2883 0 70
2884 0 70
2885 0 70
2886 0 70
2887 0 70
2888 0 70
2889 0 70
2890 0 70
2891 0 70
2892 0 70
2893 0 70
2894 0 70
2895 0 70
2896 0 70
2897 0 70
2898 0 69
2899 0 70
2900 0 69
2901 0 70
2902 0 70
2903 0 70
2904 0 69
2905 0 70
2906 0 70
2907 0 70
2908 0 70
2909 0 70
2910 0 70
2911 0 70
2912 0 70
2913 0 70
2914 0 69
2915 0 69
2916 0 70
2917 0 70
2918 0 70
2919 0 70
2920 0 70
2921 0 70
2922 0 70
2923 0 69
2924 0 69
2925 0 69
2926 0 70
2927 0 70
2928 0 70
2929 0 69
2930 0 70
2931 0 69
2932 0 70
2933 0 70
2934 0 70
2935 0 69
2936 0 70
2937 0 70
2938 0 70
2939 0 70
2940 0 70
2941 0 70
2942 0 70
2943 0 70
2944 0 70
2945 0 69
2946 0 69
2947 0 70
2948 0 69
2949 0 69
2950 0 70
2951 0 69
2952 0 70
2953 0 70
2954 0 69
2955 0 69
2956 0 69
2957 0 70
2958 0 70
2959 0 69
2960 0 68
2961 0 70
2962 0 69
2963 0 69
2964 0 70
2965 0 69
2966 0 70
2967 0 70
2968 0 69
2969 0 69
2970 0 69
2971 0 70
2972 0 69
2973 0 69
2974 0 70
2975 0 69
2976 0 70
2977 0 70
2978 0 69
2979 0 69
2980 0 69
2981 0 70
2982 0 70
2983 0 69
2984 0 68
2985 0 70
2986 0 69
2987 0 69
2988 0 70
2989 0 69
2990 0 70
2991 0 70
2992 0 69
2993 0 69
2994 0 69
2995 0 69
2996 0 69
2997 0 69
2998 0 68
2999 0 69
3000 0 68
3001 0 69
3002 0 69
3003 0 69
3004 0 68
3005 0 70
3006 0 69
3007 0 69
3008 0 70
3009 0 69
3010 0 70
3011 0 69
3012 0 69
3013 0 70
3014 0 69
3015 0 69
3016 0 69
3017 0 69
3018 0 69
3019 0 69
3020 0 71
3021 0 71
3022 0 71
3023 0 70
3024 0 71
3025 0 70
3026 0 71
3027 0 71
3028 0 71
3029 0 70
3030 0 71
3031 0 70
3032 0 70
3033 0 71
3034 0 70
3035 0 70
3036 0 70
3037 0 70
3038 0 70
3039 0 70
3040 0 70
3041 0 71
3042 0 70
3043 0 70
3044 0 71
3045 0 70
3046 0 70
3047 0 70
3048 0 70
3049 0 70
3050 0 70
3051 0 71
3052 0 71
3053 0 71
3054 0 70
3055 0 71
3056 0 70
3057 0 71
3058 0 71
3059 0 71
3060 0 70
3061 0 71
3062 0 70
3063 0 70
3064 0 71
3065 0 70
3066 0 70
3067 0 70
3068 0 70
3069 0 70
3070 0 70
3071 0 70
3072 0 71
3073 0 70
3074 0 70
3075 0 71
3076 0 70
3077 0 71
3078 0 71
3079 0 70
3080 0 70
3081 0 70
3082 0 71
3083 0 71
3084 0 70
3085 0 69
3086 0 71
3087 0 70
3088 0 70
3089 0 71
3090 0 70
3091 0 71
3092 0 71
3093 0 70
3094 0 70
3095 0 70
3096 0 70
3097 0 70
3098 0 70
3099 0 69
3100 0 70
3101 0 69
3102 0 70
3103 0 70
3104 0 70
3105 0 69
3106 0 70
3107 0 70
3108 0 70
3109 0 69
3110 0 70
3111 0 69
3112 0 70
3113 0 70
3114 0 70
3115 0 69
3116 0 70
3117 0 69
3118 0 69
3119 0 70
3120 0 69
3121 0 70
3122 0 70
3123 0 70
3124 0 70
3125 0 70
3126 0 69
3127 0 71
3128 0 70
3129 0 70
3130 0 71
3131 0 70
3132 0 71
3133 0 71
3134 0 70
3135 0 70
3136 0 70
3137 0 71
3138 0 71
3139 0 70
3140 0 69
3141 0 71
3142 0 70
3143 0 70
3144 0 71
3145 0 70
3146 0 71
3147 0 71
3148 0 70
3149 0 70
3150 0 70
3151 0 70
3152 0 70
3153 0 70
3154 0 69
3155 0 70
3156 0 69
3157 0 70
3158 0 70
3159 0 70
3160 0 69
3161 0 70
3162 0 69
3163 0 69
3164 0 70
3165 0 69
3166 0 70
3167 0 69
3168 0 69
3169 0 70
3170 0 69
3171 0 69
3172 0 69
3173 0 70
3174 0 70
3175 0 69
3176 0 71
3177 0 71
3178 0 71
3179 0 70
3180 0 71
3181 0 70
3182 0 71
3183 0 71
3184 0 71
3185 0 70
3186 0 71
3187 0 70
3188 0 70
3189 0 71
3190 0 70
3191 0 70
3192 0 70
3193 0 70
3194 0 70
3195 0 70
3196 0 70
3197 0 71
3198 0 70
3199 0 70
3200 0 71
3201 0 70
3202 0 70
3203 0 70
3204 0 70
3205 0 70
3206 0 70
3207 0 71
3208 0 71
3209 0 71
3210 0 70
3211 0 71
3212 0 70
3213 0 71
3214 0 71
3215 0 71
3216 0 70
3217 0 71
3218 0 70
3219 0 70
3220 0 71
3221 0 70
3222 0 70
3223 0 70
3224 0 70
3225 0 70
3226 0 70
3227 0 70
3228 0 71
3229 0 70
3230 0 70
3231 0 71
3232 0 70
3233 0 71
3234 0 71
3235 0 70
3236 0 70
3237 0 70
3238 0 71
3239 0 71
3240 0 70
3241 0 69
3242 0 71
3243 0 70
3244 0 70
3245 0 71
3246 0 70
3247 0 71
3248 0 71
3249 0 70
3250 0 70
3251 0 70
3252 0 70
3253 0 70
3254 0 70
3255 0 69
3256 0 70
3257 0 69
3258 0 70
3259 0 70
3260 0 70
3261 0 69
3262 0 70
3263 0 70
3264 0 70
3265 0 69
3266 0 70
3267 0 69
3268 0 70
3269 0 70
3270 0 70
3271 0 69
3272 0 70
3273 0 69
3274 0 69
3275 0 70
3276 0 69
3277 0 70
3278 0 70
3279 0 70
3280 0 70
3281 0 70
3282 0 69
3283 0 71
3284 0 70
3285 0 70
3286 0 71
3287 0 70
3288 0 71
3289 0 71
3290 0 70
3291 0 70
3292 0 70
3293 0 71
3294 0 71
3295 0 70
3296 0 69
3297 0 71
3298 0 70
3299 0 70
3300 0 71
3301 0 70
3302 0 71
3303 0 71
3304 0 70
3305 0 70
3306 0 70
3307 0 71
3308 0 71
3309 0 71
3310 0 70
3311 0 71
3312 0 70
3313 0 71
3314 0 71
3315 0 71
3316 0 70
3317 0 70
3318 0 70
3319 0 70
3320 0 70
3321 0 70
3322 0 70
3323 0 70
3324 0 70
3325 0 70
3326 0 70
3327 0 70
3328 0 70
3329 0 70
3330 0 70
3331 0 70
3332 0 71
3333 0 71
3334 0 71
3335 0 70
3336 0 71
3337 0 70
3338 0 71
3339 0 71
3340 0 71
3341 0 70
3342 0 70
3343 0 70
3344 0 70
3345 0 70
3346 0 70
3347 0 70
3348 0 70
3349 0 70
3350 0 70
3351 0 69
3352 0 69
3353 0 71
3354 0 70
3355 0 70
3356 0 71
3357 0 70
3358 0 71
3359 0 71
3360 0 70
3361 0 70
3362 0 70
3363 0 71
3364 0 71
3365 0 70
3366 0 69
3367 0 71
3368 0 70
3369 0 70
3370 0 71
3371 0 70
3372 0 71
3373 0 71
3374 0 70
3375 0 70
3376 0 70
3377 0 71
3378 0 71
3379 0 71
3380 0 70
3381 0 71
3382 0 70
3383 0 71
3384 0 71
3385 0 71
3386 0 70
3387 0 70
3388 0 70
3389 0 70
3390 0 70
3391 0 70
3392 0 70
3393 0 70
3394 0 70
3395 0 70
3396 0 70
3397 0 70
3398 0 70
3399 0 70
3400 0 70
3401 0 70
3402 0 70
3403 0 70
3404 0 70
3405 0 69
3406 0 70
3407 0 69
3408 0 70
3409 0 70
3410 0 70
3411 0 69
3412 0 70
3413 0 70
3414 0 70
3415 0 70
3416 0 70
3417 0 70
3418 0 70
3419 0 70
3420 0 70
3421 0 69
3422 0 69
3423 0 70
3424 0 70
3425 0 70
3426 0 70
3427 0 70
3428 0 70
3429 0 70
3430 0 69
3431 0 69
3432 0 69
3433 0 70
3434 0 70
3435 0 70
3436 0 69
3437 0 70
3438 0 69
3439 0 70
3440 0 70
3441 0 70
3442 0 69
3443 0 70
3444 0 70
3445 0 70
3446 0 70
3447 0 70
3448 0 70
3449 0 70
3450 0 70
3451 0 70
3452 0 69
3453 0 69
3454 0 70
3455 0 70
3456 0 70
3457 0 69
3458 0 70
3459 0 69
3460 0 70
3461 0 70
3462 0 70
3463 0 69
3464 0 70
3465 0 70
3466 0 70
3467 0 70
3468 0 70
3469 0 70
3470 0 70
3471 0 70
3472 0 70
3473 0 69
3474 0 69
3475 0 70
3476 0 70
3477 0 70
3478 0 70
3479 0 70
3480 0 70
3481 0 70
3482 0 69
3483 0 69
3484 0 69
3485 0 70
3486 0 70
3487 0 70
3488 0 69
3489 0 70
3490 0 69
3491 0 70
3492 0 70
3493 0 70
3494 0 69
3495 0 70
3496 0 70
3497 0 70
3498 0 70
3499 0 70
3500 0 70
3501 0 70
3502 0 70
3503 0 70
3504 0 69
3505 0 69
3506 0 70
3507 0 69
3508 0 69
3509 0 70
3510 0 69
3511 0 70
3512 0 70
3513 0 69
3514 0 69
3515 0 69
3516 0 70
3517 0 70
3518 0 69
3519 0 68
3520 0 70
3521 0 69
3522 0 69
3523 0 70
3524 0 69
3525 0 70
3526 0 70
3527 0 69
3528 0 69
3529 0 69
3530 0 70
3531 0 70
3532 0 70
3533 0 69
3534 0 70
3535 0 69
3536 0 70
3537 0 70
3538 0 70
3539 0 69
3540 0 70
3541 0 70
3542 0 70
3543 0 69
3544 0 70
3545 0 69
3546 0 70
3547 0 70
3548 0 70
3549 0 69
3550 0 70
3551 0 69
3552 0 69
3553 0 70
3554 0 69
3555 0 70
3556 0 70
3557 0 70
3558 0 70
3559 0 69
3560 0 69
3561 0 71
3562 0 70
3563 0 71
3564 0 70
3565 0 70
3566 0 70
3567 0 70
3568 0 70
3569 0 70
3570 0 70
3571 0 70
3572 0 71
3573 0 70
3574 0 71
3575 0 70
3576 0 70
3577 0 70
3578 0 70
3579 0 70
3580 0 70
3581 0 71
3582 0 70
3583 0 71
3584 0 70
3585 0 70
3586 0 71
3587 0 70
3588 0 70
3589 0 69
3590 0 70
3591 0 70
3592 0 69
3593 0 70
3594 0 69
3595 0 69
3596 0 70
3597 0 70
3598 0 70
3599 0 70
3600 0 71
3601 0 70
3602 0 71
3603 0 70
3604 0 70
3605 0 71
3606 0 70
3607 0 70
3608 0 69
3609 0 70
3610 0 69
3611 0 69
3612 0 69
3613 0 69
3614 0 69
3615 0 69
3616 0 71
3617 0 70
3618 0 71
3619 0 70
3620 0 70
3621 0 70
3622 0 70
3623 0 70
3624 0 70
3625 0 70
3626 0 70
3627 0 71
3628 0 70
3629 0 71
3630 0 70
3631 0 70
3632 0 70
3633 0 70
3634 0 70
3635 0 70
3636 0 71
3637 0 70
3638 0 71
3639 0 70
3640 0 70
3641 0 71
3642 0 70
3643 0 70
3644 0 69
3645 0 70
3646 0 70
3647 0 69
3648 0 70
3649 0 69
3650 0 69
3651 0 70
3652 0 70
3653 0 70
3654 0 70
3655 0 71
3656 0 70
3657 0 71
3658 0 70
3659 0 70
3660 0 71
3661 0 70
3662 0 71
3663 0 70
3664 0 71
3665 0 70
3666 0 70
3667 0 70
3668 0 70
3669 0 70
3670 0 70
3671 0 71
3672 0 70
3673 0 71
3674 0 70
3675 0 70
3676 0 70
3677 0 70
3678 0 70
3679 0 70
3680 0 71
3681 0 70
3682 0 71
3683 0 70
3684 0 70
3685 0 71
3686 0 70
3687 0 71
3688 0 70
3689 0 71
3690 0 70
3691 0 70
3692 0 70
3693 0 70
3694 0 70
3695 0 70
3696 0 70
3697 0 69
3698 0 70
3699 0 70
3700 0 70
3701 0 70
3702 0 70
3703 0 70
3704 0 70
3705 0 70
3706 0 69
3707 0 70
3708 0 69
3709 0 70
3710 0 70
3711 0 70
3712 0 70
3713 0 70
3714 0 70
3715 0 69
3716 0 70
3717 0 70
3718 0 70
3719 0 70
3720 0 70
3721 0 70
3722 0 70
3723 0 70
3724 0 69
3725 0 70
3726 0 69
3727 0 70
3728 0 70
3729 0 70
3730 0 70
3731 0 70
3732 0 69
3733 0 69
3734 0 70
3735 0 69
3736 0 70
3737 0 69
3738 0 69
3739 0 70
3740 0 69
3741 0 70
3742 0 69
3743 0 70
3744 0 70
3745 0 69
3746 0 70
3747 0 69
3748 0 69
3749 0 70
3750 0 70
3751 0 70
3752 0 70
3753 0 71
3754 0 70
3755 0 71
3756 0 70
3757 0 70
3758 0 71
3759 0 70
3760 0 71
3761 0 70
3762 0 71
3763 0 70
3764 0 70
3765 0 70
3766 0 70
3767 0 70
3768 0 70
3769 0 71
3770 0 70
3771 0 71
3772 0 70
3773 0 70
3774 0 70
3775 0 70
3776 0 70
3777 0 70
3778 0 71
3779 0 70
3780 0 71
3781 0 70
3782 0 70
3783 0 71
3784 0 70
3785 0 71
3786 0 70
3787 0 71
3788 0 70
3789 0 70
3790 0 70
3791 0 70
3792 0 70
3793 0 70
3794 0 70
3795 0 69
3796 0 70
3797 0 70
3798 0 70
3799 0 70
3800 0 70
3801 0 70
3802 0 70
3803 0 70
3804 0 69
3805 0 70
3806 0 69
3807 0 70
3808 0 70
3809 0 70
3810 0 70
3811 0 70
3812 0 69
3813 0 69
3814 0 70
3815 0 69
3816 0 70
3817 0 69
3818 0 69
3819 0 70
3820 0 69
3821 0 69
3822 0 69
3823 0 70
3824 0 69
3825 0 70
3826 0 69
3827 0 69
3828 0 70
3829 0 69
3830 0 69
3831 0 68
3832 0 69
3833 0 69
3834 0 69
3835 0 69
3836 0 69
3837 0 69
3838 0 69
3839 0 71
3840 0 70
3841 0 71
3842 0 70
3843 0 70
3844 0 70
3845 0 70
3846 0 70
3847 0 70
3848 0 70
3849 0 70
3850 0 71
3851 0 70
3852 0 71
3853 0 70
3854 0 70
3855 0 70
3856 0 70
3857 0 70
3858 0 70
3859 0 71
3860 0 70
3861 0 71
3862 0 70
3863 0 70
3864 0 71
3865 0 70
3866 0 70
3867 0 69
3868 0 70
3869 0 70
3870 0 69
3871 0 70
3872 0 69
3873 0 69
3874 0 70
3875 0 70
3876 0 70
3877 0 70
3878 0 71
3879 0 70
3880 0 71
3881 0 70
3882 0 70
3883 0 71
3884 0 70
3885 0 70
3886 0 69
3887 0 70
3888 0 69
3889 0 69
3890 0 69
3891 0 69
3892 0 69
3893 0 69
3894 0 71
3895 0 70
3896 0 71
3897 0 70
3898 0 70
3899 0 70
3900 0 70
3901 0 70
3902 0 70
3903 0 70
3904 0 70
3905 0 71
3906 0 70
3907 0 71
3908 0 70
3909 0 70
3910 0 70
3911 0 70
3912 0 70
3913 0 70
3914 0 71
3915 0 70
3916 0 71
3917 0 70
3918 0 70
3919 0 71
3920 0 70
3921 0 70
3922 0 69
3923 0 70
3924 0 70
3925 0 69
3926 0 70
3927 0 69
3928 0 69
3929 0 70
3930 0 70
3931 0 70
3932 0 70
3933 0 71
3934 0 70
3935 0 71
3936 0 70
3937 0 70
3938 0 71
3939 0 70
3940 0 71
3941 0 70
3942 0 71
3943 0 70
3944 0 70
3945 0 70
3946 0 70
3947 0 70
3948 0 70
3949 0 71
3950 0 70
3951 0 71
3952 0 70
3953 0 70
3954 0 70
3955 0 70
3956 0 70
3957 0 70
3958 0 71
3959 0 70
3960 0 71
3961 0 70
3962 0 70
3963 0 71
3964 0 70
3965 0 71
3966 0 70
3967 0 71
3968 0 70
3969 0 70
3970 0 70
3971 0 70
3972 0 70
3973 0 70
3974 0 70
3975 0 69
3976 0 70
3977 0 70
3978 0 70
3979 0 70
3980 0 70
3981 0 70
3982 0 70
3983 0 70
3984 0 69
3985 0 70
3986 0 69
3987 0 70
3988 0 70
3989 0 70
3990 0 70
3991 0 70
3992 0 70
3993 0 69
3994 0 70
3995 0 70
3996 0 70
3997 0 70
3998 0 70
3999 0 70
4000 0 70
4001 0 70
4002 0 69
4003 0 70
4004 0 69
4005 0 70
4006 0 70
4007 0 70
4008 0 70
4009 0 70
4010 0 69
4011 0 69
4012 0 70
4013 0 69
4014 0 70
4015 0 69
4016 0 69
4017 0 70
4018 0 69
4019 0 70
4020 0 69
4021 0 70
4022 0 70
4023 0 69
4024 0 70
4025 0 69
4026 0 69
4027 0 70
4028 0 70
4029 0 70
4030 0 70
4031 0 70
4032 0 70
4033 0 70
4034 0 69
4035 0 70
4036 0 70
4037 0 69
4038 0 69
4039 0 70
4040 0 70
4041 0 70
4042 0 70
4043 0 70
4044 0 69
4045 0 70
4046 0 70
4047 0 70
4048 0 70
4049 0 70
4050 0 70
4051 0 70
4052 0 70
4053 0 70
4054 0 70
4055 0 70
4056 0 70
4057 0 70
4058 0 70
4059 0 70
4060 0 69
4061 0 69
4062 0 69
4063 0 70
4064 0 70
4065 0 70
4066 0 70
4067 0 70
4068 0 70
4069 0 70
4070 0 70
4071 0 70
4072 0 70
4073 0 70
4074 0 70
4075 0 69
4076 0 69
4077 0 69
4078 0 69
4079 0 69
4080 0 69
4081 0 70
4082 0 70
4083 0 70
4084 0 70
4085 0 70
4086 0 69
4087 0 70
4088 0 70
4089 0 69
4090 0 69
4091 0 70
4092 0 70
4093 0 70
4094 0 70
4095 0 70
4096 0 69
4097 0 70
4098 0 70
4099 0 70
4100 0 70
4101 0 70
4102 0 70
4103 0 70
4104 0 70
4105 0 70
4106 0 70
4107 0 70
4108 0 70
4109 0 70
4110 0 70
4111 0 70
4112 0 69
4113 0 69
4114 0 69
4115 0 70
4116 0 70
4117 0 70
4118 0 70
4119 0 70
4120 0 69
4121 0 70
4122 0 70
4123 0 69
4124 0 69
4125 0 70
4126 0 70
4127 0 70
4128 0 70
4129 0 70
4130 0 69
4131 0 70
4132 0 70
4133 0 70
4134 0 70
4135 0 70
4136 0 70
4137 0 70
4138 0 70
4139 0 70
4140 0 70
4141 0 70
4142 0 70
4143 0 70
4144 0 70
4145 0 70
4146 0 69
4147 0 69
4148 0 69
4149 0 70
4150 0 70
4151 0 70
4152 0 70
4153 0 70
4154 0 70
4155 0 70
4156 0 70
4157 0 70
4158 0 70
4159 0 70
4160 0 70
4161 0 69
4162 0 69
4163 0 69
4164 0 69
4165 0 69
4166 0 69
4167 0 70
4168 0 70
4169 0 70
4170 0 70
4171 0 70
4172 0 69
4173 0 70
4174 0 70
4175 0 69
4176 0 69
4177 0 70
4178 0 70
4179 0 70
4180 0 70
4181 0 70
4182 0 69
4183 0 70
4184 0 70
4185 0 70
4186 0 70
4187 0 70
4188 0 70
4189 0 70
4190 0 70
4191 0 70
4192 0 70
4193 0 70
4194 0 70
4195 0 70
4196 0 70
4197 0 70
4198 0 69
4199 0 69
4200 0 69
4201 0 70
4202 0 70
4203 0 69
4204 0 69
4205 0 69
4206 0 70
4207 0 70
4208 0 69
4209 0 69
4210 0 70
4211 0 70
4212 0 70
4213 0 69
4214 0 69
4215 0 69
4216 0 69
4217 0 69
4218 0 69
4219 0 70
4220 0 70
4221 0 70
4222 0 69
4223 0 69
4224 0 68
4225 0 70
4226 0 70
4227 0 69
4228 0 69
4229 0 69
4230 0 70
4231 0 70
4232 0 69
4233 0 69
4234 0 70
4235 0 70
4236 0 70
4237 0 69
4238 0 69
4239 0 69
4240 0 69
4241 0 69
4242 0 69
4243 0 70
4244 0 70
4245 0 70
4246 0 70
4247 0 70
4248 0 69
4249 0 70
4250 0 70
4251 0 69
4252 0 69
4253 0 70
4254 0 70
4255 0 70
4256 0 70
4257 0 70
4258 0 69
4259 0 70
4260 0 70
4261 0 70
4262 0 70
4263 0 70
4264 0 69
4265 0 70
4266 0 70
4267 0 69
4268 0 69
4269 0 70
4270 0 70
4271 0 70
4272 0 70
4273 0 70
4274 0 69
4275 0 70
4276 0 70
4277 0 69
4278 0 69
4279 0 69
4280 0 70
4281 0 70
4282 0 69
4283 0 69
4284 0 70
4285 0 70
4286 0 70
4287 0 70
4288 0 70
4289 0 70
4290 0 69
4291 0 69
4292 0 69
4293 0 71
4294 0 70
4295 0 71
4296 0 70
4297 0 70
4298 0 70
4299 0 70
4300 0 70
4301 0 70
4302 0 70
4303 0 70
4304 0 71
4305 0 70
4306 0 71
4307 0 70
4308 0 70
4309 0 70
4310 0 70
4311 0 70
4312 0 70
4313 0 71
4314 0 70
4315 0 71
4316 0 70
4317 0 70
4318 0 71
4319 0 70
4320 0 70
4321 0 69
4322 0 70
4323 0 70
4324 0 69
4325 0 70
4326 0 69
4327 0 69
4328 0 70
4329 0 70
4330 0 70
4331 0 70
4332 0 71
4333 0 70
4334 0 71
4335 0 70
4336 0 70
4337 0 71
4338 0 70
4339 0 70
4340 0 69
4341 0 70
4342 0 69
4343 0 69
4344 0 69
4345 0 69
4346 0 69
4347 0 69
4348 0 71
4349 0 70
4350 0 71
4351 0 70
4352 0 70
4353 0 70
4354 0 70
4355 0 70
4356 0 70
4357 0 70
4358 0 70
4359 0 71
4360 0 70
4361 0 71
4362 0 70
4363 0 70
4364 0 70
4365 0 70
4366 0 70
4367 0 70
4368 0 71
4369 0 70
4370 0 71
4371 0 70
4372 0 70
4373 0 71
4374 0 70
4375 0 70
4376 0 69
4377 0 70
4378 0 70
4379 0 69
4380 0 70
4381 0 69
4382 0 69
4383 0 70
4384 0 70
4385 0 70
4386 0 70
4387 0 71
4388 0 70
4389 0 71
4390 0 70
4391 0 70
4392 0 71
4393 0 70
4394 0 71
4395 0 70
4396 0 71
4397 0 70
4398 0 70
4399 0 70
4400 0 70
4401 0 70
4402 0 70
4403 0 71
4404 0 70
4405 0 71
4406 0 70
4407 0 70
4408 0 70
4409 0 70
4410 0 70
4411 0 70
4412 0 71
4413 0 70
4414 0 71
4415 0 70
4416 0 70
4417 0 71
4418 0 70
4419 0 71
4420 0 70
4421 0 71
4422 0 70
4423 0 70
4424 0 70
4425 0 70
4426 0 70
4427 0 70
4428 0 70
4429 0 69
4430 0 70
4431 0 70
4432 0 70
4433 0 70
4434 0 70
4435 0 70
4436 0 70
4437 0 70
4438 0 69
4439 0 70
4440 0 69
4441 0 70
4442 0 70
4443 0 70
4444 0 70
4445 0 70
4446 0 70
4447 0 69
4448 0 70
4449 0 70
4450 0 70
4451 0 70
4452 0 70
4453 0 70
4454 0 70
4455 0 70
4456 0 69
4457 0 70
4458 0 69
4459 0 70
4460 0 70
4461 0 70
4462 0 70
4463 0 70
4464 0 69
4465 0 69
4466 0 70
4467 0 69
4468 0 70
4469 0 69
4470 0 69
4471 0 70
4472 0 69
4473 0 70
4474 0 69
4475 0 70
4476 0 70
4477 0 69
4478 0 70
4479 0 69
4480 0 69
4481 0 70
4482 0 70
4483 0 70
4484 0 70
4485 0 71
4486 0 70
4487 0 71
4488 0 70
4489 0 70
4490 0 71
4491 0 70
4492 0 71
4493 0 70
4494 0 71
4495 0 70
4496 0 70
4497 0 70
4498 0 70
4499 0 70
4500 0 70
4501 0 71
4502 0 70
4503 0 71
4504 0 70
4505 0 70
4506 0 70
4507 0 70
4508 0 70
4509 0 70
4510 0 71
4511 0 70
4512 0 71
4513 0 70
4514 0 70
4515 0 71
4516 0 70
4517 0 71
4518 0 70
4519 0 71
4520 0 70
4521 0 70
4522 0 70
4523 0 70
4524 0 70
4525 0 70
4526 0 70
4527 0 69
4528 0 70
4529 0 70
4530 0 70
4531 0 70
4532 0 70
4533 0 70
4534 0 70
4535 0 70
4536 0 69
4537 0 70
4538 0 69
4539 0 70
4540 0 70
4541 0 70
4542 0 70
4543 0 70
4544 0 69
4545 0 69
4546 0 70
4547 0 69
4548 0 70
4549 0 69
4550 0 69
4551 0 70
4552 0 69
4553 0 69
4554 0 69
4555 0 70
4556 0 69
4557 0 70
4558 0 69
4559 0 69
4560 0 70
4561 0 69
4562 0 69
4563 0 68
4564 0 69
4565 0 69
4566 0 69
4567 0 69
4568 0 69
4569 0 69
4570 0 69
4571 0 71
4572 0 70
4573 0 71
4574 0 70
4575 0 70
4576 0 70
4577 0 70
4578 0 70
4579 0 70
4580 0 70
4581 0 70
4582 0 71
4583 0 70
4584 0 71
4585 0 70
4586 0 70
4587 0 70
4588 0 70
4589 0 70
4590 0 70
4591 0 71
4592 0 70
4593 0 71
4594 0 70
4595 0 70
4596 0 71
4597 0 70
4598 0 70
4599 0 69
4600 0 70
4601 0 70
4602 0 69
4603 0 70
4604 0 69
4605 0 69
4606 0 70
4607 0 70
4608 0 70
4609 0 70
4610 0 71
4611 0 70
4612 0 71
4613 0 70
4614 0 70
4615 0 71
4616 0 70
4617 0 70
4618 0 69
4619 0 70
4620 0 69
4621 0 69
4622 0 69
4623 0 69
4624 0 69
4625 0 69
4626 0 71
4627 0 70
4628 0 71
4629 0 70
4630 0 70
4631 0 70
4632 0 70
4633 0 70
4634 0 70
4635 0 70
4636 0 70
4637 0 71
4638 0 70
4639 0 71
4640 0 70
4641 0 70
4642 0 70
4643 0 70
4644 0 70
4645 0 70
4646 0 71
4647 0 70
4648 0 71
4649 0 70
4650 0 70
4651 0 71
4652 0 70
4653 0 70
4654 0 69
4655 0 70
4656 0 70
4657 0 69
4658 0 70
4659 0 69
4660 0 69
4661 0 70
4662 0 70
4663 0 70
4664 0 70
4665 0 71
4666 0 70
4667 0 71
4668 0 70
4669 0 70
4670 0 71
4671 0 70
4672 0 71
4673 0 70
4674 0 71
4675 0 70
4676 0 70
4677 0 70
4678 0 70
4679 0 70
4680 0 70
4681 0 71
4682 0 70
4683 0 71
4684 0 70
4685 0 70
4686 0 70
4687 0 70
4688 0 70
4689 0 70
4690 0 71
4691 0 70
4692 0 71
4693 0 70
4694 0 70
4695 0 71
4696 0 70
4697 0 71
4698 0 70
4699 0 71
4700 0 70
4701 0 70
4702 0 70
4703 0 70
4704 0 70
4705 0 70
4706 0 70
4707 0 69
4708 0 70
4709 0 70
4710 0 70
4711 0 70
4712 0 70
4713 0 70
4714 0 70
4715 0 70
4716 0 69
4717 0 70
4718 0 69
4719 0 70
4720 0 70
4721 0 70
4722 0 70
4723 0 70
4724 0 70
4725 0 69
4726 0 70
4727 0 70
4728 0 70
4729 0 70
4730 0 70
4731 0 70
4732 0 70
4733 0 70
4734 0 69
4735 0 70
4736 0 69
4737 0 70
4738 0 70
4739 0 70
4740 0 70
4741 0 70
4742 0 69
4743 0 69
4744 0 70
4745 0 69
4746 0 70
4747 0 69
4748 0 69
4749 0 70
4750 0 69
4751 0 70
4752 0 69
4753 0 70
4754 0 70
4755 0 69
4756 0 70
4757 0 69
4758 0 69
4759 0 70
4760 0 70
4761 0 70
4762 0 70
4763 0 70
4764 0 70
4765 0 70
4766 0 70
4767 0 70
4768 0 70
4769 0 70
4770 0 70
4771 0 69
4772 0 70
4773 0 69
4774 0 69
4775 0 69
4776 0 69
4777 0 69
4778 0 69
4779 0 70
4780 0 69
4781 0 70
4782 0 69
4783 0 69
4784 0 69
4785 0 69
4786 0 70
4787 0 70
4788 0 70
4789 0 70
4790 0 70
4791 0 70
4792 0 70
4793 0 70
4794 0 70
4795 0 70
4796 0 69
4797 0 70
4798 0 69
4799 0 69
4800 0 69
4801 0 69
4802 0 69
4803 0 69
4804 0 70
4805 0 69
4806 0 70
4807 0 70
4808 0 70
4809 0 70
4810 0 70
4811 0 70
4812 0 70
4813 0 70
4814 0 69
4815 0 70
4816 0 69
4817 0 70
4818 0 70
4819 0 70
4820 0 70
4821 0 70
4822 0 69
4823 0 69
4824 0 70
4825 0 69
4826 0 70
4827 0 69
4828 0 69
4829 0 70
4830 0 69
4831 0 69
4832 0 69
4833 0 70
4834 0 69
4835 0 70
4836 0 69
4837 0 69
4838 0 70
4839 0 69
4840 0 69
4841 0 68
4842 0 69
4843 0 69
4844 0 69
4845 0 69
4846 0 69
4847 0 69
4848 0 69
4849 0 70
4850 0 69
4851 0 70
4852 0 70
4853 0 70
4854 0 70
4855 0 70
4856 0 70
4857 0 70
4858 0 70
4859 0 69
4860 0 70
4861 0 69
4862 0 70
4863 0 70
4864 0 70
4865 0 70
4866 0 70
4867 0 69
4868 0 69
4869 0 70
4870 0 69
4871 0 70
4872 0 69
4873 0 69
4874 0 70
4875 0 69
4876 0 69
4877 0 68
4878 0 69
4879 0 69
4880 0 68
4881 0 69
4882 0 68
4883 0 68
4884 0 69
4885 0 69
4886 0 70
4887 0 70
4888 0 70
4889 0 70
4890 0 70
4891 0 70
4892 0 70
4893 0 70
4894 0 70
4895 0 70
4896 0 69
4897 0 70
4898 0 69
4899 0 69
4900 0 69
4901 0 69
4902 0 69
4903 0 69
4904 0 70
4905 0 69
4906 0 70
4907 0 69
4908 0 69
4909 0 69
4910 0 69
4911 0 70
4912 0 70
4913 0 70
4914 0 70
4915 0 70
4916 0 70
4917 0 70
4918 0 70
4919 0 70
4920 0 70
4921 0 69
4922 0 70
4923 0 69
4924 0 69
4925 0 69
4926 0 69
4927 0 69
4928 0 69
4929 0 70
4930 0 69
4931 0 70
4932 0 70
4933 0 70
4934 0 70
4935 0 70
4936 0 70
4937 0 70
4938 0 70
4939 0 69
4940 0 70
4941 0 69
4942 0 70
4943 0 70
4944 0 70
4945 0 70
4946 0 70
4947 0 69
4948 0 69
4949 0 70
4950 0 69
4951 0 70
4952 0 69
4953 0 69
4954 0 70
4955 0 69
4956 0 69
4957 0 69
4958 0 70
4959 0 69
4960 0 70
4961 0 69
4962 0 69
4963 0 70
4964 0 69
4965 0 69
4966 0 68
4967 0 69
4968 0 69
4969 0 69
4970 0 69
4971 0 69
4972 0 69
4973 0 69
4974 0 70
4975 0 70
4976 0 70
4977 0 70
4978 0 70
4979 0 69
4980 0 69
4981 0 70
4982 0 70
4983 0 69
4984 0 69
4985 0 70
4986 0 70
4987 0 70
4988 0 70
4989 0 70
4990 0 69
4991 0 69
4992 0 70
4993 0 70
4994 0 70
4995 0 70
4996 0 70
4997 0 70
4998 0 70
4999 0 70
5000 0 70
5001 0 69
5002 0 69
5003 0 69
5004 0 69
5005 0 69
5006 0 69
5007 0 69
5008 0 69
5009 0 69
5010 0 69
5011 0 70
5012 0 70
5013 0 70
5014 0 70
5015 0 70
5016 0 70
5017 0 70
5018 0 70
5019 0 70
5020 0 69
5021 0 69
5022 0 69
5023 0 69
5024 0 69
5025 0 69
5026 0 69
5027 0 68
5028 0 69
5029 0 70
5030 0 70
5031 0 70
5032 0 70
5033 0 70
5034 0 69
5035 0 69
5036 0 70
5037 0 70
5038 0 69
5039 0 69
5040 0 70
5041 0 70
5042 0 70
5043 0 70
5044 0 70
5045 0 69
5046 0 69
5047 0 70
5048 0 70
5049 0 70
5050 0 70
5051 0 70
5052 0 70
5053 0 70
5054 0 70
5055 0 70
5056 0 69
5057 0 69
5058 0 69
5059 0 69
5060 0 69
5061 0 69
5062 0 69
5063 0 69
5064 0 69
5065 0 69
5066 0 70
5067 0 70
5068 0 70
5069 0 70
5070 0 70
5071 0 69
5072 0 69
5073 0 70
5074 0 70
5075 0 69
5076 0 69
5077 0 70
5078 0 70
5079 0 70
5080 0 70
5081 0 70
5082 0 69
5083 0 69
5084 0 70
5085 0 70
5086 0 70
5087 0 70
5088 0 70
5089 0 70
5090 0 70
5091 0 70
5092 0 70
5093 0 69
5094 0 69
5095 0 69
5096 0 69
5097 0 69
5098 0 69
5099 0 69
5100 0 69
5101 0 69
5102 0 69
5103 0 70
5104 0 70
5105 0 70
5106 0 70
5107 0 70
5108 0 70
5109 0 70
5110 0 70
5111 0 70
5112 0 69
5113 0 69
5114 0 69
5115 0 69
5116 0 69
5117 0 69
5118 0 69
5119 0 68
5120 0 69
5121 0 70
5122 0 70
5123 0 70
5124 0 70
5125 0 70
5126 0 69
5127 0 69
5128 0 70
5129 0 70
5130 0 69
5131 0 69
5132 0 70
5133 0 70
5134 0 70
5135 0 70
5136 0 70
5137 0 69
5138 0 69
5139 0 70
5140 0 70
5141 0 70
5142 0 70
5143 0 70
5144 0 70
5145 0 70
5146 0 70
5147 0 70
5148 0 69
5149 0 69
5150 0 69
5151 0 69
5152 0 69
5153 0 69
5154 0 69
5155 0 69
5156 0 69
5157 0 69
5158 0 70
5159 0 70
5160 0 69
5161 0 69
5162 0 69
5163 0 70
5164 0 70
5165 0 69
5166 0 69
5167 0 69
5168 0 69
5169 0 69
5170 0 69
5171 0 69
5172 0 69
5173 0 69
5174 0 68
5175 0 69
5176 0 69
5177 0 69
5178 0 69
5179 0 69
5180 0 69
5181 0 68
5182 0 68
5183 0 70
5184 0 70
5185 0 69
5186 0 69
5187 0 69
5188 0 70
5189 0 70
5190 0 69
5191 0 69
5192 0 69
5193 0 69
5194 0 69
5195 0 69
5196 0 69
5197 0 69
5198 0 69
5199 0 68
5200 0 69
5201 0 70
5202 0 69
5203 0 70
5204 0 70
5205 0 70
5206 0 69
5207 0 69
5208 0 70
5209 0 70
5210 0 69
5211 0 69
5212 0 70
5213 0 69
5214 0 70
5215 0 70
5216 0 70
5217 0 69
5218 0 69
5219 0 70
5220 0 69
5221 0 70
5222 0 70
5223 0 70
5224 0 69
5225 0 69
5226 0 70
5227 0 70
5228 0 69
5229 0 69
5230 0 70
5231 0 69
5232 0 70
5233 0 70
5234 0 70
5235 0 69
5236 0 69
5237 0 69
5238 0 69
5239 0 69
5240 0 69
5241 0 69
5242 0 69
5243 0 69
5244 0 69
5245 0 69
5246 0 69
5247 0 69
5248 0 69
5249 0 69
5250 0 69
5251 0 69
5252 0 69
5253 0 69
5254 0 69
5255 0 69
5256 0 71
5257 0 71
5258 0 71
5259 0 70
5260 0 71
5261 0 71
5262 0 71
5263 0 70
5264 0 71
5265 0 70
5266 0 70
5267 0 70
5268 0 70
5269 0 71
5270 0 70
5271 0 71
5272 0 70
5273 0 70
5274 0 70
5275 0 70
5276 0 70
5277 0 71
5278 0 71
5279 0 71
5280 0 70
5281 0 71
5282 0 71
5283 0 71
5284 0 70
5285 0 71
5286 0 70
5287 0 70
5288 0 70
5289 0 70
5290 0 71
5291 0 70
5292 0 71
5293 0 70
5294 0 71
5295 0 70
5296 0 70
5297 0 70
5298 0 71
5299 0 70
5300 0 71
5301 0 70
5302 0 71
5303 0 70
5304 0 71
5305 0 70
5306 0 70
5307 0 70
5308 0 70
5309 0 70
5310 0 70
5311 0 69
5312 0 70
5313 0 70
5314 0 70
5315 0 70
5316 0 70
5317 0 69
5318 0 70
5319 0 70
5320 0 70
5321 0 69
5322 0 70
5323 0 69
5324 0 70
5325 0 70
5326 0 70
5327 0 71
5328 0 70
5329 0 71
5330 0 70
5331 0 71
5332 0 70
5333 0 70
5334 0 70
5335 0 71
5336 0 70
5337 0 71
5338 0 70
5339 0 71
5340 0 70
5341 0 71
5342 0 70
5343 0 70
5344 0 70
5345 0 70
5346 0 70
5347 0 70
5348 0 69
5349 0 70
5350 0 70
5351 0 70
5352 0 69
5353 0 70
5354 0 69
5355 0 70
5356 0 69
5357 0 70
5358 0 69
5359 0 69
5360 0 70
5361 0 70
5362 0 69
5363 0 71
5364 0 71
5365 0 71
5366 0 70
5367 0 71
5368 0 71
5369 0 71
5370 0 70
5371 0 71
5372 0 70
5373 0 70
5374 0 70
5375 0 70
5376 0 71
5377 0 70
5378 0 71
5379 0 70
5380 0 70
5381 0 70
5382 0 70
5383 0 70
5384 0 71
5385 0 71
5386 0 71
5387 0 70
5388 0 71
5389 0 71
5390 0 71
5391 0 70
5392 0 71
5393 0 70
5394 0 70
5395 0 70
5396 0 70
5397 0 71
5398 0 70
5399 0 71
5400 0 70
5401 0 71
5402 0 70
5403 0 70
5404 0 70
5405 0 71
5406 0 70
5407 0 71
5408 0 70
5409 0 71
5410 0 70
5411 0 71
5412 0 70
5413 0 70
5414 0 70
5415 0 70
5416 0 70
5417 0 70
5418 0 69
5419 0 70
5420 0 70
5421 0 70
5422 0 70
5423 0 70
5424 0 69
5425 0 70
5426 0 70
5427 0 70
5428 0 69
5429 0 70
5430 0 69
5431 0 70
5432 0 70
5433 0 70
5434 0 71
5435 0 70
5436 0 71
5437 0 70
5438 0 71
5439 0 70
5440 0 70
5441 0 70
5442 0 71
5443 0 70
5444 0 71
5445 0 70
5446 0 71
5447 0 70
5448 0 71
5449 0 70
5450 0 70
5451 0 70
5452 0 71
5453 0 71
5454 0 71
5455 0 70
5456 0 71
5457 0 71
5458 0 70
5459 0 70
5460 0 70
5461 0 70
5462 0 70
5463 0 70
5464 0 70
5465 0 70
5466 0 70
5467 0 70
5468 0 70
5469 0 70
5470 0 71
5471 0 71
5472 0 71
5473 0 70
5474 0 71
5475 0 71
5476 0 70
5477 0 70
5478 0 70
5479 0 70
5480 0 70
5481 0 70
5482 0 69
5483 0 71
5484 0 70
5485 0 71
5486 0 70
5487 0 71
5488 0 70
5489 0 70
5490 0 70
5491 0 71
5492 0 70
5493 0 71
5494 0 70
5495 0 71
5496 0 70
5497 0 71
5498 0 70
5499 0 70
5500 0 70
5501 0 71
5502 0 71
5503 0 71
5504 0 70
5505 0 71
5506 0 71
5507 0 70
5508 0 70
5509 0 70
5510 0 70
5511 0 70
5512 0 70
5513 0 70
5514 0 70
5515 0 70
5516 0 70
5517 0 70
5518 0 70
5519 0 70
5520 0 70
5521 0 70
5522 0 69
5523 0 70
5524 0 70
5525 0 70
5526 0 70
5527 0 70
5528 0 70
5529 0 70
5530 0 70
5531 0 69
5532 0 70
5533 0 70
5534 0 70
5535 0 70
5536 0 70
5537 0 69
5538 0 69
5539 0 69
5540 0 70
5541 0 70
5542 0 70
5543 0 69
5544 0 70
5545 0 70
5546 0 70
5547 0 70
5548 0 70
5549 0 70
5550 0 70
5551 0 70
5552 0 69
5553 0 70
5554 0 70
5555 0 70
5556 0 69
5557 0 70
5558 0 70
5559 0 70
5560 0 70
5561 0 70
5562 0 70
5563 0 70
5564 0 70
5565 0 69
5566 0 70
5567 0 70
5568 0 70
5569 0 70
5570 0 70
5571 0 69
5572 0 69
5573 0 69
5574 0 70
5575 0 70
5576 0 70
5577 0 69
5578 0 70
5579 0 70
5580 0 70
5581 0 70
5582 0 70
5583 0 70
5584 0 70
5585 0 70
5586 0 69
5587 0 70
5588 0 69
5589 0 70
5590 0 69
5591 0 70
5592 0 69
5593 0 69
5594 0 69
5595 0 70
5596 0 69
5597 0 70
5598 0 69
5599 0 70
5600 0 69
5601 0 70
5602 0 69
5603 0 69
5604 0 69
5605 0 70
5606 0 70
5607 0 70
5608 0 69
5609 0 70
5610 0 70
5611 0 70
5612 0 70
5613 0 70
5614 0 69
5615 0 70
5616 0 70
5617 0 70
5618 0 69
5619 0 70
5620 0 69
5621 0 70
5622 0 70
5623 0 69
5624 0 71
5625 0 70
5626 0 71
5627 0 70
5628 0 71
5629 0 70
5630 0 70
5631 0 70
5632 0 71
5633 0 70
5634 0 71
5635 0 70
5636 0 71
5637 0 70
5638 0 71
5639 0 70
5640 0 70
5641 0 70
5642 0 71
5643 0 71
5644 0 71
5645 0 70
5646 0 71
5647 0 71
5648 0 70
5649 0 70
5650 0 70
5651 0 70
5652 0 70
5653 0 70
5654 0 70
5655 0 70
5656 0 70
5657 0 70
5658 0 70
5659 0 70
5660 0 71
5661 0 71
5662 0 71
5663 0 70
5664 0 71
5665 0 71
5666 0 70
5667 0 70
5668 0 70
5669 0 70
5670 0 70
5671 0 70
5672 0 69
5673 0 71
5674 0 70
5675 0 71
5676 0 70
5677 0 71
5678 0 70
5679 0 70
5680 0 70
5681 0 71
5682 0 70
5683 0 71
5684 0 70
5685 0 71
5686 0 70
5687 0 71
5688 0 70
5689 0 70
5690 0 70
5691 0 71
5692 0 71
5693 0 71
5694 0 70
5695 0 71
5696 0 71
5697 0 70
5698 0 70
5699 0 70
5700 0 70
5701 0 70
5702 0 70
5703 0 70
5704 0 70
5705 0 70
5706 0 70
5707 0 70
5708 0 70
5709 0 70
5710 0 70
5711 0 70
5712 0 69
5713 0 70
5714 0 70
5715 0 70
5716 0 70
5717 0 70
5718 0 70
5719 0 70
5720 0 70
5721 0 69
5722 0 70
5723 0 70
5724 0 70
5725 0 70
5726 0 70
5727 0 69
5728 0 69
5729 0 69
5730 0 70
5731 0 70
5732 0 70
5733 0 69
5734 0 70
5735 0 70
5736 0 70
5737 0 70
5738 0 70
5739 0 70
5740 0 70
5741 0 70
5742 0 69
5743 0 70
5744 0 69
5745 0 70
5746 0 69
5747 0 70
5748 0 69
5749 0 69
5750 0 69
5751 0 70
5752 0 69
5753 0 70
5754 0 69
5755 0 70
5756 0 69
5757 0 70
5758 0 69
5759 0 69
5760 0 69
5761 0 70
5762 0 69
5763 0 70
5764 0 69
5765 0 70
5766 0 69
5767 0 69
5768 0 69
5769 0 70
5770 0 69
5771 0 70
5772 0 69
5773 0 70
5774 0 69
5775 0 70
5776 0 69
5777 0 69
5778 0 69
5779 0 69
5780 0 69
5781 0 69
5782 0 68
5783 0 69
5784 0 69
5785 0 70
5786 0 69
5787 0 70
5788 0 69
5789 0 70
5790 0 69
5791 0 70
5792 0 69
5793 0 69
5794 0 69
5795 0 69
5796 0 69
5797 0 71
5798 0 71
5799 0 71
5800 0 70
5801 0 71
5802 0 71
5803 0 71
5804 0 70
5805 0 71
5806 0 70
5807 0 70
5808 0 70
5809 0 70
5810 0 71
5811 0 70
5812 0 71
5813 0 70
5814 0 70
5815 0 70
5816 0 70
5817 0 70
5818 0 71
5819 0 71
5820 0 71
5821 0 70
5822 0 71
5823 0 71
5824 0 71
5825 0 70
5826 0 71
5827 0 70
5828 0 70
5829 0 70
5830 0 70
5831 0 71
5832 0 70
5833 0 71
5834 0 70
5835 0 71
5836 0 70
5837 0 70
5838 0 70
5839 0 71
5840 0 70
5841 0 71
5842 0 70
5843 0 71
5844 0 70
5845 0 71
5846 0 70
5847 0 70
5848 0 70
5849 0 70
5850 0 70
5851 0 70
5852 0 69
5853 0 70
5854 0 70
5855 0 70
5856 0 70
5857 0 70
5858 0 69
5859 0 70
5860 0 70
5861 0 70
5862 0 69
5863 0 70
5864 0 69
5865 0 70
5866 0 70
5867 0 70
5868 0 71
5869 0 70
5870 0 71
5871 0 70
5872 0 71
5873 0 70
5874 0 70
5875 0 70
5876 0 71
5877 0 70
5878 0 71
5879 0 70
5880 0 71
5881 0 70
5882 0 71
5883 0 70
5884 0 70
5885 0 70
5886 0 70
5887 0 70
5888 0 70
5889 0 69
5890 0 70
5891 0 70
5892 0 70
5893 0 69
5894 0 70
5895 0 69
5896 0 70
5897 0 69
5898 0 70
5899 0 69
5900 0 69
5901 0 70
5902 0 70
5903 0 69
5904 0 71
5905 0 71
5906 0 71
5907 0 70
5908 0 71
5909 0 71
5910 0 71
5911 0 70
5912 0 71
5913 0 70
5914 0 70
5915 0 70
5916 0 70
5917 0 71
5918 0 70
5919 0 71
5920 0 70
5921 0 70
5922 0 70
5923 0 70
5924 0 70
5925 0 71
5926 0 71
5927 0 71
5928 0 70
5929 0 71
5930 0 71
5931 0 71
5932 0 70
5933 0 71
5934 0 70
5935 0 70
5936 0 70
5937 0 70
5938 0 71
5939 0 70
5940 0 71
5941 0 70
5942 0 71
5943 0 70
5944 0 70
5945 0 70
5946 0 71
5947 0 70
5948 0 71
5949 0 70
5950 0 71
5951 0 70
5952 0 71
5953 0 70
5954 0 70
5955 0 70
5956 0 70
5957 0 70
5958 0 70
5959 0 69
5960 0 70
5961 0 70
5962 0 70
5963 0 70
5964 0 70
5965 0 69
5966 0 70
5967 0 70
5968 0 70
5969 0 69
5970 0 70
5971 0 69
5972 0 70
5973 0 70
5974 0 70
5975 0 71
5976 0 70
5977 0 71
5978 0 70
5979 0 71
5980 0 70
5981 0 70
5982 0 70
5983 0 71
5984 0 70
5985 0 71
5986 0 70
5987 0 71
5988 0 70
5989 0 71
5990 0 70
5991 0 70
5992 0 70
5993 0 71
5994 0 71
5995 0 71
5996 0 70
5997 0 71
5998 0 71
5999 0 70
6000 0 70
6001 0 70
6002 0 70
6003 0 70
6004 0 70
6005 0 70
6006 0 70
6007 0 70
6008 0 70
6009 0 70
6010 0 70
6011 0 71
6012 0 71
6013 0 71
6014 0 70
6015 0 71
6016 0 71
6017 0 70
6018 0 70
6019 0 70
6020 0 70
6021 0 70
6022 0 70
6023 0 69
6024 0 71
6025 0 70
6026 0 71
6027 0 70
6028 0 71
6029 0 70
6030 0 70
6031 0 70
6032 0 71
6033 0 70
6034 0 71
6035 0 70
6036 0 71
6037 0 70
6038 0 71
6039 0 70
6040 0 70
6041 0 70
6042 0 71
6043 0 71
6044 0 71
6045 0 70
6046 0 71
6047 0 71
6048 0 70
6049 0 70
6050 0 70
6051 0 70
6052 0 70
6053 0 70
6054 0 70
6055 0 70
6056 0 70
6057 0 70
6058 0 70
6059 0 70
6060 0 70
6061 0 70
6062 0 70
6063 0 69
6064 0 70
6065 0 70
6066 0 70
6067 0 70
6068 0 70
6069 0 70
6070 0 70
6071 0 70
6072 0 69
6073 0 70
6074 0 70
6075 0 70
6076 0 70
6077 0 70
6078 0 69
6079 0 69
6080 0 69
6081 0 70
6082 0 70
6083 0 70
6084 0 69
6085 0 70
6086 0 70
6087 0 70
6088 0 70
6089 0 70
6090 0 70
6091 0 70
6092 0 70
6093 0 69
6094 0 70
6095 0 70
6096 0 70
6097 0 69
6098 0 70
6099 0 70
6100 0 70
6101 0 70
6102 0 70
6103 0 70
6104 0 70
6105 0 70
6106 0 69
6107 0 70
6108 0 70
6109 0 70
6110 0 70
6111 0 70
6112 0 69
6113 0 69
6114 0 69
6115 0 70
6116 0 70
6117 0 70
6118 0 69
6119 0 70
6120 0 70
6121 0 70
6122 0 70
6123 0 70
6124 0 70
6125 0 70
6126 0 70
6127 0 69
6128 0 70
6129 0 69
6130 0 70
6131 0 69
6132 0 70
6133 0 69
6134 0 69
6135 0 69
6136 0 70
6137 0 69
6138 0 70
6139 0 69
6140 0 70
6141 0 69
6142 0 70
6143 0 69
6144 0 69
6145 0 69
6146 0 70
6147 0 70
6148 0 70
6149 0 69
6150 0 70
6151 0 70
6152 0 70
6153 0 70
6154 0 70
6155 0 69
6156 0 70
6157 0 70
6158 0 70
6159 0 69
6160 0 70
6161 0 69
6162 0 70
6163 0 70
6164 0 69
6165 0 71
6166 0 70
6167 0 71
6168 0 70
6169 0 70
6170 0 70
6171 0 70
6172 0 70
6173 0 70
6174 0 70
6175 0 71
6176 0 70
6177 0 71
6178 0 70
6179 0 70
6180 0 70
6181 0 70
6182 0 70
6183 0 70
6184 0 71
6185 0 71
6186 0 69
6187 0 70
6188 0 71
6189 0 70
6190 0 69
6191 0 70
6192 0 69
6193 0 70
6194 0 69
6195 0 70
6196 0 69
6197 0 69
6198 0 70
6199 0 70
6200 0 69
6201 0 70
6202 0 71
6203 0 71
6204 0 69
6205 0 70
6206 0 71
6207 0 70
6208 0 69
6209 0 70
6210 0 69
6211 0 69
6212 0 69
6213 0 69
6214 0 71
6215 0 70
6216 0 71
6217 0 70
6218 0 70
6219 0 70
6220 0 70
6221 0 70
6222 0 70
6223 0 70
6224 0 71
6225 0 70
6226 0 71
6227 0 70
6228 0 70
6229 0 70
6230 0 70
6231 0 70
6232 0 70
6233 0 71
6234 0 71
6235 0 69
6236 0 70
6237 0 71
6238 0 70
6239 0 69
6240 0 70
6241 0 69
6242 0 70
6243 0 69
6244 0 70
6245 0 69
6246 0 69
6247 0 70
6248 0 70
6249 0 69
6250 0 70
6251 0 71
6252 0 71
6253 0 69
6254 0 70
6255 0 71
6256 0 71
6257 0 70
6258 0 71
6259 0 70
6260 0 70
6261 0 70
6262 0 70
6263 0 71
6264 0 70
6265 0 71
6266 0 70
6267 0 70
6268 0 70
6269 0 70
6270 0 69
6271 0 70
6272 0 71
6273 0 71
6274 0 69
6275 0 70
6276 0 71
6277 0 71
6278 0 70
6279 0 71
6280 0 70
6281 0 70
6282 0 70
6283 0 70
6284 0 70
6285 0 69
6286 0 70
6287 0 69
6288 0 70
6289 0 70
6290 0 70
6291 0 69
6292 0 70
6293 0 70
6294 0 70
6295 0 69
6296 0 70
6297 0 69
6298 0 70
6299 0 70
6300 0 70
6301 0 69
6302 0 70
6303 0 69
6304 0 70
6305 0 69
6306 0 70
6307 0 70
6308 0 70
6309 0 69
6310 0 70
6311 0 70
6312 0 70
6313 0 69
6314 0 70
6315 0 69
6316 0 70
6317 0 70
6318 0 70
6319 0 69
6320 0 69
6321 0 70
6322 0 70
6323 0 68
6324 0 69
6325 0 70
6326 0 70
6327 0 69
6328 0 70
6329 0 69
6330 0 70
6331 0 69
6332 0 70
6333 0 69
6334 0 69
6335 0 70
6336 0 70
6337 0 69
6338 0 70
6339 0 71
6340 0 71
6341 0 69
6342 0 70
6343 0 71
6344 0 71
6345 0 70
6346 0 71
6347 0 70
6348 0 70
6349 0 70
6350 0 70
6351 0 71
6352 0 70
6353 0 71
6354 0 70
6355 0 70
6356 0 70
6357 0 70
6358 0 69
6359 0 70
6360 0 71
6361 0 71
6362 0 69
6363 0 70
6364 0 71
6365 0 71
6366 0 70
6367 0 71
6368 0 70
6369 0 70
6370 0 70
6371 0 70
6372 0 70
6373 0 69
6374 0 70
6375 0 69
6376 0 70
6377 0 70
6378 0 70
6379 0 69
6380 0 70
6381 0 70
6382 0 70
6383 0 69
6384 0 70
6385 0 69
6386 0 70
6387 0 70
6388 0 70
6389 0 69
6390 0 69
6391 0 70
6392 0 70
6393 0 68
6394 0 69
6395 0 70
6396 0 69
6397 0 70
6398 0 70
6399 0 68
6400 0 69
6401 0 70
6402 0 69
6403 0 68
6404 0 69
6405 0 68
6406 0 69
6407 0 69
6408 0 69
6409 0 71
6410 0 70
6411 0 71
6412 0 70
6413 0 70
6414 0 70
6415 0 70
6416 0 70
6417 0 70
6418 0 70
6419 0 71
6420 0 70
6421 0 71
6422 0 70
6423 0 70
6424 0 70
6425 0 70
6426 0 70
6427 0 70
6428 0 71
6429 0 71
6430 0 69
6431 0 70
6432 0 71
6433 0 70
6434 0 69
6435 0 70
6436 0 69
6437 0 70
6438 0 69
6439 0 70
6440 0 69
6441 0 69
6442 0 70
6443 0 70
6444 0 69
6445 0 70
6446 0 71
6447 0 71
6448 0 69
6449 0 70
6450 0 71
6451 0 70
6452 0 69
6453 0 70
6454 0 69
6455 0 69
6456 0 69
6457 0 69
6458 0 71
6459 0 70
6460 0 71
6461 0 70
6462 0 70
6463 0 70
6464 0 70
6465 0 70
6466 0 70
6467 0 70
6468 0 71
6469 0 70
6470 0 71
6471 0 70
6472 0 70
6473 0 70
6474 0 70
6475 0 70
6476 0 70
6477 0 71
6478 0 71
6479 0 69
6480 0 70
6481 0 71
6482 0 70
6483 0 69
6484 0 70
6485 0 69
6486 0 70
6487 0 69
6488 0 70
6489 0 69
6490 0 69
6491 0 70
6492 0 70
6493 0 69
6494 0 70
6495 0 71
6496 0 71
6497 0 69
6498 0 70
6499 0 71
6500 0 71
6501 0 70
6502 0 71
6503 0 70
6504 0 70
6505 0 70
6506 0 70
6507 0 71
6508 0 70
6509 0 71
6510 0 70
6511 0 70
6512 0 70
6513 0 70
6514 0 69
6515 0 70
6516 0 71
6517 0 71
6518 0 69
6519 0 70
6520 0 71
6521 0 71
6522 0 70
6523 0 71
6524 0 70
6525 0 70
6526 0 70
6527 0 70
6528 0 70
6529 0 69
6530 0 70
6531 0 69
6532 0 70
6533 0 70
6534 0 70
6535 0 69
6536 0 70
6537 0 70
6538 0 70
6539 0 69
6540 0 70
6541 0 69
6542 0 70
6543 0 70
6544 0 70
6545 0 69
6546 0 70
6547 0 69
6548 0 70
6549 0 69
6550 0 70
6551 0 70
6552 0 70
6553 0 69
6554 0 70
6555 0 70
6556 0 70
6557 0 69
6558 0 70
6559 0 69
6560 0 70
6561 0 70
6562 0 70
6563 0 69
6564 0 69
6565 0 70
6566 0 70
6567 0 68
6568 0 69
6569 0 70
6570 0 70
6571 0 69
6572 0 70
6573 0 69
6574 0 70
6575 0 69
6576 0 70
6577 0 69
6578 0 69
6579 0 70
6580 0 70
6581 0 69
6582 0 70
6583 0 70
6584 0 70
6585 0 70
6586 0 70
6587 0 70
6588 0 70
6589 0 70
6590 0 70
6591 0 70
6592 0 69
6593 0 69
6594 0 69
6595 0 70
6596 0 70
6597 0 70
6598 0 70
6599 0 69
6600 0 69
6601 0 69
6602 0 69
6603 0 70
6604 0 70
6605 0 70
6606 0 70
6607 0 70
6608 0 70
6609 0 70
6610 0 70
6611 0 70
6612 0 70
6613 0 69
6614 0 69
6615 0 69
6616 0 70
6617 0 70
6618 0 70
6619 0 70
6620 0 70
6621 0 70
6622 0 70
6623 0 70
6624 0 70
6625 0 70
6626 0 70
6627 0 70
6628 0 70
6629 0 70
6630 0 70
6631 0 70
6632 0 70
6633 0 70
6634 0 69
6635 0 70
6636 0 70
6637 0 69
6638 0 69
6639 0 70
6640 0 69
6641 0 70
6642 0 70
6643 0 69
6644 0 69
6645 0 70
6646 0 69
6647 0 69
6648 0 69
6649 0 69
6650 0 69
6651 0 69
6652 0 69
6653 0 70
6654 0 70
6655 0 70
6656 0 70
6657 0 70
6658 0 70
6659 0 70
6660 0 70
6661 0 70
6662 0 70
6663 0 70
6664 0 70
6665 0 70
6666 0 70
6667 0 70
6668 0 70
6669 0 70
6670 0 70
6671 0 69
6672 0 70
6673 0 70
6674 0 69
6675 0 69
6676 0 70
6677 0 69
6678 0 69
6679 0 69
6680 0 69
6681 0 69
6682 0 69
6683 0 69
6684 0 69
6685 0 68
6686 0 69
6687 0 69
6688 0 69
6689 0 70
6690 0 70
6691 0 70
6692 0 70
6693 0 70
6694 0 70
6695 0 70
6696 0 70
6697 0 70
6698 0 70
6699 0 69
6700 0 69
6701 0 69
6702 0 70
6703 0 70
6704 0 70
6705 0 70
6706 0 69
6707 0 69
6708 0 69
6709 0 69
6710 0 70
6711 0 70
6712 0 70
6713 0 70
6714 0 70
6715 0 70
6716 0 70
6717 0 70
6718 0 70
6719 0 70
6720 0 69
6721 0 69
6722 0 69
6723 0 70
6724 0 70
6725 0 70
6726 0 70
6727 0 70
6728 0 70
6729 0 70
6730 0 70
6731 0 70
6732 0 70
6733 0 70
6734 0 70
6735 0 70
6736 0 70
6737 0 70
6738 0 70
6739 0 70
6740 0 70
6741 0 69
6742 0 70
6743 0 70
6744 0 69
6745 0 69
6746 0 70
6747 0 69
6748 0 70
6749 0 70
6750 0 69
6751 0 69
6752 0 70
6753 0 69
6754 0 69
6755 0 69
6756 0 69
6757 0 69
6758 0 69
6759 0 69
6760 0 70
6761 0 70
6762 0 70
6763 0 70
6764 0 70
6765 0 70
6766 0 70
6767 0 70
6768 0 70
6769 0 70
6770 0 69
6771 0 69
6772 0 69
6773 0 70
6774 0 70
6775 0 70
6776 0 70
6777 0 69
6778 0 69
6779 0 69
6780 0 69
6781 0 70
6782 0 70
6783 0 70
6784 0 70
6785 0 70
6786 0 70
6787 0 70
6788 0 70
6789 0 70
6790 0 70
6791 0 69
6792 0 69
6793 0 69
6794 0 70
6795 0 70
6796 0 70
6797 0 70
6798 0 70
6799 0 70
6800 0 70
6801 0 70
6802 0 70
6803 0 70
6804 0 70
6805 0 70
6806 0 70
6807 0 70
6808 0 70
6809 0 70
6810 0 70
6811 0 70
6812 0 69
6813 0 70
6814 0 70
6815 0 69
6816 0 69
6817 0 70
6818 0 69
6819 0 70
6820 0 70
6821 0 69
6822 0 69
6823 0 70
6824 0 69
6825 0 69
6826 0 69
6827 0 69
6828 0 69
6829 0 69
6830 0 69
6831 0 70
6832 0 70
6833 0 70
6834 0 70
6835 0 70
6836 0 70
6837 0 70
6838 0 70
6839 0 70
6840 0 70
6841 0 70
6842 0 70
6843 0 70
6844 0 70
6845 0 70
6846 0 70
6847 0 70
6848 0 70
6849 0 69
6850 0 70
6851 0 70
6852 0 69
6853 0 69
6854 0 70
6855 0 69
6856 0 69
6857 0 69
6858 0 69
6859 0 69
6860 0 69
6861 0 69
6862 0 69
6863 0 68
6864 0 69
6865 0 69
6866 0 69
6867 0 70
6868 0 70
6869 0 70
6870 0 70
6871 0 70
6872 0 70
6873 0 70
6874 0 70
6875 0 70
6876 0 70
6877 0 69
6878 0 69
6879 0 69
6880 0 70
6881 0 70
6882 0 70
6883 0 70
6884 0 69
6885 0 69
6886 0 69
6887 0 69
6888 0 70
6889 0 70
6890 0 70
6891 0 70
6892 0 70
6893 0 70
6894 0 70
6895 0 70
6896 0 70
6897 0 70
6898 0 69
6899 0 69
6900 0 69
6901 0 70
6902 0 70
6903 0 70
6904 0 70
6905 0 70
6906 0 70
6907 0 70
6908 0 70
6909 0 70
6910 0 70
6911 0 70
6912 0 70
6913 0 70
6914 0 70
6915 0 70
6916 0 70
6917 0 70
6918 0 70
6919 0 69
6920 0 70
6921 0 70
6922 0 69
6923 0 69
6924 0 70
6925 0 69
6926 0 70
6927 0 70
6928 0 69
6929 0 69
6930 0 70
6931 0 69
6932 0 69
6933 0 69
6934 0 69
6935 0 69
6936 0 69
6937 0 69
6938 0 70
6939 0 70
6940 0 70
6941 0 70
6942 0 69
6943 0 69
6944 0 69
6945 0 69
6946 0 69
6947 0 69
6948 0 70
6949 0 70
6950 0 70
6951 0 70
6952 0 69
6953 0 69
6954 0 69
6955 0 69
6956 0 69
6957 0 70
6958 0 70
6959 0 69
6960 0 69
6961 0 70
6962 0 69
6963 0 69
6964 0 69
6965 0 69
6966 0 69
6967 0 69
6968 0 69
6969 0 69
6970 0 68
6971 0 69
6972 0 69
6973 0 69
6974 0 69
6975 0 70
6976 0 70
6977 0 69
6978 0 69
6979 0 70
6980 0 69
6981 0 69
6982 0 69
6983 0 69
6984 0 68
6985 0 68
6986 0 68
6987 0 70
6988 0 70
6989 0 70
6990 0 70
6991 0 69
6992 0 69
6993 0 69
6994 0 69
6995 0 69
6996 0 69
6997 0 70
6998 0 70
6999 0 70
7000 0 70
7001 0 69
7002 0 69
7003 0 69
7004 0 69
7005 0 69
7006 0 70
7007 0 70
7008 0 69
7009 0 69
7010 0 70
7011 0 69
7012 0 69
7013 0 69
7014 0 69
7015 0 69
7016 0 69
7017 0 69
7018 0 69
7019 0 68
7020 0 69
7021 0 69
7022 0 69
7023 0 70
7024 0 70
7025 0 70
7026 0 69
7027 0 70
7028 0 70
7029 0 70
7030 0 70
7031 0 70
7032 0 70
7033 0 69
7034 0 69
7035 0 69
7036 0 70
7037 0 70
7038 0 70
7039 0 70
7040 0 69
7041 0 69
7042 0 69
7043 0 69
7044 0 70
7045 0 70
7046 0 70
7047 0 69
7048 0 70
7049 0 70
7050 0 70
7051 0 70
7052 0 70
7053 0 70
7054 0 69
7055 0 69
7056 0 69
7057 0 70
7058 0 70
7059 0 70
7060 0 69
7061 0 70
7062 0 70
7063 0 70
7064 0 70
7065 0 70
7066 0 70
7067 0 69
7068 0 69
7069 0 69
7070 0 70
7071 0 70
7072 0 70
7073 0 70
7074 0 69
7075 0 69
7076 0 69
7077 0 69
7078 0 70
7079 0 70
7080 0 70
7081 0 69
7082 0 70
7083 0 70
7084 0 70
7085 0 70
7086 0 70
7087 0 70
7088 0 69
7089 0 69
7090 0 69
7091 0 70
7092 0 69
7093 0 70
7094 0 69
7095 0 69
7096 0 69
7097 0 69
7098 0 69
7099 0 69
7100 0 69
7101 0 70
7102 0 69
7103 0 70
7104 0 69
7105 0 69
7106 0 69
7107 0 69
7108 0 69
7109 0 69
7110 0 70
7111 0 70
7112 0 69
7113 0 69
7114 0 70
7115 0 69
7116 0 70
7117 0 70
7118 0 69
7119 0 69
7120 0 70
7121 0 69
7122 0 69
7123 0 69
7124 0 69
7125 0 69
7126 0 69
7127 0 69
