0 0 74
1 0 74
2 0 74
3 0 74
4 0 74
5 0 73
6 0 74
7 0 74
8 0 73
9 0 73
10 0 74
11 0 74
12 0 74
13 0 74
14 0 74
15 0 73
16 0 74
17 0 74
18 0 73
19 0 73
20 0 73
21 0 74
22 0 74
23 0 73
24 0 73
25 0 73
26 0 73
27 0 73
28 0 73
29 0 73
30 0 73
31 0 73
32 0 73
33 0 72
34 0 74
35 0 74
36 0 73
37 0 73
38 0 73
39 0 74
40 0 74
41 0 73
42 0 73
43 0 73
44 0 73
45 0 73
46 0 73
47 0 73
48 0 73
49 0 73
50 0 72
51 0 72
52 0 74
53 0 74
54 0 74
55 0 74
56 0 74
57 0 73
58 0 74
59 0 74
60 0 73
61 0 73
62 0 74
63 0 74
64 0 74
65 0 74
66 0 74
67 0 73
68 0 74
69 0 74
70 0 73
71 0 73
72 0 73
73 0 74
74 0 74
75 0 73
76 0 73
77 0 73
78 0 73
79 0 73
80 0 73
81 0 73
82 0 73
83 0 73
84 0 73
85 0 72
86 0 74
87 0 74
88 0 72
89 0 72
90 0 73
91 0 74
92 0 74
93 0 72
94 0 72
95 0 73
96 0 73
97 0 73
98 0 73
99 0 73
100 0 73
101 0 73
102 0 72
103 0 72
104 0 73
105 0 73
106 0 73
107 0 73
108 0 73
109 0 72
110 0 74
111 0 74
112 0 72
113 0 72
114 0 73
115 0 74
116 0 74
117 0 72
118 0 72
119 0 73
120 0 73
121 0 74
122 0 73
123 0 73
124 0 73
125 0 73
126 0 72
127 0 72
128 0 72
129 0 72
130 0 72
131 0 73
132 0 73
133 0 72
134 0 73
135 0 73
136 0 71
137 0 71
138 0 72
139 0 72
140 0 72
141 0 73
142 0 73
143 0 72
144 0 72
145 0 72
146 0 72
147 0 73
148 0 73
149 0 72
150 0 73
151 0 73
152 0 71
153 0 71
154 0 72
155 0 72
156 0 72
157 0 73
158 0 73
159 0 72
160 0 73
161 0 73
162 0 71
163 0 71
164 0 72
165 0 73
166 0 73
167 0 71
168 0 71
169 0 72
170 0 72
171 0 72
172 0 72
173 0 72
174 0 72
175 0 72
176 0 72
177 0 72
178 0 74
179 0 74
180 0 72
181 0 72
182 0 73
183 0 74
184 0 74
185 0 72
186 0 72
187 0 73
188 0 73
189 0 74
190 0 73
191 0 73
192 0 73
193 0 73
194 0 72
195 0 72
196 0 74
197 0 74
198 0 74
199 0 73
200 0 73
201 0 72
202 0 74
203 0 74
204 0 72
205 0 72
206 0 73
207 0 74
208 0 74
209 0 72
210 0 72
211 0 73
212 0 73
213 0 74
214 0 73
215 0 73
216 0 73
217 0 73
218 0 72
219 0 72
220 0 73
221 0 73
222 0 73
223 0 73
224 0 73
225 0 72
226 0 73
227 0 73
228 0 72
229 0 72
230 0 73
231 0 73
232 0 73
233 0 73
234 0 73
235 0 72
236 0 73
237 0 73
238 0 72
239 0 72
240 0 72
241 0 73
242 0 73
243 0 72
244 0 72
245 0 73
246 0 73
247 0 72
248 0 72
249 0 72
250 0 73
251 0 73
252 0 72
253 0 72
254 0 72
255 0 72
256 0 72
257 0 72
258 0 72
259 0 72
260 0 72
261 0 72
262 0 72
263 0 74
264 0 74
265 0 74
266 0 74
267 0 74
268 0 73
269 0 74
270 0 74
271 0 73
272 0 73
273 0 74
274 0 74
275 0 74
276 0 74
277 0 74
278 0 73
279 0 74
280 0 74
281 0 73
282 0 73
283 0 73
284 0 74
285 0 74
286 0 73
287 0 73
288 0 73
289 0 73
290 0 73
291 0 73
292 0 73
293 0 73
294 0 73
295 0 73
296 0 72
297 0 74
298 0 74
299 0 73
300 0 73
301 0 73
302 0 74
303 0 74
304 0 73
305 0 73
306 0 73
307 0 73
308 0 73
309 0 73
310 0 73
311 0 73
312 0 73
313 0 72
314 0 72
315 0 74
316 0 74
317 0 74
318 0 74
319 0 74
320 0 73
321 0 74
322 0 74
323 0 73
324 0 73
325 0 74
326 0 74
327 0 74
328 0 74
329 0 74
330 0 73
331 0 74
332 0 74
333 0 73
334 0 73
335 0 73
336 0 74
337 0 74
338 0 73
339 0 73
340 0 73
341 0 73
342 0 73
343 0 73
344 0 73
345 0 73
346 0 73
347 0 73
348 0 72
349 0 74
350 0 74
351 0 72
352 0 72
353 0 73
354 0 74
355 0 74
356 0 72
357 0 72
358 0 73
359 0 73
360 0 73
361 0 73
362 0 73
363 0 73
364 0 73
365 0 72
366 0 72
367 0 73
368 0 73
369 0 73
370 0 73
371 0 73
372 0 72
373 0 74
374 0 74
375 0 72
376 0 72
377 0 73
378 0 74
379 0 74
380 0 72
381 0 72
382 0 73
383 0 73
384 0 74
385 0 73
386 0 73
387 0 73
388 0 73
389 0 72
390 0 72
391 0 72
392 0 72
393 0 72
394 0 73
395 0 73
396 0 72
397 0 73
398 0 73
399 0 71
400 0 71
401 0 72
402 0 72
403 0 72
404 0 73
405 0 73
406 0 72
407 0 72
408 0 72
409 0 72
410 0 73
411 0 73
412 0 72
413 0 73
414 0 73
415 0 71
416 0 71
417 0 72
418 0 72
419 0 72
420 0 73
421 0 73
422 0 72
423 0 73
424 0 73
425 0 71
426 0 71
427 0 72
428 0 73
429 0 73
430 0 71
431 0 71
432 0 72
433 0 72
434 0 72
435 0 72
436 0 72
437 0 72
438 0 72
439 0 72
440 0 72
441 0 74
442 0 74
443 0 73
444 0 73
445 0 73
446 0 74
447 0 74
448 0 73
449 0 73
450 0 73
451 0 73
452 0 73
453 0 72
454 0 72
455 0 72
456 0 72
457 0 72
458 0 72
459 0 73
460 0 74
461 0 73
462 0 73
463 0 73
464 0 72
465 0 74
466 0 74
467 0 73
468 0 73
469 0 73
470 0 74
471 0 74
472 0 73
473 0 73
474 0 73
475 0 73
476 0 73
477 0 72
478 0 72
479 0 72
480 0 72
481 0 72
482 0 72
483 0 73
484 0 73
485 0 73
486 0 73
487 0 73
488 0 72
489 0 73
490 0 73
491 0 72
492 0 72
493 0 73
494 0 73
495 0 73
496 0 73
497 0 73
498 0 72
499 0 73
500 0 73
501 0 73
502 0 73
503 0 72
504 0 73
505 0 73
506 0 73
507 0 73
508 0 73
509 0 73
510 0 73
511 0 73
512 0 72
513 0 73
514 0 73
515 0 73
516 0 73
517 0 72
518 0 73
519 0 72
520 0 72
521 0 72
522 0 72
523 0 72
524 0 72
525 0 72
526 0 73
527 0 73
528 0 73
529 0 73
530 0 73
531 0 72
532 0 73
533 0 73
534 0 72
535 0 72
536 0 73
537 0 73
538 0 73
539 0 73
540 0 73
541 0 72
542 0 73
543 0 73
544 0 72
545 0 72
546 0 72
547 0 73
548 0 73
549 0 72
550 0 72
551 0 72
552 0 73
553 0 72
554 0 72
555 0 73
556 0 72
557 0 72
558 0 72
559 0 71
560 0 74
561 0 74
562 0 73
563 0 73
564 0 73
565 0 74
566 0 74
567 0 73
568 0 73
569 0 73
570 0 73
571 0 73
572 0 72
573 0 72
574 0 72
575 0 72
576 0 72
577 0 72
578 0 73
579 0 74
580 0 73
581 0 73
582 0 73
583 0 72
584 0 74
585 0 74
586 0 73
587 0 73
588 0 73
589 0 74
590 0 74
591 0 73
592 0 73
593 0 73
594 0 73
595 0 73
596 0 72
597 0 72
598 0 72
599 0 72
600 0 72
601 0 72
602 0 73
603 0 74
604 0 73
605 0 73
606 0 73
607 0 73
608 0 73
609 0 73
610 0 73
611 0 73
612 0 73
613 0 74
614 0 73
615 0 74
616 0 74
617 0 73
618 0 73
619 0 73
620 0 73
621 0 73
622 0 72
623 0 73
624 0 73
625 0 73
626 0 73
627 0 73
628 0 73
629 0 73
630 0 73
631 0 72
632 0 73
633 0 73
634 0 73
635 0 73
636 0 72
637 0 73
638 0 72
639 0 72
640 0 72
641 0 72
642 0 72
643 0 72
644 0 72
645 0 73
646 0 73
647 0 73
648 0 72
649 0 72
650 0 71
651 0 72
652 0 72
653 0 72
654 0 72
655 0 73
656 0 73
657 0 73
658 0 72
659 0 72
660 0 71
661 0 73
662 0 73
663 0 73
664 0 73
665 0 72
666 0 73
667 0 73
668 0 73
669 0 73
670 0 73
671 0 73
672 0 73
673 0 73
674 0 73
675 0 73
676 0 72
677 0 72
678 0 71
679 0 73
680 0 73
681 0 73
682 0 73
683 0 73
684 0 73
685 0 73
686 0 73
687 0 73
688 0 72
689 0 72
690 0 73
691 0 71
692 0 71
693 0 71
694 0 71
695 0 71
696 0 71
697 0 73
698 0 73
699 0 73
700 0 72
701 0 72
702 0 71
703 0 72
704 0 72
705 0 72
706 0 72
707 0 73
708 0 73
709 0 73
710 0 72
711 0 72
712 0 71
713 0 73
714 0 73
715 0 73
716 0 73
717 0 72
718 0 73
719 0 73
720 0 73
721 0 73
722 0 73
723 0 73
724 0 73
725 0 73
726 0 73
727 0 73
728 0 72
729 0 72
730 0 71
731 0 73
732 0 73
733 0 73
734 0 72
735 0 72
736 0 71
737 0 72
738 0 72
739 0 72
740 0 72
741 0 73
742 0 73
743 0 73
744 0 72
745 0 72
746 0 71
747 0 73
748 0 73
749 0 73
750 0 73
751 0 72
752 0 73
753 0 73
754 0 73
755 0 73
756 0 73
757 0 73
758 0 73
759 0 73
760 0 73
761 0 73
762 0 72
763 0 72
764 0 71
765 0 73
766 0 73
767 0 73
768 0 73
769 0 73
770 0 73
771 0 73
772 0 73
773 0 73
774 0 72
775 0 72
776 0 73
777 0 71
778 0 71
779 0 71
780 0 71
781 0 71
782 0 71
783 0 73
784 0 73
785 0 73
786 0 72
787 0 72
788 0 71
789 0 72
790 0 72
791 0 72
792 0 72
793 0 73
794 0 73
795 0 73
796 0 72
797 0 72
798 0 71
799 0 73
800 0 73
801 0 73
802 0 73
803 0 72
804 0 73
805 0 73
806 0 73
807 0 73
808 0 73
809 0 73
810 0 73
811 0 73
812 0 73
813 0 73
814 0 72
815 0 72
816 0 71
817 0 73
818 0 73
819 0 72
820 0 72
821 0 72
822 0 73
823 0 73
824 0 72
825 0 72
826 0 72
827 0 72
828 0 73
829 0 71
830 0 71
831 0 71
832 0 71
833 0 71
834 0 71
835 0 73
836 0 73
837 0 73
838 0 72
839 0 72
840 0 71
841 0 73
842 0 73
843 0 72
844 0 72
845 0 72
846 0 73
847 0 73
848 0 72
849 0 72
850 0 72
851 0 72
852 0 73
853 0 71
854 0 71
855 0 71
856 0 71
857 0 71
858 0 71
859 0 72
860 0 72
861 0 72
862 0 72
863 0 72
864 0 71
865 0 72
866 0 72
867 0 71
868 0 71
869 0 72
870 0 72
871 0 72
872 0 72
873 0 72
874 0 71
875 0 72
876 0 72
877 0 72
878 0 72
879 0 72
880 0 71
881 0 72
882 0 72
883 0 71
884 0 71
885 0 72
886 0 72
887 0 72
888 0 72
889 0 72
890 0 71
891 0 72
892 0 72
893 0 71
894 0 71
895 0 71
896 0 72
897 0 72
898 0 71
899 0 71
900 0 72
901 0 72
902 0 72
903 0 72
904 0 72
905 0 72
906 0 72
907 0 72
908 0 71
909 0 74
910 0 74
911 0 73
912 0 73
913 0 73
914 0 74
915 0 74
916 0 73
917 0 73
918 0 73
919 0 73
920 0 73
921 0 72
922 0 72
923 0 72
924 0 72
925 0 72
926 0 72
927 0 73
928 0 74
929 0 73
930 0 73
931 0 73
932 0 72
933 0 74
934 0 74
935 0 73
936 0 73
937 0 73
938 0 74
939 0 74
940 0 73
941 0 73
942 0 73
943 0 73
944 0 73
945 0 72
946 0 72
947 0 72
948 0 72
949 0 72
950 0 72
951 0 73
952 0 74
953 0 73
954 0 73
955 0 73
956 0 73
957 0 73
958 0 73
959 0 73
960 0 73
961 0 73
962 0 74
963 0 73
964 0 74
965 0 74
966 0 73
967 0 73
968 0 73
969 0 73
970 0 73
971 0 72
972 0 73
973 0 73
974 0 73
975 0 73
976 0 73
977 0 73
978 0 73
979 0 73
980 0 72
981 0 73
982 0 73
983 0 73
984 0 73
985 0 72
986 0 73
987 0 72
988 0 72
989 0 72
990 0 72
991 0 72
992 0 72
993 0 72
994 0 73
995 0 74
996 0 73
997 0 74
998 0 74
999 0 73
1000 0 74
1001 0 74
1002 0 73
1003 0 73
1004 0 73
1005 0 74
1006 0 73
1007 0 74
1008 0 74
1009 0 73
1010 0 73
1011 0 73
1012 0 73
1013 0 73
1014 0 72
1015 0 73
1016 0 73
1017 0 73
1018 0 73
1019 0 72
1020 0 73
1021 0 72
1022 0 72
1023 0 73
1024 0 72
1025 0 72
1026 0 72
1027 0 71
1028 0 74
1029 0 74
1030 0 73
1031 0 73
1032 0 73
1033 0 74
1034 0 74
1035 0 73
1036 0 73
1037 0 73
1038 0 73
1039 0 73
1040 0 72
1041 0 72
1042 0 72
1043 0 72
1044 0 72
1045 0 72
1046 0 73
1047 0 74
1048 0 73
1049 0 73
1050 0 73
1051 0 72
1052 0 74
1053 0 74
1054 0 73
1055 0 73
1056 0 73
1057 0 74
1058 0 74
1059 0 73
1060 0 73
1061 0 73
1062 0 73
1063 0 73
1064 0 72
1065 0 72
1066 0 72
1067 0 72
1068 0 72
1069 0 72
1070 0 73
1071 0 74
1072 0 73
1073 0 73
1074 0 73
1075 0 73
1076 0 73
1077 0 73
1078 0 73
1079 0 73
1080 0 73
1081 0 74
1082 0 73
1083 0 74
1084 0 74
1085 0 73
1086 0 73
1087 0 73
1088 0 73
1089 0 73
1090 0 72
1091 0 73
1092 0 73
1093 0 73
1094 0 73
1095 0 73
1096 0 73
1097 0 73
1098 0 73
1099 0 72
1100 0 73
1101 0 73
1102 0 73
1103 0 73
1104 0 72
1105 0 73
1106 0 72
1107 0 72
1108 0 72
1109 0 72
1110 0 72
1111 0 72
1112 0 72
1113 0 73
1114 0 73
1115 0 73
1116 0 73
1117 0 73
1118 0 72
1119 0 73
1120 0 73
1121 0 72
1122 0 72
1123 0 73
1124 0 73
1125 0 73
1126 0 73
1127 0 73
1128 0 72
1129 0 73
1130 0 73
1131 0 72
1132 0 72
1133 0 72
1134 0 73
1135 0 73
1136 0 72
1137 0 72
1138 0 72
1139 0 73
1140 0 72
1141 0 72
1142 0 73
1143 0 72
1144 0 72
1145 0 72
1146 0 71
1147 0 73
1148 0 73
1149 0 72
1150 0 72
1151 0 72
1152 0 73
1153 0 73
1154 0 72
1155 0 72
1156 0 72
1157 0 72
1158 0 72
1159 0 72
1160 0 72
1161 0 72
1162 0 72
1163 0 71
1164 0 71
1165 0 73
1166 0 73
1167 0 73
1168 0 73
1169 0 73
1170 0 72
1171 0 73
1172 0 73
1173 0 72
1174 0 72
1175 0 73
1176 0 73
1177 0 73
1178 0 73
1179 0 73
1180 0 72
1181 0 73
1182 0 73
1183 0 73
1184 0 73
1185 0 72
1186 0 73
1187 0 73
1188 0 73
1189 0 73
1190 0 72
1191 0 73
1192 0 72
1193 0 72
1194 0 73
1195 0 72
1196 0 72
1197 0 72
1198 0 71
1199 0 73
1200 0 73
1201 0 71
1202 0 71
1203 0 72
1204 0 73
1205 0 73
1206 0 71
1207 0 71
1208 0 72
1209 0 72
1210 0 73
1211 0 72
1212 0 72
1213 0 72
1214 0 72
1215 0 71
1216 0 71
1217 0 73
1218 0 73
1219 0 73
1220 0 72
1221 0 72
1222 0 71
1223 0 73
1224 0 73
1225 0 71
1226 0 71
1227 0 72
1228 0 73
1229 0 73
1230 0 71
1231 0 71
1232 0 72
1233 0 72
1234 0 73
1235 0 72
1236 0 72
1237 0 72
1238 0 72
1239 0 71
1240 0 71
1241 0 73
1242 0 73
1243 0 71
1244 0 71
1245 0 72
1246 0 73
1247 0 73
1248 0 71
1249 0 71
1250 0 72
1251 0 72
1252 0 73
1253 0 72
1254 0 72
1255 0 72
1256 0 72
1257 0 71
1258 0 71
1259 0 73
1260 0 73
1261 0 73
1262 0 72
1263 0 72
1264 0 71
1265 0 73
1266 0 73
1267 0 71
1268 0 71
1269 0 72
1270 0 73
1271 0 73
1272 0 71
1273 0 71
1274 0 72
1275 0 72
1276 0 73
1277 0 72
1278 0 72
1279 0 72
1280 0 72
1281 0 71
1282 0 71
1283 0 72
1284 0 72
1285 0 72
1286 0 72
1287 0 72
1288 0 71
1289 0 72
1290 0 72
1291 0 71
1292 0 71
1293 0 72
1294 0 72
1295 0 72
1296 0 72
1297 0 72
1298 0 71
1299 0 72
1300 0 72
1301 0 71
1302 0 71
1303 0 71
1304 0 72
1305 0 72
1306 0 71
1307 0 71
1308 0 72
1309 0 72
1310 0 71
1311 0 71
1312 0 71
1313 0 72
1314 0 72
1315 0 71
1316 0 71
1317 0 71
1318 0 71
1319 0 71
1320 0 72
1321 0 72
1322 0 72
1323 0 72
1324 0 71
1325 0 71
1326 0 74
1327 0 74
1328 0 74
1329 0 74
1330 0 74
1331 0 73
1332 0 74
1333 0 74
1334 0 73
1335 0 73
1336 0 74
1337 0 74
1338 0 74
1339 0 74
1340 0 74
1341 0 73
1342 0 74
1343 0 74
1344 0 73
1345 0 73
1346 0 73
1347 0 74
1348 0 74
1349 0 73
1350 0 73
1351 0 73
1352 0 73
1353 0 73
1354 0 73
1355 0 73
1356 0 73
1357 0 73
1358 0 73
1359 0 72
1360 0 74
1361 0 74
1362 0 73
1363 0 73
1364 0 73
1365 0 74
1366 0 74
1367 0 73
1368 0 73
1369 0 73
1370 0 73
1371 0 73
1372 0 73
1373 0 73
1374 0 73
1375 0 73
1376 0 72
1377 0 72
1378 0 74
1379 0 74
1380 0 74
1381 0 74
1382 0 74
1383 0 73
1384 0 74
1385 0 74
1386 0 73
1387 0 73
1388 0 74
1389 0 74
1390 0 74
1391 0 74
1392 0 74
1393 0 73
1394 0 74
1395 0 74
1396 0 73
1397 0 73
1398 0 73
1399 0 74
1400 0 74
1401 0 73
1402 0 73
1403 0 73
1404 0 73
1405 0 73
1406 0 73
1407 0 73
1408 0 73
1409 0 73
1410 0 73
1411 0 72
1412 0 74
1413 0 74
1414 0 72
1415 0 72
1416 0 73
1417 0 74
1418 0 74
1419 0 72
1420 0 72
1421 0 73
1422 0 73
1423 0 73
1424 0 73
1425 0 73
1426 0 73
1427 0 73
1428 0 72
1429 0 72
1430 0 73
1431 0 73
1432 0 73
1433 0 73
1434 0 73
1435 0 72
1436 0 74
1437 0 74
1438 0 72
1439 0 72
1440 0 73
1441 0 74
1442 0 74
1443 0 72
1444 0 72
1445 0 73
1446 0 73
1447 0 74
1448 0 73
1449 0 73
1450 0 73
1451 0 73
1452 0 72
1453 0 72
1454 0 72
1455 0 72
1456 0 72
1457 0 73
1458 0 73
1459 0 72
1460 0 73
1461 0 73
1462 0 71
1463 0 71
1464 0 72
1465 0 72
1466 0 72
1467 0 73
1468 0 73
1469 0 72
1470 0 72
1471 0 72
1472 0 72
1473 0 73
1474 0 73
1475 0 72
1476 0 73
1477 0 73
1478 0 71
1479 0 71
1480 0 72
1481 0 72
1482 0 72
1483 0 73
1484 0 73
1485 0 72
1486 0 73
1487 0 73
1488 0 71
1489 0 71
1490 0 72
1491 0 73
1492 0 73
1493 0 71
1494 0 71
1495 0 72
1496 0 72
1497 0 72
1498 0 72
1499 0 72
1500 0 72
1501 0 72
1502 0 72
1503 0 72
1504 0 74
1505 0 74
1506 0 72
1507 0 72
1508 0 73
1509 0 74
1510 0 74
1511 0 72
1512 0 72
1513 0 73
1514 0 73
1515 0 74
1516 0 73
1517 0 73
1518 0 73
1519 0 73
1520 0 72
1521 0 72
1522 0 74
1523 0 74
1524 0 74
1525 0 73
1526 0 73
1527 0 72
1528 0 74
1529 0 74
1530 0 72
1531 0 72
1532 0 73
1533 0 74
1534 0 74
1535 0 72
1536 0 72
1537 0 73
1538 0 73
1539 0 74
1540 0 73
1541 0 73
1542 0 73
1543 0 73
1544 0 72
1545 0 72
1546 0 73
1547 0 73
1548 0 73
1549 0 73
1550 0 73
1551 0 72
1552 0 73
1553 0 73
1554 0 72
1555 0 72
1556 0 73
1557 0 73
1558 0 73
1559 0 73
1560 0 73
1561 0 72
1562 0 73
1563 0 73
1564 0 72
1565 0 72
1566 0 72
1567 0 73
1568 0 73
1569 0 72
1570 0 72
1571 0 73
1572 0 73
1573 0 72
1574 0 72
1575 0 72
1576 0 73
1577 0 73
1578 0 72
1579 0 72
1580 0 72
1581 0 72
1582 0 72
1583 0 72
1584 0 72
1585 0 72
1586 0 72
1587 0 72
1588 0 72
1589 0 74
1590 0 74
1591 0 74
1592 0 74
1593 0 74
1594 0 73
1595 0 74
1596 0 74
1597 0 73
1598 0 73
1599 0 74
1600 0 74
1601 0 74
1602 0 74
1603 0 74
1604 0 73
1605 0 74
1606 0 74
1607 0 73
1608 0 73
1609 0 73
1610 0 74
1611 0 74
1612 0 73
1613 0 73
1614 0 73
1615 0 73
1616 0 73
1617 0 73
1618 0 73
1619 0 73
1620 0 73
1621 0 73
1622 0 72
1623 0 74
1624 0 74
1625 0 73
1626 0 73
1627 0 73
1628 0 74
1629 0 74
1630 0 73
1631 0 73
1632 0 73
1633 0 73
1634 0 73
1635 0 73
1636 0 73
1637 0 73
1638 0 73
1639 0 72
1640 0 72
1641 0 74
1642 0 74
1643 0 74
1644 0 74
1645 0 74
1646 0 73
1647 0 74
1648 0 74
1649 0 73
1650 0 73
1651 0 74
1652 0 74
1653 0 74
1654 0 74
1655 0 74
1656 0 73
1657 0 74
1658 0 74
1659 0 73
1660 0 73
1661 0 73
1662 0 74
1663 0 74
1664 0 73
1665 0 73
1666 0 73
1667 0 73
1668 0 73
1669 0 73
1670 0 73
1671 0 73
1672 0 73
1673 0 73
1674 0 72
1675 0 74
1676 0 74
1677 0 72
1678 0 72
1679 0 73
1680 0 74
1681 0 74
1682 0 72
1683 0 72
1684 0 73
1685 0 73
1686 0 73
1687 0 73
1688 0 73
1689 0 73
1690 0 73
1691 0 72
1692 0 72
1693 0 73
1694 0 73
1695 0 73
1696 0 73
1697 0 73
1698 0 72
1699 0 74
1700 0 74
1701 0 72
1702 0 72
1703 0 73
1704 0 74
1705 0 74
1706 0 72
1707 0 72
1708 0 73
1709 0 73
1710 0 74
1711 0 73
1712 0 73
1713 0 73
1714 0 73
1715 0 72
1716 0 72
1717 0 72
1718 0 72
1719 0 72
1720 0 73
1721 0 73
1722 0 72
1723 0 73
1724 0 73
1725 0 71
1726 0 71
1727 0 72
1728 0 72
1729 0 72
1730 0 73
1731 0 73
1732 0 72
1733 0 72
1734 0 72
1735 0 72
1736 0 73
1737 0 73
1738 0 72
1739 0 73
1740 0 73
1741 0 71
1742 0 71
1743 0 72
1744 0 72
1745 0 72
1746 0 73
1747 0 73
1748 0 72
1749 0 73
1750 0 73
1751 0 71
1752 0 71
1753 0 72
1754 0 73
1755 0 73
1756 0 71
1757 0 71
1758 0 72
1759 0 72
1760 0 72
1761 0 72
1762 0 72
1763 0 72
1764 0 72
1765 0 72
1766 0 72
1767 0 74
1768 0 74
1769 0 73
1770 0 73
1771 0 73
1772 0 74
1773 0 74
1774 0 73
1775 0 73
1776 0 73
1777 0 73
1778 0 74
1779 0 72
1780 0 72
1781 0 72
1782 0 72
1783 0 72
1784 0 72
1785 0 74
1786 0 74
1787 0 74
1788 0 73
1789 0 73
1790 0 72
1791 0 74
1792 0 74
1793 0 73
1794 0 73
1795 0 73
1796 0 74
1797 0 74
1798 0 73
1799 0 73
1800 0 73
1801 0 73
1802 0 74
1803 0 72
1804 0 72
1805 0 72
1806 0 72
1807 0 72
1808 0 72
1809 0 73
1810 0 73
1811 0 73
1812 0 73
1813 0 73
1814 0 72
1815 0 73
1816 0 73
1817 0 72
1818 0 72
1819 0 73
1820 0 73
1821 0 73
1822 0 73
1823 0 73
1824 0 72
1825 0 73
1826 0 73
1827 0 73
1828 0 73
1829 0 73
1830 0 73
1831 0 73
1832 0 73
1833 0 73
1834 0 73
1835 0 73
1836 0 73
1837 0 73
1838 0 73
1839 0 73
1840 0 73
1841 0 73
1842 0 73
1843 0 73
1844 0 73
1845 0 73
1846 0 72
1847 0 72
1848 0 72
1849 0 72
1850 0 72
1851 0 72
1852 0 73
1853 0 73
1854 0 73
1855 0 73
1856 0 73
1857 0 72
1858 0 73
1859 0 73
1860 0 72
1861 0 72
1862 0 73
1863 0 73
1864 0 73
1865 0 73
1866 0 73
1867 0 72
1868 0 73
1869 0 73
1870 0 72
1871 0 72
1872 0 72
1873 0 73
1874 0 73
1875 0 72
1876 0 72
1877 0 73
1878 0 73
1879 0 73
1880 0 73
1881 0 73
1882 0 73
1883 0 72
1884 0 72
1885 0 71
1886 0 74
1887 0 74
1888 0 73
1889 0 73
1890 0 73
1891 0 74
1892 0 74
1893 0 73
1894 0 73
1895 0 73
1896 0 73
1897 0 74
1898 0 72
1899 0 72
1900 0 72
1901 0 72
1902 0 72
1903 0 72
1904 0 74
1905 0 74
1906 0 74
1907 0 73
1908 0 73
1909 0 72
1910 0 74
1911 0 74
1912 0 73
1913 0 73
1914 0 73
1915 0 74
1916 0 74
1917 0 73
1918 0 73
1919 0 73
1920 0 73
1921 0 74
1922 0 72
1923 0 72
1924 0 72
1925 0 72
1926 0 72
1927 0 72
1928 0 74
1929 0 74
1930 0 74
1931 0 73
1932 0 73
1933 0 73
1934 0 73
1935 0 73
1936 0 73
1937 0 73
1938 0 74
1939 0 74
1940 0 74
1941 0 74
1942 0 74
1943 0 73
1944 0 73
1945 0 73
1946 0 73
1947 0 73
1948 0 73
1949 0 73
1950 0 73
1951 0 73
1952 0 73
1953 0 73
1954 0 73
1955 0 73
1956 0 73
1957 0 73
1958 0 73
1959 0 73
1960 0 73
1961 0 73
1962 0 73
1963 0 73
1964 0 73
1965 0 72
1966 0 72
1967 0 72
1968 0 72
1969 0 72
1970 0 72
1971 0 73
1972 0 73
1973 0 73
1974 0 72
1975 0 72
1976 0 71
1977 0 72
1978 0 72
1979 0 72
1980 0 72
1981 0 73
1982 0 73
1983 0 73
1984 0 72
1985 0 72
1986 0 71
1987 0 73
1988 0 73
1989 0 73
1990 0 73
1991 0 72
1992 0 73
1993 0 73
1994 0 73
1995 0 73
1996 0 73
1997 0 73
1998 0 73
1999 0 73
2000 0 73
2001 0 73
2002 0 72
2003 0 72
2004 0 71
2005 0 73
2006 0 73
2007 0 73
2008 0 73
2009 0 73
2010 0 73
2011 0 73
2012 0 73
2013 0 73
2014 0 72
2015 0 72
2016 0 73
2017 0 71
2018 0 71
2019 0 71
2020 0 71
2021 0 71
2022 0 71
2023 0 73
2024 0 73
2025 0 73
2026 0 72
2027 0 72
2028 0 71
2029 0 72
2030 0 72
2031 0 72
2032 0 72
2033 0 73
2034 0 73
2035 0 73
2036 0 72
2037 0 72
2038 0 71
2039 0 73
2040 0 73
2041 0 73
2042 0 73
2043 0 72
2044 0 73
2045 0 73
2046 0 73
2047 0 73
2048 0 73
2049 0 73
2050 0 73
2051 0 73
2052 0 73
2053 0 73
2054 0 72
2055 0 72
2056 0 71
2057 0 73
2058 0 73
2059 0 73
2060 0 72
2061 0 72
2062 0 71
2063 0 72
2064 0 72
2065 0 72
2066 0 72
2067 0 73
2068 0 73
2069 0 73
2070 0 72
2071 0 72
2072 0 71
2073 0 73
2074 0 73
2075 0 73
2076 0 73
2077 0 72
2078 0 73
2079 0 73
2080 0 73
2081 0 73
2082 0 73
2083 0 73
2084 0 73
2085 0 73
2086 0 73
2087 0 73
2088 0 72
2089 0 72
2090 0 71
2091 0 73
2092 0 73
2093 0 73
2094 0 73
2095 0 73
2096 0 73
2097 0 73
2098 0 73
2099 0 73
2100 0 72
2101 0 72
2102 0 73
2103 0 71
2104 0 71
2105 0 71
2106 0 71
2107 0 71
2108 0 71
2109 0 73
2110 0 73
2111 0 73
2112 0 72
2113 0 72
2114 0 71
2115 0 72
2116 0 72
2117 0 72
2118 0 72
2119 0 73
2120 0 73
2121 0 73
2122 0 72
2123 0 72
2124 0 71
2125 0 73
2126 0 73
2127 0 73
2128 0 73
2129 0 72
2130 0 73
2131 0 73
2132 0 73
2133 0 73
2134 0 73
2135 0 73
2136 0 73
2137 0 73
2138 0 73
2139 0 73
2140 0 72
2141 0 72
2142 0 71
2143 0 73
2144 0 73
2145 0 72
2146 0 72
2147 0 72
2148 0 73
2149 0 73
2150 0 72
2151 0 72
2152 0 72
2153 0 72
2154 0 73
2155 0 71
2156 0 71
2157 0 71
2158 0 71
2159 0 71
2160 0 71
2161 0 73
2162 0 73
2163 0 73
2164 0 72
2165 0 72
2166 0 71
2167 0 73
2168 0 73
2169 0 72
2170 0 72
2171 0 72
2172 0 73
2173 0 73
2174 0 72
2175 0 72
2176 0 72
2177 0 72
2178 0 73
2179 0 71
2180 0 71
2181 0 71
2182 0 71
2183 0 71
2184 0 71
2185 0 72
2186 0 72
2187 0 72
2188 0 72
2189 0 72
2190 0 71
2191 0 72
2192 0 72
2193 0 71
2194 0 71
2195 0 72
2196 0 72
2197 0 72
2198 0 72
2199 0 72
2200 0 71
2201 0 72
2202 0 72
2203 0 72
2204 0 72
2205 0 72
2206 0 71
2207 0 72
2208 0 72
2209 0 71
2210 0 71
2211 0 72
2212 0 72
2213 0 72
2214 0 72
2215 0 72
2216 0 71
2217 0 72
2218 0 72
2219 0 71
2220 0 71
2221 0 71
2222 0 72
2223 0 72
2224 0 71
2225 0 71
2226 0 72
2227 0 72
2228 0 72
2229 0 72
2230 0 72
2231 0 72
2232 0 72
2233 0 72
2234 0 71
2235 0 74
2236 0 74
2237 0 74
2238 0 73
2239 0 74
2240 0 73
2241 0 74
2242 0 74
2243 0 74
2244 0 73
2245 0 74
2246 0 73
2247 0 73
2248 0 74
2249 0 73
2250 0 73
2251 0 73
2252 0 73
2253 0 73
2254 0 73
2255 0 72
2256 0 74
2257 0 73
2258 0 73
2259 0 74
2260 0 73
2261 0 73
2262 0 73
2263 0 73
2264 0 73
2265 0 72
2266 0 74
2267 0 74
2268 0 74
2269 0 73
2270 0 74
2271 0 73
2272 0 74
2273 0 74
2274 0 74
2275 0 73
2276 0 74
2277 0 73
2278 0 73
2279 0 74
2280 0 73
2281 0 73
2282 0 73
2283 0 73
2284 0 73
2285 0 73
2286 0 72
2287 0 74
2288 0 72
2289 0 73
2290 0 74
2291 0 72
2292 0 73
2293 0 73
2294 0 73
2295 0 73
2296 0 72
2297 0 73
2298 0 73
2299 0 73
2300 0 72
2301 0 74
2302 0 72
2303 0 73
2304 0 74
2305 0 72
2306 0 73
2307 0 74
2308 0 73
2309 0 73
2310 0 72
2311 0 72
2312 0 72
2313 0 73
2314 0 72
2315 0 73
2316 0 71
2317 0 72
2318 0 72
2319 0 73
2320 0 72
2321 0 72
2322 0 72
2323 0 73
2324 0 72
2325 0 73
2326 0 71
2327 0 72
2328 0 72
2329 0 73
2330 0 72
2331 0 73
2332 0 71
2333 0 72
2334 0 73
2335 0 71
2336 0 72
2337 0 72
2338 0 72
2339 0 72
2340 0 72
2341 0 72
2342 0 74
2343 0 72
2344 0 73
2345 0 74
2346 0 72
2347 0 73
2348 0 74
2349 0 73
2350 0 73
2351 0 72
2352 0 74
2353 0 74
2354 0 73
2355 0 72
2356 0 74
2357 0 72
2358 0 73
2359 0 74
2360 0 72
2361 0 73
2362 0 74
2363 0 73
2364 0 73
2365 0 72
2366 0 73
2367 0 73
2368 0 73
2369 0 72
2370 0 73
2371 0 72
2372 0 73
2373 0 73
2374 0 73
2375 0 72
2376 0 73
2377 0 72
2378 0 72
2379 0 73
2380 0 72
2381 0 73
2382 0 72
2383 0 72
2384 0 73
2385 0 72
2386 0 72
2387 0 72
2388 0 72
2389 0 72
2390 0 72
2391 0 74
2392 0 74
2393 0 74
2394 0 73
2395 0 74
2396 0 73
2397 0 74
2398 0 74
2399 0 74
2400 0 73
2401 0 74
2402 0 73
2403 0 73
2404 0 74
2405 0 73
2406 0 73
2407 0 73
2408 0 73
2409 0 73
2410 0 73
2411 0 72
2412 0 74
2413 0 73
2414 0 73
2415 0 74
2416 0 73
2417 0 73
2418 0 73
2419 0 73
2420 0 73
2421 0 72
2422 0 74
2423 0 74
2424 0 74
2425 0 73
2426 0 74
2427 0 73
2428 0 74
2429 0 74
2430 0 74
2431 0 73
2432 0 74
2433 0 73
2434 0 73
2435 0 74
2436 0 73
2437 0 73
2438 0 73
2439 0 73
2440 0 73
2441 0 73
2442 0 72
2443 0 74
2444 0 72
2445 0 73
2446 0 74
2447 0 72
2448 0 73
2449 0 73
2450 0 73
2451 0 73
2452 0 72
2453 0 73
2454 0 73
2455 0 73
2456 0 72
2457 0 74
2458 0 72
2459 0 73
2460 0 74
2461 0 72
2462 0 73
2463 0 74
2464 0 73
2465 0 73
2466 0 72
2467 0 72
2468 0 72
2469 0 73
2470 0 72
2471 0 73
2472 0 71
2473 0 72
2474 0 72
2475 0 73
2476 0 72
2477 0 72
2478 0 72
2479 0 73
2480 0 72
2481 0 73
2482 0 71
2483 0 72
2484 0 72
2485 0 73
2486 0 72
2487 0 73
2488 0 71
2489 0 72
2490 0 73
2491 0 71
2492 0 72
2493 0 72
2494 0 72
2495 0 72
2496 0 72
2497 0 72
2498 0 74
2499 0 73
2500 0 73
2501 0 74
2502 0 73
2503 0 73
2504 0 73
2505 0 72
2506 0 72
2507 0 72
2508 0 73
2509 0 73
2510 0 73
2511 0 72
2512 0 74
2513 0 73
2514 0 73
2515 0 74
2516 0 73
2517 0 73
2518 0 73
2519 0 72
2520 0 72
2521 0 72
2522 0 73
2523 0 73
2524 0 73
2525 0 72
2526 0 73
2527 0 72
2528 0 73
2529 0 73
2530 0 73
2531 0 72
2532 0 73
2533 0 73
2534 0 72
2535 0 73
2536 0 73
2537 0 73
2538 0 73
2539 0 72
2540 0 73
2541 0 73
2542 0 72
2543 0 72
2544 0 72
2545 0 72
2546 0 72
2547 0 73
2548 0 73
2549 0 73
2550 0 72
2551 0 73
2552 0 72
2553 0 73
2554 0 73
2555 0 73
2556 0 72
2557 0 73
2558 0 72
2559 0 72
2560 0 73
2561 0 72
2562 0 72
2563 0 72
2564 0 72
2565 0 72
2566 0 72
2567 0 71
2568 0 74
2569 0 73
2570 0 73
2571 0 74
2572 0 73
2573 0 73
2574 0 73
2575 0 72
2576 0 72
2577 0 72
2578 0 73
2579 0 73
2580 0 73
2581 0 72
2582 0 74
2583 0 73
2584 0 73
2585 0 74
2586 0 73
2587 0 73
2588 0 73
2589 0 72
2590 0 72
2591 0 72
2592 0 73
2593 0 73
2594 0 73
2595 0 73
2596 0 73
2597 0 73
2598 0 73
2599 0 73
2600 0 74
2601 0 73
2602 0 73
2603 0 73
2604 0 72
2605 0 73
2606 0 73
2607 0 73
2608 0 73
2609 0 72
2610 0 73
2611 0 73
2612 0 72
2613 0 72
2614 0 72
2615 0 72
2616 0 72
2617 0 73
2618 0 73
2619 0 72
2620 0 71
2621 0 72
2622 0 72
2623 0 73
2624 0 73
2625 0 72
2626 0 71
2627 0 73
2628 0 73
2629 0 72
2630 0 73
2631 0 73
2632 0 73
2633 0 73
2634 0 73
2635 0 73
2636 0 72
2637 0 71
2638 0 73
2639 0 73
2640 0 73
2641 0 73
2642 0 73
2643 0 72
2644 0 73
2645 0 71
2646 0 71
2647 0 71
2648 0 73
2649 0 73
2650 0 72
2651 0 71
2652 0 72
2653 0 72
2654 0 73
2655 0 73
2656 0 72
2657 0 71
2658 0 73
2659 0 73
2660 0 72
2661 0 73
2662 0 73
2663 0 73
2664 0 73
2665 0 73
2666 0 73
2667 0 72
2668 0 71
2669 0 73
2670 0 73
2671 0 72
2672 0 71
2673 0 72
2674 0 72
2675 0 73
2676 0 73
2677 0 72
2678 0 71
2679 0 73
2680 0 73
2681 0 72
2682 0 73
2683 0 73
2684 0 73
2685 0 73
2686 0 73
2687 0 73
2688 0 72
2689 0 71
2690 0 73
2691 0 73
2692 0 73
2693 0 73
2694 0 73
2695 0 72
2696 0 73
2697 0 71
2698 0 71
2699 0 71
2700 0 73
2701 0 73
2702 0 72
2703 0 71
2704 0 72
2705 0 72
2706 0 73
2707 0 73
2708 0 72
2709 0 71
2710 0 73
2711 0 73
2712 0 72
2713 0 73
2714 0 73
2715 0 73
2716 0 73
2717 0 73
2718 0 73
2719 0 72
2720 0 71
2721 0 73
2722 0 72
2723 0 72
2724 0 73
2725 0 72
2726 0 72
2727 0 73
2728 0 71
2729 0 71
2730 0 71
2731 0 73
2732 0 73
2733 0 72
2734 0 71
2735 0 73
2736 0 72
2737 0 72
2738 0 73
2739 0 72
2740 0 72
2741 0 73
2742 0 71
2743 0 71
2744 0 71
2745 0 72
2746 0 72
2747 0 72
2748 0 71
2749 0 72
2750 0 71
2751 0 72
2752 0 72
2753 0 72
2754 0 71
2755 0 72
2756 0 72
2757 0 72
2758 0 71
2759 0 72
2760 0 71
2761 0 72
2762 0 72
2763 0 72
2764 0 71
2765 0 72
2766 0 71
2767 0 71
2768 0 72
2769 0 71
2770 0 72
2771 0 72
2772 0 72
2773 0 72
2774 0 72
2775 0 71
2776 0 74
2777 0 73
2778 0 73
2779 0 74
2780 0 73
2781 0 73
2782 0 73
2783 0 72
2784 0 72
2785 0 72
2786 0 73
2787 0 73
2788 0 73
2789 0 72
2790 0 74
2791 0 73
2792 0 73
2793 0 74
2794 0 73
2795 0 73
2796 0 73
2797 0 72
2798 0 72
2799 0 72
2800 0 73
2801 0 73
2802 0 73
2803 0 73
2804 0 73
2805 0 73
2806 0 73
2807 0 73
2808 0 74
2809 0 73
2810 0 73
2811 0 73
2812 0 72
2813 0 73
2814 0 73
2815 0 73
2816 0 73
2817 0 72
2818 0 73
2819 0 73
2820 0 72
2821 0 72
2822 0 72
2823 0 72
2824 0 72
2825 0 73
2826 0 73
2827 0 74
2828 0 73
2829 0 74
2830 0 73
2831 0 73
2832 0 73
2833 0 74
2834 0 73
2835 0 73
2836 0 73
2837 0 72
2838 0 73
2839 0 73
2840 0 72
2841 0 72
2842 0 72
2843 0 72
2844 0 72
2845 0 71
2846 0 74
2847 0 73
2848 0 73
2849 0 74
2850 0 73
2851 0 73
2852 0 73
2853 0 72
2854 0 72
2855 0 72
2856 0 73
2857 0 73
2858 0 73
2859 0 72
2860 0 74
2861 0 73
2862 0 73
2863 0 74
2864 0 73
2865 0 73
2866 0 73
2867 0 72
2868 0 72
2869 0 72
2870 0 73
2871 0 73
2872 0 73
2873 0 73
2874 0 73
2875 0 73
2876 0 73
2877 0 73
2878 0 74
2879 0 73
2880 0 73
2881 0 73
2882 0 72
2883 0 73
2884 0 73
2885 0 73
2886 0 73
2887 0 72
2888 0 73
2889 0 73
2890 0 72
2891 0 72
2892 0 72
2893 0 72
2894 0 72
2895 0 73
2896 0 73
2897 0 73
2898 0 72
2899 0 73
2900 0 72
2901 0 73
2902 0 73
2903 0 73
2904 0 72
2905 0 73
2906 0 72
2907 0 72
2908 0 73
2909 0 72
2910 0 72
2911 0 72
2912 0 72
2913 0 72
2914 0 72
2915 0 71
2916 0 73
2917 0 72
2918 0 72
2919 0 73
2920 0 72
2921 0 72
2922 0 72
2923 0 72
2924 0 72
2925 0 71
2926 0 73
2927 0 73
2928 0 73
2929 0 72
2930 0 73
2931 0 72
2932 0 73
2933 0 73
2934 0 73
2935 0 72
2936 0 73
2937 0 73
2938 0 72
2939 0 73
2940 0 73
2941 0 72
2942 0 72
2943 0 72
2944 0 72
2945 0 72
2946 0 71
2947 0 73
2948 0 71
2949 0 72
2950 0 73
2951 0 71
2952 0 72
2953 0 73
2954 0 72
2955 0 72
2956 0 71
2957 0 73
2958 0 73
2959 0 72
2960 0 71
2961 0 73
2962 0 71
2963 0 72
2964 0 73
2965 0 71
2966 0 72
2967 0 73
2968 0 72
2969 0 72
2970 0 71
2971 0 73
2972 0 71
2973 0 72
2974 0 73
2975 0 71
2976 0 72
2977 0 73
2978 0 72
2979 0 72
2980 0 71
2981 0 73
2982 0 73
2983 0 72
2984 0 71
2985 0 73
2986 0 71
2987 0 72
2988 0 73
2989 0 71
2990 0 72
2991 0 73
2992 0 72
2993 0 72
2994 0 71
2995 0 72
2996 0 72
2997 0 72
2998 0 71
2999 0 72
3000 0 71
3001 0 72
3002 0 72
3003 0 72
3004 0 71
3005 0 72
3006 0 71
3007 0 71
3008 0 72
3009 0 71
3010 0 72
3011 0 71
3012 0 71
3013 0 72
3014 0 71
3015 0 71
3016 0 71
3017 0 72
3018 0 72
3019 0 71
3020 0 74
3021 0 74
3022 0 74
3023 0 73
3024 0 74
3025 0 73
3026 0 74
3027 0 74
3028 0 74
3029 0 73
3030 0 74
3031 0 73
3032 0 73
3033 0 74
3034 0 73
3035 0 73
3036 0 73
3037 0 73
3038 0 73
3039 0 73
3040 0 72
3041 0 74
3042 0 73
3043 0 73
3044 0 74
3045 0 73
3046 0 73
3047 0 73
3048 0 73
3049 0 73
3050 0 72
3051 0 74
3052 0 74
3053 0 74
3054 0 73
3055 0 74
3056 0 73
3057 0 74
3058 0 74
3059 0 74
3060 0 73
3061 0 74
3062 0 73
3063 0 73
3064 0 74
3065 0 73
3066 0 73
3067 0 73
3068 0 73
3069 0 73
3070 0 73
3071 0 72
3072 0 74
3073 0 72
3074 0 73
3075 0 74
3076 0 72
3077 0 73
3078 0 73
3079 0 73
3080 0 73
3081 0 72
3082 0 73
3083 0 73
3084 0 73
3085 0 72
3086 0 74
3087 0 72
3088 0 73
3089 0 74
3090 0 72
3091 0 73
3092 0 74
3093 0 73
3094 0 73
3095 0 72
3096 0 72
3097 0 72
3098 0 73
3099 0 72
3100 0 73
3101 0 71
3102 0 72
3103 0 72
3104 0 73
3105 0 72
3106 0 72
3107 0 72
3108 0 73
3109 0 72
3110 0 73
3111 0 71
3112 0 72
3113 0 72
3114 0 73
3115 0 72
3116 0 73
3117 0 71
3118 0 72
3119 0 73
3120 0 71
3121 0 72
3122 0 72
3123 0 72
3124 0 72
3125 0 72
3126 0 72
3127 0 74
3128 0 72
3129 0 73
3130 0 74
3131 0 72
3132 0 73
3133 0 74
3134 0 73
3135 0 73
3136 0 72
3137 0 74
3138 0 74
3139 0 73
3140 0 72
3141 0 74
3142 0 72
3143 0 73
3144 0 74
3145 0 72
3146 0 73
3147 0 74
3148 0 73
3149 0 73
3150 0 72
3151 0 73
3152 0 73
3153 0 73
3154 0 72
3155 0 73
3156 0 72
3157 0 73
3158 0 73
3159 0 73
3160 0 72
3161 0 73
3162 0 72
3163 0 72
3164 0 73
3165 0 72
3166 0 73
3167 0 72
3168 0 72
3169 0 73
3170 0 72
3171 0 72
3172 0 72
3173 0 72
3174 0 72
3175 0 72
3176 0 74
3177 0 74
3178 0 74
3179 0 73
3180 0 74
3181 0 73
3182 0 74
3183 0 74
3184 0 74
3185 0 73
3186 0 74
3187 0 73
3188 0 73
3189 0 74
3190 0 73
3191 0 73
3192 0 73
3193 0 73
3194 0 73
3195 0 73
3196 0 72
3197 0 74
3198 0 73
3199 0 73
3200 0 74
3201 0 73
3202 0 73
3203 0 73
3204 0 73
3205 0 73
3206 0 72
3207 0 74
3208 0 74
3209 0 74
3210 0 73
3211 0 74
3212 0 73
3213 0 74
3214 0 74
3215 0 74
3216 0 73
3217 0 74
3218 0 73
3219 0 73
3220 0 74
3221 0 73
3222 0 73
3223 0 73
3224 0 73
3225 0 73
3226 0 73
3227 0 72
3228 0 74
3229 0 72
3230 0 73
3231 0 74
3232 0 72
3233 0 73
3234 0 73
3235 0 73
3236 0 73
3237 0 72
3238 0 73
3239 0 73
3240 0 73
3241 0 72
3242 0 74
3243 0 72
3244 0 73
3245 0 74
3246 0 72
3247 0 73
3248 0 74
3249 0 73
3250 0 73
3251 0 72
3252 0 72
3253 0 72
3254 0 73
3255 0 72
3256 0 73
3257 0 71
3258 0 72
3259 0 72
3260 0 73
3261 0 72
3262 0 72
3263 0 72
3264 0 73
3265 0 72
3266 0 73
3267 0 71
3268 0 72
3269 0 72
3270 0 73
3271 0 72
3272 0 73
3273 0 71
3274 0 72
3275 0 73
3276 0 71
3277 0 72
3278 0 72
3279 0 72
3280 0 72
3281 0 72
3282 0 72
3283 0 74
3284 0 73
3285 0 73
3286 0 74
3287 0 73
3288 0 73
3289 0 74
3290 0 72
3291 0 72
3292 0 72
3293 0 74
3294 0 74
3295 0 73
3296 0 72
3297 0 74
3298 0 73
3299 0 73
3300 0 74
3301 0 73
3302 0 73
3303 0 74
3304 0 72
3305 0 72
3306 0 72
3307 0 73
3308 0 73
3309 0 73
3310 0 72
3311 0 73
3312 0 72
3313 0 73
3314 0 73
3315 0 73
3316 0 72
3317 0 73
3318 0 73
3319 0 73
3320 0 73
3321 0 73
3322 0 73
3323 0 73
3324 0 73
3325 0 73
3326 0 73
3327 0 73
3328 0 73
3329 0 72
3330 0 72
3331 0 72
3332 0 73
3333 0 73
3334 0 73
3335 0 72
3336 0 73
3337 0 72
3338 0 73
3339 0 73
3340 0 73
3341 0 72
3342 0 73
3343 0 72
3344 0 72
3345 0 73
3346 0 72
3347 0 73
3348 0 73
3349 0 73
3350 0 73
3351 0 72
3352 0 71
3353 0 74
3354 0 73
3355 0 73
3356 0 74
3357 0 73
3358 0 73
3359 0 74
3360 0 72
3361 0 72
3362 0 72
3363 0 74
3364 0 74
3365 0 73
3366 0 72
3367 0 74
3368 0 73
3369 0 73
3370 0 74
3371 0 73
3372 0 73
3373 0 74
3374 0 72
3375 0 72
3376 0 72
3377 0 74
3378 0 74
3379 0 73
3380 0 73
3381 0 73
3382 0 73
3383 0 74
3384 0 74
3385 0 74
3386 0 73
3387 0 73
3388 0 73
3389 0 73
3390 0 73
3391 0 73
3392 0 73
3393 0 73
3394 0 73
3395 0 73
3396 0 73
3397 0 73
3398 0 73
3399 0 72
3400 0 72
3401 0 72
3402 0 73
3403 0 73
3404 0 72
3405 0 71
3406 0 72
3407 0 72
3408 0 73
3409 0 73
3410 0 72
3411 0 71
3412 0 73
3413 0 73
3414 0 72
3415 0 73
3416 0 73
3417 0 73
3418 0 73
3419 0 73
3420 0 73
3421 0 72
3422 0 71
3423 0 73
3424 0 73
3425 0 73
3426 0 73
3427 0 73
3428 0 72
3429 0 73
3430 0 71
3431 0 71
3432 0 71
3433 0 73
3434 0 73
3435 0 72
3436 0 71
3437 0 72
3438 0 72
3439 0 73
3440 0 73
3441 0 72
3442 0 71
3443 0 73
3444 0 73
3445 0 72
3446 0 73
3447 0 73
3448 0 73
3449 0 73
3450 0 73
3451 0 73
3452 0 72
3453 0 71
3454 0 73
3455 0 73
3456 0 72
3457 0 71
3458 0 72
3459 0 72
3460 0 73
3461 0 73
3462 0 72
3463 0 71
3464 0 73
3465 0 73
3466 0 72
3467 0 73
3468 0 73
3469 0 73
3470 0 73
3471 0 73
3472 0 73
3473 0 72
3474 0 71
3475 0 73
3476 0 73
3477 0 73
3478 0 73
3479 0 73
3480 0 72
3481 0 73
3482 0 71
3483 0 71
3484 0 71
3485 0 73
3486 0 73
3487 0 72
3488 0 71
3489 0 72
3490 0 72
3491 0 73
3492 0 73
3493 0 72
3494 0 71
3495 0 73
3496 0 73
3497 0 72
3498 0 73
3499 0 73
3500 0 73
3501 0 73
3502 0 73
3503 0 73
3504 0 72
3505 0 71
3506 0 73
3507 0 72
3508 0 72
3509 0 73
3510 0 72
3511 0 72
3512 0 73
3513 0 71
3514 0 71
3515 0 71
3516 0 73
3517 0 73
3518 0 72
3519 0 71
3520 0 73
3521 0 72
3522 0 72
3523 0 73
3524 0 72
3525 0 72
3526 0 73
3527 0 71
3528 0 71
3529 0 71
3530 0 72
3531 0 72
3532 0 72
3533 0 71
3534 0 72
3535 0 71
3536 0 72
3537 0 72
3538 0 72
3539 0 71
3540 0 72
3541 0 72
3542 0 72
3543 0 71
3544 0 72
3545 0 71
3546 0 72
3547 0 72
3548 0 72
3549 0 71
3550 0 72
3551 0 71
3552 0 71
3553 0 72
3554 0 71
3555 0 72
3556 0 72
3557 0 72
3558 0 72
3559 0 72
3560 0 71
3561 0 74
3562 0 73
3563 0 74
3564 0 73
3565 0 73
3566 0 73
3567 0 73
3568 0 73
3569 0 73
3570 0 73
3571 0 72
3572 0 74
3573 0 73
3574 0 74
3575 0 73
3576 0 73
3577 0 73
3578 0 73
3579 0 72
3580 0 72
3581 0 73
3582 0 72
3583 0 73
3584 0 72
3585 0 72
3586 0 73
3587 0 72
3588 0 72
3589 0 71
3590 0 72
3591 0 72
3592 0 71
3593 0 72
3594 0 71
3595 0 71
3596 0 72
3597 0 72
3598 0 72
3599 0 72
3600 0 73
3601 0 72
3602 0 74
3603 0 72
3604 0 72
3605 0 73
3606 0 72
3607 0 73
3608 0 72
3609 0 73
3610 0 72
3611 0 72
3612 0 72
3613 0 72
3614 0 72
3615 0 72
3616 0 74
3617 0 73
3618 0 74
3619 0 73
3620 0 73
3621 0 73
3622 0 73
3623 0 73
3624 0 73
3625 0 73
3626 0 72
3627 0 74
3628 0 73
3629 0 74
3630 0 73
3631 0 73
3632 0 73
3633 0 73
3634 0 72
3635 0 72
3636 0 73
3637 0 72
3638 0 73
3639 0 72
3640 0 72
3641 0 73
3642 0 72
3643 0 72
3644 0 71
3645 0 72
3646 0 72
3647 0 71
3648 0 72
3649 0 71
3650 0 71
3651 0 72
3652 0 72
3653 0 73
3654 0 73
3655 0 73
3656 0 72
3657 0 73
3658 0 73
3659 0 73
3660 0 73
3661 0 72
3662 0 73
3663 0 72
3664 0 73
3665 0 73
3666 0 73
3667 0 73
3668 0 73
3669 0 72
3670 0 72
3671 0 73
3672 0 72
3673 0 73
3674 0 72
3675 0 72
3676 0 72
3677 0 72
3678 0 73
3679 0 73
3680 0 73
3681 0 72
3682 0 73
3683 0 73
3684 0 73
3685 0 73
3686 0 72
3687 0 73
3688 0 73
3689 0 73
3690 0 73
3691 0 73
3692 0 73
3693 0 73
3694 0 72
3695 0 72
3696 0 73
3697 0 72
3698 0 73
3699 0 73
3700 0 73
3701 0 73
3702 0 73
3703 0 73
3704 0 73
3705 0 72
3706 0 71
3707 0 73
3708 0 72
3709 0 73
3710 0 73
3711 0 73
3712 0 73
3713 0 73
3714 0 73
3715 0 72
3716 0 73
3717 0 73
3718 0 73
3719 0 73
3720 0 73
3721 0 73
3722 0 73
3723 0 72
3724 0 71
3725 0 73
3726 0 72
3727 0 73
3728 0 73
3729 0 73
3730 0 73
3731 0 73
3732 0 72
3733 0 72
3734 0 72
3735 0 71
3736 0 73
3737 0 72
3738 0 72
3739 0 72
3740 0 71
3741 0 72
3742 0 71
3743 0 72
3744 0 72
3745 0 71
3746 0 72
3747 0 71
3748 0 71
3749 0 72
3750 0 72
3751 0 73
3752 0 73
3753 0 73
3754 0 72
3755 0 73
3756 0 73
3757 0 73
3758 0 73
3759 0 72
3760 0 73
3761 0 73
3762 0 73
3763 0 73
3764 0 73
3765 0 73
3766 0 73
3767 0 72
3768 0 72
3769 0 73
3770 0 73
3771 0 73
3772 0 73
3773 0 73
3774 0 72
3775 0 72
3776 0 73
3777 0 73
3778 0 73
3779 0 72
3780 0 73
3781 0 73
3782 0 73
3783 0 73
3784 0 72
3785 0 73
3786 0 73
3787 0 73
3788 0 73
3789 0 73
3790 0 73
3791 0 73
3792 0 72
3793 0 72
3794 0 73
3795 0 72
3796 0 73
3797 0 72
3798 0 72
3799 0 72
3800 0 72
3801 0 72
3802 0 72
3803 0 72
3804 0 71
3805 0 73
3806 0 72
3807 0 73
3808 0 73
3809 0 73
3810 0 72
3811 0 72
3812 0 71
3813 0 71
3814 0 72
3815 0 71
3816 0 73
3817 0 71
3818 0 71
3819 0 72
3820 0 71
3821 0 71
3822 0 71
3823 0 72
3824 0 71
3825 0 73
3826 0 71
3827 0 71
3828 0 72
3829 0 71
3830 0 72
3831 0 71
3832 0 72
3833 0 71
3834 0 71
3835 0 71
3836 0 71
3837 0 71
3838 0 71
3839 0 74
3840 0 73
3841 0 74
3842 0 73
3843 0 73
3844 0 73
3845 0 73
3846 0 73
3847 0 73
3848 0 73
3849 0 72
3850 0 74
3851 0 73
3852 0 74
3853 0 73
3854 0 73
3855 0 73
3856 0 73
3857 0 72
3858 0 72
3859 0 73
3860 0 72
3861 0 73
3862 0 72
3863 0 72
3864 0 73
3865 0 72
3866 0 72
3867 0 71
3868 0 72
3869 0 72
3870 0 71
3871 0 72
3872 0 71
3873 0 71
3874 0 72
3875 0 72
3876 0 72
3877 0 72
3878 0 73
3879 0 72
3880 0 74
3881 0 72
3882 0 72
3883 0 73
3884 0 72
3885 0 73
3886 0 72
3887 0 73
3888 0 72
3889 0 72
3890 0 72
3891 0 72
3892 0 72
3893 0 72
3894 0 74
3895 0 73
3896 0 74
3897 0 73
3898 0 73
3899 0 73
3900 0 73
3901 0 73
3902 0 73
3903 0 73
3904 0 72
3905 0 74
3906 0 73
3907 0 74
3908 0 73
3909 0 73
3910 0 73
3911 0 73
3912 0 72
3913 0 72
3914 0 73
3915 0 72
3916 0 73
3917 0 72
3918 0 72
3919 0 73
3920 0 72
3921 0 72
3922 0 71
3923 0 72
3924 0 72
3925 0 71
3926 0 72
3927 0 71
3928 0 71
3929 0 72
3930 0 72
3931 0 73
3932 0 73
3933 0 73
3934 0 72
3935 0 74
3936 0 73
3937 0 73
3938 0 73
3939 0 72
3940 0 73
3941 0 72
3942 0 73
3943 0 73
3944 0 73
3945 0 73
3946 0 73
3947 0 73
3948 0 72
3949 0 73
3950 0 72
3951 0 73
3952 0 72
3953 0 72
3954 0 73
3955 0 73
3956 0 73
3957 0 73
3958 0 73
3959 0 72
3960 0 74
3961 0 73
3962 0 73
3963 0 73
3964 0 72
3965 0 74
3966 0 73
3967 0 74
3968 0 73
3969 0 73
3970 0 73
3971 0 73
3972 0 73
3973 0 72
3974 0 73
3975 0 72
3976 0 73
3977 0 73
3978 0 73
3979 0 73
3980 0 73
3981 0 73
3982 0 73
3983 0 72
3984 0 71
3985 0 73
3986 0 72
3987 0 73
3988 0 73
3989 0 73
3990 0 73
3991 0 73
3992 0 73
3993 0 72
3994 0 73
3995 0 73
3996 0 73
3997 0 73
3998 0 73
3999 0 73
4000 0 73
4001 0 72
4002 0 71
4003 0 73
4004 0 72
4005 0 73
4006 0 73
4007 0 73
4008 0 73
4009 0 73
4010 0 72
4011 0 72
4012 0 72
4013 0 71
4014 0 73
4015 0 72
4016 0 72
4017 0 72
4018 0 71
4019 0 72
4020 0 71
4021 0 72
4022 0 72
4023 0 71
4024 0 72
4025 0 71
4026 0 71
4027 0 72
4028 0 72
4029 0 73
4030 0 73
4031 0 73
4032 0 72
4033 0 72
4034 0 71
4035 0 72
4036 0 72
4037 0 72
4038 0 72
4039 0 73
4040 0 73
4041 0 73
4042 0 72
4043 0 72
4044 0 71
4045 0 73
4046 0 73
4047 0 73
4048 0 73
4049 0 72
4050 0 73
4051 0 73
4052 0 73
4053 0 73
4054 0 73
4055 0 73
4056 0 73
4057 0 73
4058 0 73
4059 0 73
4060 0 72
4061 0 72
4062 0 71
4063 0 73
4064 0 73
4065 0 73
4066 0 73
4067 0 73
4068 0 73
4069 0 73
4070 0 73
4071 0 73
4072 0 72
4073 0 72
4074 0 73
4075 0 71
4076 0 71
4077 0 71
4078 0 71
4079 0 71
4080 0 71
4081 0 73
4082 0 73
4083 0 73
4084 0 72
4085 0 72
4086 0 71
4087 0 72
4088 0 72
4089 0 72
4090 0 72
4091 0 73
4092 0 73
4093 0 73
4094 0 72
4095 0 72
4096 0 71
4097 0 73
4098 0 73
4099 0 73
4100 0 73
4101 0 72
4102 0 73
4103 0 73
4104 0 73
4105 0 73
4106 0 73
4107 0 73
4108 0 73
4109 0 73
4110 0 73
4111 0 73
4112 0 72
4113 0 72
4114 0 71
4115 0 73
4116 0 73
4117 0 73
4118 0 72
4119 0 72
4120 0 71
4121 0 72
4122 0 72
4123 0 72
4124 0 72
4125 0 73
4126 0 73
4127 0 73
4128 0 72
4129 0 72
4130 0 71
4131 0 73
4132 0 73
4133 0 73
4134 0 73
4135 0 72
4136 0 73
4137 0 73
4138 0 73
4139 0 73
4140 0 73
4141 0 73
4142 0 73
4143 0 73
4144 0 73
4145 0 73
4146 0 72
4147 0 72
4148 0 71
4149 0 73
4150 0 73
4151 0 73
4152 0 73
4153 0 73
4154 0 73
4155 0 73
4156 0 73
4157 0 73
4158 0 72
4159 0 72
4160 0 73
4161 0 71
4162 0 71
4163 0 71
4164 0 71
4165 0 71
4166 0 71
4167 0 73
4168 0 73
4169 0 73
4170 0 72
4171 0 72
4172 0 71
4173 0 72
4174 0 72
4175 0 72
4176 0 72
4177 0 73
4178 0 73
4179 0 73
4180 0 72
4181 0 72
4182 0 71
4183 0 73
4184 0 73
4185 0 73
4186 0 73
4187 0 72
4188 0 73
4189 0 73
4190 0 73
4191 0 73
4192 0 73
4193 0 73
4194 0 73
4195 0 73
4196 0 73
4197 0 73
4198 0 72
4199 0 72
4200 0 71
4201 0 73
4202 0 73
4203 0 72
4204 0 72
4205 0 72
4206 0 73
4207 0 73
4208 0 72
4209 0 72
4210 0 72
4211 0 72
4212 0 73
4213 0 71
4214 0 71
4215 0 71
4216 0 71
4217 0 71
4218 0 71
4219 0 73
4220 0 73
4221 0 73
4222 0 72
4223 0 72
4224 0 71
4225 0 73
4226 0 73
4227 0 72
4228 0 72
4229 0 72
4230 0 73
4231 0 73
4232 0 72
4233 0 72
4234 0 72
4235 0 72
4236 0 73
4237 0 71
4238 0 71
4239 0 71
4240 0 71
4241 0 71
4242 0 71
4243 0 72
4244 0 72
4245 0 72
4246 0 72
4247 0 72
4248 0 71
4249 0 72
4250 0 72
4251 0 71
4252 0 71
4253 0 72
4254 0 72
4255 0 72
4256 0 72
4257 0 72
4258 0 71
4259 0 72
4260 0 72
4261 0 72
4262 0 72
4263 0 72
4264 0 71
4265 0 72
4266 0 72
4267 0 71
4268 0 71
4269 0 72
4270 0 72
4271 0 72
4272 0 72
4273 0 72
4274 0 71
4275 0 72
4276 0 72
4277 0 71
4278 0 71
4279 0 71
4280 0 72
4281 0 72
4282 0 71
4283 0 71
4284 0 72
4285 0 72
4286 0 72
4287 0 72
4288 0 72
4289 0 72
4290 0 72
4291 0 72
4292 0 71
4293 0 74
4294 0 73
4295 0 74
4296 0 73
4297 0 73
4298 0 73
4299 0 73
4300 0 73
4301 0 73
4302 0 73
4303 0 72
4304 0 74
4305 0 73
4306 0 74
4307 0 73
4308 0 73
4309 0 73
4310 0 73
4311 0 72
4312 0 72
4313 0 73
4314 0 72
4315 0 73
4316 0 72
4317 0 72
4318 0 73
4319 0 72
4320 0 72
4321 0 71
4322 0 72
4323 0 72
4324 0 71
4325 0 72
4326 0 71
4327 0 71
4328 0 72
4329 0 72
4330 0 72
4331 0 72
4332 0 73
4333 0 72
4334 0 74
4335 0 72
4336 0 72
4337 0 73
4338 0 72
4339 0 73
4340 0 72
4341 0 73
4342 0 72
4343 0 72
4344 0 72
4345 0 72
4346 0 72
4347 0 72
4348 0 74
4349 0 73
4350 0 74
4351 0 73
4352 0 73
4353 0 73
4354 0 73
4355 0 73
4356 0 73
4357 0 73
4358 0 72
4359 0 74
4360 0 73
4361 0 74
4362 0 73
4363 0 73
4364 0 73
4365 0 73
4366 0 72
4367 0 72
4368 0 73
4369 0 72
4370 0 73
4371 0 72
4372 0 72
4373 0 73
4374 0 72
4375 0 72
4376 0 71
4377 0 72
4378 0 72
4379 0 71
4380 0 72
4381 0 71
4382 0 71
4383 0 72
4384 0 72
4385 0 73
4386 0 73
4387 0 73
4388 0 72
4389 0 74
4390 0 73
4391 0 73
4392 0 73
4393 0 72
4394 0 73
4395 0 72
4396 0 73
4397 0 73
4398 0 73
4399 0 73
4400 0 73
4401 0 73
4402 0 72
4403 0 73
4404 0 72
4405 0 73
4406 0 72
4407 0 72
4408 0 73
4409 0 73
4410 0 73
4411 0 73
4412 0 73
4413 0 72
4414 0 74
4415 0 73
4416 0 73
4417 0 73
4418 0 72
4419 0 74
4420 0 73
4421 0 74
4422 0 73
4423 0 73
4424 0 73
4425 0 73
4426 0 73
4427 0 72
4428 0 73
4429 0 72
4430 0 73
4431 0 73
4432 0 73
4433 0 73
4434 0 73
4435 0 73
4436 0 73
4437 0 72
4438 0 71
4439 0 73
4440 0 72
4441 0 73
4442 0 73
4443 0 73
4444 0 73
4445 0 73
4446 0 73
4447 0 72
4448 0 73
4449 0 73
4450 0 73
4451 0 73
4452 0 73
4453 0 73
4454 0 73
4455 0 72
4456 0 71
4457 0 73
4458 0 72
4459 0 73
4460 0 73
4461 0 73
4462 0 73
4463 0 73
4464 0 72
4465 0 72
4466 0 72
4467 0 71
4468 0 73
4469 0 72
4470 0 72
4471 0 72
4472 0 71
4473 0 72
4474 0 71
4475 0 72
4476 0 72
4477 0 71
4478 0 72
4479 0 71
4480 0 71
4481 0 72
4482 0 72
4483 0 73
4484 0 73
4485 0 73
4486 0 72
4487 0 74
4488 0 73
4489 0 73
4490 0 73
4491 0 72
4492 0 74
4493 0 73
4494 0 74
4495 0 73
4496 0 73
4497 0 73
4498 0 73
4499 0 73
4500 0 72
4501 0 74
4502 0 73
4503 0 74
4504 0 73
4505 0 73
4506 0 73
4507 0 73
4508 0 73
4509 0 73
4510 0 73
4511 0 72
4512 0 74
4513 0 73
4514 0 73
4515 0 73
4516 0 72
4517 0 74
4518 0 73
4519 0 74
4520 0 73
4521 0 73
4522 0 73
4523 0 73
4524 0 73
4525 0 72
4526 0 73
4527 0 72
4528 0 73
4529 0 72
4530 0 72
4531 0 73
4532 0 73
4533 0 72
4534 0 72
4535 0 72
4536 0 71
4537 0 73
4538 0 72
4539 0 73
4540 0 73
4541 0 73
4542 0 73
4543 0 73
4544 0 71
4545 0 71
4546 0 72
4547 0 71
4548 0 73
4549 0 71
4550 0 71
4551 0 72
4552 0 71
4553 0 71
4554 0 71
4555 0 72
4556 0 71
4557 0 73
4558 0 71
4559 0 71
4560 0 72
4561 0 71
4562 0 72
4563 0 71
4564 0 72
4565 0 71
4566 0 71
4567 0 71
4568 0 71
4569 0 71
4570 0 71
4571 0 74
4572 0 73
4573 0 74
4574 0 73
4575 0 73
4576 0 73
4577 0 73
4578 0 73
4579 0 73
4580 0 73
4581 0 72
4582 0 74
4583 0 73
4584 0 74
4585 0 73
4586 0 73
4587 0 73
4588 0 73
4589 0 72
4590 0 72
4591 0 73
4592 0 72
4593 0 73
4594 0 72
4595 0 72
4596 0 73
4597 0 72
4598 0 72
4599 0 71
4600 0 72
4601 0 72
4602 0 71
4603 0 72
4604 0 71
4605 0 71
4606 0 72
4607 0 72
4608 0 72
4609 0 72
4610 0 73
4611 0 72
4612 0 74
4613 0 72
4614 0 72
4615 0 73
4616 0 72
4617 0 73
4618 0 72
4619 0 73
4620 0 72
4621 0 72
4622 0 72
4623 0 72
4624 0 72
4625 0 72
4626 0 74
4627 0 73
4628 0 74
4629 0 73
4630 0 73
4631 0 73
4632 0 73
4633 0 73
4634 0 73
4635 0 73
4636 0 72
4637 0 74
4638 0 73
4639 0 74
4640 0 73
4641 0 73
4642 0 73
4643 0 73
4644 0 72
4645 0 72
4646 0 73
4647 0 72
4648 0 73
4649 0 72
4650 0 72
4651 0 73
4652 0 72
4653 0 72
4654 0 71
4655 0 72
4656 0 72
4657 0 71
4658 0 72
4659 0 71
4660 0 71
4661 0 72
4662 0 72
4663 0 73
4664 0 73
4665 0 73
4666 0 72
4667 0 74
4668 0 73
4669 0 73
4670 0 73
4671 0 72
4672 0 73
4673 0 72
4674 0 73
4675 0 73
4676 0 73
4677 0 73
4678 0 73
4679 0 73
4680 0 72
4681 0 73
4682 0 72
4683 0 73
4684 0 72
4685 0 72
4686 0 73
4687 0 73
4688 0 73
4689 0 73
4690 0 73
4691 0 72
4692 0 74
4693 0 73
4694 0 73
4695 0 73
4696 0 72
4697 0 74
4698 0 73
4699 0 74
4700 0 73
4701 0 73
4702 0 73
4703 0 73
4704 0 73
4705 0 72
4706 0 73
4707 0 72
4708 0 73
4709 0 73
4710 0 73
4711 0 73
4712 0 73
4713 0 73
4714 0 73
4715 0 72
4716 0 71
4717 0 73
4718 0 72
4719 0 73
4720 0 73
4721 0 73
4722 0 73
4723 0 73
4724 0 73
4725 0 72
4726 0 73
4727 0 73
4728 0 73
4729 0 73
4730 0 73
4731 0 73
4732 0 73
4733 0 72
4734 0 71
4735 0 73
4736 0 72
4737 0 73
4738 0 73
4739 0 73
4740 0 73
4741 0 73
4742 0 72
4743 0 72
4744 0 72
4745 0 71
4746 0 73
4747 0 72
4748 0 72
4749 0 72
4750 0 71
4751 0 72
4752 0 71
4753 0 72
4754 0 72
4755 0 71
4756 0 72
4757 0 71
4758 0 71
4759 0 72
4760 0 72
4761 0 73
4762 0 73
4763 0 73
4764 0 72
4765 0 73
4766 0 73
4767 0 73
4768 0 73
4769 0 72
4770 0 73
4771 0 72
4772 0 73
4773 0 72
4774 0 72
4775 0 72
4776 0 72
4777 0 72
4778 0 72
4779 0 73
4780 0 72
4781 0 73
4782 0 72
4783 0 72
4784 0 72
4785 0 72
4786 0 73
4787 0 73
4788 0 73
4789 0 72
4790 0 73
4791 0 73
4792 0 73
4793 0 73
4794 0 72
4795 0 73
4796 0 72
4797 0 73
4798 0 72
4799 0 72
4800 0 72
4801 0 72
4802 0 72
4803 0 72
4804 0 73
4805 0 72
4806 0 73
4807 0 72
4808 0 72
4809 0 72
4810 0 72
4811 0 72
4812 0 72
4813 0 72
4814 0 71
4815 0 73
4816 0 72
4817 0 73
4818 0 73
4819 0 73
4820 0 72
4821 0 72
4822 0 71
4823 0 71
4824 0 72
4825 0 71
4826 0 73
4827 0 71
4828 0 71
4829 0 72
4830 0 71
4831 0 71
4832 0 71
4833 0 72
4834 0 71
4835 0 73
4836 0 71
4837 0 71
4838 0 72
4839 0 71
4840 0 72
4841 0 71
4842 0 72
4843 0 71
4844 0 71
4845 0 71
4846 0 71
4847 0 71
4848 0 71
4849 0 73
4850 0 72
4851 0 73
4852 0 73
4853 0 73
4854 0 72
4855 0 72
4856 0 73
4857 0 73
4858 0 72
4859 0 71
4860 0 73
4861 0 72
4862 0 73
4863 0 73
4864 0 73
4865 0 72
4866 0 72
4867 0 72
4868 0 72
4869 0 72
4870 0 71
4871 0 72
4872 0 72
4873 0 72
4874 0 72
4875 0 71
4876 0 72
4877 0 71
4878 0 72
4879 0 72
4880 0 71
4881 0 72
4882 0 71
4883 0 71
4884 0 71
4885 0 71
4886 0 73
4887 0 73
4888 0 73
4889 0 72
4890 0 73
4891 0 73
4892 0 73
4893 0 73
4894 0 72
4895 0 73
4896 0 72
4897 0 73
4898 0 72
4899 0 72
4900 0 72
4901 0 72
4902 0 72
4903 0 72
4904 0 73
4905 0 72
4906 0 73
4907 0 72
4908 0 72
4909 0 72
4910 0 72
4911 0 73
4912 0 73
4913 0 73
4914 0 72
4915 0 73
4916 0 73
4917 0 73
4918 0 73
4919 0 72
4920 0 73
4921 0 72
4922 0 73
4923 0 72
4924 0 72
4925 0 72
4926 0 72
4927 0 72
4928 0 72
4929 0 73
4930 0 72
4931 0 73
4932 0 72
4933 0 72
4934 0 73
4935 0 73
4936 0 72
4937 0 72
4938 0 72
4939 0 71
4940 0 73
4941 0 72
4942 0 73
4943 0 73
4944 0 73
4945 0 73
4946 0 73
4947 0 71
4948 0 71
4949 0 72
4950 0 71
4951 0 73
4952 0 71
4953 0 71
4954 0 72
4955 0 71
4956 0 71
4957 0 71
4958 0 72
4959 0 71
4960 0 73
4961 0 71
4962 0 71
4963 0 72
4964 0 71
4965 0 72
4966 0 71
4967 0 72
4968 0 71
4969 0 71
4970 0 71
4971 0 71
4972 0 71
4973 0 71
4974 0 73
4975 0 72
4976 0 73
4977 0 72
4978 0 72
4979 0 71
4980 0 71
4981 0 72
4982 0 72
4983 0 72
4984 0 72
4985 0 73
4986 0 72
4987 0 73
4988 0 72
4989 0 72
4990 0 71
4991 0 71
4992 0 72
4993 0 72
4994 0 72
4995 0 72
4996 0 72
4997 0 72
4998 0 72
4999 0 73
5000 0 72
5001 0 72
5002 0 71
5003 0 72
5004 0 72
5005 0 71
5006 0 72
5007 0 71
5008 0 71
5009 0 71
5010 0 71
5011 0 72
5012 0 72
5013 0 73
5014 0 72
5015 0 73
5016 0 72
5017 0 72
5018 0 73
5019 0 72
5020 0 72
5021 0 71
5022 0 72
5023 0 71
5024 0 71
5025 0 71
5026 0 71
5027 0 71
5028 0 71
5029 0 73
5030 0 72
5031 0 73
5032 0 72
5033 0 72
5034 0 71
5035 0 71
5036 0 72
5037 0 72
5038 0 72
5039 0 72
5040 0 73
5041 0 72
5042 0 73
5043 0 72
5044 0 72
5045 0 71
5046 0 71
5047 0 72
5048 0 72
5049 0 72
5050 0 72
5051 0 72
5052 0 72
5053 0 72
5054 0 73
5055 0 72
5056 0 72
5057 0 71
5058 0 72
5059 0 72
5060 0 71
5061 0 72
5062 0 71
5063 0 71
5064 0 71
5065 0 71
5066 0 73
5067 0 72
5068 0 73
5069 0 72
5070 0 72
5071 0 71
5072 0 71
5073 0 72
5074 0 72
5075 0 72
5076 0 72
5077 0 73
5078 0 72
5079 0 73
5080 0 72
5081 0 72
5082 0 71
5083 0 71
5084 0 72
5085 0 72
5086 0 72
5087 0 72
5088 0 72
5089 0 72
5090 0 72
5091 0 73
5092 0 72
5093 0 72
5094 0 71
5095 0 72
5096 0 72
5097 0 71
5098 0 72
5099 0 71
5100 0 71
5101 0 71
5102 0 71
5103 0 72
5104 0 72
5105 0 73
5106 0 72
5107 0 73
5108 0 72
5109 0 72
5110 0 73
5111 0 72
5112 0 72
5113 0 71
5114 0 72
5115 0 71
5116 0 71
5117 0 71
5118 0 71
5119 0 71
5120 0 71
5121 0 73
5122 0 72
5123 0 73
5124 0 72
5125 0 72
5126 0 71
5127 0 71
5128 0 72
5129 0 72
5130 0 72
5131 0 72
5132 0 73
5133 0 72
5134 0 73
5135 0 72
5136 0 72
5137 0 71
5138 0 71
5139 0 72
5140 0 72
5141 0 72
5142 0 72
5143 0 72
5144 0 72
5145 0 72
5146 0 73
5147 0 72
5148 0 72
5149 0 71
5150 0 72
5151 0 72
5152 0 71
5153 0 72
5154 0 71
5155 0 71
5156 0 71
5157 0 71
5158 0 72
5159 0 72
5160 0 72
5161 0 72
5162 0 72
5163 0 72
5164 0 72
5165 0 72
5166 0 72
5167 0 72
5168 0 71
5169 0 72
5170 0 71
5171 0 71
5172 0 71
5173 0 71
5174 0 71
5175 0 71
5176 0 72
5177 0 71
5178 0 72
5179 0 71
5180 0 71
5181 0 71
5182 0 71
5183 0 72
5184 0 72
5185 0 72
5186 0 72
5187 0 72
5188 0 72
5189 0 72
5190 0 72
5191 0 72
5192 0 72
5193 0 71
5194 0 72
5195 0 71
5196 0 71
5197 0 71
5198 0 71
5199 0 71
5200 0 71
5201 0 72
5202 0 72
5203 0 72
5204 0 72
5205 0 72
5206 0 71
5207 0 71
5208 0 72
5209 0 72
5210 0 71
5211 0 71
5212 0 72
5213 0 72
5214 0 72
5215 0 72
5216 0 72
5217 0 71
5218 0 71
5219 0 72
5220 0 72
5221 0 72
5222 0 72
5223 0 72
5224 0 71
5225 0 71
5226 0 72
5227 0 72
5228 0 71
5229 0 71
5230 0 72
5231 0 72
5232 0 72
5233 0 72
5234 0 72
5235 0 71
5236 0 71
5237 0 72
5238 0 72
5239 0 71
5240 0 71
5241 0 71
5242 0 72
5243 0 72
5244 0 71
5245 0 71
5246 0 72
5247 0 71
5248 0 72
5249 0 72
5250 0 71
5251 0 72
5252 0 71
5253 0 71
5254 0 71
5255 0 71
5256 0 74
5257 0 74
5258 0 74
5259 0 73
5260 0 74
5261 0 74
5262 0 74
5263 0 73
5264 0 74
5265 0 73
5266 0 73
5267 0 73
5268 0 73
5269 0 74
5270 0 73
5271 0 74
5272 0 73
5273 0 73
5274 0 73
5275 0 73
5276 0 72
5277 0 74
5278 0 74
5279 0 74
5280 0 73
5281 0 74
5282 0 74
5283 0 74
5284 0 73
5285 0 74
5286 0 73
5287 0 73
5288 0 73
5289 0 73
5290 0 74
5291 0 72
5292 0 74
5293 0 72
5294 0 73
5295 0 73
5296 0 73
5297 0 72
5298 0 73
5299 0 73
5300 0 74
5301 0 72
5302 0 74
5303 0 72
5304 0 73
5305 0 73
5306 0 73
5307 0 72
5308 0 72
5309 0 73
5310 0 73
5311 0 71
5312 0 72
5313 0 73
5314 0 72
5315 0 73
5316 0 73
5317 0 71
5318 0 72
5319 0 73
5320 0 73
5321 0 71
5322 0 73
5323 0 71
5324 0 72
5325 0 72
5326 0 72
5327 0 74
5328 0 72
5329 0 74
5330 0 72
5331 0 73
5332 0 73
5333 0 73
5334 0 72
5335 0 74
5336 0 73
5337 0 74
5338 0 72
5339 0 74
5340 0 72
5341 0 73
5342 0 73
5343 0 73
5344 0 72
5345 0 73
5346 0 73
5347 0 73
5348 0 72
5349 0 73
5350 0 73
5351 0 73
5352 0 72
5353 0 73
5354 0 72
5355 0 73
5356 0 72
5357 0 73
5358 0 72
5359 0 72
5360 0 72
5361 0 72
5362 0 72
5363 0 74
5364 0 74
5365 0 74
5366 0 73
5367 0 74
5368 0 74
5369 0 74
5370 0 73
5371 0 74
5372 0 73
5373 0 73
5374 0 73
5375 0 73
5376 0 74
5377 0 73
5378 0 74
5379 0 73
5380 0 73
5381 0 73
5382 0 73
5383 0 72
5384 0 74
5385 0 74
5386 0 74
5387 0 73
5388 0 74
5389 0 74
5390 0 74
5391 0 73
5392 0 74
5393 0 73
5394 0 73
5395 0 73
5396 0 73
5397 0 74
5398 0 72
5399 0 74
5400 0 72
5401 0 73
5402 0 73
5403 0 73
5404 0 72
5405 0 73
5406 0 73
5407 0 74
5408 0 72
5409 0 74
5410 0 72
5411 0 73
5412 0 73
5413 0 73
5414 0 72
5415 0 72
5416 0 73
5417 0 73
5418 0 71
5419 0 72
5420 0 73
5421 0 72
5422 0 73
5423 0 73
5424 0 71
5425 0 72
5426 0 73
5427 0 73
5428 0 71
5429 0 73
5430 0 71
5431 0 72
5432 0 72
5433 0 72
5434 0 74
5435 0 73
5436 0 74
5437 0 73
5438 0 73
5439 0 72
5440 0 72
5441 0 72
5442 0 74
5443 0 73
5444 0 74
5445 0 73
5446 0 74
5447 0 73
5448 0 73
5449 0 72
5450 0 72
5451 0 72
5452 0 73
5453 0 73
5454 0 73
5455 0 72
5456 0 73
5457 0 73
5458 0 73
5459 0 73
5460 0 73
5461 0 73
5462 0 73
5463 0 73
5464 0 73
5465 0 73
5466 0 73
5467 0 72
5468 0 72
5469 0 72
5470 0 73
5471 0 73
5472 0 73
5473 0 72
5474 0 73
5475 0 73
5476 0 73
5477 0 72
5478 0 73
5479 0 72
5480 0 73
5481 0 73
5482 0 72
5483 0 74
5484 0 73
5485 0 74
5486 0 73
5487 0 73
5488 0 72
5489 0 72
5490 0 72
5491 0 74
5492 0 73
5493 0 74
5494 0 73
5495 0 74
5496 0 73
5497 0 73
5498 0 72
5499 0 72
5500 0 72
5501 0 74
5502 0 73
5503 0 73
5504 0 73
5505 0 74
5506 0 74
5507 0 73
5508 0 73
5509 0 73
5510 0 73
5511 0 73
5512 0 73
5513 0 73
5514 0 73
5515 0 73
5516 0 72
5517 0 72
5518 0 72
5519 0 73
5520 0 72
5521 0 72
5522 0 72
5523 0 73
5524 0 72
5525 0 73
5526 0 73
5527 0 73
5528 0 73
5529 0 73
5530 0 73
5531 0 72
5532 0 73
5533 0 73
5534 0 73
5535 0 73
5536 0 72
5537 0 71
5538 0 71
5539 0 71
5540 0 73
5541 0 72
5542 0 72
5543 0 72
5544 0 73
5545 0 72
5546 0 73
5547 0 73
5548 0 73
5549 0 73
5550 0 73
5551 0 73
5552 0 72
5553 0 73
5554 0 72
5555 0 72
5556 0 72
5557 0 73
5558 0 72
5559 0 73
5560 0 73
5561 0 73
5562 0 73
5563 0 73
5564 0 73
5565 0 72
5566 0 73
5567 0 73
5568 0 73
5569 0 73
5570 0 72
5571 0 71
5572 0 71
5573 0 71
5574 0 73
5575 0 72
5576 0 72
5577 0 72
5578 0 73
5579 0 72
5580 0 73
5581 0 73
5582 0 73
5583 0 73
5584 0 73
5585 0 73
5586 0 72
5587 0 73
5588 0 72
5589 0 73
5590 0 72
5591 0 72
5592 0 71
5593 0 71
5594 0 71
5595 0 73
5596 0 72
5597 0 73
5598 0 72
5599 0 73
5600 0 72
5601 0 72
5602 0 71
5603 0 71
5604 0 71
5605 0 72
5606 0 72
5607 0 72
5608 0 71
5609 0 72
5610 0 72
5611 0 72
5612 0 72
5613 0 72
5614 0 71
5615 0 72
5616 0 72
5617 0 72
5618 0 71
5619 0 72
5620 0 71
5621 0 72
5622 0 72
5623 0 72
5624 0 74
5625 0 73
5626 0 74
5627 0 73
5628 0 73
5629 0 72
5630 0 72
5631 0 72
5632 0 74
5633 0 73
5634 0 74
5635 0 73
5636 0 74
5637 0 73
5638 0 73
5639 0 72
5640 0 72
5641 0 72
5642 0 74
5643 0 73
5644 0 73
5645 0 73
5646 0 74
5647 0 74
5648 0 73
5649 0 73
5650 0 73
5651 0 73
5652 0 73
5653 0 73
5654 0 73
5655 0 73
5656 0 73
5657 0 72
5658 0 72
5659 0 72
5660 0 74
5661 0 74
5662 0 74
5663 0 73
5664 0 74
5665 0 74
5666 0 73
5667 0 73
5668 0 73
5669 0 73
5670 0 73
5671 0 73
5672 0 72
5673 0 74
5674 0 73
5675 0 74
5676 0 73
5677 0 73
5678 0 72
5679 0 72
5680 0 72
5681 0 74
5682 0 73
5683 0 74
5684 0 73
5685 0 74
5686 0 73
5687 0 73
5688 0 72
5689 0 72
5690 0 72
5691 0 74
5692 0 73
5693 0 73
5694 0 73
5695 0 74
5696 0 74
5697 0 73
5698 0 73
5699 0 73
5700 0 73
5701 0 73
5702 0 73
5703 0 73
5704 0 73
5705 0 73
5706 0 72
5707 0 72
5708 0 72
5709 0 73
5710 0 73
5711 0 73
5712 0 72
5713 0 73
5714 0 73
5715 0 73
5716 0 72
5717 0 73
5718 0 72
5719 0 73
5720 0 73
5721 0 72
5722 0 73
5723 0 72
5724 0 73
5725 0 72
5726 0 72
5727 0 72
5728 0 72
5729 0 71
5730 0 73
5731 0 73
5732 0 73
5733 0 72
5734 0 73
5735 0 73
5736 0 73
5737 0 73
5738 0 73
5739 0 73
5740 0 73
5741 0 73
5742 0 72
5743 0 73
5744 0 71
5745 0 73
5746 0 71
5747 0 72
5748 0 72
5749 0 72
5750 0 71
5751 0 73
5752 0 72
5753 0 73
5754 0 71
5755 0 73
5756 0 71
5757 0 72
5758 0 72
5759 0 72
5760 0 71
5761 0 73
5762 0 71
5763 0 73
5764 0 71
5765 0 72
5766 0 72
5767 0 72
5768 0 71
5769 0 73
5770 0 72
5771 0 73
5772 0 71
5773 0 73
5774 0 71
5775 0 72
5776 0 72
5777 0 72
5778 0 71
5779 0 72
5780 0 72
5781 0 72
5782 0 71
5783 0 72
5784 0 72
5785 0 72
5786 0 71
5787 0 72
5788 0 71
5789 0 72
5790 0 71
5791 0 72
5792 0 71
5793 0 71
5794 0 72
5795 0 72
5796 0 71
5797 0 74
5798 0 74
5799 0 74
5800 0 73
5801 0 74
5802 0 74
5803 0 74
5804 0 73
5805 0 74
5806 0 73
5807 0 73
5808 0 73
5809 0 73
5810 0 74
5811 0 73
5812 0 74
5813 0 73
5814 0 73
5815 0 73
5816 0 73
5817 0 72
5818 0 74
5819 0 74
5820 0 74
5821 0 73
5822 0 74
5823 0 74
5824 0 74
5825 0 73
5826 0 74
5827 0 73
5828 0 73
5829 0 73
5830 0 73
5831 0 74
5832 0 72
5833 0 74
5834 0 72
5835 0 73
5836 0 73
5837 0 73
5838 0 72
5839 0 73
5840 0 73
5841 0 74
5842 0 72
5843 0 74
5844 0 72
5845 0 73
5846 0 73
5847 0 73
5848 0 72
5849 0 72
5850 0 73
5851 0 73
5852 0 71
5853 0 72
5854 0 73
5855 0 72
5856 0 73
5857 0 73
5858 0 71
5859 0 72
5860 0 73
5861 0 73
5862 0 71
5863 0 73
5864 0 71
5865 0 72
5866 0 72
5867 0 72
5868 0 74
5869 0 72
5870 0 74
5871 0 72
5872 0 73
5873 0 73
5874 0 73
5875 0 72
5876 0 74
5877 0 73
5878 0 74
5879 0 72
5880 0 74
5881 0 72
5882 0 73
5883 0 73
5884 0 73
5885 0 72
5886 0 73
5887 0 73
5888 0 73
5889 0 72
5890 0 73
5891 0 73
5892 0 73
5893 0 72
5894 0 73
5895 0 72
5896 0 73
5897 0 72
5898 0 73
5899 0 72
5900 0 72
5901 0 72
5902 0 72
5903 0 72
5904 0 74
5905 0 74
5906 0 74
5907 0 73
5908 0 74
5909 0 74
5910 0 74
5911 0 73
5912 0 74
5913 0 73
5914 0 73
5915 0 73
5916 0 73
5917 0 74
5918 0 73
5919 0 74
5920 0 73
5921 0 73
5922 0 73
5923 0 73
5924 0 72
5925 0 74
5926 0 74
5927 0 74
5928 0 73
5929 0 74
5930 0 74
5931 0 74
5932 0 73
5933 0 74
5934 0 73
5935 0 73
5936 0 73
5937 0 73
5938 0 74
5939 0 72
5940 0 74
5941 0 72
5942 0 73
5943 0 73
5944 0 73
5945 0 72
5946 0 73
5947 0 73
5948 0 74
5949 0 72
5950 0 74
5951 0 72
5952 0 73
5953 0 73
5954 0 73
5955 0 72
5956 0 72
5957 0 73
5958 0 73
5959 0 71
5960 0 72
5961 0 73
5962 0 72
5963 0 73
5964 0 73
5965 0 71
5966 0 72
5967 0 73
5968 0 73
5969 0 71
5970 0 73
5971 0 71
5972 0 72
5973 0 72
5974 0 72
5975 0 74
5976 0 73
5977 0 74
5978 0 73
5979 0 73
5980 0 72
5981 0 72
5982 0 72
5983 0 74
5984 0 73
5985 0 74
5986 0 73
5987 0 74
5988 0 73
5989 0 73
5990 0 72
5991 0 72
5992 0 72
5993 0 73
5994 0 73
5995 0 73
5996 0 72
5997 0 73
5998 0 73
5999 0 73
6000 0 73
6001 0 73
6002 0 73
6003 0 73
6004 0 73
6005 0 73
6006 0 73
6007 0 73
6008 0 72
6009 0 72
6010 0 72
6011 0 73
6012 0 73
6013 0 73
6014 0 72
6015 0 73
6016 0 73
6017 0 73
6018 0 72
6019 0 73
6020 0 72
6021 0 73
6022 0 73
6023 0 72
6024 0 74
6025 0 73
6026 0 74
6027 0 73
6028 0 73
6029 0 72
6030 0 72
6031 0 72
6032 0 74
6033 0 73
6034 0 74
6035 0 73
6036 0 74
6037 0 73
6038 0 73
6039 0 72
6040 0 72
6041 0 72
6042 0 74
6043 0 73
6044 0 73
6045 0 73
6046 0 74
6047 0 74
6048 0 73
6049 0 73
6050 0 73
6051 0 73
6052 0 73
6053 0 73
6054 0 73
6055 0 73
6056 0 73
6057 0 72
6058 0 72
6059 0 72
6060 0 73
6061 0 72
6062 0 72
6063 0 72
6064 0 73
6065 0 72
6066 0 73
6067 0 73
6068 0 73
6069 0 73
6070 0 73
6071 0 73
6072 0 72
6073 0 73
6074 0 73
6075 0 73
6076 0 73
6077 0 72
6078 0 71
6079 0 71
6080 0 71
6081 0 73
6082 0 72
6083 0 72
6084 0 72
6085 0 73
6086 0 72
6087 0 73
6088 0 73
6089 0 73
6090 0 73
6091 0 73
6092 0 73
6093 0 72
6094 0 73
6095 0 72
6096 0 72
6097 0 72
6098 0 73
6099 0 72
6100 0 73
6101 0 73
6102 0 73
6103 0 73
6104 0 73
6105 0 73
6106 0 72
6107 0 73
6108 0 73
6109 0 73
6110 0 73
6111 0 72
6112 0 71
6113 0 71
6114 0 71
6115 0 73
6116 0 72
6117 0 72
6118 0 72
6119 0 73
6120 0 72
6121 0 73
6122 0 73
6123 0 73
6124 0 73
6125 0 73
6126 0 73
6127 0 72
6128 0 73
6129 0 72
6130 0 73
6131 0 72
6132 0 72
6133 0 71
6134 0 71
6135 0 71
6136 0 73
6137 0 72
6138 0 73
6139 0 72
6140 0 73
6141 0 72
6142 0 72
6143 0 71
6144 0 71
6145 0 71
6146 0 72
6147 0 72
6148 0 72
6149 0 71
6150 0 72
6151 0 72
6152 0 72
6153 0 72
6154 0 72
6155 0 71
6156 0 72
6157 0 72
6158 0 72
6159 0 71
6160 0 72
6161 0 71
6162 0 72
6163 0 72
6164 0 72
6165 0 74
6166 0 73
6167 0 74
6168 0 73
6169 0 73
6170 0 73
6171 0 73
6172 0 72
6173 0 73
6174 0 73
6175 0 74
6176 0 73
6177 0 74
6178 0 73
6179 0 73
6180 0 73
6181 0 73
6182 0 72
6183 0 73
6184 0 73
6185 0 73
6186 0 72
6187 0 73
6188 0 74
6189 0 72
6190 0 72
6191 0 72
6192 0 72
6193 0 72
6194 0 72
6195 0 72
6196 0 72
6197 0 72
6198 0 72
6199 0 72
6200 0 72
6201 0 73
6202 0 74
6203 0 74
6204 0 72
6205 0 73
6206 0 74
6207 0 73
6208 0 72
6209 0 73
6210 0 72
6211 0 72
6212 0 72
6213 0 72
6214 0 74
6215 0 73
6216 0 74
6217 0 73
6218 0 73
6219 0 73
6220 0 73
6221 0 72
6222 0 73
6223 0 73
6224 0 74
6225 0 73
6226 0 74
6227 0 73
6228 0 73
6229 0 73
6230 0 73
6231 0 72
6232 0 73
6233 0 73
6234 0 73
6235 0 72
6236 0 73
6237 0 74
6238 0 72
6239 0 72
6240 0 72
6241 0 72
6242 0 72
6243 0 72
6244 0 72
6245 0 72
6246 0 72
6247 0 72
6248 0 72
6249 0 72
6250 0 73
6251 0 73
6252 0 73
6253 0 72
6254 0 73
6255 0 73
6256 0 73
6257 0 72
6258 0 73
6259 0 72
6260 0 72
6261 0 72
6262 0 72
6263 0 73
6264 0 72
6265 0 73
6266 0 72
6267 0 72
6268 0 72
6269 0 72
6270 0 71
6271 0 73
6272 0 73
6273 0 73
6274 0 72
6275 0 73
6276 0 73
6277 0 73
6278 0 73
6279 0 73
6280 0 73
6281 0 72
6282 0 72
6283 0 72
6284 0 73
6285 0 71
6286 0 73
6287 0 71
6288 0 72
6289 0 73
6290 0 73
6291 0 71
6292 0 73
6293 0 73
6294 0 73
6295 0 71
6296 0 73
6297 0 71
6298 0 72
6299 0 73
6300 0 73
6301 0 71
6302 0 73
6303 0 71
6304 0 73
6305 0 71
6306 0 72
6307 0 73
6308 0 73
6309 0 71
6310 0 73
6311 0 73
6312 0 73
6313 0 71
6314 0 73
6315 0 71
6316 0 72
6317 0 73
6318 0 73
6319 0 71
6320 0 72
6321 0 73
6322 0 73
6323 0 71
6324 0 72
6325 0 73
6326 0 72
6327 0 71
6328 0 72
6329 0 71
6330 0 72
6331 0 71
6332 0 72
6333 0 71
6334 0 71
6335 0 72
6336 0 72
6337 0 71
6338 0 73
6339 0 73
6340 0 73
6341 0 72
6342 0 73
6343 0 73
6344 0 73
6345 0 73
6346 0 73
6347 0 73
6348 0 72
6349 0 72
6350 0 72
6351 0 73
6352 0 73
6353 0 73
6354 0 73
6355 0 72
6356 0 72
6357 0 72
6358 0 71
6359 0 73
6360 0 73
6361 0 73
6362 0 72
6363 0 73
6364 0 73
6365 0 73
6366 0 73
6367 0 73
6368 0 73
6369 0 72
6370 0 72
6371 0 72
6372 0 73
6373 0 72
6374 0 73
6375 0 72
6376 0 72
6377 0 72
6378 0 72
6379 0 71
6380 0 72
6381 0 72
6382 0 73
6383 0 72
6384 0 73
6385 0 72
6386 0 72
6387 0 72
6388 0 72
6389 0 71
6390 0 72
6391 0 73
6392 0 73
6393 0 71
6394 0 72
6395 0 73
6396 0 72
6397 0 73
6398 0 73
6399 0 71
6400 0 72
6401 0 73
6402 0 72
6403 0 71
6404 0 72
6405 0 71
6406 0 71
6407 0 71
6408 0 71
6409 0 74
6410 0 73
6411 0 74
6412 0 73
6413 0 73
6414 0 73
6415 0 73
6416 0 72
6417 0 73
6418 0 73
6419 0 74
6420 0 73
6421 0 74
6422 0 73
6423 0 73
6424 0 73
6425 0 73
6426 0 72
6427 0 73
6428 0 73
6429 0 73
6430 0 72
6431 0 73
6432 0 74
6433 0 72
6434 0 72
6435 0 72
6436 0 72
6437 0 72
6438 0 72
6439 0 72
6440 0 72
6441 0 72
6442 0 72
6443 0 72
6444 0 72
6445 0 73
6446 0 74
6447 0 74
6448 0 72
6449 0 73
6450 0 74
6451 0 73
6452 0 72
6453 0 73
6454 0 72
6455 0 72
6456 0 72
6457 0 72
6458 0 74
6459 0 73
6460 0 74
6461 0 73
6462 0 73
6463 0 73
6464 0 73
6465 0 72
6466 0 73
6467 0 73
6468 0 74
6469 0 73
6470 0 74
6471 0 73
6472 0 73
6473 0 73
6474 0 73
6475 0 72
6476 0 73
6477 0 73
6478 0 73
6479 0 72
6480 0 73
6481 0 74
6482 0 72
6483 0 72
6484 0 72
6485 0 72
6486 0 72
6487 0 72
6488 0 72
6489 0 72
6490 0 72
6491 0 72
6492 0 72
6493 0 72
6494 0 73
6495 0 74
6496 0 74
6497 0 72
6498 0 73
6499 0 74
6500 0 73
6501 0 72
6502 0 73
6503 0 72
6504 0 73
6505 0 73
6506 0 73
6507 0 73
6508 0 72
6509 0 73
6510 0 72
6511 0 72
6512 0 73
6513 0 73
6514 0 71
6515 0 73
6516 0 74
6517 0 74
6518 0 72
6519 0 73
6520 0 74
6521 0 74
6522 0 73
6523 0 74
6524 0 73
6525 0 73
6526 0 73
6527 0 73
6528 0 73
6529 0 71
6530 0 73
6531 0 71
6532 0 72
6533 0 73
6534 0 73
6535 0 71
6536 0 73
6537 0 73
6538 0 73
6539 0 71
6540 0 73
6541 0 71
6542 0 72
6543 0 73
6544 0 73
6545 0 71
6546 0 73
6547 0 71
6548 0 73
6549 0 71
6550 0 72
6551 0 73
6552 0 73
6553 0 71
6554 0 73
6555 0 73
6556 0 73
6557 0 71
6558 0 73
6559 0 71
6560 0 72
6561 0 73
6562 0 73
6563 0 71
6564 0 72
6565 0 73
6566 0 73
6567 0 71
6568 0 72
6569 0 73
6570 0 72
6571 0 71
6572 0 72
6573 0 71
6574 0 72
6575 0 71
6576 0 72
6577 0 71
6578 0 71
6579 0 72
6580 0 72
6581 0 71
6582 0 73
6583 0 73
6584 0 73
6585 0 72
6586 0 73
6587 0 73
6588 0 72
6589 0 72
6590 0 72
6591 0 72
6592 0 71
6593 0 71
6594 0 71
6595 0 72
6596 0 72
6597 0 72
6598 0 72
6599 0 72
6600 0 72
6601 0 72
6602 0 72
6603 0 73
6604 0 73
6605 0 73
6606 0 72
6607 0 73
6608 0 73
6609 0 72
6610 0 72
6611 0 72
6612 0 72
6613 0 71
6614 0 71
6615 0 71
6616 0 73
6617 0 72
6618 0 73
6619 0 72
6620 0 72
6621 0 73
6622 0 73
6623 0 72
6624 0 72
6625 0 72
6626 0 73
6627 0 72
6628 0 73
6629 0 72
6630 0 73
6631 0 73
6632 0 73
6633 0 72
6634 0 72
6635 0 73
6636 0 73
6637 0 71
6638 0 72
6639 0 73
6640 0 72
6641 0 73
6642 0 73
6643 0 71
6644 0 72
6645 0 73
6646 0 72
6647 0 71
6648 0 72
6649 0 71
6650 0 71
6651 0 71
6652 0 71
6653 0 73
6654 0 72
6655 0 73
6656 0 72
6657 0 73
6658 0 73
6659 0 73
6660 0 72
6661 0 73
6662 0 73
6663 0 73
6664 0 72
6665 0 73
6666 0 72
6667 0 73
6668 0 73
6669 0 73
6670 0 72
6671 0 72
6672 0 72
6673 0 72
6674 0 71
6675 0 72
6676 0 73
6677 0 71
6678 0 71
6679 0 71
6680 0 71
6681 0 71
6682 0 71
6683 0 71
6684 0 71
6685 0 71
6686 0 71
6687 0 71
6688 0 71
6689 0 73
6690 0 73
6691 0 73
6692 0 72
6693 0 73
6694 0 73
6695 0 72
6696 0 72
6697 0 72
6698 0 72
6699 0 71
6700 0 71
6701 0 71
6702 0 72
6703 0 72
6704 0 72
6705 0 72
6706 0 72
6707 0 72
6708 0 72
6709 0 72
6710 0 73
6711 0 73
6712 0 73
6713 0 72
6714 0 73
6715 0 73
6716 0 72
6717 0 72
6718 0 72
6719 0 72
6720 0 71
6721 0 71
6722 0 71
6723 0 73
6724 0 72
6725 0 73
6726 0 72
6727 0 72
6728 0 73
6729 0 73
6730 0 72
6731 0 72
6732 0 72
6733 0 73
6734 0 72
6735 0 73
6736 0 72
6737 0 73
6738 0 73
6739 0 73
6740 0 72
6741 0 72
6742 0 73
6743 0 73
6744 0 71
6745 0 72
6746 0 73
6747 0 72
6748 0 73
6749 0 73
6750 0 71
6751 0 72
6752 0 73
6753 0 72
6754 0 71
6755 0 72
6756 0 71
6757 0 71
6758 0 71
6759 0 71
6760 0 73
6761 0 73
6762 0 73
6763 0 72
6764 0 73
6765 0 73
6766 0 72
6767 0 72
6768 0 72
6769 0 72
6770 0 71
6771 0 71
6772 0 71
6773 0 72
6774 0 72
6775 0 72
6776 0 72
6777 0 72
6778 0 72
6779 0 72
6780 0 72
6781 0 73
6782 0 73
6783 0 73
6784 0 72
6785 0 73
6786 0 73
6787 0 72
6788 0 72
6789 0 72
6790 0 72
6791 0 71
6792 0 71
6793 0 71
6794 0 73
6795 0 72
6796 0 73
6797 0 72
6798 0 72
6799 0 73
6800 0 73
6801 0 72
6802 0 72
6803 0 72
6804 0 73
6805 0 72
6806 0 73
6807 0 72
6808 0 73
6809 0 73
6810 0 73
6811 0 72
6812 0 72
6813 0 73
6814 0 73
6815 0 71
6816 0 72
6817 0 73
6818 0 72
6819 0 73
6820 0 73
6821 0 71
6822 0 72
6823 0 73
6824 0 72
6825 0 71
6826 0 72
6827 0 71
6828 0 71
6829 0 71
6830 0 71
6831 0 73
6832 0 72
6833 0 73
6834 0 72
6835 0 73
6836 0 73
6837 0 73
6838 0 72
6839 0 73
6840 0 73
6841 0 73
6842 0 72
6843 0 73
6844 0 72
6845 0 73
6846 0 73
6847 0 73
6848 0 72
6849 0 72
6850 0 72
6851 0 72
6852 0 71
6853 0 72
6854 0 73
6855 0 71
6856 0 71
6857 0 71
6858 0 71
6859 0 71
6860 0 71
6861 0 71
6862 0 71
6863 0 71
6864 0 71
6865 0 71
6866 0 71
6867 0 73
6868 0 73
6869 0 73
6870 0 72
6871 0 73
6872 0 73
6873 0 72
6874 0 72
6875 0 72
6876 0 72
6877 0 71
6878 0 71
6879 0 71
6880 0 72
6881 0 72
6882 0 72
6883 0 72
6884 0 72
6885 0 72
6886 0 72
6887 0 72
6888 0 73
6889 0 73
6890 0 73
6891 0 72
6892 0 73
6893 0 73
6894 0 72
6895 0 72
6896 0 72
6897 0 72
6898 0 71
6899 0 71
6900 0 71
6901 0 73
6902 0 72
6903 0 73
6904 0 72
6905 0 72
6906 0 73
6907 0 73
6908 0 72
6909 0 72
6910 0 72
6911 0 73
6912 0 72
6913 0 73
6914 0 72
6915 0 73
6916 0 73
6917 0 73
6918 0 72
6919 0 72
6920 0 73
6921 0 73
6922 0 71
6923 0 72
6924 0 73
6925 0 72
6926 0 73
6927 0 73
6928 0 71
6929 0 72
6930 0 73
6931 0 72
6932 0 71
6933 0 72
6934 0 71
6935 0 71
6936 0 71
6937 0 71
6938 0 73
6939 0 72
6940 0 73
6941 0 72
6942 0 72
6943 0 72
6944 0 72
6945 0 72
6946 0 72
6947 0 72
6948 0 73
6949 0 72
6950 0 73
6951 0 72
6952 0 72
6953 0 72
6954 0 72
6955 0 72
6956 0 72
6957 0 72
6958 0 72
6959 0 71
6960 0 72
6961 0 73
6962 0 71
6963 0 71
6964 0 71
6965 0 71
6966 0 71
6967 0 71
6968 0 71
6969 0 71
6970 0 71
6971 0 71
6972 0 71
6973 0 71
6974 0 72
6975 0 73
6976 0 73
6977 0 71
6978 0 72
6979 0 73
6980 0 72
6981 0 71
6982 0 72
6983 0 71
6984 0 71
6985 0 71
6986 0 71
6987 0 73
6988 0 72
6989 0 73
6990 0 72
6991 0 72
6992 0 72
6993 0 72
6994 0 72
6995 0 72
6996 0 72
6997 0 73
6998 0 72
6999 0 73
7000 0 72
7001 0 72
7002 0 72
7003 0 72
7004 0 72
7005 0 72
7006 0 72
7007 0 72
7008 0 71
7009 0 72
7010 0 73
7011 0 71
7012 0 71
7013 0 71
7014 0 71
7015 0 71
7016 0 71
7017 0 71
7018 0 71
7019 0 71
7020 0 71
7021 0 71
7022 0 71
7023 0 72
7024 0 72
7025 0 72
7026 0 72
7027 0 72
7028 0 72
7029 0 72
7030 0 72
7031 0 72
7032 0 72
7033 0 71
7034 0 71
7035 0 71
7036 0 72
7037 0 72
7038 0 72
7039 0 72
7040 0 71
7041 0 71
7042 0 71
7043 0 71
7044 0 72
7045 0 72
7046 0 72
7047 0 72
7048 0 72
7049 0 72
7050 0 72
7051 0 72
7052 0 72
7053 0 72
7054 0 71
7055 0 71
7056 0 71
7057 0 72
7058 0 72
7059 0 72
7060 0 72
7061 0 72
7062 0 72
7063 0 72
7064 0 72
7065 0 72
7066 0 72
7067 0 71
7068 0 71
7069 0 71
7070 0 72
7071 0 72
7072 0 72
7073 0 72
7074 0 71
7075 0 71
7076 0 71
7077 0 71
7078 0 72
7079 0 72
7080 0 72
7081 0 72
7082 0 72
7083 0 72
7084 0 72
7085 0 72
7086 0 72
7087 0 72
7088 0 71
7089 0 71
7090 0 71
7091 0 72
7092 0 72
7093 0 72
7094 0 72
7095 0 71
7096 0 71
7097 0 71
7098 0 71
7099 0 71
7100 0 71
7101 0 72
7102 0 72
7103 0 72
7104 0 72
7105 0 71
7106 0 71
7107 0 71
7108 0 71
7109 0 72
7110 0 72
7111 0 72
7112 0 71
7113 0 72
7114 0 72
7115 0 72
7116 0 72
7117 0 72
7118 0 71
7119 0 72
7120 0 72
7121 0 72
7122 0 71
7123 0 72
7124 0 71
7125 0 71
7126 0 71
7127 0 71
