0 0 76
1 0 76
2 0 76
3 0 76
4 0 76
5 0 75
6 0 76
7 0 76
8 0 75
9 0 75
10 0 76
11 0 76
12 0 76
13 0 76
14 0 76
15 0 75
16 0 76
17 0 76
18 0 75
19 0 75
20 0 75
21 0 76
22 0 76
23 0 75
24 0 75
25 0 75
26 0 75
27 0 75
28 0 75
29 0 75
30 0 75
31 0 75
32 0 75
33 0 75
34 0 76
35 0 76
36 0 75
37 0 75
38 0 75
39 0 76
40 0 76
41 0 75
42 0 75
43 0 75
44 0 75
45 0 75
46 0 75
47 0 75
48 0 75
49 0 75
50 0 75
51 0 75
52 0 76
53 0 76
54 0 76
55 0 76
56 0 76
57 0 75
58 0 76
59 0 76
60 0 75
61 0 75
62 0 76
63 0 76
64 0 76
65 0 76
66 0 76
67 0 75
68 0 76
69 0 76
70 0 75
71 0 75
72 0 75
73 0 76
74 0 76
75 0 75
76 0 75
77 0 75
78 0 75
79 0 75
80 0 75
81 0 75
82 0 75
83 0 75
84 0 75
85 0 75
86 0 76
87 0 76
88 0 75
89 0 75
90 0 75
91 0 76
92 0 76
93 0 75
94 0 75
95 0 76
96 0 76
97 0 76
98 0 75
99 0 75
100 0 75
101 0 75
102 0 75
103 0 75
104 0 76
105 0 76
106 0 76
107 0 75
108 0 75
109 0 74
110 0 76
111 0 76
112 0 75
113 0 75
114 0 75
115 0 76
116 0 76
117 0 75
118 0 75
119 0 76
120 0 76
121 0 76
122 0 75
123 0 75
124 0 75
125 0 75
126 0 75
127 0 75
128 0 75
129 0 75
130 0 75
131 0 75
132 0 75
133 0 74
134 0 75
135 0 75
136 0 74
137 0 74
138 0 75
139 0 75
140 0 75
141 0 75
142 0 75
143 0 74
144 0 75
145 0 75
146 0 75
147 0 75
148 0 75
149 0 74
150 0 75
151 0 75
152 0 74
153 0 74
154 0 75
155 0 75
156 0 75
157 0 75
158 0 75
159 0 74
160 0 75
161 0 75
162 0 74
163 0 74
164 0 74
165 0 75
166 0 75
167 0 74
168 0 74
169 0 75
170 0 75
171 0 75
172 0 75
173 0 75
174 0 75
175 0 75
176 0 75
177 0 74
178 0 76
179 0 76
180 0 75
181 0 75
182 0 75
183 0 76
184 0 76
185 0 75
186 0 75
187 0 76
188 0 76
189 0 76
190 0 75
191 0 75
192 0 75
193 0 75
194 0 75
195 0 75
196 0 76
197 0 76
198 0 76
199 0 75
200 0 75
201 0 74
202 0 76
203 0 76
204 0 75
205 0 75
206 0 75
207 0 76
208 0 76
209 0 75
210 0 75
211 0 76
212 0 76
213 0 76
214 0 75
215 0 75
216 0 75
217 0 75
218 0 75
219 0 75
220 0 75
221 0 75
222 0 75
223 0 75
224 0 75
225 0 74
226 0 75
227 0 75
228 0 74
229 0 74
230 0 75
231 0 75
232 0 75
233 0 75
234 0 75
235 0 74
236 0 75
237 0 75
238 0 74
239 0 74
240 0 74
241 0 75
242 0 75
243 0 74
244 0 74
245 0 75
246 0 75
247 0 74
248 0 74
249 0 74
250 0 75
251 0 75
252 0 74
253 0 74
254 0 74
255 0 74
256 0 74
257 0 75
258 0 75
259 0 75
260 0 75
261 0 74
262 0 74
263 0 76
264 0 76
265 0 76
266 0 76
267 0 76
268 0 75
269 0 76
270 0 76
271 0 75
272 0 75
273 0 76
274 0 76
275 0 76
276 0 76
277 0 76
278 0 75
279 0 76
280 0 76
281 0 75
282 0 75
283 0 75
284 0 76
285 0 76
286 0 75
287 0 75
288 0 75
289 0 75
290 0 75
291 0 75
292 0 75
293 0 75
294 0 75
295 0 75
296 0 75
297 0 76
298 0 76
299 0 75
300 0 75
301 0 75
302 0 76
303 0 76
304 0 75
305 0 75
306 0 75
307 0 75
308 0 75
309 0 75
310 0 75
311 0 75
312 0 75
313 0 75
314 0 75
315 0 76
316 0 76
317 0 76
318 0 76
319 0 76
320 0 75
321 0 76
322 0 76
323 0 75
324 0 75
325 0 76
326 0 76
327 0 76
328 0 76
329 0 76
330 0 75
331 0 76
332 0 76
333 0 75
334 0 75
335 0 75
336 0 76
337 0 76
338 0 75
339 0 75
340 0 75
341 0 75
342 0 75
343 0 75
344 0 75
345 0 75
346 0 75
347 0 75
348 0 75
349 0 76
350 0 76
351 0 75
352 0 75
353 0 75
354 0 76
355 0 76
356 0 75
357 0 75
358 0 76
359 0 76
360 0 76
361 0 75
362 0 75
363 0 75
364 0 75
365 0 75
366 0 75
367 0 76
368 0 76
369 0 76
370 0 75
371 0 75
372 0 74
373 0 76
374 0 76
375 0 75
376 0 75
377 0 75
378 0 76
379 0 76
380 0 75
381 0 75
382 0 76
383 0 76
384 0 76
385 0 75
386 0 75
387 0 75
388 0 75
389 0 75
390 0 75
391 0 75
392 0 75
393 0 75
394 0 75
395 0 75
396 0 74
397 0 75
398 0 75
399 0 74
400 0 74
401 0 75
402 0 75
403 0 75
404 0 75
405 0 75
406 0 74
407 0 75
408 0 75
409 0 75
410 0 75
411 0 75
412 0 74
413 0 75
414 0 75
415 0 74
416 0 74
417 0 75
418 0 75
419 0 75
420 0 75
421 0 75
422 0 74
423 0 75
424 0 75
425 0 74
426 0 74
427 0 74
428 0 75
429 0 75
430 0 74
431 0 74
432 0 75
433 0 75
434 0 75
435 0 75
436 0 75
437 0 75
438 0 75
439 0 75
440 0 74
441 0 76
442 0 76
443 0 75
444 0 75
445 0 75
446 0 76
447 0 76
448 0 75
449 0 75
450 0 76
451 0 76
452 0 76
453 0 75
454 0 75
455 0 75
456 0 75
457 0 75
458 0 75
459 0 76
460 0 76
461 0 76
462 0 75
463 0 75
464 0 74
465 0 76
466 0 76
467 0 75
468 0 75
469 0 75
470 0 76
471 0 76
472 0 75
473 0 75
474 0 76
475 0 76
476 0 76
477 0 75
478 0 75
479 0 75
480 0 75
481 0 75
482 0 75
483 0 76
484 0 76
485 0 76
486 0 76
487 0 76
488 0 75
489 0 76
490 0 76
491 0 75
492 0 75
493 0 76
494 0 76
495 0 76
496 0 76
497 0 76
498 0 75
499 0 75
500 0 75
501 0 75
502 0 75
503 0 74
504 0 75
505 0 75
506 0 75
507 0 75
508 0 75
509 0 75
510 0 75
511 0 75
512 0 74
513 0 75
514 0 75
515 0 75
516 0 75
517 0 75
518 0 75
519 0 75
520 0 75
521 0 75
522 0 75
523 0 75
524 0 75
525 0 75
526 0 76
527 0 76
528 0 76
529 0 76
530 0 76
531 0 75
532 0 76
533 0 76
534 0 75
535 0 75
536 0 76
537 0 76
538 0 76
539 0 76
540 0 76
541 0 75
542 0 75
543 0 75
544 0 74
545 0 74
546 0 74
547 0 75
548 0 75
549 0 74
550 0 74
551 0 75
552 0 75
553 0 75
554 0 75
555 0 75
556 0 75
557 0 74
558 0 74
559 0 73
560 0 76
561 0 76
562 0 75
563 0 75
564 0 75
565 0 76
566 0 76
567 0 75
568 0 75
569 0 76
570 0 76
571 0 76
572 0 75
573 0 75
574 0 75
575 0 75
576 0 75
577 0 75
578 0 76
579 0 76
580 0 76
581 0 75
582 0 75
583 0 74
584 0 76
585 0 76
586 0 75
587 0 75
588 0 75
589 0 76
590 0 76
591 0 75
592 0 75
593 0 76
594 0 76
595 0 76
596 0 75
597 0 75
598 0 75
599 0 75
600 0 75
601 0 75
602 0 76
603 0 76
604 0 76
605 0 76
606 0 76
607 0 75
608 0 76
609 0 76
610 0 75
611 0 75
612 0 76
613 0 76
614 0 76
615 0 76
616 0 76
617 0 75
618 0 75
619 0 75
620 0 75
621 0 75
622 0 74
623 0 75
624 0 75
625 0 75
626 0 75
627 0 75
628 0 75
629 0 75
630 0 75
631 0 74
632 0 75
633 0 75
634 0 75
635 0 75
636 0 75
637 0 75
638 0 75
639 0 75
640 0 75
641 0 75
642 0 75
643 0 75
644 0 75
645 0 75
646 0 75
647 0 75
648 0 75
649 0 75
650 0 74
651 0 75
652 0 75
653 0 74
654 0 74
655 0 75
656 0 75
657 0 75
658 0 75
659 0 75
660 0 74
661 0 75
662 0 75
663 0 75
664 0 75
665 0 74
666 0 75
667 0 75
668 0 75
669 0 75
670 0 75
671 0 75
672 0 75
673 0 75
674 0 75
675 0 75
676 0 74
677 0 74
678 0 73
679 0 75
680 0 75
681 0 75
682 0 75
683 0 75
684 0 75
685 0 75
686 0 75
687 0 75
688 0 74
689 0 74
690 0 75
691 0 74
692 0 74
693 0 74
694 0 74
695 0 73
696 0 73
697 0 75
698 0 75
699 0 75
700 0 75
701 0 75
702 0 74
703 0 75
704 0 75
705 0 74
706 0 74
707 0 75
708 0 75
709 0 75
710 0 75
711 0 75
712 0 74
713 0 75
714 0 75
715 0 75
716 0 75
717 0 74
718 0 75
719 0 75
720 0 75
721 0 75
722 0 75
723 0 75
724 0 75
725 0 75
726 0 75
727 0 75
728 0 74
729 0 74
730 0 73
731 0 75
732 0 75
733 0 75
734 0 75
735 0 75
736 0 74
737 0 75
738 0 75
739 0 74
740 0 74
741 0 75
742 0 75
743 0 75
744 0 75
745 0 75
746 0 74
747 0 75
748 0 75
749 0 75
750 0 75
751 0 74
752 0 75
753 0 75
754 0 75
755 0 75
756 0 75
757 0 75
758 0 75
759 0 75
760 0 75
761 0 75
762 0 74
763 0 74
764 0 73
765 0 75
766 0 75
767 0 75
768 0 75
769 0 75
770 0 75
771 0 75
772 0 75
773 0 75
774 0 74
775 0 74
776 0 75
777 0 74
778 0 74
779 0 74
780 0 74
781 0 73
782 0 73
783 0 75
784 0 75
785 0 75
786 0 75
787 0 75
788 0 74
789 0 75
790 0 75
791 0 74
792 0 74
793 0 75
794 0 75
795 0 75
796 0 75
797 0 75
798 0 74
799 0 75
800 0 75
801 0 75
802 0 75
803 0 74
804 0 75
805 0 75
806 0 75
807 0 75
808 0 75
809 0 75
810 0 75
811 0 75
812 0 75
813 0 75
814 0 74
815 0 74
816 0 73
817 0 75
818 0 75
819 0 74
820 0 74
821 0 74
822 0 75
823 0 75
824 0 74
825 0 74
826 0 75
827 0 75
828 0 75
829 0 74
830 0 74
831 0 74
832 0 74
833 0 74
834 0 74
835 0 75
836 0 75
837 0 75
838 0 74
839 0 74
840 0 73
841 0 75
842 0 75
843 0 74
844 0 74
845 0 74
846 0 75
847 0 75
848 0 74
849 0 74
850 0 75
851 0 75
852 0 75
853 0 74
854 0 74
855 0 74
856 0 74
857 0 74
858 0 74
859 0 75
860 0 75
861 0 75
862 0 75
863 0 75
864 0 74
865 0 75
866 0 75
867 0 74
868 0 74
869 0 75
870 0 75
871 0 75
872 0 75
873 0 75
874 0 74
875 0 75
876 0 75
877 0 75
878 0 75
879 0 75
880 0 74
881 0 75
882 0 75
883 0 74
884 0 74
885 0 75
886 0 75
887 0 75
888 0 75
889 0 75
890 0 74
891 0 75
892 0 75
893 0 73
894 0 73
895 0 74
896 0 75
897 0 75
898 0 73
899 0 73
900 0 75
901 0 75
902 0 75
903 0 75
904 0 75
905 0 75
906 0 74
907 0 74
908 0 74
909 0 76
910 0 76
911 0 75
912 0 75
913 0 75
914 0 76
915 0 76
916 0 75
917 0 75
918 0 76
919 0 76
920 0 76
921 0 75
922 0 75
923 0 75
924 0 75
925 0 75
926 0 75
927 0 76
928 0 76
929 0 76
930 0 75
931 0 75
932 0 74
933 0 76
934 0 76
935 0 75
936 0 75
937 0 75
938 0 76
939 0 76
940 0 75
941 0 75
942 0 76
943 0 76
944 0 76
945 0 75
946 0 75
947 0 75
948 0 75
949 0 75
950 0 75
951 0 76
952 0 76
953 0 76
954 0 76
955 0 76
956 0 75
957 0 76
958 0 76
959 0 75
960 0 75
961 0 76
962 0 76
963 0 76
964 0 76
965 0 76
966 0 75
967 0 75
968 0 75
969 0 75
970 0 75
971 0 74
972 0 75
973 0 75
974 0 75
975 0 75
976 0 75
977 0 75
978 0 75
979 0 75
980 0 74
981 0 75
982 0 75
983 0 75
984 0 75
985 0 75
986 0 75
987 0 75
988 0 75
989 0 75
990 0 75
991 0 75
992 0 75
993 0 75
994 0 76
995 0 76
996 0 76
997 0 76
998 0 76
999 0 75
1000 0 76
1001 0 76
1002 0 75
1003 0 75
1004 0 76
1005 0 76
1006 0 76
1007 0 76
1008 0 76
1009 0 75
1010 0 75
1011 0 75
1012 0 75
1013 0 75
1014 0 74
1015 0 75
1016 0 75
1017 0 75
1018 0 75
1019 0 75
1020 0 75
1021 0 75
1022 0 75
1023 0 75
1024 0 75
1025 0 74
1026 0 74
1027 0 73
1028 0 76
1029 0 76
1030 0 75
1031 0 75
1032 0 75
1033 0 76
1034 0 76
1035 0 75
1036 0 75
1037 0 76
1038 0 76
1039 0 76
1040 0 75
1041 0 75
1042 0 75
1043 0 75
1044 0 75
1045 0 75
1046 0 76
1047 0 76
1048 0 76
1049 0 75
1050 0 75
1051 0 74
1052 0 76
1053 0 76
1054 0 75
1055 0 75
1056 0 75
1057 0 76
1058 0 76
1059 0 75
1060 0 75
1061 0 76
1062 0 76
1063 0 76
1064 0 75
1065 0 75
1066 0 75
1067 0 75
1068 0 75
1069 0 75
1070 0 76
1071 0 76
1072 0 76
1073 0 76
1074 0 76
1075 0 75
1076 0 76
1077 0 76
1078 0 75
1079 0 75
1080 0 76
1081 0 76
1082 0 76
1083 0 76
1084 0 76
1085 0 75
1086 0 75
1087 0 75
1088 0 75
1089 0 75
1090 0 74
1091 0 75
1092 0 75
1093 0 75
1094 0 75
1095 0 75
1096 0 75
1097 0 75
1098 0 75
1099 0 74
1100 0 75
1101 0 75
1102 0 75
1103 0 75
1104 0 75
1105 0 75
1106 0 75
1107 0 75
1108 0 75
1109 0 75
1110 0 75
1111 0 75
1112 0 75
1113 0 75
1114 0 75
1115 0 75
1116 0 75
1117 0 75
1118 0 74
1119 0 75
1120 0 75
1121 0 74
1122 0 74
1123 0 75
1124 0 75
1125 0 75
1126 0 75
1127 0 75
1128 0 74
1129 0 75
1130 0 75
1131 0 74
1132 0 74
1133 0 74
1134 0 75
1135 0 75
1136 0 74
1137 0 74
1138 0 74
1139 0 75
1140 0 74
1141 0 74
1142 0 75
1143 0 74
1144 0 74
1145 0 74
1146 0 74
1147 0 75
1148 0 75
1149 0 74
1150 0 74
1151 0 74
1152 0 75
1153 0 75
1154 0 74
1155 0 74
1156 0 74
1157 0 74
1158 0 74
1159 0 74
1160 0 74
1161 0 74
1162 0 74
1163 0 74
1164 0 74
1165 0 75
1166 0 75
1167 0 75
1168 0 75
1169 0 75
1170 0 74
1171 0 75
1172 0 75
1173 0 74
1174 0 74
1175 0 75
1176 0 75
1177 0 75
1178 0 75
1179 0 75
1180 0 74
1181 0 75
1182 0 75
1183 0 75
1184 0 75
1185 0 74
1186 0 75
1187 0 75
1188 0 75
1189 0 75
1190 0 74
1191 0 75
1192 0 74
1193 0 74
1194 0 75
1195 0 74
1196 0 74
1197 0 74
1198 0 74
1199 0 75
1200 0 75
1201 0 74
1202 0 74
1203 0 74
1204 0 75
1205 0 75
1206 0 74
1207 0 74
1208 0 75
1209 0 75
1210 0 75
1211 0 74
1212 0 74
1213 0 74
1214 0 74
1215 0 74
1216 0 74
1217 0 75
1218 0 75
1219 0 75
1220 0 74
1221 0 74
1222 0 73
1223 0 75
1224 0 75
1225 0 74
1226 0 74
1227 0 74
1228 0 75
1229 0 75
1230 0 74
1231 0 74
1232 0 75
1233 0 75
1234 0 75
1235 0 74
1236 0 74
1237 0 74
1238 0 74
1239 0 74
1240 0 74
1241 0 75
1242 0 75
1243 0 74
1244 0 74
1245 0 74
1246 0 75
1247 0 75
1248 0 74
1249 0 74
1250 0 75
1251 0 75
1252 0 75
1253 0 74
1254 0 74
1255 0 74
1256 0 74
1257 0 74
1258 0 74
1259 0 75
1260 0 75
1261 0 75
1262 0 74
1263 0 74
1264 0 73
1265 0 75
1266 0 75
1267 0 74
1268 0 74
1269 0 74
1270 0 75
1271 0 75
1272 0 74
1273 0 74
1274 0 75
1275 0 75
1276 0 75
1277 0 74
1278 0 74
1279 0 74
1280 0 74
1281 0 74
1282 0 74
1283 0 74
1284 0 74
1285 0 74
1286 0 74
1287 0 74
1288 0 73
1289 0 74
1290 0 74
1291 0 73
1292 0 73
1293 0 74
1294 0 74
1295 0 74
1296 0 74
1297 0 74
1298 0 73
1299 0 75
1300 0 75
1301 0 73
1302 0 73
1303 0 74
1304 0 75
1305 0 75
1306 0 73
1307 0 73
1308 0 75
1309 0 75
1310 0 73
1311 0 73
1312 0 74
1313 0 75
1314 0 75
1315 0 73
1316 0 73
1317 0 73
1318 0 73
1319 0 73
1320 0 74
1321 0 74
1322 0 74
1323 0 74
1324 0 74
1325 0 74
1326 0 76
1327 0 76
1328 0 76
1329 0 76
1330 0 76
1331 0 75
1332 0 76
1333 0 76
1334 0 75
1335 0 75
1336 0 76
1337 0 76
1338 0 76
1339 0 76
1340 0 76
1341 0 75
1342 0 76
1343 0 76
1344 0 75
1345 0 75
1346 0 75
1347 0 76
1348 0 76
1349 0 75
1350 0 75
1351 0 75
1352 0 75
1353 0 75
1354 0 75
1355 0 75
1356 0 75
1357 0 75
1358 0 75
1359 0 75
1360 0 76
1361 0 76
1362 0 75
1363 0 75
1364 0 75
1365 0 76
1366 0 76
1367 0 75
1368 0 75
1369 0 75
1370 0 75
1371 0 75
1372 0 75
1373 0 75
1374 0 75
1375 0 75
1376 0 75
1377 0 75
1378 0 76
1379 0 76
1380 0 76
1381 0 76
1382 0 76
1383 0 75
1384 0 76
1385 0 76
1386 0 75
1387 0 75
1388 0 76
1389 0 76
1390 0 76
1391 0 76
1392 0 76
1393 0 75
1394 0 76
1395 0 76
1396 0 75
1397 0 75
1398 0 75
1399 0 76
1400 0 76
1401 0 75
1402 0 75
1403 0 75
1404 0 75
1405 0 75
1406 0 75
1407 0 75
1408 0 75
1409 0 75
1410 0 75
1411 0 75
1412 0 76
1413 0 76
1414 0 75
1415 0 75
1416 0 75
1417 0 76
1418 0 76
1419 0 75
1420 0 75
1421 0 76
1422 0 76
1423 0 76
1424 0 75
1425 0 75
1426 0 75
1427 0 75
1428 0 75
1429 0 75
1430 0 76
1431 0 76
1432 0 76
1433 0 75
1434 0 75
1435 0 74
1436 0 76
1437 0 76
1438 0 75
1439 0 75
1440 0 75
1441 0 76
1442 0 76
1443 0 75
1444 0 75
1445 0 76
1446 0 76
1447 0 76
1448 0 75
1449 0 75
1450 0 75
1451 0 75
1452 0 75
1453 0 75
1454 0 75
1455 0 75
1456 0 75
1457 0 75
1458 0 75
1459 0 74
1460 0 75
1461 0 75
1462 0 74
1463 0 74
1464 0 75
1465 0 75
1466 0 75
1467 0 75
1468 0 75
1469 0 74
1470 0 75
1471 0 75
1472 0 75
1473 0 75
1474 0 75
1475 0 74
1476 0 75
1477 0 75
1478 0 74
1479 0 74
1480 0 75
1481 0 75
1482 0 75
1483 0 75
1484 0 75
1485 0 74
1486 0 75
1487 0 75
1488 0 74
1489 0 74
1490 0 74
1491 0 75
1492 0 75
1493 0 74
1494 0 74
1495 0 75
1496 0 75
1497 0 75
1498 0 75
1499 0 75
1500 0 75
1501 0 75
1502 0 75
1503 0 74
1504 0 76
1505 0 76
1506 0 75
1507 0 75
1508 0 75
1509 0 76
1510 0 76
1511 0 75
1512 0 75
1513 0 76
1514 0 76
1515 0 76
1516 0 75
1517 0 75
1518 0 75
1519 0 75
1520 0 75
1521 0 75
1522 0 76
1523 0 76
1524 0 76
1525 0 75
1526 0 75
1527 0 74
1528 0 76
1529 0 76
1530 0 75
1531 0 75
1532 0 75
1533 0 76
1534 0 76
1535 0 75
1536 0 75
1537 0 76
1538 0 76
1539 0 76
1540 0 75
1541 0 75
1542 0 75
1543 0 75
1544 0 75
1545 0 75
1546 0 75
1547 0 75
1548 0 75
1549 0 75
1550 0 75
1551 0 74
1552 0 75
1553 0 75
1554 0 74
1555 0 74
1556 0 75
1557 0 75
1558 0 75
1559 0 75
1560 0 75
1561 0 74
1562 0 75
1563 0 75
1564 0 74
1565 0 74
1566 0 74
1567 0 75
1568 0 75
1569 0 74
1570 0 74
1571 0 75
1572 0 75
1573 0 74
1574 0 74
1575 0 74
1576 0 75
1577 0 75
1578 0 74
1579 0 74
1580 0 74
1581 0 74
1582 0 74
1583 0 75
1584 0 75
1585 0 75
1586 0 75
1587 0 74
1588 0 74
1589 0 76
1590 0 76
1591 0 76
1592 0 76
1593 0 76
1594 0 75
1595 0 76
1596 0 76
1597 0 75
1598 0 75
1599 0 76
1600 0 76
1601 0 76
1602 0 76
1603 0 76
1604 0 75
1605 0 76
1606 0 76
1607 0 75
1608 0 75
1609 0 75
1610 0 76
1611 0 76
1612 0 75
1613 0 75
1614 0 75
1615 0 75
1616 0 75
1617 0 75
1618 0 75
1619 0 75
1620 0 75
1621 0 75
1622 0 75
1623 0 76
1624 0 76
1625 0 75
1626 0 75
1627 0 75
1628 0 76
1629 0 76
1630 0 75
1631 0 75
1632 0 75
1633 0 75
1634 0 75
1635 0 75
1636 0 75
1637 0 75
1638 0 75
1639 0 75
1640 0 75
1641 0 76
1642 0 76
1643 0 76
1644 0 76
1645 0 76
1646 0 75
1647 0 76
1648 0 76
1649 0 75
1650 0 75
1651 0 76
1652 0 76
1653 0 76
1654 0 76
1655 0 76
1656 0 75
1657 0 76
1658 0 76
1659 0 75
1660 0 75
1661 0 75
1662 0 76
1663 0 76
1664 0 75
1665 0 75
1666 0 75
1667 0 75
1668 0 75
1669 0 75
1670 0 75
1671 0 75
1672 0 75
1673 0 75
1674 0 75
1675 0 76
1676 0 76
1677 0 75
1678 0 75
1679 0 75
1680 0 76
1681 0 76
1682 0 75
1683 0 75
1684 0 76
1685 0 76
1686 0 76
1687 0 75
1688 0 75
1689 0 75
1690 0 75
1691 0 75
1692 0 75
1693 0 76
1694 0 76
1695 0 76
1696 0 75
1697 0 75
1698 0 74
1699 0 76
1700 0 76
1701 0 75
1702 0 75
1703 0 75
1704 0 76
1705 0 76
1706 0 75
1707 0 75
1708 0 76
1709 0 76
1710 0 76
1711 0 75
1712 0 75
1713 0 75
1714 0 75
1715 0 75
1716 0 75
1717 0 75
1718 0 75
1719 0 75
1720 0 75
1721 0 75
1722 0 74
1723 0 75
1724 0 75
1725 0 74
1726 0 74
1727 0 75
1728 0 75
1729 0 75
1730 0 75
1731 0 75
1732 0 74
1733 0 75
1734 0 75
1735 0 75
1736 0 75
1737 0 75
1738 0 74
1739 0 75
1740 0 75
1741 0 74
1742 0 74
1743 0 75
1744 0 75
1745 0 75
1746 0 75
1747 0 75
1748 0 74
1749 0 75
1750 0 75
1751 0 74
1752 0 74
1753 0 74
1754 0 75
1755 0 75
1756 0 74
1757 0 74
1758 0 75
1759 0 75
1760 0 75
1761 0 75
1762 0 75
1763 0 75
1764 0 75
1765 0 75
1766 0 74
1767 0 76
1768 0 76
1769 0 75
1770 0 75
1771 0 75
1772 0 76
1773 0 76
1774 0 75
1775 0 75
1776 0 76
1777 0 76
1778 0 76
1779 0 75
1780 0 75
1781 0 75
1782 0 75
1783 0 75
1784 0 75
1785 0 76
1786 0 76
1787 0 76
1788 0 75
1789 0 75
1790 0 74
1791 0 76
1792 0 76
1793 0 75
1794 0 75
1795 0 75
1796 0 76
1797 0 76
1798 0 75
1799 0 75
1800 0 76
1801 0 76
1802 0 76
1803 0 75
1804 0 75
1805 0 75
1806 0 75
1807 0 75
1808 0 75
1809 0 76
1810 0 76
1811 0 76
1812 0 76
1813 0 76
1814 0 75
1815 0 76
1816 0 76
1817 0 75
1818 0 75
1819 0 76
1820 0 76
1821 0 76
1822 0 76
1823 0 76
1824 0 75
1825 0 75
1826 0 75
1827 0 75
1828 0 75
1829 0 75
1830 0 75
1831 0 75
1832 0 75
1833 0 75
1834 0 75
1835 0 75
1836 0 75
1837 0 75
1838 0 75
1839 0 75
1840 0 75
1841 0 75
1842 0 75
1843 0 75
1844 0 75
1845 0 75
1846 0 75
1847 0 75
1848 0 75
1849 0 75
1850 0 75
1851 0 75
1852 0 76
1853 0 76
1854 0 76
1855 0 76
1856 0 76
1857 0 75
1858 0 76
1859 0 76
1860 0 75
1861 0 75
1862 0 76
1863 0 76
1864 0 76
1865 0 76
1866 0 76
1867 0 75
1868 0 75
1869 0 75
1870 0 74
1871 0 74
1872 0 74
1873 0 75
1874 0 75
1875 0 74
1876 0 74
1877 0 75
1878 0 75
1879 0 75
1880 0 75
1881 0 75
1882 0 75
1883 0 74
1884 0 74
1885 0 73
1886 0 76
1887 0 76
1888 0 75
1889 0 75
1890 0 75
1891 0 76
1892 0 76
1893 0 75
1894 0 75
1895 0 76
1896 0 76
1897 0 76
1898 0 75
1899 0 75
1900 0 75
1901 0 75
1902 0 75
1903 0 75
1904 0 76
1905 0 76
1906 0 76
1907 0 75
1908 0 75
1909 0 74
1910 0 76
1911 0 76
1912 0 75
1913 0 75
1914 0 75
1915 0 76
1916 0 76
1917 0 75
1918 0 75
1919 0 76
1920 0 76
1921 0 76
1922 0 75
1923 0 75
1924 0 75
1925 0 75
1926 0 75
1927 0 75
1928 0 76
1929 0 76
1930 0 76
1931 0 76
1932 0 76
1933 0 75
1934 0 76
1935 0 76
1936 0 75
1937 0 75
1938 0 76
1939 0 76
1940 0 76
1941 0 76
1942 0 76
1943 0 75
1944 0 75
1945 0 75
1946 0 75
1947 0 75
1948 0 75
1949 0 75
1950 0 75
1951 0 75
1952 0 75
1953 0 75
1954 0 75
1955 0 75
1956 0 75
1957 0 75
1958 0 75
1959 0 75
1960 0 75
1961 0 75
1962 0 75
1963 0 75
1964 0 75
1965 0 75
1966 0 75
1967 0 75
1968 0 75
1969 0 75
1970 0 75
1971 0 75
1972 0 75
1973 0 75
1974 0 75
1975 0 75
1976 0 74
1977 0 75
1978 0 75
1979 0 74
1980 0 74
1981 0 75
1982 0 75
1983 0 75
1984 0 75
1985 0 75
1986 0 74
1987 0 75
1988 0 75
1989 0 75
1990 0 75
1991 0 74
1992 0 75
1993 0 75
1994 0 75
1995 0 75
1996 0 75
1997 0 75
1998 0 75
1999 0 75
2000 0 75
2001 0 75
2002 0 74
2003 0 74
2004 0 73
2005 0 75
2006 0 75
2007 0 75
2008 0 75
2009 0 75
2010 0 75
2011 0 75
2012 0 75
2013 0 75
2014 0 74
2015 0 74
2016 0 75
2017 0 74
2018 0 74
2019 0 74
2020 0 74
2021 0 73
2022 0 73
2023 0 75
2024 0 75
2025 0 75
2026 0 75
2027 0 75
2028 0 74
2029 0 75
2030 0 75
2031 0 74
2032 0 74
2033 0 75
2034 0 75
2035 0 75
2036 0 75
2037 0 75
2038 0 74
2039 0 75
2040 0 75
2041 0 75
2042 0 75
2043 0 74
2044 0 75
2045 0 75
2046 0 75
2047 0 75
2048 0 75
2049 0 75
2050 0 75
2051 0 75
2052 0 75
2053 0 75
2054 0 74
2055 0 74
2056 0 73
2057 0 75
2058 0 75
2059 0 75
2060 0 75
2061 0 75
2062 0 74
2063 0 75
2064 0 75
2065 0 74
2066 0 74
2067 0 75
2068 0 75
2069 0 75
2070 0 75
2071 0 75
2072 0 74
2073 0 75
2074 0 75
2075 0 75
2076 0 75
2077 0 74
2078 0 75
2079 0 75
2080 0 75
2081 0 75
2082 0 75
2083 0 75
2084 0 75
2085 0 75
2086 0 75
2087 0 75
2088 0 74
2089 0 74
2090 0 73
2091 0 75
2092 0 75
2093 0 75
2094 0 75
2095 0 75
2096 0 75
2097 0 75
2098 0 75
2099 0 75
2100 0 74
2101 0 74
2102 0 75
2103 0 74
2104 0 74
2105 0 74
2106 0 74
2107 0 73
2108 0 73
2109 0 75
2110 0 75
2111 0 75
2112 0 75
2113 0 75
2114 0 74
2115 0 75
2116 0 75
2117 0 74
2118 0 74
2119 0 75
2120 0 75
2121 0 75
2122 0 75
2123 0 75
2124 0 74
2125 0 75
2126 0 75
2127 0 75
2128 0 75
2129 0 74
2130 0 75
2131 0 75
2132 0 75
2133 0 75
2134 0 75
2135 0 75
2136 0 75
2137 0 75
2138 0 75
2139 0 75
2140 0 74
2141 0 74
2142 0 73
2143 0 75
2144 0 75
2145 0 74
2146 0 74
2147 0 74
2148 0 75
2149 0 75
2150 0 74
2151 0 74
2152 0 75
2153 0 75
2154 0 75
2155 0 74
2156 0 74
2157 0 74
2158 0 74
2159 0 74
2160 0 74
2161 0 75
2162 0 75
2163 0 75
2164 0 74
2165 0 74
2166 0 73
2167 0 75
2168 0 75
2169 0 74
2170 0 74
2171 0 74
2172 0 75
2173 0 75
2174 0 74
2175 0 74
2176 0 75
2177 0 75
2178 0 75
2179 0 74
2180 0 74
2181 0 74
2182 0 74
2183 0 74
2184 0 74
2185 0 75
2186 0 75
2187 0 75
2188 0 75
2189 0 75
2190 0 74
2191 0 75
2192 0 75
2193 0 74
2194 0 74
2195 0 75
2196 0 75
2197 0 75
2198 0 75
2199 0 75
2200 0 74
2201 0 75
2202 0 75
2203 0 75
2204 0 75
2205 0 75
2206 0 74
2207 0 75
2208 0 75
2209 0 74
2210 0 74
2211 0 75
2212 0 75
2213 0 75
2214 0 75
2215 0 75
2216 0 74
2217 0 75
2218 0 75
2219 0 73
2220 0 73
2221 0 74
2222 0 75
2223 0 75
2224 0 73
2225 0 73
2226 0 75
2227 0 75
2228 0 75
2229 0 75
2230 0 75
2231 0 75
2232 0 74
2233 0 74
2234 0 74
2235 0 76
2236 0 76
2237 0 76
2238 0 75
2239 0 76
2240 0 75
2241 0 76
2242 0 76
2243 0 76
2244 0 75
2245 0 76
2246 0 75
2247 0 75
2248 0 76
2249 0 75
2250 0 75
2251 0 75
2252 0 75
2253 0 75
2254 0 75
2255 0 75
2256 0 76
2257 0 75
2258 0 75
2259 0 76
2260 0 75
2261 0 75
2262 0 75
2263 0 75
2264 0 75
2265 0 75
2266 0 76
2267 0 76
2268 0 76
2269 0 75
2270 0 76
2271 0 75
2272 0 76
2273 0 76
2274 0 76
2275 0 75
2276 0 76
2277 0 75
2278 0 75
2279 0 76
2280 0 75
2281 0 75
2282 0 75
2283 0 75
2284 0 75
2285 0 75
2286 0 75
2287 0 76
2288 0 75
2289 0 75
2290 0 76
2291 0 75
2292 0 76
2293 0 76
2294 0 75
2295 0 75
2296 0 75
2297 0 76
2298 0 76
2299 0 75
2300 0 74
2301 0 76
2302 0 75
2303 0 75
2304 0 76
2305 0 75
2306 0 76
2307 0 76
2308 0 75
2309 0 75
2310 0 75
2311 0 75
2312 0 75
2313 0 75
2314 0 74
2315 0 75
2316 0 74
2317 0 75
2318 0 75
2319 0 75
2320 0 74
2321 0 75
2322 0 75
2323 0 75
2324 0 74
2325 0 75
2326 0 74
2327 0 75
2328 0 75
2329 0 75
2330 0 74
2331 0 75
2332 0 74
2333 0 74
2334 0 75
2335 0 74
2336 0 75
2337 0 75
2338 0 75
2339 0 75
2340 0 75
2341 0 74
2342 0 76
2343 0 75
2344 0 75
2345 0 76
2346 0 75
2347 0 76
2348 0 76
2349 0 75
2350 0 75
2351 0 75
2352 0 76
2353 0 76
2354 0 75
2355 0 74
2356 0 76
2357 0 75
2358 0 75
2359 0 76
2360 0 75
2361 0 76
2362 0 76
2363 0 75
2364 0 75
2365 0 75
2366 0 75
2367 0 75
2368 0 75
2369 0 74
2370 0 75
2371 0 74
2372 0 75
2373 0 75
2374 0 75
2375 0 74
2376 0 75
2377 0 74
2378 0 74
2379 0 75
2380 0 74
2381 0 75
2382 0 74
2383 0 74
2384 0 75
2385 0 74
2386 0 74
2387 0 74
2388 0 75
2389 0 75
2390 0 74
2391 0 76
2392 0 76
2393 0 76
2394 0 75
2395 0 76
2396 0 75
2397 0 76
2398 0 76
2399 0 76
2400 0 75
2401 0 76
2402 0 75
2403 0 75
2404 0 76
2405 0 75
2406 0 75
2407 0 75
2408 0 75
2409 0 75
2410 0 75
2411 0 75
2412 0 76
2413 0 75
2414 0 75
2415 0 76
2416 0 75
2417 0 75
2418 0 75
2419 0 75
2420 0 75
2421 0 75
2422 0 76
2423 0 76
2424 0 76
2425 0 75
2426 0 76
2427 0 75
2428 0 76
2429 0 76
2430 0 76
2431 0 75
2432 0 76
2433 0 75
2434 0 75
2435 0 76
2436 0 75
2437 0 75
2438 0 75
2439 0 75
2440 0 75
2441 0 75
2442 0 75
2443 0 76
2444 0 75
2445 0 75
2446 0 76
2447 0 75
2448 0 76
2449 0 76
2450 0 75
2451 0 75
2452 0 75
2453 0 76
2454 0 76
2455 0 75
2456 0 74
2457 0 76
2458 0 75
2459 0 75
2460 0 76
2461 0 75
2462 0 76
2463 0 76
2464 0 75
2465 0 75
2466 0 75
2467 0 75
2468 0 75
2469 0 75
2470 0 74
2471 0 75
2472 0 74
2473 0 75
2474 0 75
2475 0 75
2476 0 74
2477 0 75
2478 0 75
2479 0 75
2480 0 74
2481 0 75
2482 0 74
2483 0 75
2484 0 75
2485 0 75
2486 0 74
2487 0 75
2488 0 74
2489 0 74
2490 0 75
2491 0 74
2492 0 75
2493 0 75
2494 0 75
2495 0 75
2496 0 75
2497 0 74
2498 0 76
2499 0 75
2500 0 75
2501 0 76
2502 0 75
2503 0 76
2504 0 76
2505 0 75
2506 0 75
2507 0 75
2508 0 76
2509 0 76
2510 0 75
2511 0 74
2512 0 76
2513 0 75
2514 0 75
2515 0 76
2516 0 75
2517 0 76
2518 0 76
2519 0 75
2520 0 75
2521 0 75
2522 0 76
2523 0 76
2524 0 76
2525 0 75
2526 0 76
2527 0 75
2528 0 76
2529 0 76
2530 0 76
2531 0 75
2532 0 75
2533 0 75
2534 0 74
2535 0 75
2536 0 75
2537 0 75
2538 0 75
2539 0 74
2540 0 75
2541 0 75
2542 0 75
2543 0 75
2544 0 75
2545 0 75
2546 0 75
2547 0 76
2548 0 76
2549 0 76
2550 0 75
2551 0 76
2552 0 75
2553 0 76
2554 0 76
2555 0 76
2556 0 75
2557 0 75
2558 0 74
2559 0 74
2560 0 75
2561 0 74
2562 0 75
2563 0 75
2564 0 75
2565 0 75
2566 0 74
2567 0 73
2568 0 76
2569 0 75
2570 0 75
2571 0 76
2572 0 75
2573 0 76
2574 0 76
2575 0 75
2576 0 75
2577 0 75
2578 0 76
2579 0 76
2580 0 75
2581 0 74
2582 0 76
2583 0 75
2584 0 75
2585 0 76
2586 0 75
2587 0 76
2588 0 76
2589 0 75
2590 0 75
2591 0 75
2592 0 76
2593 0 76
2594 0 76
2595 0 75
2596 0 76
2597 0 75
2598 0 76
2599 0 76
2600 0 76
2601 0 75
2602 0 75
2603 0 75
2604 0 74
2605 0 75
2606 0 75
2607 0 75
2608 0 75
2609 0 74
2610 0 75
2611 0 75
2612 0 75
2613 0 75
2614 0 75
2615 0 75
2616 0 75
2617 0 75
2618 0 75
2619 0 75
2620 0 74
2621 0 75
2622 0 74
2623 0 75
2624 0 75
2625 0 75
2626 0 74
2627 0 75
2628 0 75
2629 0 74
2630 0 75
2631 0 75
2632 0 75
2633 0 75
2634 0 75
2635 0 75
2636 0 74
2637 0 73
2638 0 75
2639 0 75
2640 0 75
2641 0 75
2642 0 75
2643 0 74
2644 0 75
2645 0 74
2646 0 74
2647 0 73
2648 0 75
2649 0 75
2650 0 75
2651 0 74
2652 0 75
2653 0 74
2654 0 75
2655 0 75
2656 0 75
2657 0 74
2658 0 75
2659 0 75
2660 0 74
2661 0 75
2662 0 75
2663 0 75
2664 0 75
2665 0 75
2666 0 75
2667 0 74
2668 0 73
2669 0 75
2670 0 75
2671 0 75
2672 0 74
2673 0 75
2674 0 74
2675 0 75
2676 0 75
2677 0 75
2678 0 74
2679 0 75
2680 0 75
2681 0 74
2682 0 75
2683 0 75
2684 0 75
2685 0 75
2686 0 75
2687 0 75
2688 0 74
2689 0 73
2690 0 75
2691 0 75
2692 0 75
2693 0 75
2694 0 75
2695 0 74
2696 0 75
2697 0 74
2698 0 74
2699 0 73
2700 0 75
2701 0 75
2702 0 75
2703 0 74
2704 0 75
2705 0 74
2706 0 75
2707 0 75
2708 0 75
2709 0 74
2710 0 75
2711 0 75
2712 0 74
2713 0 75
2714 0 75
2715 0 75
2716 0 75
2717 0 75
2718 0 75
2719 0 74
2720 0 73
2721 0 75
2722 0 74
2723 0 74
2724 0 75
2725 0 74
2726 0 75
2727 0 75
2728 0 74
2729 0 74
2730 0 74
2731 0 75
2732 0 75
2733 0 74
2734 0 73
2735 0 75
2736 0 74
2737 0 74
2738 0 75
2739 0 74
2740 0 75
2741 0 75
2742 0 74
2743 0 74
2744 0 74
2745 0 75
2746 0 75
2747 0 75
2748 0 74
2749 0 75
2750 0 74
2751 0 75
2752 0 75
2753 0 75
2754 0 74
2755 0 75
2756 0 75
2757 0 75
2758 0 74
2759 0 75
2760 0 74
2761 0 75
2762 0 75
2763 0 75
2764 0 74
2765 0 75
2766 0 73
2767 0 74
2768 0 75
2769 0 73
2770 0 75
2771 0 75
2772 0 75
2773 0 75
2774 0 74
2775 0 74
2776 0 76
2777 0 75
2778 0 75
2779 0 76
2780 0 75
2781 0 76
2782 0 76
2783 0 75
2784 0 75
2785 0 75
2786 0 76
2787 0 76
2788 0 75
2789 0 74
2790 0 76
2791 0 75
2792 0 75
2793 0 76
2794 0 75
2795 0 76
2796 0 76
2797 0 75
2798 0 75
2799 0 75
2800 0 76
2801 0 76
2802 0 76
2803 0 75
2804 0 76
2805 0 75
2806 0 76
2807 0 76
2808 0 76
2809 0 75
2810 0 75
2811 0 75
2812 0 74
2813 0 75
2814 0 75
2815 0 75
2816 0 75
2817 0 74
2818 0 75
2819 0 75
2820 0 75
2821 0 75
2822 0 75
2823 0 75
2824 0 75
2825 0 76
2826 0 76
2827 0 76
2828 0 75
2829 0 76
2830 0 75
2831 0 76
2832 0 76
2833 0 76
2834 0 75
2835 0 75
2836 0 75
2837 0 74
2838 0 75
2839 0 75
2840 0 75
2841 0 75
2842 0 75
2843 0 75
2844 0 74
2845 0 73
2846 0 76
2847 0 75
2848 0 75
2849 0 76
2850 0 75
2851 0 76
2852 0 76
2853 0 75
2854 0 75
2855 0 75
2856 0 76
2857 0 76
2858 0 75
2859 0 74
2860 0 76
2861 0 75
2862 0 75
2863 0 76
2864 0 75
2865 0 76
2866 0 76
2867 0 75
2868 0 75
2869 0 75
2870 0 76
2871 0 76
2872 0 76
2873 0 75
2874 0 76
2875 0 75
2876 0 76
2877 0 76
2878 0 76
2879 0 75
2880 0 75
2881 0 75
2882 0 74
2883 0 75
2884 0 75
2885 0 75
2886 0 75
2887 0 74
2888 0 75
2889 0 75
2890 0 75
2891 0 75
2892 0 75
2893 0 75
2894 0 75
2895 0 75
2896 0 75
2897 0 75
2898 0 74
2899 0 75
2900 0 74
2901 0 75
2902 0 75
2903 0 75
2904 0 74
2905 0 75
2906 0 74
2907 0 74
2908 0 75
2909 0 74
2910 0 74
2911 0 74
2912 0 74
2913 0 74
2914 0 74
2915 0 74
2916 0 75
2917 0 74
2918 0 74
2919 0 75
2920 0 74
2921 0 74
2922 0 74
2923 0 74
2924 0 74
2925 0 74
2926 0 75
2927 0 75
2928 0 75
2929 0 74
2930 0 75
2931 0 74
2932 0 75
2933 0 75
2934 0 75
2935 0 74
2936 0 75
2937 0 75
2938 0 74
2939 0 75
2940 0 75
2941 0 74
2942 0 74
2943 0 74
2944 0 74
2945 0 74
2946 0 74
2947 0 75
2948 0 74
2949 0 74
2950 0 75
2951 0 74
2952 0 75
2953 0 75
2954 0 74
2955 0 74
2956 0 74
2957 0 75
2958 0 75
2959 0 74
2960 0 73
2961 0 75
2962 0 74
2963 0 74
2964 0 75
2965 0 74
2966 0 75
2967 0 75
2968 0 74
2969 0 74
2970 0 74
2971 0 75
2972 0 74
2973 0 74
2974 0 75
2975 0 74
2976 0 75
2977 0 75
2978 0 74
2979 0 74
2980 0 74
2981 0 75
2982 0 75
2983 0 74
2984 0 73
2985 0 75
2986 0 74
2987 0 74
2988 0 75
2989 0 74
2990 0 75
2991 0 75
2992 0 74
2993 0 74
2994 0 74
2995 0 74
2996 0 74
2997 0 74
2998 0 73
2999 0 74
3000 0 73
3001 0 74
3002 0 74
3003 0 74
3004 0 73
3005 0 75
3006 0 73
3007 0 74
3008 0 75
3009 0 73
3010 0 75
3011 0 73
3012 0 74
3013 0 75
3014 0 73
3015 0 73
3016 0 73
3017 0 74
3018 0 74
3019 0 74
3020 0 76
3021 0 76
3022 0 76
3023 0 75
3024 0 76
3025 0 75
3026 0 76
3027 0 76
3028 0 76
3029 0 75
3030 0 76
3031 0 75
3032 0 75
3033 0 76
3034 0 75
3035 0 75
3036 0 75
3037 0 75
3038 0 75
3039 0 75
3040 0 75
3041 0 76
3042 0 75
3043 0 75
3044 0 76
3045 0 75
3046 0 75
3047 0 75
3048 0 75
3049 0 75
3050 0 75
3051 0 76
3052 0 76
3053 0 76
3054 0 75
3055 0 76
3056 0 75
3057 0 76
3058 0 76
3059 0 76
3060 0 75
3061 0 76
3062 0 75
3063 0 75
3064 0 76
3065 0 75
3066 0 75
3067 0 75
3068 0 75
3069 0 75
3070 0 75
3071 0 75
3072 0 76
3073 0 75
3074 0 75
3075 0 76
3076 0 75
3077 0 76
3078 0 76
3079 0 75
3080 0 75
3081 0 75
3082 0 76
3083 0 76
3084 0 75
3085 0 74
3086 0 76
3087 0 75
3088 0 75
3089 0 76
3090 0 75
3091 0 76
3092 0 76
3093 0 75
3094 0 75
3095 0 75
3096 0 75
3097 0 75
3098 0 75
3099 0 74
3100 0 75
3101 0 74
3102 0 75
3103 0 75
3104 0 75
3105 0 74
3106 0 75
3107 0 75
3108 0 75
3109 0 74
3110 0 75
3111 0 74
3112 0 75
3113 0 75
3114 0 75
3115 0 74
3116 0 75
3117 0 74
3118 0 74
3119 0 75
3120 0 74
3121 0 75
3122 0 75
3123 0 75
3124 0 75
3125 0 75
3126 0 74
3127 0 76
3128 0 75
3129 0 75
3130 0 76
3131 0 75
3132 0 76
3133 0 76
3134 0 75
3135 0 75
3136 0 75
3137 0 76
3138 0 76
3139 0 75
3140 0 74
3141 0 76
3142 0 75
3143 0 75
3144 0 76
3145 0 75
3146 0 76
3147 0 76
3148 0 75
3149 0 75
3150 0 75
3151 0 75
3152 0 75
3153 0 75
3154 0 74
3155 0 75
3156 0 74
3157 0 75
3158 0 75
3159 0 75
3160 0 74
3161 0 75
3162 0 74
3163 0 74
3164 0 75
3165 0 74
3166 0 75
3167 0 74
3168 0 74
3169 0 75
3170 0 74
3171 0 74
3172 0 74
3173 0 75
3174 0 75
3175 0 74
3176 0 76
3177 0 76
3178 0 76
3179 0 75
3180 0 76
3181 0 75
3182 0 76
3183 0 76
3184 0 76
3185 0 75
3186 0 76
3187 0 75
3188 0 75
3189 0 76
3190 0 75
3191 0 75
3192 0 75
3193 0 75
3194 0 75
3195 0 75
3196 0 75
3197 0 76
3198 0 75
3199 0 75
3200 0 76
3201 0 75
3202 0 75
3203 0 75
3204 0 75
3205 0 75
3206 0 75
3207 0 76
3208 0 76
3209 0 76
3210 0 75
3211 0 76
3212 0 75
3213 0 76
3214 0 76
3215 0 76
3216 0 75
3217 0 76
3218 0 75
3219 0 75
3220 0 76
3221 0 75
3222 0 75
3223 0 75
3224 0 75
3225 0 75
3226 0 75
3227 0 75
3228 0 76
3229 0 75
3230 0 75
3231 0 76
3232 0 75
3233 0 76
3234 0 76
3235 0 75
3236 0 75
3237 0 75
3238 0 76
3239 0 76
3240 0 75
3241 0 74
3242 0 76
3243 0 75
3244 0 75
3245 0 76
3246 0 75
3247 0 76
3248 0 76
3249 0 75
3250 0 75
3251 0 75
3252 0 75
3253 0 75
3254 0 75
3255 0 74
3256 0 75
3257 0 74
3258 0 75
3259 0 75
3260 0 75
3261 0 74
3262 0 75
3263 0 75
3264 0 75
3265 0 74
3266 0 75
3267 0 74
3268 0 75
3269 0 75
3270 0 75
3271 0 74
3272 0 75
3273 0 74
3274 0 74
3275 0 75
3276 0 74
3277 0 75
3278 0 75
3279 0 75
3280 0 75
3281 0 75
3282 0 74
3283 0 76
3284 0 75
3285 0 75
3286 0 76
3287 0 75
3288 0 76
3289 0 76
3290 0 75
3291 0 75
3292 0 75
3293 0 76
3294 0 76
3295 0 75
3296 0 74
3297 0 76
3298 0 75
3299 0 75
3300 0 76
3301 0 75
3302 0 76
3303 0 76
3304 0 75
3305 0 75
3306 0 75
3307 0 76
3308 0 76
3309 0 76
3310 0 75
3311 0 76
3312 0 75
3313 0 76
3314 0 76
3315 0 76
3316 0 75
3317 0 75
3318 0 75
3319 0 75
3320 0 75
3321 0 75
3322 0 75
3323 0 75
3324 0 75
3325 0 75
3326 0 75
3327 0 75
3328 0 75
3329 0 75
3330 0 75
3331 0 75
3332 0 76
3333 0 76
3334 0 76
3335 0 75
3336 0 76
3337 0 75
3338 0 76
3339 0 76
3340 0 76
3341 0 75
3342 0 75
3343 0 74
3344 0 74
3345 0 75
3346 0 74
3347 0 75
3348 0 75
3349 0 75
3350 0 75
3351 0 74
3352 0 73
3353 0 76
3354 0 75
3355 0 75
3356 0 76
3357 0 75
3358 0 76
3359 0 76
3360 0 75
3361 0 75
3362 0 75
3363 0 76
3364 0 76
3365 0 75
3366 0 74
3367 0 76
3368 0 75
3369 0 75
3370 0 76
3371 0 75
3372 0 76
3373 0 76
3374 0 75
3375 0 75
3376 0 75
3377 0 76
3378 0 76
3379 0 76
3380 0 75
3381 0 76
3382 0 75
3383 0 76
3384 0 76
3385 0 76
3386 0 75
3387 0 75
3388 0 75
3389 0 75
3390 0 75
3391 0 75
3392 0 75
3393 0 75
3394 0 75
3395 0 75
3396 0 75
3397 0 75
3398 0 75
3399 0 75
3400 0 75
3401 0 75
3402 0 75
3403 0 75
3404 0 75
3405 0 74
3406 0 75
3407 0 74
3408 0 75
3409 0 75
3410 0 75
3411 0 74
3412 0 75
3413 0 75
3414 0 74
3415 0 75
3416 0 75
3417 0 75
3418 0 75
3419 0 75
3420 0 75
3421 0 74
3422 0 73
3423 0 75
3424 0 75
3425 0 75
3426 0 75
3427 0 75
3428 0 74
3429 0 75
3430 0 74
3431 0 74
3432 0 73
3433 0 75
3434 0 75
3435 0 75
3436 0 74
3437 0 75
3438 0 74
3439 0 75
3440 0 75
3441 0 75
3442 0 74
3443 0 75
3444 0 75
3445 0 74
3446 0 75
3447 0 75
3448 0 75
3449 0 75
3450 0 75
3451 0 75
3452 0 74
3453 0 73
3454 0 75
3455 0 75
3456 0 75
3457 0 74
3458 0 75
3459 0 74
3460 0 75
3461 0 75
3462 0 75
3463 0 74
3464 0 75
3465 0 75
3466 0 74
3467 0 75
3468 0 75
3469 0 75
3470 0 75
3471 0 75
3472 0 75
3473 0 74
3474 0 73
3475 0 75
3476 0 75
3477 0 75
3478 0 75
3479 0 75
3480 0 74
3481 0 75
3482 0 74
3483 0 74
3484 0 73
3485 0 75
3486 0 75
3487 0 75
3488 0 74
3489 0 75
3490 0 74
3491 0 75
3492 0 75
3493 0 75
3494 0 74
3495 0 75
3496 0 75
3497 0 74
3498 0 75
3499 0 75
3500 0 75
3501 0 75
3502 0 75
3503 0 75
3504 0 74
3505 0 73
3506 0 75
3507 0 74
3508 0 74
3509 0 75
3510 0 74
3511 0 75
3512 0 75
3513 0 74
3514 0 74
3515 0 74
3516 0 75
3517 0 75
3518 0 74
3519 0 73
3520 0 75
3521 0 74
3522 0 74
3523 0 75
3524 0 74
3525 0 75
3526 0 75
3527 0 74
3528 0 74
3529 0 74
3530 0 75
3531 0 75
3532 0 75
3533 0 74
3534 0 75
3535 0 74
3536 0 75
3537 0 75
3538 0 75
3539 0 74
3540 0 75
3541 0 75
3542 0 75
3543 0 74
3544 0 75
3545 0 74
3546 0 75
3547 0 75
3548 0 75
3549 0 74
3550 0 75
3551 0 73
3552 0 74
3553 0 75
3554 0 73
3555 0 75
3556 0 75
3557 0 75
3558 0 75
3559 0 74
3560 0 74
3561 0 76
3562 0 75
3563 0 76
3564 0 75
3565 0 75
3566 0 75
3567 0 75
3568 0 75
3569 0 75
3570 0 75
3571 0 75
3572 0 76
3573 0 75
3574 0 76
3575 0 75
3576 0 75
3577 0 75
3578 0 75
3579 0 75
3580 0 75
3581 0 76
3582 0 75
3583 0 76
3584 0 75
3585 0 75
3586 0 76
3587 0 75
3588 0 75
3589 0 74
3590 0 75
3591 0 75
3592 0 74
3593 0 75
3594 0 74
3595 0 74
3596 0 75
3597 0 75
3598 0 75
3599 0 75
3600 0 76
3601 0 75
3602 0 76
3603 0 75
3604 0 75
3605 0 76
3606 0 75
3607 0 75
3608 0 74
3609 0 75
3610 0 74
3611 0 74
3612 0 74
3613 0 74
3614 0 74
3615 0 74
3616 0 76
3617 0 75
3618 0 76
3619 0 75
3620 0 75
3621 0 75
3622 0 75
3623 0 75
3624 0 75
3625 0 75
3626 0 75
3627 0 76
3628 0 75
3629 0 76
3630 0 75
3631 0 75
3632 0 75
3633 0 75
3634 0 75
3635 0 75
3636 0 76
3637 0 75
3638 0 76
3639 0 75
3640 0 75
3641 0 76
3642 0 75
3643 0 75
3644 0 74
3645 0 75
3646 0 75
3647 0 74
3648 0 75
3649 0 74
3650 0 74
3651 0 75
3652 0 75
3653 0 75
3654 0 75
3655 0 76
3656 0 75
3657 0 76
3658 0 75
3659 0 75
3660 0 76
3661 0 75
3662 0 76
3663 0 75
3664 0 76
3665 0 75
3666 0 75
3667 0 75
3668 0 75
3669 0 75
3670 0 75
3671 0 76
3672 0 75
3673 0 76
3674 0 74
3675 0 74
3676 0 75
3677 0 75
3678 0 75
3679 0 75
3680 0 76
3681 0 75
3682 0 76
3683 0 75
3684 0 75
3685 0 76
3686 0 75
3687 0 76
3688 0 75
3689 0 76
3690 0 75
3691 0 75
3692 0 75
3693 0 75
3694 0 75
3695 0 75
3696 0 75
3697 0 74
3698 0 75
3699 0 75
3700 0 75
3701 0 75
3702 0 75
3703 0 75
3704 0 75
3705 0 74
3706 0 73
3707 0 75
3708 0 74
3709 0 75
3710 0 75
3711 0 75
3712 0 75
3713 0 75
3714 0 75
3715 0 74
3716 0 75
3717 0 75
3718 0 75
3719 0 75
3720 0 75
3721 0 75
3722 0 75
3723 0 74
3724 0 73
3725 0 75
3726 0 74
3727 0 75
3728 0 75
3729 0 75
3730 0 75
3731 0 75
3732 0 74
3733 0 74
3734 0 75
3735 0 74
3736 0 75
3737 0 74
3738 0 74
3739 0 75
3740 0 74
3741 0 75
3742 0 74
3743 0 75
3744 0 75
3745 0 74
3746 0 75
3747 0 73
3748 0 73
3749 0 75
3750 0 75
3751 0 75
3752 0 75
3753 0 76
3754 0 75
3755 0 76
3756 0 75
3757 0 75
3758 0 76
3759 0 75
3760 0 76
3761 0 75
3762 0 76
3763 0 75
3764 0 75
3765 0 75
3766 0 75
3767 0 75
3768 0 75
3769 0 76
3770 0 75
3771 0 76
3772 0 75
3773 0 75
3774 0 75
3775 0 75
3776 0 75
3777 0 75
3778 0 76
3779 0 75
3780 0 76
3781 0 75
3782 0 75
3783 0 76
3784 0 75
3785 0 76
3786 0 75
3787 0 76
3788 0 75
3789 0 75
3790 0 75
3791 0 75
3792 0 75
3793 0 75
3794 0 75
3795 0 74
3796 0 75
3797 0 74
3798 0 74
3799 0 74
3800 0 74
3801 0 74
3802 0 74
3803 0 74
3804 0 74
3805 0 75
3806 0 74
3807 0 75
3808 0 75
3809 0 75
3810 0 74
3811 0 74
3812 0 74
3813 0 74
3814 0 75
3815 0 74
3816 0 75
3817 0 74
3818 0 74
3819 0 75
3820 0 74
3821 0 74
3822 0 74
3823 0 75
3824 0 74
3825 0 75
3826 0 74
3827 0 74
3828 0 75
3829 0 74
3830 0 74
3831 0 73
3832 0 74
3833 0 73
3834 0 73
3835 0 73
3836 0 73
3837 0 73
3838 0 74
3839 0 76
3840 0 75
3841 0 76
3842 0 75
3843 0 75
3844 0 75
3845 0 75
3846 0 75
3847 0 75
3848 0 75
3849 0 75
3850 0 76
3851 0 75
3852 0 76
3853 0 75
3854 0 75
3855 0 75
3856 0 75
3857 0 75
3858 0 75
3859 0 76
3860 0 75
3861 0 76
3862 0 75
3863 0 75
3864 0 76
3865 0 75
3866 0 75
3867 0 74
3868 0 75
3869 0 75
3870 0 74
3871 0 75
3872 0 74
3873 0 74
3874 0 75
3875 0 75
3876 0 75
3877 0 75
3878 0 76
3879 0 75
3880 0 76
3881 0 75
3882 0 75
3883 0 76
3884 0 75
3885 0 75
3886 0 74
3887 0 75
3888 0 74
3889 0 74
3890 0 74
3891 0 74
3892 0 74
3893 0 74
3894 0 76
3895 0 75
3896 0 76
3897 0 75
3898 0 75
3899 0 75
3900 0 75
3901 0 75
3902 0 75
3903 0 75
3904 0 75
3905 0 76
3906 0 75
3907 0 76
3908 0 75
3909 0 75
3910 0 75
3911 0 75
3912 0 75
3913 0 75
3914 0 76
3915 0 75
3916 0 76
3917 0 75
3918 0 75
3919 0 76
3920 0 75
3921 0 75
3922 0 74
3923 0 75
3924 0 75
3925 0 74
3926 0 75
3927 0 74
3928 0 74
3929 0 75
3930 0 75
3931 0 75
3932 0 75
3933 0 76
3934 0 75
3935 0 76
3936 0 75
3937 0 75
3938 0 76
3939 0 75
3940 0 76
3941 0 75
3942 0 76
3943 0 75
3944 0 75
3945 0 75
3946 0 75
3947 0 75
3948 0 75
3949 0 76
3950 0 75
3951 0 76
3952 0 74
3953 0 74
3954 0 75
3955 0 75
3956 0 75
3957 0 75
3958 0 76
3959 0 75
3960 0 76
3961 0 75
3962 0 75
3963 0 76
3964 0 75
3965 0 76
3966 0 75
3967 0 76
3968 0 75
3969 0 75
3970 0 75
3971 0 75
3972 0 75
3973 0 75
3974 0 75
3975 0 74
3976 0 75
3977 0 75
3978 0 75
3979 0 75
3980 0 75
3981 0 75
3982 0 75
3983 0 74
3984 0 73
3985 0 75
3986 0 74
3987 0 75
3988 0 75
3989 0 75
3990 0 75
3991 0 75
3992 0 75
3993 0 74
3994 0 75
3995 0 75
3996 0 75
3997 0 75
3998 0 75
3999 0 75
4000 0 75
4001 0 74
4002 0 73
4003 0 75
4004 0 74
4005 0 75
4006 0 75
4007 0 75
4008 0 75
4009 0 75
4010 0 74
4011 0 74
4012 0 75
4013 0 74
4014 0 75
4015 0 74
4016 0 74
4017 0 75
4018 0 74
4019 0 75
4020 0 74
4021 0 75
4022 0 75
4023 0 74
4024 0 75
4025 0 73
4026 0 73
4027 0 75
4028 0 75
4029 0 75
4030 0 75
4031 0 75
4032 0 75
4033 0 75
4034 0 74
4035 0 75
4036 0 75
4037 0 74
4038 0 74
4039 0 75
4040 0 75
4041 0 75
4042 0 75
4043 0 75
4044 0 74
4045 0 75
4046 0 75
4047 0 75
4048 0 75
4049 0 74
4050 0 75
4051 0 75
4052 0 75
4053 0 75
4054 0 75
4055 0 75
4056 0 75
4057 0 75
4058 0 75
4059 0 75
4060 0 74
4061 0 74
4062 0 73
4063 0 75
4064 0 75
4065 0 75
4066 0 75
4067 0 75
4068 0 75
4069 0 75
4070 0 75
4071 0 75
4072 0 74
4073 0 74
4074 0 75
4075 0 74
4076 0 74
4077 0 74
4078 0 74
4079 0 73
4080 0 73
4081 0 75
4082 0 75
4083 0 75
4084 0 75
4085 0 75
4086 0 74
4087 0 75
4088 0 75
4089 0 74
4090 0 74
4091 0 75
4092 0 75
4093 0 75
4094 0 75
4095 0 75
4096 0 74
4097 0 75
4098 0 75
4099 0 75
4100 0 75
4101 0 74
4102 0 75
4103 0 75
4104 0 75
4105 0 75
4106 0 75
4107 0 75
4108 0 75
4109 0 75
4110 0 75
4111 0 75
4112 0 74
4113 0 74
4114 0 73
4115 0 75
4116 0 75
4117 0 75
4118 0 75
4119 0 75
4120 0 74
4121 0 75
4122 0 75
4123 0 74
4124 0 74
4125 0 75
4126 0 75
4127 0 75
4128 0 75
4129 0 75
4130 0 74
4131 0 75
4132 0 75
4133 0 75
4134 0 75
4135 0 74
4136 0 75
4137 0 75
4138 0 75
4139 0 75
4140 0 75
4141 0 75
4142 0 75
4143 0 75
4144 0 75
4145 0 75
4146 0 74
4147 0 74
4148 0 73
4149 0 75
4150 0 75
4151 0 75
4152 0 75
4153 0 75
4154 0 75
4155 0 75
4156 0 75
4157 0 75
4158 0 74
4159 0 74
4160 0 75
4161 0 74
4162 0 74
4163 0 74
4164 0 74
4165 0 73
4166 0 73
4167 0 75
4168 0 75
4169 0 75
4170 0 75
4171 0 75
4172 0 74
4173 0 75
4174 0 75
4175 0 74
4176 0 74
4177 0 75
4178 0 75
4179 0 75
4180 0 75
4181 0 75
4182 0 74
4183 0 75
4184 0 75
4185 0 75
4186 0 75
4187 0 74
4188 0 75
4189 0 75
4190 0 75
4191 0 75
4192 0 75
4193 0 75
4194 0 75
4195 0 75
4196 0 75
4197 0 75
4198 0 74
4199 0 74
4200 0 73
4201 0 75
4202 0 75
4203 0 74
4204 0 74
4205 0 74
4206 0 75
4207 0 75
4208 0 74
4209 0 74
4210 0 75
4211 0 75
4212 0 75
4213 0 74
4214 0 74
4215 0 74
4216 0 74
4217 0 74
4218 0 74
4219 0 75
4220 0 75
4221 0 75
4222 0 74
4223 0 74
4224 0 73
4225 0 75
4226 0 75
4227 0 74
4228 0 74
4229 0 74
4230 0 75
4231 0 75
4232 0 74
4233 0 74
4234 0 75
4235 0 75
4236 0 75
4237 0 74
4238 0 74
4239 0 74
4240 0 74
4241 0 74
4242 0 74
4243 0 75
4244 0 75
4245 0 75
4246 0 75
4247 0 75
4248 0 74
4249 0 75
4250 0 75
4251 0 74
4252 0 74
4253 0 75
4254 0 75
4255 0 75
4256 0 75
4257 0 75
4258 0 74
4259 0 75
4260 0 75
4261 0 75
4262 0 75
4263 0 75
4264 0 74
4265 0 75
4266 0 75
4267 0 74
4268 0 74
4269 0 75
4270 0 75
4271 0 75
4272 0 75
4273 0 75
4274 0 74
4275 0 75
4276 0 75
4277 0 73
4278 0 73
4279 0 74
4280 0 75
4281 0 75
4282 0 73
4283 0 73
4284 0 75
4285 0 75
4286 0 75
4287 0 75
4288 0 75
4289 0 75
4290 0 74
4291 0 74
4292 0 74
4293 0 76
4294 0 75
4295 0 76
4296 0 75
4297 0 75
4298 0 75
4299 0 75
4300 0 75
4301 0 75
4302 0 75
4303 0 75
4304 0 76
4305 0 75
4306 0 76
4307 0 75
4308 0 75
4309 0 75
4310 0 75
4311 0 75
4312 0 75
4313 0 76
4314 0 75
4315 0 76
4316 0 75
4317 0 75
4318 0 76
4319 0 75
4320 0 75
4321 0 74
4322 0 75
4323 0 75
4324 0 74
4325 0 75
4326 0 74
4327 0 74
4328 0 75
4329 0 75
4330 0 75
4331 0 75
4332 0 76
4333 0 75
4334 0 76
4335 0 75
4336 0 75
4337 0 76
4338 0 75
4339 0 75
4340 0 74
4341 0 75
4342 0 74
4343 0 74
4344 0 74
4345 0 74
4346 0 74
4347 0 74
4348 0 76
4349 0 75
4350 0 76
4351 0 75
4352 0 75
4353 0 75
4354 0 75
4355 0 75
4356 0 75
4357 0 75
4358 0 75
4359 0 76
4360 0 75
4361 0 76
4362 0 75
4363 0 75
4364 0 75
4365 0 75
4366 0 75
4367 0 75
4368 0 76
4369 0 75
4370 0 76
4371 0 75
4372 0 75
4373 0 76
4374 0 75
4375 0 75
4376 0 74
4377 0 75
4378 0 75
4379 0 74
4380 0 75
4381 0 74
4382 0 74
4383 0 75
4384 0 75
4385 0 75
4386 0 75
4387 0 76
4388 0 75
4389 0 76
4390 0 75
4391 0 75
4392 0 76
4393 0 75
4394 0 76
4395 0 75
4396 0 76
4397 0 75
4398 0 75
4399 0 75
4400 0 75
4401 0 75
4402 0 75
4403 0 76
4404 0 75
4405 0 76
4406 0 74
4407 0 74
4408 0 75
4409 0 75
4410 0 75
4411 0 75
4412 0 76
4413 0 75
4414 0 76
4415 0 75
4416 0 75
4417 0 76
4418 0 75
4419 0 76
4420 0 75
4421 0 76
4422 0 75
4423 0 75
4424 0 75
4425 0 75
4426 0 75
4427 0 75
4428 0 75
4429 0 74
4430 0 75
4431 0 75
4432 0 75
4433 0 75
4434 0 75
4435 0 75
4436 0 75
4437 0 74
4438 0 73
4439 0 75
4440 0 74
4441 0 75
4442 0 75
4443 0 75
4444 0 75
4445 0 75
4446 0 75
4447 0 74
4448 0 75
4449 0 75
4450 0 75
4451 0 75
4452 0 75
4453 0 75
4454 0 75
4455 0 74
4456 0 73
4457 0 75
4458 0 74
4459 0 75
4460 0 75
4461 0 75
4462 0 75
4463 0 75
4464 0 74
4465 0 74
4466 0 75
4467 0 74
4468 0 75
4469 0 74
4470 0 74
4471 0 75
4472 0 74
4473 0 75
4474 0 74
4475 0 75
4476 0 75
4477 0 74
4478 0 75
4479 0 73
4480 0 73
4481 0 75
4482 0 75
4483 0 75
4484 0 75
4485 0 76
4486 0 75
4487 0 76
4488 0 75
4489 0 75
4490 0 76
4491 0 75
4492 0 76
4493 0 75
4494 0 76
4495 0 75
4496 0 75
4497 0 75
4498 0 75
4499 0 75
4500 0 75
4501 0 76
4502 0 75
4503 0 76
4504 0 75
4505 0 75
4506 0 75
4507 0 75
4508 0 75
4509 0 75
4510 0 76
4511 0 75
4512 0 76
4513 0 75
4514 0 75
4515 0 76
4516 0 75
4517 0 76
4518 0 75
4519 0 76
4520 0 75
4521 0 75
4522 0 75
4523 0 75
4524 0 75
4525 0 75
4526 0 75
4527 0 74
4528 0 75
4529 0 74
4530 0 74
4531 0 75
4532 0 75
4533 0 74
4534 0 74
4535 0 74
4536 0 74
4537 0 75
4538 0 74
4539 0 75
4540 0 75
4541 0 75
4542 0 75
4543 0 75
4544 0 74
4545 0 74
4546 0 75
4547 0 74
4548 0 75
4549 0 74
4550 0 74
4551 0 75
4552 0 74
4553 0 74
4554 0 74
4555 0 75
4556 0 74
4557 0 75
4558 0 74
4559 0 74
4560 0 75
4561 0 74
4562 0 74
4563 0 73
4564 0 74
4565 0 73
4566 0 73
4567 0 73
4568 0 73
4569 0 73
4570 0 74
4571 0 76
4572 0 75
4573 0 76
4574 0 75
4575 0 75
4576 0 75
4577 0 75
4578 0 75
4579 0 75
4580 0 75
4581 0 75
4582 0 76
4583 0 75
4584 0 76
4585 0 75
4586 0 75
4587 0 75
4588 0 75
4589 0 75
4590 0 75
4591 0 76
4592 0 75
4593 0 76
4594 0 75
4595 0 75
4596 0 76
4597 0 75
4598 0 75
4599 0 74
4600 0 75
4601 0 75
4602 0 74
4603 0 75
4604 0 74
4605 0 74
4606 0 75
4607 0 75
4608 0 75
4609 0 75
4610 0 76
4611 0 75
4612 0 76
4613 0 75
4614 0 75
4615 0 76
4616 0 75
4617 0 75
4618 0 74
4619 0 75
4620 0 74
4621 0 74
4622 0 74
4623 0 74
4624 0 74
4625 0 74
4626 0 76
4627 0 75
4628 0 76
4629 0 75
4630 0 75
4631 0 75
4632 0 75
4633 0 75
4634 0 75
4635 0 75
4636 0 75
4637 0 76
4638 0 75
4639 0 76
4640 0 75
4641 0 75
4642 0 75
4643 0 75
4644 0 75
4645 0 75
4646 0 76
4647 0 75
4648 0 76
4649 0 75
4650 0 75
4651 0 76
4652 0 75
4653 0 75
4654 0 74
4655 0 75
4656 0 75
4657 0 74
4658 0 75
4659 0 74
4660 0 74
4661 0 75
4662 0 75
4663 0 75
4664 0 75
4665 0 76
4666 0 75
4667 0 76
4668 0 75
4669 0 75
4670 0 76
4671 0 75
4672 0 76
4673 0 75
4674 0 76
4675 0 75
4676 0 75
4677 0 75
4678 0 75
4679 0 75
4680 0 75
4681 0 76
4682 0 75
4683 0 76
4684 0 74
4685 0 74
4686 0 75
4687 0 75
4688 0 75
4689 0 75
4690 0 76
4691 0 75
4692 0 76
4693 0 75
4694 0 75
4695 0 76
4696 0 75
4697 0 76
4698 0 75
4699 0 76
4700 0 75
4701 0 75
4702 0 75
4703 0 75
4704 0 75
4705 0 75
4706 0 75
4707 0 74
4708 0 75
4709 0 75
4710 0 75
4711 0 75
4712 0 75
4713 0 75
4714 0 75
4715 0 74
4716 0 73
4717 0 75
4718 0 74
4719 0 75
4720 0 75
4721 0 75
4722 0 75
4723 0 75
4724 0 75
4725 0 74
4726 0 75
4727 0 75
4728 0 75
4729 0 75
4730 0 75
4731 0 75
4732 0 75
4733 0 74
4734 0 73
4735 0 75
4736 0 74
4737 0 75
4738 0 75
4739 0 75
4740 0 75
4741 0 75
4742 0 74
4743 0 74
4744 0 75
4745 0 74
4746 0 75
4747 0 74
4748 0 74
4749 0 75
4750 0 74
4751 0 75
4752 0 74
4753 0 75
4754 0 75
4755 0 74
4756 0 75
4757 0 73
4758 0 73
4759 0 75
4760 0 75
4761 0 75
4762 0 75
4763 0 75
4764 0 75
4765 0 75
4766 0 75
4767 0 75
4768 0 75
4769 0 75
4770 0 75
4771 0 74
4772 0 75
4773 0 74
4774 0 74
4775 0 74
4776 0 74
4777 0 74
4778 0 74
4779 0 75
4780 0 74
4781 0 75
4782 0 74
4783 0 74
4784 0 74
4785 0 74
4786 0 75
4787 0 75
4788 0 75
4789 0 75
4790 0 75
4791 0 75
4792 0 75
4793 0 75
4794 0 75
4795 0 75
4796 0 74
4797 0 75
4798 0 74
4799 0 74
4800 0 74
4801 0 74
4802 0 74
4803 0 74
4804 0 75
4805 0 74
4806 0 75
4807 0 75
4808 0 75
4809 0 74
4810 0 74
4811 0 75
4812 0 75
4813 0 74
4814 0 73
4815 0 75
4816 0 74
4817 0 75
4818 0 75
4819 0 75
4820 0 74
4821 0 74
4822 0 74
4823 0 74
4824 0 74
4825 0 73
4826 0 75
4827 0 74
4828 0 74
4829 0 74
4830 0 73
4831 0 74
4832 0 74
4833 0 74
4834 0 73
4835 0 75
4836 0 74
4837 0 74
4838 0 74
4839 0 73
4840 0 74
4841 0 73
4842 0 74
4843 0 74
4844 0 74
4845 0 74
4846 0 74
4847 0 74
4848 0 74
4849 0 75
4850 0 74
4851 0 75
4852 0 75
4853 0 75
4854 0 74
4855 0 74
4856 0 75
4857 0 75
4858 0 74
4859 0 73
4860 0 75
4861 0 74
4862 0 75
4863 0 75
4864 0 75
4865 0 74
4866 0 74
4867 0 74
4868 0 74
4869 0 74
4870 0 74
4871 0 74
4872 0 74
4873 0 74
4874 0 74
4875 0 74
4876 0 74
4877 0 73
4878 0 74
4879 0 74
4880 0 73
4881 0 74
4882 0 73
4883 0 73
4884 0 74
4885 0 74
4886 0 75
4887 0 75
4888 0 75
4889 0 75
4890 0 75
4891 0 75
4892 0 75
4893 0 75
4894 0 75
4895 0 75
4896 0 74
4897 0 75
4898 0 74
4899 0 74
4900 0 74
4901 0 74
4902 0 74
4903 0 74
4904 0 75
4905 0 74
4906 0 75
4907 0 74
4908 0 74
4909 0 74
4910 0 74
4911 0 75
4912 0 75
4913 0 75
4914 0 75
4915 0 75
4916 0 75
4917 0 75
4918 0 75
4919 0 75
4920 0 75
4921 0 74
4922 0 75
4923 0 74
4924 0 74
4925 0 74
4926 0 74
4927 0 74
4928 0 74
4929 0 75
4930 0 74
4931 0 75
4932 0 75
4933 0 75
4934 0 75
4935 0 75
4936 0 75
4937 0 75
4938 0 74
4939 0 73
4940 0 75
4941 0 74
4942 0 75
4943 0 75
4944 0 75
4945 0 75
4946 0 75
4947 0 74
4948 0 74
4949 0 74
4950 0 73
4951 0 75
4952 0 74
4953 0 74
4954 0 74
4955 0 73
4956 0 74
4957 0 74
4958 0 74
4959 0 73
4960 0 75
4961 0 74
4962 0 74
4963 0 74
4964 0 73
4965 0 74
4966 0 73
4967 0 74
4968 0 74
4969 0 74
4970 0 74
4971 0 74
4972 0 74
4973 0 74
4974 0 75
4975 0 75
4976 0 75
4977 0 75
4978 0 75
4979 0 74
4980 0 74
4981 0 75
4982 0 75
4983 0 74
4984 0 74
4985 0 75
4986 0 75
4987 0 75
4988 0 75
4989 0 75
4990 0 74
4991 0 74
4992 0 75
4993 0 75
4994 0 75
4995 0 75
4996 0 75
4997 0 75
4998 0 75
4999 0 75
5000 0 75
5001 0 74
5002 0 73
5003 0 74
5004 0 74
5005 0 73
5006 0 74
5007 0 74
5008 0 74
5009 0 74
5010 0 74
5011 0 75
5012 0 75
5013 0 75
5014 0 75
5015 0 75
5016 0 75
5017 0 75
5018 0 75
5019 0 75
5020 0 74
5021 0 74
5022 0 74
5023 0 74
5024 0 74
5025 0 74
5026 0 74
5027 0 73
5028 0 74
5029 0 75
5030 0 75
5031 0 75
5032 0 75
5033 0 75
5034 0 74
5035 0 74
5036 0 75
5037 0 75
5038 0 74
5039 0 74
5040 0 75
5041 0 75
5042 0 75
5043 0 75
5044 0 75
5045 0 74
5046 0 74
5047 0 75
5048 0 75
5049 0 75
5050 0 75
5051 0 75
5052 0 75
5053 0 75
5054 0 75
5055 0 75
5056 0 74
5057 0 73
5058 0 74
5059 0 74
5060 0 73
5061 0 74
5062 0 74
5063 0 74
5064 0 74
5065 0 74
5066 0 75
5067 0 75
5068 0 75
5069 0 75
5070 0 75
5071 0 74
5072 0 74
5073 0 75
5074 0 75
5075 0 74
5076 0 74
5077 0 75
5078 0 75
5079 0 75
5080 0 75
5081 0 75
5082 0 74
5083 0 74
5084 0 75
5085 0 75
5086 0 75
5087 0 75
5088 0 75
5089 0 75
5090 0 75
5091 0 75
5092 0 75
5093 0 74
5094 0 73
5095 0 74
5096 0 74
5097 0 73
5098 0 74
5099 0 74
5100 0 74
5101 0 74
5102 0 74
5103 0 75
5104 0 75
5105 0 75
5106 0 75
5107 0 75
5108 0 75
5109 0 75
5110 0 75
5111 0 75
5112 0 74
5113 0 74
5114 0 74
5115 0 74
5116 0 74
5117 0 74
5118 0 74
5119 0 73
5120 0 74
5121 0 75
5122 0 75
5123 0 75
5124 0 75
5125 0 75
5126 0 74
5127 0 74
5128 0 75
5129 0 75
5130 0 74
5131 0 74
5132 0 75
5133 0 75
5134 0 75
5135 0 75
5136 0 75
5137 0 74
5138 0 74
5139 0 75
5140 0 75
5141 0 75
5142 0 75
5143 0 75
5144 0 75
5145 0 75
5146 0 75
5147 0 75
5148 0 74
5149 0 73
5150 0 74
5151 0 74
5152 0 73
5153 0 74
5154 0 74
5155 0 74
5156 0 74
5157 0 74
5158 0 75
5159 0 75
5160 0 74
5161 0 74
5162 0 74
5163 0 75
5164 0 75
5165 0 74
5166 0 74
5167 0 74
5168 0 73
5169 0 74
5170 0 73
5171 0 73
5172 0 73
5173 0 73
5174 0 73
5175 0 74
5176 0 74
5177 0 73
5178 0 74
5179 0 74
5180 0 74
5181 0 73
5182 0 73
5183 0 75
5184 0 75
5185 0 74
5186 0 74
5187 0 74
5188 0 75
5189 0 75
5190 0 74
5191 0 74
5192 0 74
5193 0 73
5194 0 74
5195 0 73
5196 0 73
5197 0 73
5198 0 73
5199 0 73
5200 0 74
5201 0 75
5202 0 74
5203 0 75
5204 0 75
5205 0 75
5206 0 73
5207 0 73
5208 0 75
5209 0 75
5210 0 74
5211 0 74
5212 0 75
5213 0 74
5214 0 75
5215 0 75
5216 0 75
5217 0 73
5218 0 73
5219 0 75
5220 0 74
5221 0 75
5222 0 75
5223 0 75
5224 0 73
5225 0 73
5226 0 75
5227 0 75
5228 0 74
5229 0 74
5230 0 75
5231 0 74
5232 0 75
5233 0 75
5234 0 75
5235 0 73
5236 0 73
5237 0 74
5238 0 74
5239 0 73
5240 0 74
5241 0 73
5242 0 74
5243 0 74
5244 0 73
5245 0 74
5246 0 74
5247 0 74
5248 0 74
5249 0 74
5250 0 74
5251 0 74
5252 0 74
5253 0 74
5254 0 74
5255 0 74
5256 0 76
5257 0 76
5258 0 76
5259 0 75
5260 0 76
5261 0 76
5262 0 76
5263 0 75
5264 0 76
5265 0 75
5266 0 75
5267 0 75
5268 0 75
5269 0 76
5270 0 75
5271 0 76
5272 0 75
5273 0 75
5274 0 75
5275 0 75
5276 0 75
5277 0 76
5278 0 76
5279 0 76
5280 0 75
5281 0 76
5282 0 76
5283 0 76
5284 0 75
5285 0 76
5286 0 75
5287 0 75
5288 0 75
5289 0 75
5290 0 76
5291 0 75
5292 0 76
5293 0 75
5294 0 76
5295 0 75
5296 0 75
5297 0 75
5298 0 76
5299 0 75
5300 0 76
5301 0 75
5302 0 76
5303 0 75
5304 0 76
5305 0 75
5306 0 75
5307 0 75
5308 0 75
5309 0 75
5310 0 75
5311 0 74
5312 0 75
5313 0 75
5314 0 75
5315 0 75
5316 0 75
5317 0 74
5318 0 75
5319 0 75
5320 0 75
5321 0 74
5322 0 75
5323 0 74
5324 0 75
5325 0 75
5326 0 75
5327 0 76
5328 0 75
5329 0 76
5330 0 75
5331 0 76
5332 0 75
5333 0 75
5334 0 75
5335 0 76
5336 0 75
5337 0 76
5338 0 75
5339 0 76
5340 0 75
5341 0 76
5342 0 75
5343 0 75
5344 0 75
5345 0 75
5346 0 75
5347 0 75
5348 0 74
5349 0 75
5350 0 75
5351 0 75
5352 0 74
5353 0 75
5354 0 74
5355 0 75
5356 0 74
5357 0 75
5358 0 74
5359 0 74
5360 0 75
5361 0 75
5362 0 74
5363 0 76
5364 0 76
5365 0 76
5366 0 75
5367 0 76
5368 0 76
5369 0 76
5370 0 75
5371 0 76
5372 0 75
5373 0 75
5374 0 75
5375 0 75
5376 0 76
5377 0 75
5378 0 76
5379 0 75
5380 0 75
5381 0 75
5382 0 75
5383 0 75
5384 0 76
5385 0 76
5386 0 76
5387 0 75
5388 0 76
5389 0 76
5390 0 76
5391 0 75
5392 0 76
5393 0 75
5394 0 75
5395 0 75
5396 0 75
5397 0 76
5398 0 75
5399 0 76
5400 0 75
5401 0 76
5402 0 75
5403 0 75
5404 0 75
5405 0 76
5406 0 75
5407 0 76
5408 0 75
5409 0 76
5410 0 75
5411 0 76
5412 0 75
5413 0 75
5414 0 75
5415 0 75
5416 0 75
5417 0 75
5418 0 74
5419 0 75
5420 0 75
5421 0 75
5422 0 75
5423 0 75
5424 0 74
5425 0 75
5426 0 75
5427 0 75
5428 0 74
5429 0 75
5430 0 74
5431 0 75
5432 0 75
5433 0 75
5434 0 76
5435 0 75
5436 0 76
5437 0 75
5438 0 76
5439 0 75
5440 0 75
5441 0 75
5442 0 76
5443 0 75
5444 0 76
5445 0 75
5446 0 76
5447 0 75
5448 0 76
5449 0 75
5450 0 75
5451 0 75
5452 0 76
5453 0 76
5454 0 76
5455 0 75
5456 0 76
5457 0 76
5458 0 75
5459 0 75
5460 0 75
5461 0 75
5462 0 75
5463 0 75
5464 0 75
5465 0 75
5466 0 75
5467 0 75
5468 0 75
5469 0 75
5470 0 76
5471 0 76
5472 0 76
5473 0 75
5474 0 76
5475 0 76
5476 0 75
5477 0 74
5478 0 75
5479 0 74
5480 0 75
5481 0 75
5482 0 74
5483 0 76
5484 0 75
5485 0 76
5486 0 75
5487 0 76
5488 0 75
5489 0 75
5490 0 75
5491 0 76
5492 0 75
5493 0 76
5494 0 75
5495 0 76
5496 0 75
5497 0 76
5498 0 75
5499 0 75
5500 0 75
5501 0 76
5502 0 76
5503 0 76
5504 0 75
5505 0 76
5506 0 76
5507 0 75
5508 0 75
5509 0 75
5510 0 75
5511 0 75
5512 0 75
5513 0 75
5514 0 75
5515 0 75
5516 0 75
5517 0 75
5518 0 75
5519 0 75
5520 0 75
5521 0 75
5522 0 74
5523 0 75
5524 0 75
5525 0 75
5526 0 75
5527 0 75
5528 0 75
5529 0 75
5530 0 75
5531 0 74
5532 0 75
5533 0 75
5534 0 75
5535 0 75
5536 0 74
5537 0 74
5538 0 74
5539 0 73
5540 0 75
5541 0 75
5542 0 75
5543 0 74
5544 0 75
5545 0 75
5546 0 75
5547 0 75
5548 0 75
5549 0 75
5550 0 75
5551 0 75
5552 0 74
5553 0 75
5554 0 75
5555 0 75
5556 0 74
5557 0 75
5558 0 75
5559 0 75
5560 0 75
5561 0 75
5562 0 75
5563 0 75
5564 0 75
5565 0 74
5566 0 75
5567 0 75
5568 0 75
5569 0 75
5570 0 74
5571 0 74
5572 0 74
5573 0 73
5574 0 75
5575 0 75
5576 0 75
5577 0 74
5578 0 75
5579 0 75
5580 0 75
5581 0 75
5582 0 75
5583 0 75
5584 0 75
5585 0 75
5586 0 74
5587 0 75
5588 0 74
5589 0 75
5590 0 74
5591 0 75
5592 0 74
5593 0 74
5594 0 74
5595 0 75
5596 0 74
5597 0 75
5598 0 74
5599 0 75
5600 0 74
5601 0 75
5602 0 74
5603 0 74
5604 0 74
5605 0 75
5606 0 75
5607 0 75
5608 0 74
5609 0 75
5610 0 75
5611 0 75
5612 0 75
5613 0 75
5614 0 74
5615 0 75
5616 0 75
5617 0 75
5618 0 73
5619 0 75
5620 0 73
5621 0 75
5622 0 75
5623 0 74
5624 0 76
5625 0 75
5626 0 76
5627 0 75
5628 0 76
5629 0 75
5630 0 75
5631 0 75
5632 0 76
5633 0 75
5634 0 76
5635 0 75
5636 0 76
5637 0 75
5638 0 76
5639 0 75
5640 0 75
5641 0 75
5642 0 76
5643 0 76
5644 0 76
5645 0 75
5646 0 76
5647 0 76
5648 0 75
5649 0 75
5650 0 75
5651 0 75
5652 0 75
5653 0 75
5654 0 75
5655 0 75
5656 0 75
5657 0 75
5658 0 75
5659 0 75
5660 0 76
5661 0 76
5662 0 76
5663 0 75
5664 0 76
5665 0 76
5666 0 75
5667 0 75
5668 0 75
5669 0 75
5670 0 75
5671 0 75
5672 0 74
5673 0 76
5674 0 75
5675 0 76
5676 0 75
5677 0 76
5678 0 75
5679 0 75
5680 0 75
5681 0 76
5682 0 75
5683 0 76
5684 0 75
5685 0 76
5686 0 75
5687 0 76
5688 0 75
5689 0 75
5690 0 75
5691 0 76
5692 0 76
5693 0 76
5694 0 75
5695 0 76
5696 0 76
5697 0 75
5698 0 75
5699 0 75
5700 0 75
5701 0 75
5702 0 75
5703 0 75
5704 0 75
5705 0 75
5706 0 75
5707 0 75
5708 0 75
5709 0 75
5710 0 75
5711 0 75
5712 0 74
5713 0 75
5714 0 75
5715 0 75
5716 0 74
5717 0 75
5718 0 74
5719 0 75
5720 0 75
5721 0 74
5722 0 75
5723 0 74
5724 0 75
5725 0 74
5726 0 74
5727 0 74
5728 0 74
5729 0 74
5730 0 75
5731 0 75
5732 0 75
5733 0 74
5734 0 75
5735 0 75
5736 0 75
5737 0 75
5738 0 75
5739 0 75
5740 0 75
5741 0 75
5742 0 74
5743 0 75
5744 0 74
5745 0 75
5746 0 74
5747 0 75
5748 0 74
5749 0 74
5750 0 74
5751 0 75
5752 0 74
5753 0 75
5754 0 74
5755 0 75
5756 0 74
5757 0 75
5758 0 74
5759 0 74
5760 0 74
5761 0 75
5762 0 74
5763 0 75
5764 0 74
5765 0 75
5766 0 74
5767 0 74
5768 0 74
5769 0 75
5770 0 74
5771 0 75
5772 0 74
5773 0 75
5774 0 74
5775 0 75
5776 0 74
5777 0 74
5778 0 74
5779 0 74
5780 0 74
5781 0 74
5782 0 73
5783 0 74
5784 0 74
5785 0 75
5786 0 73
5787 0 75
5788 0 73
5789 0 75
5790 0 73
5791 0 75
5792 0 73
5793 0 73
5794 0 74
5795 0 74
5796 0 74
5797 0 76
5798 0 76
5799 0 76
5800 0 75
5801 0 76
5802 0 76
5803 0 76
5804 0 75
5805 0 76
5806 0 75
5807 0 75
5808 0 75
5809 0 75
5810 0 76
5811 0 75
5812 0 76
5813 0 75
5814 0 75
5815 0 75
5816 0 75
5817 0 75
5818 0 76
5819 0 76
5820 0 76
5821 0 75
5822 0 76
5823 0 76
5824 0 76
5825 0 75
5826 0 76
5827 0 75
5828 0 75
5829 0 75
5830 0 75
5831 0 76
5832 0 75
5833 0 76
5834 0 75
5835 0 76
5836 0 75
5837 0 75
5838 0 75
5839 0 76
5840 0 75
5841 0 76
5842 0 75
5843 0 76
5844 0 75
5845 0 76
5846 0 75
5847 0 75
5848 0 75
5849 0 75
5850 0 75
5851 0 75
5852 0 74
5853 0 75
5854 0 75
5855 0 75
5856 0 75
5857 0 75
5858 0 74
5859 0 75
5860 0 75
5861 0 75
5862 0 74
5863 0 75
5864 0 74
5865 0 75
5866 0 75
5867 0 75
5868 0 76
5869 0 75
5870 0 76
5871 0 75
5872 0 76
5873 0 75
5874 0 75
5875 0 75
5876 0 76
5877 0 75
5878 0 76
5879 0 75
5880 0 76
5881 0 75
5882 0 76
5883 0 75
5884 0 75
5885 0 75
5886 0 75
5887 0 75
5888 0 75
5889 0 74
5890 0 75
5891 0 75
5892 0 75
5893 0 74
5894 0 75
5895 0 74
5896 0 75
5897 0 74
5898 0 75
5899 0 74
5900 0 74
5901 0 75
5902 0 75
5903 0 74
5904 0 76
5905 0 76
5906 0 76
5907 0 75
5908 0 76
5909 0 76
5910 0 76
5911 0 75
5912 0 76
5913 0 75
5914 0 75
5915 0 75
5916 0 75
5917 0 76
5918 0 75
5919 0 76
5920 0 75
5921 0 75
5922 0 75
5923 0 75
5924 0 75
5925 0 76
5926 0 76
5927 0 76
5928 0 75
5929 0 76
5930 0 76
5931 0 76
5932 0 75
5933 0 76
5934 0 75
5935 0 75
5936 0 75
5937 0 75
5938 0 76
5939 0 75
5940 0 76
5941 0 75
5942 0 76
5943 0 75
5944 0 75
5945 0 75
5946 0 76
5947 0 75
5948 0 76
5949 0 75
5950 0 76
5951 0 75
5952 0 76
5953 0 75
5954 0 75
5955 0 75
5956 0 75
5957 0 75
5958 0 75
5959 0 74
5960 0 75
5961 0 75
5962 0 75
5963 0 75
5964 0 75
5965 0 74
5966 0 75
5967 0 75
5968 0 75
5969 0 74
5970 0 75
5971 0 74
5972 0 75
5973 0 75
5974 0 75
5975 0 76
5976 0 75
5977 0 76
5978 0 75
5979 0 76
5980 0 75
5981 0 75
5982 0 75
5983 0 76
5984 0 75
5985 0 76
5986 0 75
5987 0 76
5988 0 75
5989 0 76
5990 0 75
5991 0 75
5992 0 75
5993 0 76
5994 0 76
5995 0 76
5996 0 75
5997 0 76
5998 0 76
5999 0 75
6000 0 75
6001 0 75
6002 0 75
6003 0 75
6004 0 75
6005 0 75
6006 0 75
6007 0 75
6008 0 75
6009 0 75
6010 0 75
6011 0 76
6012 0 76
6013 0 76
6014 0 75
6015 0 76
6016 0 76
6017 0 75
6018 0 74
6019 0 75
6020 0 74
6021 0 75
6022 0 75
6023 0 74
6024 0 76
6025 0 75
6026 0 76
6027 0 75
6028 0 76
6029 0 75
6030 0 75
6031 0 75
6032 0 76
6033 0 75
6034 0 76
6035 0 75
6036 0 76
6037 0 75
6038 0 76
6039 0 75
6040 0 75
6041 0 75
6042 0 76
6043 0 76
6044 0 76
6045 0 75
6046 0 76
6047 0 76
6048 0 75
6049 0 75
6050 0 75
6051 0 75
6052 0 75
6053 0 75
6054 0 75
6055 0 75
6056 0 75
6057 0 75
6058 0 75
6059 0 75
6060 0 75
6061 0 75
6062 0 75
6063 0 74
6064 0 75
6065 0 75
6066 0 75
6067 0 75
6068 0 75
6069 0 75
6070 0 75
6071 0 75
6072 0 74
6073 0 75
6074 0 75
6075 0 75
6076 0 75
6077 0 74
6078 0 74
6079 0 74
6080 0 73
6081 0 75
6082 0 75
6083 0 75
6084 0 74
6085 0 75
6086 0 75
6087 0 75
6088 0 75
6089 0 75
6090 0 75
6091 0 75
6092 0 75
6093 0 74
6094 0 75
6095 0 75
6096 0 75
6097 0 74
6098 0 75
6099 0 75
6100 0 75
6101 0 75
6102 0 75
6103 0 75
6104 0 75
6105 0 75
6106 0 74
6107 0 75
6108 0 75
6109 0 75
6110 0 75
6111 0 74
6112 0 74
6113 0 74
6114 0 73
6115 0 75
6116 0 75
6117 0 75
6118 0 74
6119 0 75
6120 0 75
6121 0 75
6122 0 75
6123 0 75
6124 0 75
6125 0 75
6126 0 75
6127 0 74
6128 0 75
6129 0 74
6130 0 75
6131 0 74
6132 0 75
6133 0 74
6134 0 74
6135 0 74
6136 0 75
6137 0 74
6138 0 75
6139 0 74
6140 0 75
6141 0 74
6142 0 75
6143 0 74
6144 0 74
6145 0 74
6146 0 75
6147 0 75
6148 0 75
6149 0 74
6150 0 75
6151 0 75
6152 0 75
6153 0 75
6154 0 75
6155 0 74
6156 0 75
6157 0 75
6158 0 75
6159 0 73
6160 0 75
6161 0 73
6162 0 75
6163 0 75
6164 0 74
6165 0 76
6166 0 75
6167 0 76
6168 0 75
6169 0 75
6170 0 75
6171 0 75
6172 0 75
6173 0 75
6174 0 75
6175 0 76
6176 0 75
6177 0 76
6178 0 75
6179 0 75
6180 0 75
6181 0 75
6182 0 75
6183 0 75
6184 0 76
6185 0 76
6186 0 74
6187 0 75
6188 0 76
6189 0 75
6190 0 74
6191 0 75
6192 0 74
6193 0 75
6194 0 74
6195 0 75
6196 0 74
6197 0 74
6198 0 75
6199 0 75
6200 0 74
6201 0 75
6202 0 76
6203 0 76
6204 0 74
6205 0 75
6206 0 76
6207 0 75
6208 0 74
6209 0 75
6210 0 74
6211 0 74
6212 0 74
6213 0 74
6214 0 76
6215 0 75
6216 0 76
6217 0 75
6218 0 75
6219 0 75
6220 0 75
6221 0 75
6222 0 75
6223 0 75
6224 0 76
6225 0 75
6226 0 76
6227 0 75
6228 0 75
6229 0 75
6230 0 75
6231 0 75
6232 0 75
6233 0 76
6234 0 76
6235 0 74
6236 0 75
6237 0 76
6238 0 75
6239 0 74
6240 0 75
6241 0 74
6242 0 75
6243 0 74
6244 0 75
6245 0 74
6246 0 74
6247 0 75
6248 0 75
6249 0 74
6250 0 75
6251 0 76
6252 0 76
6253 0 74
6254 0 75
6255 0 76
6256 0 76
6257 0 75
6258 0 76
6259 0 75
6260 0 74
6261 0 74
6262 0 75
6263 0 76
6264 0 75
6265 0 76
6266 0 75
6267 0 74
6268 0 75
6269 0 75
6270 0 73
6271 0 75
6272 0 76
6273 0 76
6274 0 74
6275 0 75
6276 0 76
6277 0 76
6278 0 75
6279 0 76
6280 0 75
6281 0 74
6282 0 74
6283 0 75
6284 0 75
6285 0 74
6286 0 75
6287 0 74
6288 0 74
6289 0 75
6290 0 75
6291 0 73
6292 0 75
6293 0 75
6294 0 75
6295 0 74
6296 0 75
6297 0 74
6298 0 74
6299 0 75
6300 0 75
6301 0 73
6302 0 75
6303 0 74
6304 0 75
6305 0 74
6306 0 74
6307 0 75
6308 0 75
6309 0 73
6310 0 75
6311 0 75
6312 0 75
6313 0 74
6314 0 75
6315 0 74
6316 0 74
6317 0 75
6318 0 75
6319 0 73
6320 0 74
6321 0 75
6322 0 75
6323 0 73
6324 0 74
6325 0 75
6326 0 75
6327 0 74
6328 0 75
6329 0 74
6330 0 75
6331 0 74
6332 0 75
6333 0 74
6334 0 74
6335 0 75
6336 0 75
6337 0 74
6338 0 75
6339 0 76
6340 0 76
6341 0 74
6342 0 75
6343 0 76
6344 0 76
6345 0 75
6346 0 76
6347 0 75
6348 0 74
6349 0 74
6350 0 75
6351 0 76
6352 0 75
6353 0 76
6354 0 75
6355 0 74
6356 0 75
6357 0 75
6358 0 73
6359 0 75
6360 0 76
6361 0 76
6362 0 74
6363 0 75
6364 0 76
6365 0 76
6366 0 75
6367 0 76
6368 0 75
6369 0 74
6370 0 74
6371 0 75
6372 0 75
6373 0 74
6374 0 75
6375 0 74
6376 0 74
6377 0 74
6378 0 74
6379 0 74
6380 0 74
6381 0 74
6382 0 75
6383 0 74
6384 0 75
6385 0 74
6386 0 74
6387 0 74
6388 0 74
6389 0 74
6390 0 74
6391 0 75
6392 0 75
6393 0 73
6394 0 74
6395 0 75
6396 0 74
6397 0 75
6398 0 75
6399 0 73
6400 0 74
6401 0 75
6402 0 74
6403 0 73
6404 0 74
6405 0 73
6406 0 74
6407 0 74
6408 0 73
6409 0 76
6410 0 75
6411 0 76
6412 0 75
6413 0 75
6414 0 75
6415 0 75
6416 0 75
6417 0 75
6418 0 75
6419 0 76
6420 0 75
6421 0 76
6422 0 75
6423 0 75
6424 0 75
6425 0 75
6426 0 75
6427 0 75
6428 0 76
6429 0 76
6430 0 74
6431 0 75
6432 0 76
6433 0 75
6434 0 74
6435 0 75
6436 0 74
6437 0 75
6438 0 74
6439 0 75
6440 0 74
6441 0 74
6442 0 75
6443 0 75
6444 0 74
6445 0 75
6446 0 76
6447 0 76
6448 0 74
6449 0 75
6450 0 76
6451 0 75
6452 0 74
6453 0 75
6454 0 74
6455 0 74
6456 0 74
6457 0 74
6458 0 76
6459 0 75
6460 0 76
6461 0 75
6462 0 75
6463 0 75
6464 0 75
6465 0 75
6466 0 75
6467 0 75
6468 0 76
6469 0 75
6470 0 76
6471 0 75
6472 0 75
6473 0 75
6474 0 75
6475 0 75
6476 0 75
6477 0 76
6478 0 76
6479 0 74
6480 0 75
6481 0 76
6482 0 75
6483 0 74
6484 0 75
6485 0 74
6486 0 75
6487 0 74
6488 0 75
6489 0 74
6490 0 74
6491 0 75
6492 0 75
6493 0 74
6494 0 75
6495 0 76
6496 0 76
6497 0 74
6498 0 75
6499 0 76
6500 0 76
6501 0 75
6502 0 76
6503 0 75
6504 0 75
6505 0 75
6506 0 75
6507 0 76
6508 0 75
6509 0 76
6510 0 75
6511 0 74
6512 0 75
6513 0 75
6514 0 73
6515 0 75
6516 0 76
6517 0 76
6518 0 74
6519 0 75
6520 0 76
6521 0 76
6522 0 75
6523 0 76
6524 0 75
6525 0 75
6526 0 75
6527 0 75
6528 0 75
6529 0 74
6530 0 75
6531 0 74
6532 0 74
6533 0 75
6534 0 75
6535 0 73
6536 0 75
6537 0 75
6538 0 75
6539 0 74
6540 0 75
6541 0 74
6542 0 74
6543 0 75
6544 0 75
6545 0 73
6546 0 75
6547 0 74
6548 0 75
6549 0 74
6550 0 74
6551 0 75
6552 0 75
6553 0 73
6554 0 75
6555 0 75
6556 0 75
6557 0 74
6558 0 75
6559 0 74
6560 0 74
6561 0 75
6562 0 75
6563 0 73
6564 0 74
6565 0 75
6566 0 75
6567 0 73
6568 0 74
6569 0 75
6570 0 75
6571 0 74
6572 0 75
6573 0 74
6574 0 75
6575 0 74
6576 0 75
6577 0 74
6578 0 74
6579 0 75
6580 0 75
6581 0 74
6582 0 75
6583 0 75
6584 0 75
6585 0 75
6586 0 75
6587 0 75
6588 0 75
6589 0 75
6590 0 75
6591 0 75
6592 0 74
6593 0 74
6594 0 74
6595 0 75
6596 0 75
6597 0 75
6598 0 75
6599 0 74
6600 0 74
6601 0 74
6602 0 74
6603 0 75
6604 0 75
6605 0 75
6606 0 75
6607 0 75
6608 0 75
6609 0 75
6610 0 75
6611 0 75
6612 0 75
6613 0 74
6614 0 74
6615 0 74
6616 0 75
6617 0 75
6618 0 75
6619 0 75
6620 0 75
6621 0 75
6622 0 75
6623 0 75
6624 0 75
6625 0 74
6626 0 75
6627 0 75
6628 0 75
6629 0 75
6630 0 75
6631 0 75
6632 0 75
6633 0 75
6634 0 74
6635 0 75
6636 0 75
6637 0 73
6638 0 74
6639 0 75
6640 0 74
6641 0 75
6642 0 75
6643 0 73
6644 0 74
6645 0 75
6646 0 74
6647 0 74
6648 0 74
6649 0 74
6650 0 74
6651 0 74
6652 0 73
6653 0 75
6654 0 75
6655 0 75
6656 0 75
6657 0 75
6658 0 75
6659 0 75
6660 0 75
6661 0 75
6662 0 75
6663 0 75
6664 0 75
6665 0 75
6666 0 75
6667 0 75
6668 0 75
6669 0 75
6670 0 75
6671 0 74
6672 0 74
6673 0 74
6674 0 74
6675 0 74
6676 0 75
6677 0 74
6678 0 74
6679 0 74
6680 0 74
6681 0 74
6682 0 74
6683 0 74
6684 0 74
6685 0 73
6686 0 73
6687 0 73
6688 0 74
6689 0 75
6690 0 75
6691 0 75
6692 0 75
6693 0 75
6694 0 75
6695 0 75
6696 0 75
6697 0 75
6698 0 75
6699 0 74
6700 0 74
6701 0 74
6702 0 75
6703 0 75
6704 0 75
6705 0 75
6706 0 74
6707 0 74
6708 0 74
6709 0 74
6710 0 75
6711 0 75
6712 0 75
6713 0 75
6714 0 75
6715 0 75
6716 0 75
6717 0 75
6718 0 75
6719 0 75
6720 0 74
6721 0 74
6722 0 74
6723 0 75
6724 0 75
6725 0 75
6726 0 75
6727 0 75
6728 0 75
6729 0 75
6730 0 75
6731 0 75
6732 0 74
6733 0 75
6734 0 75
6735 0 75
6736 0 75
6737 0 75
6738 0 75
6739 0 75
6740 0 75
6741 0 74
6742 0 75
6743 0 75
6744 0 73
6745 0 74
6746 0 75
6747 0 74
6748 0 75
6749 0 75
6750 0 73
6751 0 74
6752 0 75
6753 0 74
6754 0 74
6755 0 74
6756 0 74
6757 0 74
6758 0 74
6759 0 73
6760 0 75
6761 0 75
6762 0 75
6763 0 75
6764 0 75
6765 0 75
6766 0 75
6767 0 75
6768 0 75
6769 0 75
6770 0 74
6771 0 74
6772 0 74
6773 0 75
6774 0 75
6775 0 75
6776 0 75
6777 0 74
6778 0 74
6779 0 74
6780 0 74
6781 0 75
6782 0 75
6783 0 75
6784 0 75
6785 0 75
6786 0 75
6787 0 75
6788 0 75
6789 0 75
6790 0 75
6791 0 74
6792 0 74
6793 0 74
6794 0 75
6795 0 75
6796 0 75
6797 0 75
6798 0 75
6799 0 75
6800 0 75
6801 0 75
6802 0 75
6803 0 74
6804 0 75
6805 0 75
6806 0 75
6807 0 75
6808 0 75
6809 0 75
6810 0 75
6811 0 75
6812 0 74
6813 0 75
6814 0 75
6815 0 73
6816 0 74
6817 0 75
6818 0 74
6819 0 75
6820 0 75
6821 0 73
6822 0 74
6823 0 75
6824 0 74
6825 0 74
6826 0 74
6827 0 74
6828 0 74
6829 0 74
6830 0 73
6831 0 75
6832 0 75
6833 0 75
6834 0 75
6835 0 75
6836 0 75
6837 0 75
6838 0 75
6839 0 75
6840 0 75
6841 0 75
6842 0 75
6843 0 75
6844 0 75
6845 0 75
6846 0 75
6847 0 75
6848 0 75
6849 0 74
6850 0 74
6851 0 74
6852 0 74
6853 0 74
6854 0 75
6855 0 74
6856 0 74
6857 0 74
6858 0 74
6859 0 74
6860 0 74
6861 0 74
6862 0 74
6863 0 73
6864 0 73
6865 0 73
6866 0 74
6867 0 75
6868 0 75
6869 0 75
6870 0 75
6871 0 75
6872 0 75
6873 0 75
6874 0 75
6875 0 75
6876 0 75
6877 0 74
6878 0 74
6879 0 74
6880 0 75
6881 0 75
6882 0 75
6883 0 75
6884 0 74
6885 0 74
6886 0 74
6887 0 74
6888 0 75
6889 0 75
6890 0 75
6891 0 75
6892 0 75
6893 0 75
6894 0 75
6895 0 75
6896 0 75
6897 0 75
6898 0 74
6899 0 74
6900 0 74
6901 0 75
6902 0 75
6903 0 75
6904 0 75
6905 0 75
6906 0 75
6907 0 75
6908 0 75
6909 0 75
6910 0 74
6911 0 75
6912 0 75
6913 0 75
6914 0 75
6915 0 75
6916 0 75
6917 0 75
6918 0 75
6919 0 74
6920 0 75
6921 0 75
6922 0 73
6923 0 74
6924 0 75
6925 0 74
6926 0 75
6927 0 75
6928 0 73
6929 0 74
6930 0 75
6931 0 74
6932 0 74
6933 0 74
6934 0 74
6935 0 74
6936 0 74
6937 0 73
6938 0 75
6939 0 75
6940 0 75
6941 0 75
6942 0 74
6943 0 74
6944 0 74
6945 0 74
6946 0 74
6947 0 74
6948 0 75
6949 0 75
6950 0 75
6951 0 75
6952 0 74
6953 0 74
6954 0 74
6955 0 74
6956 0 74
6957 0 75
6958 0 75
6959 0 73
6960 0 74
6961 0 75
6962 0 74
6963 0 73
6964 0 74
6965 0 73
6966 0 74
6967 0 73
6968 0 74
6969 0 73
6970 0 73
6971 0 74
6972 0 74
6973 0 74
6974 0 74
6975 0 75
6976 0 75
6977 0 73
6978 0 74
6979 0 75
6980 0 74
6981 0 74
6982 0 74
6983 0 74
6984 0 73
6985 0 73
6986 0 73
6987 0 75
6988 0 75
6989 0 75
6990 0 75
6991 0 74
6992 0 74
6993 0 74
6994 0 74
6995 0 74
6996 0 74
6997 0 75
6998 0 75
6999 0 75
7000 0 75
7001 0 74
7002 0 74
7003 0 74
7004 0 74
7005 0 74
7006 0 75
7007 0 75
7008 0 73
7009 0 74
7010 0 75
7011 0 74
7012 0 73
7013 0 74
7014 0 73
7015 0 74
7016 0 73
7017 0 74
7018 0 73
7019 0 73
7020 0 74
7021 0 74
7022 0 74
7023 0 75
7024 0 75
7025 0 75
7026 0 74
7027 0 75
7028 0 75
7029 0 75
7030 0 75
7031 0 75
7032 0 75
7033 0 73
7034 0 73
7035 0 74
7036 0 75
7037 0 75
7038 0 75
7039 0 75
7040 0 74
7041 0 74
7042 0 74
7043 0 74
7044 0 75
7045 0 75
7046 0 75
7047 0 74
7048 0 75
7049 0 75
7050 0 75
7051 0 75
7052 0 75
7053 0 75
7054 0 73
7055 0 73
7056 0 74
7057 0 75
7058 0 75
7059 0 75
7060 0 74
7061 0 75
7062 0 75
7063 0 75
7064 0 75
7065 0 75
7066 0 75
7067 0 73
7068 0 73
7069 0 74
7070 0 75
7071 0 75
7072 0 75
7073 0 75
7074 0 74
7075 0 74
7076 0 74
7077 0 74
7078 0 75
7079 0 75
7080 0 75
7081 0 74
7082 0 75
7083 0 75
7084 0 75
7085 0 75
7086 0 75
7087 0 75
7088 0 73
7089 0 73
7090 0 74
7091 0 75
7092 0 74
7093 0 75
7094 0 74
7095 0 73
7096 0 73
7097 0 73
7098 0 74
7099 0 73
7100 0 74
7101 0 75
7102 0 74
7103 0 75
7104 0 74
7105 0 73
7106 0 73
7107 0 73
7108 0 74
7109 0 74
7110 0 75
7111 0 75
7112 0 74
7113 0 74
7114 0 75
7115 0 74
7116 0 75
7117 0 75
7118 0 74
7119 0 74
7120 0 75
7121 0 74
7122 0 74
7123 0 74
7124 0 74
7125 0 74
7126 0 74
7127 0 74
