0 0 14
1 0 14
2 0 14
3 0 14
4 0 14
5 0 13
6 0 14
7 0 14
8 0 13
9 0 13
10 0 14
11 0 14
12 0 14
13 0 14
14 0 14
15 0 13
16 0 14
17 0 14
18 0 13
19 0 13
20 0 13
21 0 14
22 0 14
23 0 13
24 0 13
25 0 13
26 0 13
27 0 13
28 0 13
29 0 13
30 0 13
31 0 13
32 0 13
33 0 12
34 0 14
35 0 14
36 0 13
37 0 13
38 0 13
39 0 14
40 0 14
41 0 13
42 0 13
43 0 13
44 0 13
45 0 13
46 0 13
47 0 13
48 0 13
49 0 13
50 0 12
51 0 12
52 0 14
53 0 14
54 0 14
55 0 14
56 0 14
57 0 13
58 0 14
59 0 14
60 0 13
61 0 13
62 0 14
63 0 14
64 0 14
65 0 14
66 0 14
67 0 13
68 0 14
69 0 14
70 0 13
71 0 13
72 0 13
73 0 14
74 0 14
75 0 13
76 0 13
77 0 13
78 0 13
79 0 13
80 0 13
81 0 13
82 0 13
83 0 13
84 0 13
85 0 12
86 0 14
87 0 14
88 0 12
89 0 12
90 0 13
91 0 14
92 0 15
93 0 12
94 0 12
95 0 13
96 0 13
97 0 13
98 0 13
99 0 13
100 0 13
101 0 13
102 0 12
103 0 12
104 0 13
105 0 13
106 0 13
107 0 13
108 0 13
109 0 12
110 0 14
111 0 14
112 0 12
113 0 12
114 0 13
115 0 14
116 0 15
117 0 12
118 0 12
119 0 13
120 0 13
121 0 13
122 0 13
123 0 13
124 0 13
125 0 13
126 0 12
127 0 12
128 0 12
129 0 12
130 0 12
131 0 13
132 0 13
133 0 12
134 0 13
135 0 13
136 0 11
137 0 11
138 0 12
139 0 12
140 0 12
141 0 13
142 0 13
143 0 12
144 0 12
145 0 12
146 0 12
147 0 13
148 0 13
149 0 12
150 0 13
151 0 13
152 0 11
153 0 11
154 0 12
155 0 12
156 0 12
157 0 13
158 0 13
159 0 12
160 0 13
161 0 13
162 0 11
163 0 11
164 0 12
165 0 13
166 0 14
167 0 11
168 0 11
169 0 12
170 0 12
171 0 12
172 0 12
173 0 12
174 0 12
175 0 12
176 0 13
177 0 12
178 0 14
179 0 14
180 0 12
181 0 12
182 0 13
183 0 14
184 0 15
185 0 12
186 0 12
187 0 13
188 0 13
189 0 13
190 0 13
191 0 13
192 0 13
193 0 13
194 0 12
195 0 12
196 0 13
197 0 13
198 0 13
199 0 13
200 0 13
201 0 12
202 0 14
203 0 14
204 0 12
205 0 12
206 0 13
207 0 14
208 0 15
209 0 12
210 0 12
211 0 13
212 0 13
213 0 13
214 0 13
215 0 13
216 0 13
217 0 13
218 0 12
219 0 12
220 0 13
221 0 13
222 0 13
223 0 13
224 0 13
225 0 12
226 0 13
227 0 13
228 0 12
229 0 12
230 0 13
231 0 13
232 0 13
233 0 13
234 0 13
235 0 12
236 0 13
237 0 13
238 0 12
239 0 12
240 0 12
241 0 13
242 0 13
243 0 12
244 0 12
245 0 13
246 0 13
247 0 12
248 0 12
249 0 12
250 0 13
251 0 13
252 0 12
253 0 12
254 0 12
255 0 12
256 0 12
257 0 12
258 0 12
259 0 12
260 0 12
261 0 12
262 0 12
263 0 14
264 0 14
265 0 14
266 0 14
267 0 14
268 0 13
269 0 14
270 0 14
271 0 13
272 0 13
273 0 14
274 0 14
275 0 14
276 0 14
277 0 14
278 0 13
279 0 14
280 0 14
281 0 13
282 0 13
283 0 13
284 0 14
285 0 14
286 0 13
287 0 13
288 0 13
289 0 13
290 0 13
291 0 13
292 0 13
293 0 13
294 0 13
295 0 13
296 0 12
297 0 14
298 0 14
299 0 13
300 0 13
301 0 13
302 0 14
303 0 14
304 0 13
305 0 13
306 0 13
307 0 13
308 0 13
309 0 13
310 0 13
311 0 13
312 0 13
313 0 13
314 0 13
315 0 15
316 0 15
317 0 15
318 0 14
319 0 14
320 0 13
321 0 14
322 0 14
323 0 14
324 0 14
325 0 15
326 0 15
327 0 15
328 0 14
329 0 14
330 0 13
331 0 14
332 0 14
333 0 13
334 0 13
335 0 13
336 0 14
337 0 14
338 0 13
339 0 13
340 0 13
341 0 13
342 0 13
343 0 13
344 0 13
345 0 13
346 0 13
347 0 13
348 0 12
349 0 14
350 0 14
351 0 12
352 0 12
353 0 13
354 0 14
355 0 15
356 0 12
357 0 12
358 0 13
359 0 13
360 0 13
361 0 13
362 0 13
363 0 13
364 0 13
365 0 12
366 0 12
367 0 13
368 0 13
369 0 13
370 0 13
371 0 13
372 0 12
373 0 14
374 0 14
375 0 12
376 0 12
377 0 13
378 0 14
379 0 15
380 0 12
381 0 12
382 0 13
383 0 13
384 0 13
385 0 13
386 0 13
387 0 13
388 0 13
389 0 12
390 0 12
391 0 12
392 0 12
393 0 12
394 0 13
395 0 13
396 0 12
397 0 13
398 0 13
399 0 11
400 0 11
401 0 12
402 0 12
403 0 12
404 0 13
405 0 13
406 0 12
407 0 12
408 0 12
409 0 12
410 0 13
411 0 13
412 0 12
413 0 13
414 0 13
415 0 11
416 0 11
417 0 12
418 0 12
419 0 12
420 0 13
421 0 13
422 0 12
423 0 13
424 0 13
425 0 11
426 0 11
427 0 12
428 0 13
429 0 14
430 0 11
431 0 11
432 0 12
433 0 12
434 0 12
435 0 12
436 0 12
437 0 12
438 0 12
439 0 13
440 0 12
441 0 14
442 0 14
443 0 13
444 0 13
445 0 13
446 0 14
447 0 14
448 0 13
449 0 13
450 0 13
451 0 13
452 0 13
453 0 12
454 0 12
455 0 12
456 0 12
457 0 12
458 0 12
459 0 13
460 0 13
461 0 13
462 0 13
463 0 13
464 0 12
465 0 14
466 0 14
467 0 13
468 0 13
469 0 13
470 0 15
471 0 15
472 0 13
473 0 13
474 0 13
475 0 13
476 0 13
477 0 12
478 0 12
479 0 12
480 0 12
481 0 12
482 0 12
483 0 13
484 0 13
485 0 13
486 0 13
487 0 13
488 0 12
489 0 13
490 0 13
491 0 12
492 0 12
493 0 13
494 0 13
495 0 13
496 0 13
497 0 13
498 0 12
499 0 13
500 0 13
501 0 12
502 0 12
503 0 12
504 0 13
505 0 13
506 0 12
507 0 12
508 0 13
509 0 13
510 0 12
511 0 12
512 0 12
513 0 13
514 0 13
515 0 12
516 0 12
517 0 12
518 0 12
519 0 12
520 0 12
521 0 12
522 0 12
523 0 12
524 0 12
525 0 12
526 0 13
527 0 13
528 0 13
529 0 13
530 0 13
531 0 12
532 0 13
533 0 13
534 0 12
535 0 12
536 0 13
537 0 13
538 0 13
539 0 13
540 0 13
541 0 12
542 0 13
543 0 13
544 0 12
545 0 12
546 0 12
547 0 13
548 0 13
549 0 12
550 0 12
551 0 12
552 0 12
553 0 12
554 0 12
555 0 12
556 0 12
557 0 12
558 0 12
559 0 12
560 0 14
561 0 14
562 0 13
563 0 13
564 0 13
565 0 14
566 0 14
567 0 13
568 0 13
569 0 13
570 0 13
571 0 13
572 0 12
573 0 12
574 0 12
575 0 12
576 0 12
577 0 12
578 0 13
579 0 13
580 0 13
581 0 13
582 0 13
583 0 12
584 0 14
585 0 14
586 0 13
587 0 13
588 0 13
589 0 15
590 0 15
591 0 13
592 0 13
593 0 13
594 0 13
595 0 13
596 0 12
597 0 12
598 0 12
599 0 12
600 0 12
601 0 12
602 0 13
603 0 13
604 0 13
605 0 13
606 0 13
607 0 12
608 0 13
609 0 13
610 0 12
611 0 12
612 0 13
613 0 13
614 0 13
615 0 13
616 0 13
617 0 12
618 0 13
619 0 13
620 0 12
621 0 12
622 0 12
623 0 13
624 0 13
625 0 12
626 0 12
627 0 13
628 0 13
629 0 12
630 0 12
631 0 12
632 0 13
633 0 13
634 0 12
635 0 12
636 0 12
637 0 12
638 0 12
639 0 12
640 0 12
641 0 12
642 0 12
643 0 12
644 0 12
645 0 13
646 0 13
647 0 13
648 0 12
649 0 12
650 0 11
651 0 12
652 0 12
653 0 12
654 0 12
655 0 13
656 0 13
657 0 13
658 0 12
659 0 12
660 0 11
661 0 13
662 0 13
663 0 12
664 0 12
665 0 12
666 0 13
667 0 13
668 0 12
669 0 12
670 0 12
671 0 12
672 0 12
673 0 12
674 0 12
675 0 12
676 0 12
677 0 12
678 0 11
679 0 13
680 0 13
681 0 12
682 0 12
683 0 12
684 0 13
685 0 13
686 0 12
687 0 12
688 0 12
689 0 12
690 0 12
691 0 11
692 0 11
693 0 11
694 0 11
695 0 11
696 0 11
697 0 13
698 0 13
699 0 13
700 0 12
701 0 12
702 0 11
703 0 12
704 0 12
705 0 12
706 0 12
707 0 13
708 0 13
709 0 13
710 0 12
711 0 12
712 0 11
713 0 13
714 0 13
715 0 12
716 0 12
717 0 12
718 0 13
719 0 13
720 0 12
721 0 12
722 0 12
723 0 12
724 0 12
725 0 12
726 0 12
727 0 12
728 0 12
729 0 12
730 0 11
731 0 13
732 0 13
733 0 13
734 0 12
735 0 12
736 0 11
737 0 12
738 0 12
739 0 12
740 0 12
741 0 13
742 0 13
743 0 13
744 0 12
745 0 12
746 0 11
747 0 13
748 0 13
749 0 12
750 0 12
751 0 12
752 0 13
753 0 13
754 0 12
755 0 12
756 0 12
757 0 12
758 0 12
759 0 12
760 0 12
761 0 12
762 0 12
763 0 12
764 0 11
765 0 13
766 0 13
767 0 12
768 0 12
769 0 12
770 0 13
771 0 13
772 0 12
773 0 12
774 0 12
775 0 12
776 0 12
777 0 11
778 0 11
779 0 11
780 0 11
781 0 11
782 0 11
783 0 13
784 0 13
785 0 13
786 0 12
787 0 12
788 0 11
789 0 12
790 0 12
791 0 12
792 0 12
793 0 13
794 0 13
795 0 13
796 0 12
797 0 12
798 0 11
799 0 13
800 0 13
801 0 12
802 0 12
803 0 12
804 0 13
805 0 13
806 0 12
807 0 12
808 0 12
809 0 12
810 0 12
811 0 12
812 0 12
813 0 12
814 0 12
815 0 12
816 0 11
817 0 13
818 0 13
819 0 12
820 0 12
821 0 12
822 0 13
823 0 13
824 0 12
825 0 12
826 0 12
827 0 12
828 0 12
829 0 11
830 0 11
831 0 11
832 0 11
833 0 11
834 0 11
835 0 12
836 0 12
837 0 12
838 0 12
839 0 12
840 0 11
841 0 13
842 0 13
843 0 12
844 0 12
845 0 12
846 0 14
847 0 14
848 0 12
849 0 12
850 0 12
851 0 12
852 0 12
853 0 11
854 0 11
855 0 11
856 0 11
857 0 11
858 0 11
859 0 12
860 0 12
861 0 12
862 0 12
863 0 12
864 0 11
865 0 12
866 0 12
867 0 11
868 0 11
869 0 12
870 0 12
871 0 12
872 0 12
873 0 12
874 0 11
875 0 12
876 0 12
877 0 12
878 0 12
879 0 12
880 0 11
881 0 12
882 0 12
883 0 11
884 0 11
885 0 12
886 0 12
887 0 12
888 0 12
889 0 12
890 0 11
891 0 12
892 0 12
893 0 11
894 0 11
895 0 11
896 0 13
897 0 13
898 0 11
899 0 11
900 0 12
901 0 12
902 0 12
903 0 12
904 0 12
905 0 12
906 0 12
907 0 12
908 0 11
909 0 14
910 0 14
911 0 13
912 0 13
913 0 13
914 0 14
915 0 14
916 0 13
917 0 13
918 0 13
919 0 13
920 0 13
921 0 12
922 0 12
923 0 12
924 0 12
925 0 12
926 0 12
927 0 13
928 0 13
929 0 13
930 0 13
931 0 13
932 0 12
933 0 14
934 0 14
935 0 13
936 0 13
937 0 13
938 0 15
939 0 15
940 0 13
941 0 13
942 0 13
943 0 13
944 0 13
945 0 12
946 0 12
947 0 12
948 0 12
949 0 12
950 0 12
951 0 13
952 0 13
953 0 13
954 0 13
955 0 13
956 0 12
957 0 13
958 0 13
959 0 12
960 0 12
961 0 13
962 0 13
963 0 13
964 0 13
965 0 13
966 0 12
967 0 13
968 0 13
969 0 12
970 0 12
971 0 12
972 0 13
973 0 13
974 0 12
975 0 12
976 0 13
977 0 13
978 0 12
979 0 12
980 0 12
981 0 13
982 0 13
983 0 12
984 0 12
985 0 12
986 0 12
987 0 12
988 0 12
989 0 12
990 0 12
991 0 12
992 0 12
993 0 12
994 0 13
995 0 13
996 0 13
997 0 13
998 0 13
999 0 12
1000 0 13
1001 0 13
1002 0 12
1003 0 12
1004 0 13
1005 0 13
1006 0 13
1007 0 13
1008 0 13
1009 0 12
1010 0 13
1011 0 13
1012 0 12
1013 0 12
1014 0 12
1015 0 13
1016 0 13
1017 0 12
1018 0 12
1019 0 12
1020 0 12
1021 0 12
1022 0 12
1023 0 12
1024 0 12
1025 0 12
1026 0 12
1027 0 12
1028 0 14
1029 0 14
1030 0 13
1031 0 13
1032 0 13
1033 0 14
1034 0 14
1035 0 13
1036 0 13
1037 0 13
1038 0 13
1039 0 13
1040 0 12
1041 0 12
1042 0 12
1043 0 12
1044 0 12
1045 0 12
1046 0 13
1047 0 13
1048 0 13
1049 0 13
1050 0 13
1051 0 12
1052 0 14
1053 0 14
1054 0 13
1055 0 13
1056 0 13
1057 0 15
1058 0 15
1059 0 13
1060 0 13
1061 0 13
1062 0 13
1063 0 13
1064 0 12
1065 0 12
1066 0 12
1067 0 12
1068 0 12
1069 0 12
1070 0 13
1071 0 13
1072 0 13
1073 0 13
1074 0 13
1075 0 12
1076 0 13
1077 0 13
1078 0 12
1079 0 12
1080 0 13
1081 0 13
1082 0 13
1083 0 13
1084 0 13
1085 0 12
1086 0 13
1087 0 13
1088 0 12
1089 0 12
1090 0 12
1091 0 13
1092 0 13
1093 0 12
1094 0 12
1095 0 13
1096 0 13
1097 0 12
1098 0 12
1099 0 12
1100 0 13
1101 0 13
1102 0 12
1103 0 12
1104 0 12
1105 0 12
1106 0 12
1107 0 12
1108 0 12
1109 0 12
1110 0 12
1111 0 12
1112 0 12
1113 0 13
1114 0 13
1115 0 13
1116 0 13
1117 0 13
1118 0 12
1119 0 13
1120 0 13
1121 0 12
1122 0 12
1123 0 13
1124 0 13
1125 0 13
1126 0 13
1127 0 13
1128 0 12
1129 0 13
1130 0 13
1131 0 12
1132 0 12
1133 0 12
1134 0 13
1135 0 13
1136 0 12
1137 0 12
1138 0 12
1139 0 12
1140 0 12
1141 0 12
1142 0 12
1143 0 12
1144 0 12
1145 0 12
1146 0 11
1147 0 13
1148 0 13
1149 0 12
1150 0 12
1151 0 12
1152 0 13
1153 0 13
1154 0 12
1155 0 12
1156 0 12
1157 0 12
1158 0 12
1159 0 12
1160 0 12
1161 0 12
1162 0 12
1163 0 11
1164 0 11
1165 0 13
1166 0 13
1167 0 13
1168 0 13
1169 0 13
1170 0 12
1171 0 13
1172 0 13
1173 0 12
1174 0 12
1175 0 13
1176 0 13
1177 0 13
1178 0 13
1179 0 13
1180 0 12
1181 0 13
1182 0 13
1183 0 12
1184 0 12
1185 0 12
1186 0 13
1187 0 13
1188 0 12
1189 0 12
1190 0 12
1191 0 12
1192 0 12
1193 0 12
1194 0 12
1195 0 12
1196 0 12
1197 0 12
1198 0 11
1199 0 13
1200 0 13
1201 0 11
1202 0 11
1203 0 12
1204 0 13
1205 0 14
1206 0 11
1207 0 11
1208 0 12
1209 0 12
1210 0 12
1211 0 12
1212 0 12
1213 0 12
1214 0 12
1215 0 11
1216 0 11
1217 0 12
1218 0 12
1219 0 12
1220 0 12
1221 0 12
1222 0 11
1223 0 13
1224 0 13
1225 0 11
1226 0 11
1227 0 12
1228 0 13
1229 0 14
1230 0 11
1231 0 11
1232 0 12
1233 0 12
1234 0 12
1235 0 12
1236 0 12
1237 0 12
1238 0 12
1239 0 11
1240 0 11
1241 0 13
1242 0 13
1243 0 11
1244 0 11
1245 0 12
1246 0 13
1247 0 14
1248 0 11
1249 0 11
1250 0 12
1251 0 12
1252 0 12
1253 0 12
1254 0 12
1255 0 12
1256 0 12
1257 0 11
1258 0 11
1259 0 12
1260 0 12
1261 0 12
1262 0 12
1263 0 12
1264 0 11
1265 0 13
1266 0 13
1267 0 11
1268 0 11
1269 0 12
1270 0 13
1271 0 14
1272 0 11
1273 0 11
1274 0 12
1275 0 12
1276 0 12
1277 0 12
1278 0 12
1279 0 12
1280 0 12
1281 0 11
1282 0 11
1283 0 12
1284 0 12
1285 0 12
1286 0 12
1287 0 12
1288 0 11
1289 0 12
1290 0 12
1291 0 11
1292 0 11
1293 0 12
1294 0 12
1295 0 12
1296 0 12
1297 0 12
1298 0 11
1299 0 12
1300 0 13
1301 0 11
1302 0 11
1303 0 11
1304 0 12
1305 0 13
1306 0 11
1307 0 11
1308 0 12
1309 0 13
1310 0 11
1311 0 11
1312 0 11
1313 0 12
1314 0 13
1315 0 11
1316 0 11
1317 0 12
1318 0 12
1319 0 12
1320 0 12
1321 0 12
1322 0 12
1323 0 12
1324 0 11
1325 0 11
1326 0 14
1327 0 14
1328 0 14
1329 0 14
1330 0 14
1331 0 13
1332 0 14
1333 0 14
1334 0 13
1335 0 13
1336 0 14
1337 0 14
1338 0 14
1339 0 14
1340 0 14
1341 0 13
1342 0 14
1343 0 15
1344 0 13
1345 0 13
1346 0 13
1347 0 14
1348 0 15
1349 0 13
1350 0 13
1351 0 13
1352 0 13
1353 0 13
1354 0 13
1355 0 13
1356 0 13
1357 0 13
1358 0 14
1359 0 13
1360 0 14
1361 0 15
1362 0 13
1363 0 13
1364 0 13
1365 0 14
1366 0 15
1367 0 13
1368 0 13
1369 0 13
1370 0 13
1371 0 13
1372 0 13
1373 0 13
1374 0 13
1375 0 13
1376 0 12
1377 0 12
1378 0 14
1379 0 14
1380 0 14
1381 0 14
1382 0 14
1383 0 13
1384 0 14
1385 0 14
1386 0 13
1387 0 13
1388 0 14
1389 0 14
1390 0 14
1391 0 14
1392 0 14
1393 0 13
1394 0 14
1395 0 15
1396 0 13
1397 0 13
1398 0 13
1399 0 14
1400 0 15
1401 0 13
1402 0 13
1403 0 13
1404 0 13
1405 0 13
1406 0 13
1407 0 13
1408 0 13
1409 0 13
1410 0 14
1411 0 13
1412 0 14
1413 0 14
1414 0 12
1415 0 12
1416 0 13
1417 0 14
1418 0 15
1419 0 12
1420 0 12
1421 0 13
1422 0 13
1423 0 13
1424 0 13
1425 0 13
1426 0 13
1427 0 13
1428 0 12
1429 0 12
1430 0 13
1431 0 13
1432 0 13
1433 0 13
1434 0 13
1435 0 12
1436 0 14
1437 0 14
1438 0 12
1439 0 12
1440 0 13
1441 0 14
1442 0 15
1443 0 12
1444 0 12
1445 0 13
1446 0 13
1447 0 13
1448 0 13
1449 0 13
1450 0 13
1451 0 13
1452 0 12
1453 0 12
1454 0 12
1455 0 12
1456 0 12
1457 0 13
1458 0 13
1459 0 12
1460 0 13
1461 0 13
1462 0 11
1463 0 11
1464 0 12
1465 0 12
1466 0 12
1467 0 13
1468 0 13
1469 0 12
1470 0 12
1471 0 12
1472 0 12
1473 0 13
1474 0 13
1475 0 12
1476 0 13
1477 0 13
1478 0 11
1479 0 11
1480 0 12
1481 0 12
1482 0 12
1483 0 13
1484 0 13
1485 0 12
1486 0 13
1487 0 13
1488 0 11
1489 0 11
1490 0 12
1491 0 13
1492 0 14
1493 0 11
1494 0 11
1495 0 12
1496 0 12
1497 0 12
1498 0 12
1499 0 12
1500 0 12
1501 0 12
1502 0 13
1503 0 12
1504 0 14
1505 0 14
1506 0 12
1507 0 12
1508 0 13
1509 0 14
1510 0 15
1511 0 12
1512 0 12
1513 0 13
1514 0 13
1515 0 13
1516 0 13
1517 0 13
1518 0 13
1519 0 13
1520 0 12
1521 0 12
1522 0 13
1523 0 13
1524 0 13
1525 0 13
1526 0 13
1527 0 12
1528 0 14
1529 0 14
1530 0 12
1531 0 12
1532 0 13
1533 0 14
1534 0 15
1535 0 12
1536 0 12
1537 0 13
1538 0 13
1539 0 13
1540 0 13
1541 0 13
1542 0 13
1543 0 13
1544 0 12
1545 0 12
1546 0 13
1547 0 13
1548 0 13
1549 0 13
1550 0 13
1551 0 12
1552 0 13
1553 0 13
1554 0 12
1555 0 12
1556 0 13
1557 0 13
1558 0 13
1559 0 13
1560 0 13
1561 0 12
1562 0 13
1563 0 14
1564 0 12
1565 0 12
1566 0 12
1567 0 13
1568 0 14
1569 0 12
1570 0 12
1571 0 13
1572 0 14
1573 0 12
1574 0 12
1575 0 12
1576 0 13
1577 0 14
1578 0 12
1579 0 12
1580 0 12
1581 0 12
1582 0 12
1583 0 13
1584 0 13
1585 0 13
1586 0 13
1587 0 12
1588 0 12
1589 0 14
1590 0 14
1591 0 14
1592 0 15
1593 0 15
1594 0 14
1595 0 15
1596 0 15
1597 0 13
1598 0 13
1599 0 14
1600 0 14
1601 0 14
1602 0 15
1603 0 15
1604 0 14
1605 0 14
1606 0 15
1607 0 13
1608 0 13
1609 0 13
1610 0 14
1611 0 15
1612 0 13
1613 0 13
1614 0 13
1615 0 13
1616 0 13
1617 0 13
1618 0 13
1619 0 13
1620 0 13
1621 0 14
1622 0 13
1623 0 14
1624 0 15
1625 0 13
1626 0 13
1627 0 13
1628 0 14
1629 0 15
1630 0 13
1631 0 13
1632 0 13
1633 0 13
1634 0 13
1635 0 14
1636 0 14
1637 0 14
1638 0 14
1639 0 13
1640 0 13
1641 0 15
1642 0 15
1643 0 15
1644 0 15
1645 0 15
1646 0 14
1647 0 15
1648 0 15
1649 0 14
1650 0 14
1651 0 15
1652 0 15
1653 0 15
1654 0 15
1655 0 15
1656 0 14
1657 0 14
1658 0 15
1659 0 13
1660 0 13
1661 0 13
1662 0 14
1663 0 15
1664 0 13
1665 0 13
1666 0 13
1667 0 13
1668 0 13
1669 0 13
1670 0 13
1671 0 13
1672 0 13
1673 0 14
1674 0 13
1675 0 14
1676 0 14
1677 0 12
1678 0 12
1679 0 13
1680 0 14
1681 0 15
1682 0 12
1683 0 12
1684 0 13
1685 0 13
1686 0 13
1687 0 13
1688 0 13
1689 0 13
1690 0 13
1691 0 12
1692 0 12
1693 0 13
1694 0 13
1695 0 13
1696 0 13
1697 0 13
1698 0 12
1699 0 14
1700 0 14
1701 0 12
1702 0 12
1703 0 13
1704 0 14
1705 0 15
1706 0 12
1707 0 12
1708 0 13
1709 0 13
1710 0 13
1711 0 13
1712 0 13
1713 0 13
1714 0 13
1715 0 12
1716 0 12
1717 0 12
1718 0 12
1719 0 12
1720 0 13
1721 0 13
1722 0 12
1723 0 13
1724 0 13
1725 0 11
1726 0 11
1727 0 12
1728 0 12
1729 0 12
1730 0 13
1731 0 13
1732 0 12
1733 0 12
1734 0 12
1735 0 12
1736 0 13
1737 0 13
1738 0 12
1739 0 13
1740 0 13
1741 0 11
1742 0 11
1743 0 12
1744 0 12
1745 0 12
1746 0 13
1747 0 13
1748 0 12
1749 0 13
1750 0 13
1751 0 11
1752 0 11
1753 0 12
1754 0 13
1755 0 14
1756 0 11
1757 0 11
1758 0 12
1759 0 12
1760 0 12
1761 0 12
1762 0 12
1763 0 12
1764 0 12
1765 0 13
1766 0 12
1767 0 14
1768 0 14
1769 0 13
1770 0 13
1771 0 13
1772 0 14
1773 0 14
1774 0 13
1775 0 13
1776 0 13
1777 0 13
1778 0 13
1779 0 12
1780 0 12
1781 0 12
1782 0 12
1783 0 12
1784 0 12
1785 0 13
1786 0 13
1787 0 13
1788 0 13
1789 0 13
1790 0 12
1791 0 14
1792 0 14
1793 0 13
1794 0 13
1795 0 13
1796 0 15
1797 0 15
1798 0 13
1799 0 13
1800 0 13
1801 0 13
1802 0 13
1803 0 12
1804 0 12
1805 0 12
1806 0 12
1807 0 12
1808 0 12
1809 0 13
1810 0 13
1811 0 13
1812 0 13
1813 0 13
1814 0 12
1815 0 13
1816 0 13
1817 0 12
1818 0 12
1819 0 13
1820 0 13
1821 0 13
1822 0 13
1823 0 13
1824 0 12
1825 0 13
1826 0 13
1827 0 12
1828 0 12
1829 0 12
1830 0 13
1831 0 13
1832 0 12
1833 0 12
1834 0 13
1835 0 13
1836 0 12
1837 0 12
1838 0 12
1839 0 13
1840 0 13
1841 0 12
1842 0 12
1843 0 12
1844 0 12
1845 0 12
1846 0 12
1847 0 12
1848 0 12
1849 0 12
1850 0 12
1851 0 12
1852 0 13
1853 0 13
1854 0 13
1855 0 13
1856 0 13
1857 0 12
1858 0 13
1859 0 13
1860 0 12
1861 0 12
1862 0 13
1863 0 13
1864 0 13
1865 0 13
1866 0 13
1867 0 12
1868 0 13
1869 0 13
1870 0 12
1871 0 12
1872 0 12
1873 0 13
1874 0 13
1875 0 12
1876 0 12
1877 0 12
1878 0 12
1879 0 12
1880 0 12
1881 0 12
1882 0 12
1883 0 12
1884 0 12
1885 0 12
1886 0 14
1887 0 14
1888 0 13
1889 0 13
1890 0 13
1891 0 14
1892 0 14
1893 0 13
1894 0 13
1895 0 13
1896 0 13
1897 0 13
1898 0 12
1899 0 12
1900 0 12
1901 0 12
1902 0 12
1903 0 12
1904 0 13
1905 0 13
1906 0 13
1907 0 13
1908 0 13
1909 0 12
1910 0 14
1911 0 14
1912 0 13
1913 0 13
1914 0 13
1915 0 15
1916 0 15
1917 0 13
1918 0 13
1919 0 13
1920 0 13
1921 0 13
1922 0 12
1923 0 12
1924 0 12
1925 0 12
1926 0 12
1927 0 12
1928 0 13
1929 0 13
1930 0 13
1931 0 13
1932 0 13
1933 0 12
1934 0 13
1935 0 13
1936 0 12
1937 0 12
1938 0 13
1939 0 13
1940 0 13
1941 0 13
1942 0 13
1943 0 12
1944 0 13
1945 0 13
1946 0 12
1947 0 12
1948 0 12
1949 0 13
1950 0 13
1951 0 12
1952 0 12
1953 0 13
1954 0 13
1955 0 12
1956 0 12
1957 0 12
1958 0 13
1959 0 13
1960 0 12
1961 0 12
1962 0 12
1963 0 12
1964 0 12
1965 0 12
1966 0 12
1967 0 12
1968 0 12
1969 0 12
1970 0 12
1971 0 13
1972 0 13
1973 0 13
1974 0 12
1975 0 12
1976 0 11
1977 0 12
1978 0 12
1979 0 12
1980 0 12
1981 0 13
1982 0 13
1983 0 13
1984 0 12
1985 0 12
1986 0 11
1987 0 13
1988 0 13
1989 0 12
1990 0 12
1991 0 12
1992 0 13
1993 0 13
1994 0 12
1995 0 12
1996 0 12
1997 0 12
1998 0 12
1999 0 12
2000 0 12
2001 0 12
2002 0 12
2003 0 12
2004 0 11
2005 0 13
2006 0 13
2007 0 12
2008 0 12
2009 0 12
2010 0 13
2011 0 13
2012 0 12
2013 0 12
2014 0 12
2015 0 12
2016 0 12
2017 0 11
2018 0 11
2019 0 11
2020 0 11
2021 0 11
2022 0 11
2023 0 13
2024 0 13
2025 0 13
2026 0 12
2027 0 12
2028 0 11
2029 0 12
2030 0 12
2031 0 12
2032 0 12
2033 0 13
2034 0 13
2035 0 13
2036 0 12
2037 0 12
2038 0 11
2039 0 13
2040 0 13
2041 0 12
2042 0 12
2043 0 12
2044 0 13
2045 0 13
2046 0 12
2047 0 12
2048 0 12
2049 0 12
2050 0 12
2051 0 12
2052 0 12
2053 0 12
2054 0 12
2055 0 12
2056 0 11
2057 0 13
2058 0 13
2059 0 13
2060 0 12
2061 0 12
2062 0 11
2063 0 12
2064 0 12
2065 0 12
2066 0 12
2067 0 13
2068 0 13
2069 0 13
2070 0 12
2071 0 12
2072 0 11
2073 0 13
2074 0 13
2075 0 12
2076 0 12
2077 0 12
2078 0 13
2079 0 13
2080 0 12
2081 0 12
2082 0 12
2083 0 12
2084 0 12
2085 0 12
2086 0 12
2087 0 12
2088 0 12
2089 0 12
2090 0 11
2091 0 13
2092 0 13
2093 0 12
2094 0 12
2095 0 12
2096 0 13
2097 0 13
2098 0 12
2099 0 12
2100 0 12
2101 0 12
2102 0 12
2103 0 11
2104 0 11
2105 0 11
2106 0 11
2107 0 11
2108 0 11
2109 0 13
2110 0 13
2111 0 13
2112 0 12
2113 0 12
2114 0 11
2115 0 12
2116 0 12
2117 0 12
2118 0 12
2119 0 13
2120 0 13
2121 0 13
2122 0 12
2123 0 12
2124 0 11
2125 0 13
2126 0 13
2127 0 12
2128 0 12
2129 0 12
2130 0 13
2131 0 13
2132 0 12
2133 0 12
2134 0 12
2135 0 12
2136 0 12
2137 0 12
2138 0 12
2139 0 12
2140 0 12
2141 0 12
2142 0 11
2143 0 13
2144 0 13
2145 0 12
2146 0 12
2147 0 12
2148 0 13
2149 0 13
2150 0 12
2151 0 12
2152 0 12
2153 0 12
2154 0 12
2155 0 11
2156 0 11
2157 0 11
2158 0 11
2159 0 11
2160 0 11
2161 0 12
2162 0 12
2163 0 12
2164 0 12
2165 0 12
2166 0 11
2167 0 13
2168 0 13
2169 0 12
2170 0 12
2171 0 12
2172 0 14
2173 0 14
2174 0 12
2175 0 12
2176 0 12
2177 0 12
2178 0 12
2179 0 11
2180 0 11
2181 0 11
2182 0 11
2183 0 11
2184 0 11
2185 0 12
2186 0 12
2187 0 12
2188 0 12
2189 0 12
2190 0 11
2191 0 12
2192 0 12
2193 0 11
2194 0 11
2195 0 12
2196 0 12
2197 0 12
2198 0 12
2199 0 12
2200 0 11
2201 0 12
2202 0 12
2203 0 12
2204 0 12
2205 0 12
2206 0 11
2207 0 12
2208 0 12
2209 0 11
2210 0 11
2211 0 12
2212 0 12
2213 0 12
2214 0 12
2215 0 12
2216 0 11
2217 0 12
2218 0 12
2219 0 11
2220 0 11
2221 0 11
2222 0 13
2223 0 13
2224 0 11
2225 0 11
2226 0 12
2227 0 12
2228 0 12
2229 0 12
2230 0 12
2231 0 12
2232 0 12
2233 0 12
2234 0 11
2235 0 14
2236 0 14
2237 0 14
2238 0 13
2239 0 14
2240 0 13
2241 0 14
2242 0 14
2243 0 14
2244 0 13
2245 0 14
2246 0 13
2247 0 13
2248 0 14
2249 0 13
2250 0 13
2251 0 13
2252 0 13
2253 0 13
2254 0 13
2255 0 12
2256 0 14
2257 0 13
2258 0 13
2259 0 14
2260 0 13
2261 0 13
2262 0 13
2263 0 13
2264 0 13
2265 0 12
2266 0 14
2267 0 14
2268 0 14
2269 0 13
2270 0 14
2271 0 13
2272 0 14
2273 0 14
2274 0 14
2275 0 13
2276 0 14
2277 0 13
2278 0 13
2279 0 14
2280 0 13
2281 0 13
2282 0 13
2283 0 13
2284 0 13
2285 0 13
2286 0 12
2287 0 14
2288 0 12
2289 0 13
2290 0 14
2291 0 12
2292 0 13
2293 0 13
2294 0 13
2295 0 13
2296 0 12
2297 0 13
2298 0 13
2299 0 13
2300 0 12
2301 0 14
2302 0 12
2303 0 13
2304 0 14
2305 0 12
2306 0 13
2307 0 13
2308 0 13
2309 0 13
2310 0 12
2311 0 12
2312 0 12
2313 0 13
2314 0 12
2315 0 13
2316 0 11
2317 0 12
2318 0 12
2319 0 13
2320 0 12
2321 0 12
2322 0 12
2323 0 13
2324 0 12
2325 0 13
2326 0 11
2327 0 12
2328 0 12
2329 0 13
2330 0 12
2331 0 13
2332 0 11
2333 0 12
2334 0 13
2335 0 11
2336 0 12
2337 0 12
2338 0 12
2339 0 12
2340 0 12
2341 0 12
2342 0 14
2343 0 12
2344 0 13
2345 0 14
2346 0 12
2347 0 13
2348 0 13
2349 0 13
2350 0 13
2351 0 12
2352 0 13
2353 0 13
2354 0 13
2355 0 12
2356 0 14
2357 0 12
2358 0 13
2359 0 14
2360 0 12
2361 0 13
2362 0 13
2363 0 13
2364 0 13
2365 0 12
2366 0 13
2367 0 13
2368 0 13
2369 0 12
2370 0 13
2371 0 12
2372 0 13
2373 0 13
2374 0 13
2375 0 12
2376 0 13
2377 0 12
2378 0 12
2379 0 13
2380 0 12
2381 0 13
2382 0 12
2383 0 12
2384 0 13
2385 0 12
2386 0 12
2387 0 12
2388 0 12
2389 0 12
2390 0 12
2391 0 14
2392 0 14
2393 0 14
2394 0 13
2395 0 14
2396 0 13
2397 0 14
2398 0 14
2399 0 14
2400 0 13
2401 0 14
2402 0 13
2403 0 13
2404 0 14
2405 0 13
2406 0 13
2407 0 13
2408 0 13
2409 0 13
2410 0 13
2411 0 12
2412 0 14
2413 0 13
2414 0 13
2415 0 14
2416 0 13
2417 0 13
2418 0 13
2419 0 13
2420 0 13
2421 0 13
2422 0 15
2423 0 15
2424 0 14
2425 0 13
2426 0 14
2427 0 14
2428 0 15
2429 0 15
2430 0 14
2431 0 13
2432 0 14
2433 0 13
2434 0 13
2435 0 14
2436 0 13
2437 0 13
2438 0 13
2439 0 13
2440 0 13
2441 0 13
2442 0 12
2443 0 14
2444 0 12
2445 0 13
2446 0 14
2447 0 12
2448 0 13
2449 0 13
2450 0 13
2451 0 13
2452 0 12
2453 0 13
2454 0 13
2455 0 13
2456 0 12
2457 0 14
2458 0 12
2459 0 13
2460 0 14
2461 0 12
2462 0 13
2463 0 13
2464 0 13
2465 0 13
2466 0 12
2467 0 12
2468 0 12
2469 0 13
2470 0 12
2471 0 13
2472 0 11
2473 0 12
2474 0 12
2475 0 13
2476 0 12
2477 0 12
2478 0 12
2479 0 13
2480 0 12
2481 0 13
2482 0 11
2483 0 12
2484 0 12
2485 0 13
2486 0 12
2487 0 13
2488 0 11
2489 0 12
2490 0 13
2491 0 11
2492 0 12
2493 0 12
2494 0 12
2495 0 12
2496 0 12
2497 0 12
2498 0 14
2499 0 13
2500 0 13
2501 0 14
2502 0 13
2503 0 13
2504 0 13
2505 0 12
2506 0 12
2507 0 12
2508 0 13
2509 0 13
2510 0 13
2511 0 12
2512 0 14
2513 0 13
2514 0 13
2515 0 15
2516 0 13
2517 0 13
2518 0 13
2519 0 12
2520 0 12
2521 0 12
2522 0 13
2523 0 13
2524 0 13
2525 0 12
2526 0 13
2527 0 12
2528 0 13
2529 0 13
2530 0 13
2531 0 12
2532 0 13
2533 0 12
2534 0 12
2535 0 13
2536 0 12
2537 0 13
2538 0 12
2539 0 12
2540 0 13
2541 0 12
2542 0 12
2543 0 12
2544 0 12
2545 0 12
2546 0 12
2547 0 13
2548 0 13
2549 0 13
2550 0 12
2551 0 13
2552 0 12
2553 0 13
2554 0 13
2555 0 13
2556 0 12
2557 0 13
2558 0 12
2559 0 12
2560 0 13
2561 0 12
2562 0 12
2563 0 12
2564 0 12
2565 0 12
2566 0 12
2567 0 12
2568 0 14
2569 0 13
2570 0 13
2571 0 14
2572 0 13
2573 0 13
2574 0 13
2575 0 12
2576 0 12
2577 0 12
2578 0 13
2579 0 13
2580 0 13
2581 0 12
2582 0 14
2583 0 13
2584 0 13
2585 0 15
2586 0 13
2587 0 13
2588 0 13
2589 0 12
2590 0 12
2591 0 12
2592 0 13
2593 0 13
2594 0 13
2595 0 12
2596 0 13
2597 0 12
2598 0 13
2599 0 13
2600 0 13
2601 0 12
2602 0 13
2603 0 12
2604 0 12
2605 0 13
2606 0 12
2607 0 13
2608 0 12
2609 0 12
2610 0 13
2611 0 12
2612 0 12
2613 0 12
2614 0 12
2615 0 12
2616 0 12
2617 0 13
2618 0 13
2619 0 12
2620 0 11
2621 0 12
2622 0 12
2623 0 13
2624 0 13
2625 0 12
2626 0 11
2627 0 13
2628 0 12
2629 0 12
2630 0 13
2631 0 12
2632 0 12
2633 0 12
2634 0 12
2635 0 12
2636 0 12
2637 0 11
2638 0 13
2639 0 12
2640 0 12
2641 0 13
2642 0 12
2643 0 12
2644 0 12
2645 0 11
2646 0 11
2647 0 11
2648 0 13
2649 0 13
2650 0 12
2651 0 11
2652 0 12
2653 0 12
2654 0 13
2655 0 13
2656 0 12
2657 0 11
2658 0 13
2659 0 12
2660 0 12
2661 0 13
2662 0 12
2663 0 12
2664 0 12
2665 0 12
2666 0 12
2667 0 12
2668 0 11
2669 0 13
2670 0 13
2671 0 12
2672 0 11
2673 0 12
2674 0 12
2675 0 13
2676 0 13
2677 0 12
2678 0 11
2679 0 13
2680 0 12
2681 0 12
2682 0 13
2683 0 12
2684 0 12
2685 0 12
2686 0 12
2687 0 12
2688 0 12
2689 0 11
2690 0 13
2691 0 12
2692 0 12
2693 0 13
2694 0 12
2695 0 12
2696 0 12
2697 0 11
2698 0 11
2699 0 11
2700 0 13
2701 0 13
2702 0 12
2703 0 11
2704 0 12
2705 0 12
2706 0 13
2707 0 13
2708 0 12
2709 0 11
2710 0 13
2711 0 12
2712 0 12
2713 0 13
2714 0 12
2715 0 12
2716 0 12
2717 0 12
2718 0 12
2719 0 12
2720 0 11
2721 0 13
2722 0 12
2723 0 12
2724 0 13
2725 0 12
2726 0 12
2727 0 12
2728 0 11
2729 0 11
2730 0 11
2731 0 12
2732 0 12
2733 0 12
2734 0 11
2735 0 13
2736 0 12
2737 0 12
2738 0 14
2739 0 12
2740 0 12
2741 0 12
2742 0 11
2743 0 11
2744 0 11
2745 0 12
2746 0 12
2747 0 12
2748 0 11
2749 0 12
2750 0 11
2751 0 12
2752 0 12
2753 0 12
2754 0 11
2755 0 12
2756 0 12
2757 0 12
2758 0 11
2759 0 12
2760 0 11
2761 0 12
2762 0 12
2763 0 12
2764 0 11
2765 0 12
2766 0 11
2767 0 11
2768 0 13
2769 0 11
2770 0 12
2771 0 12
2772 0 12
2773 0 12
2774 0 12
2775 0 11
2776 0 14
2777 0 13
2778 0 13
2779 0 14
2780 0 13
2781 0 13
2782 0 13
2783 0 12
2784 0 12
2785 0 12
2786 0 13
2787 0 13
2788 0 13
2789 0 12
2790 0 14
2791 0 13
2792 0 13
2793 0 15
2794 0 13
2795 0 13
2796 0 13
2797 0 12
2798 0 12
2799 0 12
2800 0 13
2801 0 13
2802 0 13
2803 0 12
2804 0 13
2805 0 12
2806 0 13
2807 0 13
2808 0 13
2809 0 12
2810 0 13
2811 0 12
2812 0 12
2813 0 13
2814 0 12
2815 0 13
2816 0 12
2817 0 12
2818 0 13
2819 0 12
2820 0 12
2821 0 12
2822 0 12
2823 0 12
2824 0 12
2825 0 13
2826 0 13
2827 0 13
2828 0 12
2829 0 13
2830 0 12
2831 0 13
2832 0 13
2833 0 13
2834 0 12
2835 0 13
2836 0 12
2837 0 12
2838 0 13
2839 0 12
2840 0 12
2841 0 12
2842 0 12
2843 0 12
2844 0 12
2845 0 12
2846 0 14
2847 0 13
2848 0 13
2849 0 14
2850 0 13
2851 0 13
2852 0 13
2853 0 12
2854 0 12
2855 0 12
2856 0 13
2857 0 13
2858 0 13
2859 0 12
2860 0 14
2861 0 13
2862 0 13
2863 0 15
2864 0 13
2865 0 13
2866 0 13
2867 0 12
2868 0 12
2869 0 12
2870 0 13
2871 0 13
2872 0 13
2873 0 12
2874 0 13
2875 0 12
2876 0 13
2877 0 13
2878 0 13
2879 0 12
2880 0 13
2881 0 12
2882 0 12
2883 0 13
2884 0 12
2885 0 13
2886 0 12
2887 0 12
2888 0 13
2889 0 12
2890 0 12
2891 0 12
2892 0 12
2893 0 12
2894 0 12
2895 0 13
2896 0 13
2897 0 13
2898 0 12
2899 0 13
2900 0 12
2901 0 13
2902 0 13
2903 0 13
2904 0 12
2905 0 13
2906 0 12
2907 0 12
2908 0 13
2909 0 12
2910 0 12
2911 0 12
2912 0 12
2913 0 12
2914 0 12
2915 0 11
2916 0 13
2917 0 12
2918 0 12
2919 0 13
2920 0 12
2921 0 12
2922 0 12
2923 0 12
2924 0 12
2925 0 11
2926 0 13
2927 0 13
2928 0 13
2929 0 12
2930 0 13
2931 0 12
2932 0 13
2933 0 13
2934 0 13
2935 0 12
2936 0 13
2937 0 12
2938 0 12
2939 0 13
2940 0 12
2941 0 12
2942 0 12
2943 0 12
2944 0 12
2945 0 12
2946 0 11
2947 0 13
2948 0 11
2949 0 12
2950 0 13
2951 0 11
2952 0 12
2953 0 12
2954 0 12
2955 0 12
2956 0 11
2957 0 12
2958 0 12
2959 0 12
2960 0 11
2961 0 13
2962 0 11
2963 0 12
2964 0 13
2965 0 11
2966 0 12
2967 0 12
2968 0 12
2969 0 12
2970 0 11
2971 0 13
2972 0 11
2973 0 12
2974 0 13
2975 0 11
2976 0 12
2977 0 12
2978 0 12
2979 0 12
2980 0 11
2981 0 12
2982 0 12
2983 0 12
2984 0 11
2985 0 13
2986 0 11
2987 0 12
2988 0 13
2989 0 11
2990 0 12
2991 0 12
2992 0 12
2993 0 12
2994 0 11
2995 0 12
2996 0 12
2997 0 12
2998 0 11
2999 0 12
3000 0 11
3001 0 12
3002 0 12
3003 0 12
3004 0 11
3005 0 12
3006 0 11
3007 0 11
3008 0 12
3009 0 11
3010 0 12
3011 0 11
3012 0 11
3013 0 12
3014 0 11
3015 0 12
3016 0 12
3017 0 12
3018 0 12
3019 0 11
3020 0 14
3021 0 14
3022 0 14
3023 0 13
3024 0 14
3025 0 13
3026 0 14
3027 0 14
3028 0 14
3029 0 13
3030 0 14
3031 0 13
3032 0 13
3033 0 14
3034 0 13
3035 0 13
3036 0 13
3037 0 13
3038 0 13
3039 0 13
3040 0 13
3041 0 14
3042 0 13
3043 0 13
3044 0 14
3045 0 13
3046 0 13
3047 0 13
3048 0 13
3049 0 13
3050 0 12
3051 0 14
3052 0 14
3053 0 14
3054 0 13
3055 0 14
3056 0 13
3057 0 14
3058 0 14
3059 0 14
3060 0 13
3061 0 14
3062 0 13
3063 0 13
3064 0 14
3065 0 13
3066 0 13
3067 0 13
3068 0 13
3069 0 13
3070 0 13
3071 0 13
3072 0 14
3073 0 12
3074 0 13
3075 0 14
3076 0 12
3077 0 13
3078 0 13
3079 0 13
3080 0 13
3081 0 12
3082 0 13
3083 0 13
3084 0 13
3085 0 12
3086 0 14
3087 0 12
3088 0 13
3089 0 14
3090 0 12
3091 0 13
3092 0 13
3093 0 13
3094 0 13
3095 0 12
3096 0 12
3097 0 12
3098 0 13
3099 0 12
3100 0 13
3101 0 11
3102 0 12
3103 0 12
3104 0 13
3105 0 12
3106 0 12
3107 0 12
3108 0 13
3109 0 12
3110 0 13
3111 0 11
3112 0 12
3113 0 12
3114 0 13
3115 0 12
3116 0 13
3117 0 11
3118 0 12
3119 0 13
3120 0 11
3121 0 12
3122 0 12
3123 0 12
3124 0 12
3125 0 12
3126 0 12
3127 0 14
3128 0 12
3129 0 13
3130 0 14
3131 0 12
3132 0 13
3133 0 13
3134 0 13
3135 0 13
3136 0 12
3137 0 13
3138 0 13
3139 0 13
3140 0 12
3141 0 14
3142 0 12
3143 0 13
3144 0 14
3145 0 12
3146 0 13
3147 0 13
3148 0 13
3149 0 13
3150 0 12
3151 0 13
3152 0 13
3153 0 13
3154 0 12
3155 0 13
3156 0 12
3157 0 13
3158 0 13
3159 0 13
3160 0 12
3161 0 13
3162 0 12
3163 0 12
3164 0 13
3165 0 12
3166 0 13
3167 0 12
3168 0 12
3169 0 13
3170 0 12
3171 0 12
3172 0 12
3173 0 13
3174 0 13
3175 0 12
3176 0 14
3177 0 14
3178 0 15
3179 0 14
3180 0 15
3181 0 13
3182 0 14
3183 0 14
3184 0 15
3185 0 14
3186 0 14
3187 0 13
3188 0 13
3189 0 14
3190 0 13
3191 0 13
3192 0 13
3193 0 13
3194 0 13
3195 0 13
3196 0 13
3197 0 14
3198 0 13
3199 0 13
3200 0 14
3201 0 13
3202 0 13
3203 0 13
3204 0 14
3205 0 14
3206 0 13
3207 0 15
3208 0 15
3209 0 15
3210 0 14
3211 0 15
3212 0 14
3213 0 15
3214 0 15
3215 0 15
3216 0 14
3217 0 14
3218 0 13
3219 0 13
3220 0 14
3221 0 13
3222 0 13
3223 0 13
3224 0 13
3225 0 13
3226 0 13
3227 0 13
3228 0 14
3229 0 12
3230 0 13
3231 0 14
3232 0 12
3233 0 13
3234 0 13
3235 0 13
3236 0 13
3237 0 12
3238 0 13
3239 0 13
3240 0 13
3241 0 12
3242 0 14
3243 0 12
3244 0 13
3245 0 14
3246 0 12
3247 0 13
3248 0 13
3249 0 13
3250 0 13
3251 0 12
3252 0 12
3253 0 12
3254 0 13
3255 0 12
3256 0 13
3257 0 11
3258 0 12
3259 0 12
3260 0 13
3261 0 12
3262 0 12
3263 0 12
3264 0 13
3265 0 12
3266 0 13
3267 0 11
3268 0 12
3269 0 12
3270 0 13
3271 0 12
3272 0 13
3273 0 11
3274 0 12
3275 0 13
3276 0 11
3277 0 12
3278 0 12
3279 0 12
3280 0 12
3281 0 12
3282 0 12
3283 0 14
3284 0 13
3285 0 13
3286 0 14
3287 0 13
3288 0 13
3289 0 13
3290 0 12
3291 0 12
3292 0 12
3293 0 13
3294 0 13
3295 0 13
3296 0 12
3297 0 14
3298 0 13
3299 0 13
3300 0 15
3301 0 13
3302 0 13
3303 0 13
3304 0 12
3305 0 12
3306 0 12
3307 0 13
3308 0 13
3309 0 13
3310 0 12
3311 0 13
3312 0 12
3313 0 13
3314 0 13
3315 0 13
3316 0 12
3317 0 13
3318 0 12
3319 0 12
3320 0 13
3321 0 12
3322 0 13
3323 0 12
3324 0 12
3325 0 13
3326 0 12
3327 0 12
3328 0 12
3329 0 12
3330 0 12
3331 0 12
3332 0 13
3333 0 13
3334 0 13
3335 0 12
3336 0 13
3337 0 12
3338 0 13
3339 0 13
3340 0 13
3341 0 12
3342 0 13
3343 0 12
3344 0 12
3345 0 13
3346 0 12
3347 0 12
3348 0 12
3349 0 12
3350 0 12
3351 0 12
3352 0 12
3353 0 14
3354 0 13
3355 0 13
3356 0 14
3357 0 13
3358 0 13
3359 0 13
3360 0 12
3361 0 12
3362 0 12
3363 0 13
3364 0 13
3365 0 13
3366 0 12
3367 0 14
3368 0 13
3369 0 13
3370 0 15
3371 0 13
3372 0 13
3373 0 13
3374 0 12
3375 0 12
3376 0 12
3377 0 13
3378 0 13
3379 0 13
3380 0 12
3381 0 13
3382 0 12
3383 0 13
3384 0 13
3385 0 13
3386 0 12
3387 0 13
3388 0 12
3389 0 12
3390 0 13
3391 0 12
3392 0 13
3393 0 12
3394 0 12
3395 0 13
3396 0 12
3397 0 12
3398 0 12
3399 0 12
3400 0 12
3401 0 12
3402 0 13
3403 0 13
3404 0 12
3405 0 11
3406 0 12
3407 0 12
3408 0 13
3409 0 13
3410 0 12
3411 0 11
3412 0 13
3413 0 12
3414 0 12
3415 0 13
3416 0 12
3417 0 12
3418 0 12
3419 0 12
3420 0 12
3421 0 12
3422 0 11
3423 0 13
3424 0 12
3425 0 12
3426 0 13
3427 0 12
3428 0 12
3429 0 12
3430 0 11
3431 0 11
3432 0 11
3433 0 13
3434 0 13
3435 0 12
3436 0 11
3437 0 12
3438 0 12
3439 0 13
3440 0 13
3441 0 12
3442 0 11
3443 0 13
3444 0 12
3445 0 12
3446 0 13
3447 0 12
3448 0 12
3449 0 12
3450 0 12
3451 0 12
3452 0 12
3453 0 11
3454 0 13
3455 0 13
3456 0 12
3457 0 11
3458 0 12
3459 0 12
3460 0 13
3461 0 13
3462 0 12
3463 0 11
3464 0 13
3465 0 12
3466 0 12
3467 0 13
3468 0 12
3469 0 12
3470 0 12
3471 0 12
3472 0 12
3473 0 12
3474 0 11
3475 0 13
3476 0 12
3477 0 12
3478 0 13
3479 0 12
3480 0 12
3481 0 12
3482 0 11
3483 0 11
3484 0 11
3485 0 13
3486 0 13
3487 0 12
3488 0 11
3489 0 12
3490 0 12
3491 0 13
3492 0 13
3493 0 12
3494 0 11
3495 0 13
3496 0 12
3497 0 12
3498 0 13
3499 0 12
3500 0 12
3501 0 12
3502 0 12
3503 0 12
3504 0 12
3505 0 11
3506 0 13
3507 0 12
3508 0 12
3509 0 13
3510 0 12
3511 0 12
3512 0 12
3513 0 11
3514 0 11
3515 0 11
3516 0 12
3517 0 12
3518 0 12
3519 0 11
3520 0 13
3521 0 12
3522 0 12
3523 0 14
3524 0 12
3525 0 12
3526 0 12
3527 0 11
3528 0 11
3529 0 11
3530 0 12
3531 0 12
3532 0 12
3533 0 11
3534 0 12
3535 0 11
3536 0 12
3537 0 12
3538 0 12
3539 0 11
3540 0 12
3541 0 12
3542 0 12
3543 0 11
3544 0 12
3545 0 11
3546 0 12
3547 0 12
3548 0 12
3549 0 11
3550 0 12
3551 0 11
3552 0 11
3553 0 13
3554 0 11
3555 0 12
3556 0 12
3557 0 12
3558 0 12
3559 0 12
3560 0 11
3561 0 14
3562 0 13
3563 0 14
3564 0 13
3565 0 13
3566 0 13
3567 0 13
3568 0 13
3569 0 13
3570 0 13
3571 0 12
3572 0 14
3573 0 13
3574 0 14
3575 0 13
3576 0 13
3577 0 13
3578 0 13
3579 0 12
3580 0 12
3581 0 13
3582 0 12
3583 0 13
3584 0 12
3585 0 12
3586 0 13
3587 0 12
3588 0 12
3589 0 11
3590 0 12
3591 0 12
3592 0 11
3593 0 12
3594 0 11
3595 0 11
3596 0 12
3597 0 12
3598 0 12
3599 0 12
3600 0 13
3601 0 12
3602 0 13
3603 0 12
3604 0 12
3605 0 13
3606 0 12
3607 0 13
3608 0 12
3609 0 13
3610 0 12
3611 0 12
3612 0 12
3613 0 12
3614 0 12
3615 0 12
3616 0 14
3617 0 13
3618 0 14
3619 0 13
3620 0 13
3621 0 13
3622 0 13
3623 0 13
3624 0 13
3625 0 13
3626 0 13
3627 0 15
3628 0 14
3629 0 15
3630 0 13
3631 0 13
3632 0 13
3633 0 13
3634 0 12
3635 0 12
3636 0 13
3637 0 12
3638 0 13
3639 0 12
3640 0 12
3641 0 13
3642 0 12
3643 0 12
3644 0 11
3645 0 12
3646 0 12
3647 0 11
3648 0 12
3649 0 11
3650 0 11
3651 0 12
3652 0 12
3653 0 13
3654 0 13
3655 0 13
3656 0 12
3657 0 13
3658 0 13
3659 0 13
3660 0 13
3661 0 12
3662 0 13
3663 0 12
3664 0 13
3665 0 12
3666 0 12
3667 0 12
3668 0 12
3669 0 12
3670 0 12
3671 0 13
3672 0 12
3673 0 13
3674 0 12
3675 0 12
3676 0 12
3677 0 12
3678 0 13
3679 0 13
3680 0 13
3681 0 12
3682 0 13
3683 0 13
3684 0 13
3685 0 13
3686 0 12
3687 0 13
3688 0 12
3689 0 13
3690 0 12
3691 0 12
3692 0 12
3693 0 12
3694 0 12
3695 0 12
3696 0 13
3697 0 12
3698 0 13
3699 0 12
3700 0 12
3701 0 12
3702 0 12
3703 0 12
3704 0 12
3705 0 12
3706 0 11
3707 0 13
3708 0 12
3709 0 13
3710 0 12
3711 0 12
3712 0 12
3713 0 12
3714 0 13
3715 0 12
3716 0 13
3717 0 12
3718 0 12
3719 0 12
3720 0 12
3721 0 12
3722 0 12
3723 0 12
3724 0 11
3725 0 13
3726 0 12
3727 0 13
3728 0 12
3729 0 12
3730 0 12
3731 0 12
3732 0 12
3733 0 12
3734 0 12
3735 0 11
3736 0 12
3737 0 12
3738 0 12
3739 0 12
3740 0 11
3741 0 12
3742 0 11
3743 0 12
3744 0 12
3745 0 11
3746 0 12
3747 0 11
3748 0 11
3749 0 12
3750 0 12
3751 0 13
3752 0 13
3753 0 13
3754 0 12
3755 0 13
3756 0 13
3757 0 13
3758 0 13
3759 0 12
3760 0 13
3761 0 12
3762 0 13
3763 0 12
3764 0 12
3765 0 12
3766 0 12
3767 0 12
3768 0 12
3769 0 13
3770 0 12
3771 0 13
3772 0 12
3773 0 12
3774 0 12
3775 0 12
3776 0 13
3777 0 13
3778 0 13
3779 0 12
3780 0 13
3781 0 13
3782 0 13
3783 0 13
3784 0 12
3785 0 13
3786 0 12
3787 0 13
3788 0 12
3789 0 12
3790 0 12
3791 0 12
3792 0 12
3793 0 12
3794 0 13
3795 0 12
3796 0 13
3797 0 12
3798 0 12
3799 0 12
3800 0 12
3801 0 12
3802 0 12
3803 0 12
3804 0 11
3805 0 13
3806 0 12
3807 0 13
3808 0 12
3809 0 12
3810 0 12
3811 0 12
3812 0 11
3813 0 11
3814 0 12
3815 0 11
3816 0 12
3817 0 11
3818 0 11
3819 0 12
3820 0 11
3821 0 11
3822 0 11
3823 0 12
3824 0 11
3825 0 12
3826 0 11
3827 0 11
3828 0 12
3829 0 11
3830 0 12
3831 0 11
3832 0 12
3833 0 11
3834 0 11
3835 0 11
3836 0 11
3837 0 12
3838 0 11
3839 0 14
3840 0 13
3841 0 14
3842 0 13
3843 0 13
3844 0 13
3845 0 13
3846 0 13
3847 0 13
3848 0 13
3849 0 12
3850 0 14
3851 0 13
3852 0 14
3853 0 13
3854 0 13
3855 0 13
3856 0 13
3857 0 12
3858 0 12
3859 0 13
3860 0 12
3861 0 13
3862 0 12
3863 0 12
3864 0 13
3865 0 12
3866 0 12
3867 0 11
3868 0 12
3869 0 12
3870 0 11
3871 0 12
3872 0 11
3873 0 11
3874 0 12
3875 0 12
3876 0 12
3877 0 12
3878 0 13
3879 0 12
3880 0 13
3881 0 12
3882 0 12
3883 0 13
3884 0 12
3885 0 13
3886 0 12
3887 0 13
3888 0 12
3889 0 12
3890 0 12
3891 0 12
3892 0 12
3893 0 12
3894 0 14
3895 0 13
3896 0 14
3897 0 13
3898 0 13
3899 0 13
3900 0 13
3901 0 13
3902 0 13
3903 0 13
3904 0 13
3905 0 15
3906 0 14
3907 0 15
3908 0 13
3909 0 13
3910 0 13
3911 0 13
3912 0 12
3913 0 12
3914 0 13
3915 0 12
3916 0 13
3917 0 12
3918 0 12
3919 0 13
3920 0 12
3921 0 12
3922 0 11
3923 0 12
3924 0 12
3925 0 11
3926 0 12
3927 0 11
3928 0 11
3929 0 12
3930 0 12
3931 0 13
3932 0 13
3933 0 13
3934 0 12
3935 0 13
3936 0 13
3937 0 13
3938 0 13
3939 0 12
3940 0 13
3941 0 12
3942 0 13
3943 0 12
3944 0 12
3945 0 12
3946 0 12
3947 0 12
3948 0 12
3949 0 13
3950 0 12
3951 0 13
3952 0 12
3953 0 12
3954 0 12
3955 0 12
3956 0 13
3957 0 13
3958 0 13
3959 0 12
3960 0 13
3961 0 13
3962 0 13
3963 0 13
3964 0 12
3965 0 13
3966 0 12
3967 0 13
3968 0 12
3969 0 12
3970 0 12
3971 0 12
3972 0 12
3973 0 12
3974 0 13
3975 0 12
3976 0 13
3977 0 12
3978 0 12
3979 0 12
3980 0 12
3981 0 12
3982 0 12
3983 0 12
3984 0 11
3985 0 13
3986 0 12
3987 0 13
3988 0 12
3989 0 12
3990 0 12
3991 0 12
3992 0 13
3993 0 12
3994 0 13
3995 0 12
3996 0 12
3997 0 12
3998 0 12
3999 0 12
4000 0 12
4001 0 12
4002 0 11
4003 0 13
4004 0 12
4005 0 13
4006 0 12
4007 0 12
4008 0 12
4009 0 12
4010 0 12
4011 0 12
4012 0 12
4013 0 11
4014 0 12
4015 0 12
4016 0 12
4017 0 12
4018 0 11
4019 0 12
4020 0 11
4021 0 12
4022 0 12
4023 0 11
4024 0 12
4025 0 11
4026 0 11
4027 0 12
4028 0 12
4029 0 13
4030 0 13
4031 0 13
4032 0 12
4033 0 12
4034 0 11
4035 0 12
4036 0 12
4037 0 12
4038 0 12
4039 0 13
4040 0 13
4041 0 13
4042 0 12
4043 0 12
4044 0 11
4045 0 13
4046 0 13
4047 0 12
4048 0 12
4049 0 12
4050 0 13
4051 0 13
4052 0 12
4053 0 12
4054 0 12
4055 0 12
4056 0 12
4057 0 12
4058 0 12
4059 0 12
4060 0 12
4061 0 12
4062 0 11
4063 0 13
4064 0 13
4065 0 12
4066 0 12
4067 0 12
4068 0 13
4069 0 13
4070 0 12
4071 0 12
4072 0 12
4073 0 12
4074 0 12
4075 0 11
4076 0 11
4077 0 11
4078 0 11
4079 0 11
4080 0 11
4081 0 13
4082 0 13
4083 0 13
4084 0 12
4085 0 12
4086 0 11
4087 0 12
4088 0 12
4089 0 12
4090 0 12
4091 0 13
4092 0 13
4093 0 13
4094 0 12
4095 0 12
4096 0 11
4097 0 13
4098 0 13
4099 0 12
4100 0 12
4101 0 12
4102 0 13
4103 0 13
4104 0 12
4105 0 12
4106 0 12
4107 0 12
4108 0 12
4109 0 12
4110 0 12
4111 0 12
4112 0 12
4113 0 12
4114 0 11
4115 0 13
4116 0 13
4117 0 13
4118 0 12
4119 0 12
4120 0 11
4121 0 12
4122 0 12
4123 0 12
4124 0 12
4125 0 13
4126 0 13
4127 0 13
4128 0 12
4129 0 12
4130 0 11
4131 0 13
4132 0 13
4133 0 12
4134 0 12
4135 0 12
4136 0 13
4137 0 13
4138 0 12
4139 0 12
4140 0 12
4141 0 12
4142 0 12
4143 0 12
4144 0 12
4145 0 12
4146 0 12
4147 0 12
4148 0 11
4149 0 13
4150 0 13
4151 0 12
4152 0 12
4153 0 12
4154 0 13
4155 0 13
4156 0 12
4157 0 12
4158 0 12
4159 0 12
4160 0 12
4161 0 11
4162 0 11
4163 0 11
4164 0 11
4165 0 11
4166 0 11
4167 0 13
4168 0 13
4169 0 13
4170 0 12
4171 0 12
4172 0 11
4173 0 12
4174 0 12
4175 0 12
4176 0 12
4177 0 13
4178 0 13
4179 0 13
4180 0 12
4181 0 12
4182 0 11
4183 0 13
4184 0 13
4185 0 12
4186 0 12
4187 0 12
4188 0 13
4189 0 13
4190 0 12
4191 0 12
4192 0 12
4193 0 12
4194 0 12
4195 0 12
4196 0 12
4197 0 12
4198 0 12
4199 0 12
4200 0 11
4201 0 13
4202 0 13
4203 0 12
4204 0 12
4205 0 12
4206 0 13
4207 0 13
4208 0 12
4209 0 12
4210 0 12
4211 0 12
4212 0 12
4213 0 11
4214 0 11
4215 0 11
4216 0 11
4217 0 11
4218 0 11
4219 0 12
4220 0 12
4221 0 12
4222 0 12
4223 0 12
4224 0 11
4225 0 13
4226 0 13
4227 0 12
4228 0 12
4229 0 12
4230 0 14
4231 0 14
4232 0 12
4233 0 12
4234 0 12
4235 0 12
4236 0 12
4237 0 11
4238 0 11
4239 0 11
4240 0 11
4241 0 11
4242 0 11
4243 0 12
4244 0 12
4245 0 12
4246 0 12
4247 0 12
4248 0 11
4249 0 12
4250 0 12
4251 0 11
4252 0 11
4253 0 12
4254 0 12
4255 0 12
4256 0 12
4257 0 12
4258 0 11
4259 0 12
4260 0 12
4261 0 12
4262 0 12
4263 0 12
4264 0 11
4265 0 12
4266 0 12
4267 0 11
4268 0 11
4269 0 12
4270 0 12
4271 0 12
4272 0 12
4273 0 12
4274 0 11
4275 0 12
4276 0 12
4277 0 11
4278 0 11
4279 0 11
4280 0 13
4281 0 13
4282 0 11
4283 0 11
4284 0 12
4285 0 12
4286 0 12
4287 0 12
4288 0 12
4289 0 12
4290 0 12
4291 0 12
4292 0 11
4293 0 14
4294 0 13
4295 0 14
4296 0 13
4297 0 13
4298 0 13
4299 0 13
4300 0 13
4301 0 13
4302 0 13
4303 0 12
4304 0 14
4305 0 13
4306 0 14
4307 0 13
4308 0 13
4309 0 13
4310 0 13
4311 0 12
4312 0 12
4313 0 13
4314 0 12
4315 0 13
4316 0 12
4317 0 12
4318 0 13
4319 0 12
4320 0 12
4321 0 11
4322 0 12
4323 0 12
4324 0 11
4325 0 12
4326 0 11
4327 0 11
4328 0 12
4329 0 12
4330 0 12
4331 0 12
4332 0 13
4333 0 12
4334 0 13
4335 0 12
4336 0 12
4337 0 13
4338 0 12
4339 0 13
4340 0 12
4341 0 13
4342 0 12
4343 0 12
4344 0 12
4345 0 12
4346 0 12
4347 0 12
4348 0 14
4349 0 13
4350 0 14
4351 0 13
4352 0 13
4353 0 13
4354 0 13
4355 0 13
4356 0 13
4357 0 13
4358 0 13
4359 0 15
4360 0 14
4361 0 15
4362 0 13
4363 0 13
4364 0 13
4365 0 13
4366 0 12
4367 0 12
4368 0 13
4369 0 12
4370 0 13
4371 0 12
4372 0 12
4373 0 13
4374 0 12
4375 0 12
4376 0 11
4377 0 12
4378 0 12
4379 0 11
4380 0 12
4381 0 11
4382 0 11
4383 0 12
4384 0 12
4385 0 13
4386 0 13
4387 0 13
4388 0 12
4389 0 13
4390 0 13
4391 0 13
4392 0 13
4393 0 12
4394 0 13
4395 0 12
4396 0 13
4397 0 12
4398 0 12
4399 0 12
4400 0 12
4401 0 12
4402 0 12
4403 0 13
4404 0 12
4405 0 13
4406 0 12
4407 0 12
4408 0 12
4409 0 12
4410 0 13
4411 0 13
4412 0 13
4413 0 12
4414 0 13
4415 0 13
4416 0 13
4417 0 13
4418 0 12
4419 0 13
4420 0 12
4421 0 13
4422 0 12
4423 0 12
4424 0 12
4425 0 12
4426 0 12
4427 0 12
4428 0 13
4429 0 12
4430 0 13
4431 0 12
4432 0 12
4433 0 12
4434 0 12
4435 0 12
4436 0 12
4437 0 12
4438 0 11
4439 0 13
4440 0 12
4441 0 13
4442 0 12
4443 0 12
4444 0 12
4445 0 12
4446 0 13
4447 0 12
4448 0 13
4449 0 12
4450 0 12
4451 0 12
4452 0 12
4453 0 12
4454 0 12
4455 0 12
4456 0 11
4457 0 13
4458 0 12
4459 0 13
4460 0 12
4461 0 12
4462 0 12
4463 0 12
4464 0 12
4465 0 12
4466 0 12
4467 0 11
4468 0 12
4469 0 12
4470 0 12
4471 0 12
4472 0 11
4473 0 12
4474 0 11
4475 0 12
4476 0 12
4477 0 11
4478 0 12
4479 0 11
4480 0 11
4481 0 12
4482 0 12
4483 0 13
4484 0 13
4485 0 13
4486 0 12
4487 0 13
4488 0 13
4489 0 13
4490 0 13
4491 0 12
4492 0 13
4493 0 12
4494 0 13
4495 0 12
4496 0 12
4497 0 12
4498 0 12
4499 0 12
4500 0 12
4501 0 13
4502 0 12
4503 0 13
4504 0 12
4505 0 12
4506 0 12
4507 0 12
4508 0 13
4509 0 13
4510 0 13
4511 0 12
4512 0 13
4513 0 13
4514 0 13
4515 0 13
4516 0 12
4517 0 13
4518 0 12
4519 0 13
4520 0 12
4521 0 12
4522 0 12
4523 0 12
4524 0 12
4525 0 12
4526 0 13
4527 0 12
4528 0 13
4529 0 12
4530 0 12
4531 0 12
4532 0 12
4533 0 12
4534 0 12
4535 0 12
4536 0 11
4537 0 13
4538 0 12
4539 0 13
4540 0 12
4541 0 12
4542 0 12
4543 0 12
4544 0 11
4545 0 11
4546 0 12
4547 0 11
4548 0 12
4549 0 11
4550 0 11
4551 0 12
4552 0 11
4553 0 11
4554 0 11
4555 0 12
4556 0 11
4557 0 12
4558 0 11
4559 0 11
4560 0 12
4561 0 11
4562 0 12
4563 0 11
4564 0 12
4565 0 11
4566 0 11
4567 0 11
4568 0 11
4569 0 12
4570 0 11
4571 0 14
4572 0 13
4573 0 14
4574 0 13
4575 0 13
4576 0 13
4577 0 13
4578 0 13
4579 0 13
4580 0 13
4581 0 12
4582 0 14
4583 0 13
4584 0 14
4585 0 13
4586 0 13
4587 0 13
4588 0 13
4589 0 12
4590 0 12
4591 0 13
4592 0 12
4593 0 13
4594 0 12
4595 0 12
4596 0 13
4597 0 12
4598 0 12
4599 0 11
4600 0 12
4601 0 12
4602 0 11
4603 0 12
4604 0 11
4605 0 11
4606 0 12
4607 0 12
4608 0 12
4609 0 12
4610 0 13
4611 0 12
4612 0 13
4613 0 12
4614 0 12
4615 0 13
4616 0 12
4617 0 13
4618 0 12
4619 0 13
4620 0 12
4621 0 12
4622 0 12
4623 0 12
4624 0 12
4625 0 12
4626 0 14
4627 0 13
4628 0 14
4629 0 13
4630 0 13
4631 0 13
4632 0 13
4633 0 13
4634 0 13
4635 0 13
4636 0 13
4637 0 15
4638 0 14
4639 0 15
4640 0 13
4641 0 13
4642 0 13
4643 0 13
4644 0 12
4645 0 12
4646 0 13
4647 0 12
4648 0 13
4649 0 12
4650 0 12
4651 0 13
4652 0 12
4653 0 12
4654 0 11
4655 0 12
4656 0 12
4657 0 11
4658 0 12
4659 0 11
4660 0 11
4661 0 12
4662 0 12
4663 0 13
4664 0 13
4665 0 13
4666 0 12
4667 0 13
4668 0 13
4669 0 13
4670 0 13
4671 0 12
4672 0 13
4673 0 12
4674 0 13
4675 0 12
4676 0 12
4677 0 12
4678 0 12
4679 0 12
4680 0 12
4681 0 13
4682 0 12
4683 0 13
4684 0 12
4685 0 12
4686 0 12
4687 0 12
4688 0 13
4689 0 13
4690 0 13
4691 0 12
4692 0 13
4693 0 13
4694 0 13
4695 0 13
4696 0 12
4697 0 13
4698 0 12
4699 0 13
4700 0 12
4701 0 12
4702 0 12
4703 0 12
4704 0 12
4705 0 12
4706 0 13
4707 0 12
4708 0 13
4709 0 12
4710 0 12
4711 0 12
4712 0 12
4713 0 12
4714 0 12
4715 0 12
4716 0 11
4717 0 13
4718 0 12
4719 0 13
4720 0 12
4721 0 12
4722 0 12
4723 0 12
4724 0 13
4725 0 12
4726 0 13
4727 0 12
4728 0 12
4729 0 12
4730 0 12
4731 0 12
4732 0 12
4733 0 12
4734 0 11
4735 0 13
4736 0 12
4737 0 13
4738 0 12
4739 0 12
4740 0 12
4741 0 12
4742 0 12
4743 0 12
4744 0 12
4745 0 11
4746 0 12
4747 0 12
4748 0 12
4749 0 12
4750 0 11
4751 0 12
4752 0 11
4753 0 12
4754 0 12
4755 0 11
4756 0 12
4757 0 11
4758 0 11
4759 0 12
4760 0 12
4761 0 13
4762 0 13
4763 0 13
4764 0 12
4765 0 13
4766 0 13
4767 0 13
4768 0 13
4769 0 12
4770 0 13
4771 0 12
4772 0 13
4773 0 12
4774 0 12
4775 0 12
4776 0 12
4777 0 12
4778 0 12
4779 0 13
4780 0 12
4781 0 13
4782 0 12
4783 0 12
4784 0 12
4785 0 12
4786 0 13
4787 0 13
4788 0 13
4789 0 12
4790 0 13
4791 0 13
4792 0 13
4793 0 13
4794 0 12
4795 0 13
4796 0 12
4797 0 13
4798 0 12
4799 0 12
4800 0 12
4801 0 12
4802 0 12
4803 0 12
4804 0 13
4805 0 12
4806 0 13
4807 0 12
4808 0 12
4809 0 12
4810 0 12
4811 0 12
4812 0 12
4813 0 12
4814 0 12
4815 0 13
4816 0 12
4817 0 13
4818 0 12
4819 0 12
4820 0 12
4821 0 12
4822 0 11
4823 0 11
4824 0 12
4825 0 11
4826 0 12
4827 0 11
4828 0 11
4829 0 12
4830 0 11
4831 0 11
4832 0 11
4833 0 12
4834 0 11
4835 0 12
4836 0 11
4837 0 11
4838 0 12
4839 0 11
4840 0 12
4841 0 11
4842 0 12
4843 0 11
4844 0 11
4845 0 11
4846 0 11
4847 0 11
4848 0 11
4849 0 13
4850 0 12
4851 0 13
4852 0 12
4853 0 12
4854 0 12
4855 0 12
4856 0 12
4857 0 12
4858 0 12
4859 0 12
4860 0 13
4861 0 12
4862 0 13
4863 0 12
4864 0 12
4865 0 12
4866 0 12
4867 0 12
4868 0 12
4869 0 12
4870 0 11
4871 0 12
4872 0 12
4873 0 12
4874 0 12
4875 0 11
4876 0 12
4877 0 11
4878 0 12
4879 0 12
4880 0 11
4881 0 12
4882 0 11
4883 0 11
4884 0 11
4885 0 11
4886 0 13
4887 0 13
4888 0 13
4889 0 13
4890 0 13
4891 0 13
4892 0 13
4893 0 13
4894 0 13
4895 0 13
4896 0 12
4897 0 13
4898 0 12
4899 0 12
4900 0 12
4901 0 12
4902 0 12
4903 0 12
4904 0 13
4905 0 12
4906 0 13
4907 0 12
4908 0 12
4909 0 12
4910 0 12
4911 0 14
4912 0 14
4913 0 13
4914 0 13
4915 0 13
4916 0 14
4917 0 14
4918 0 13
4919 0 13
4920 0 13
4921 0 12
4922 0 13
4923 0 12
4924 0 12
4925 0 12
4926 0 12
4927 0 12
4928 0 12
4929 0 13
4930 0 12
4931 0 13
4932 0 12
4933 0 12
4934 0 12
4935 0 12
4936 0 12
4937 0 12
4938 0 12
4939 0 12
4940 0 13
4941 0 12
4942 0 13
4943 0 12
4944 0 12
4945 0 12
4946 0 12
4947 0 11
4948 0 11
4949 0 12
4950 0 11
4951 0 12
4952 0 11
4953 0 11
4954 0 12
4955 0 11
4956 0 11
4957 0 11
4958 0 12
4959 0 11
4960 0 12
4961 0 11
4962 0 11
4963 0 12
4964 0 11
4965 0 12
4966 0 11
4967 0 12
4968 0 11
4969 0 11
4970 0 11
4971 0 11
4972 0 11
4973 0 11
4974 0 13
4975 0 12
4976 0 13
4977 0 12
4978 0 12
4979 0 11
4980 0 11
4981 0 12
4982 0 12
4983 0 12
4984 0 12
4985 0 13
4986 0 13
4987 0 14
4988 0 12
4989 0 12
4990 0 11
4991 0 11
4992 0 12
4993 0 12
4994 0 12
4995 0 12
4996 0 12
4997 0 12
4998 0 12
4999 0 12
5000 0 12
5001 0 12
5002 0 11
5003 0 12
5004 0 12
5005 0 11
5006 0 12
5007 0 11
5008 0 11
5009 0 11
5010 0 11
5011 0 12
5012 0 12
5013 0 12
5014 0 12
5015 0 12
5016 0 12
5017 0 12
5018 0 12
5019 0 12
5020 0 12
5021 0 11
5022 0 12
5023 0 11
5024 0 11
5025 0 11
5026 0 11
5027 0 11
5028 0 11
5029 0 13
5030 0 12
5031 0 13
5032 0 12
5033 0 12
5034 0 11
5035 0 11
5036 0 12
5037 0 12
5038 0 12
5039 0 12
5040 0 13
5041 0 13
5042 0 14
5043 0 12
5044 0 12
5045 0 11
5046 0 11
5047 0 12
5048 0 12
5049 0 12
5050 0 12
5051 0 12
5052 0 12
5053 0 12
5054 0 12
5055 0 12
5056 0 12
5057 0 11
5058 0 12
5059 0 12
5060 0 11
5061 0 12
5062 0 11
5063 0 11
5064 0 11
5065 0 11
5066 0 13
5067 0 12
5068 0 13
5069 0 12
5070 0 12
5071 0 11
5072 0 11
5073 0 12
5074 0 12
5075 0 12
5076 0 12
5077 0 13
5078 0 13
5079 0 14
5080 0 12
5081 0 12
5082 0 11
5083 0 11
5084 0 12
5085 0 12
5086 0 12
5087 0 12
5088 0 12
5089 0 12
5090 0 12
5091 0 12
5092 0 12
5093 0 12
5094 0 11
5095 0 12
5096 0 12
5097 0 11
5098 0 12
5099 0 11
5100 0 11
5101 0 11
5102 0 11
5103 0 12
5104 0 12
5105 0 12
5106 0 12
5107 0 12
5108 0 12
5109 0 12
5110 0 12
5111 0 12
5112 0 12
5113 0 11
5114 0 12
5115 0 11
5116 0 11
5117 0 11
5118 0 11
5119 0 11
5120 0 11
5121 0 13
5122 0 12
5123 0 13
5124 0 12
5125 0 12
5126 0 11
5127 0 11
5128 0 12
5129 0 12
5130 0 12
5131 0 12
5132 0 13
5133 0 13
5134 0 14
5135 0 12
5136 0 12
5137 0 11
5138 0 11
5139 0 12
5140 0 12
5141 0 12
5142 0 12
5143 0 12
5144 0 12
5145 0 12
5146 0 12
5147 0 12
5148 0 12
5149 0 11
5150 0 12
5151 0 12
5152 0 11
5153 0 12
5154 0 11
5155 0 11
5156 0 11
5157 0 11
5158 0 12
5159 0 12
5160 0 12
5161 0 12
5162 0 12
5163 0 12
5164 0 12
5165 0 12
5166 0 12
5167 0 12
5168 0 12
5169 0 12
5170 0 11
5171 0 11
5172 0 11
5173 0 11
5174 0 11
5175 0 11
5176 0 12
5177 0 12
5178 0 12
5179 0 11
5180 0 11
5181 0 11
5182 0 11
5183 0 13
5184 0 13
5185 0 12
5186 0 12
5187 0 12
5188 0 13
5189 0 13
5190 0 12
5191 0 12
5192 0 12
5193 0 12
5194 0 12
5195 0 11
5196 0 11
5197 0 11
5198 0 11
5199 0 11
5200 0 11
5201 0 12
5202 0 12
5203 0 13
5204 0 12
5205 0 12
5206 0 11
5207 0 11
5208 0 12
5209 0 12
5210 0 11
5211 0 11
5212 0 12
5213 0 12
5214 0 13
5215 0 12
5216 0 12
5217 0 11
5218 0 11
5219 0 12
5220 0 12
5221 0 13
5222 0 12
5223 0 12
5224 0 11
5225 0 11
5226 0 12
5227 0 12
5228 0 11
5229 0 11
5230 0 12
5231 0 12
5232 0 13
5233 0 12
5234 0 12
5235 0 11
5236 0 11
5237 0 12
5238 0 12
5239 0 12
5240 0 11
5241 0 12
5242 0 12
5243 0 12
5244 0 12
5245 0 11
5246 0 12
5247 0 11
5248 0 12
5249 0 12
5250 0 11
5251 0 12
5252 0 11
5253 0 11
5254 0 11
5255 0 11
5256 0 14
5257 0 14
5258 0 14
5259 0 13
5260 0 14
5261 0 14
5262 0 14
5263 0 13
5264 0 14
5265 0 13
5266 0 13
5267 0 13
5268 0 13
5269 0 14
5270 0 13
5271 0 14
5272 0 13
5273 0 13
5274 0 13
5275 0 13
5276 0 12
5277 0 14
5278 0 14
5279 0 14
5280 0 13
5281 0 14
5282 0 14
5283 0 14
5284 0 13
5285 0 14
5286 0 13
5287 0 13
5288 0 13
5289 0 13
5290 0 14
5291 0 12
5292 0 15
5293 0 12
5294 0 13
5295 0 13
5296 0 13
5297 0 12
5298 0 13
5299 0 13
5300 0 14
5301 0 12
5302 0 15
5303 0 12
5304 0 13
5305 0 13
5306 0 13
5307 0 12
5308 0 12
5309 0 13
5310 0 13
5311 0 11
5312 0 12
5313 0 13
5314 0 12
5315 0 13
5316 0 13
5317 0 11
5318 0 12
5319 0 13
5320 0 13
5321 0 11
5322 0 14
5323 0 11
5324 0 12
5325 0 12
5326 0 13
5327 0 14
5328 0 12
5329 0 15
5330 0 12
5331 0 13
5332 0 13
5333 0 13
5334 0 12
5335 0 13
5336 0 13
5337 0 14
5338 0 12
5339 0 15
5340 0 12
5341 0 13
5342 0 13
5343 0 13
5344 0 12
5345 0 13
5346 0 13
5347 0 13
5348 0 12
5349 0 13
5350 0 13
5351 0 13
5352 0 12
5353 0 13
5354 0 12
5355 0 13
5356 0 12
5357 0 13
5358 0 12
5359 0 12
5360 0 12
5361 0 12
5362 0 12
5363 0 14
5364 0 14
5365 0 14
5366 0 13
5367 0 14
5368 0 14
5369 0 14
5370 0 13
5371 0 14
5372 0 13
5373 0 13
5374 0 13
5375 0 13
5376 0 14
5377 0 13
5378 0 14
5379 0 13
5380 0 13
5381 0 13
5382 0 13
5383 0 13
5384 0 15
5385 0 14
5386 0 14
5387 0 14
5388 0 15
5389 0 14
5390 0 14
5391 0 13
5392 0 14
5393 0 13
5394 0 13
5395 0 13
5396 0 13
5397 0 14
5398 0 12
5399 0 15
5400 0 12
5401 0 13
5402 0 13
5403 0 13
5404 0 12
5405 0 13
5406 0 13
5407 0 14
5408 0 12
5409 0 15
5410 0 12
5411 0 13
5412 0 13
5413 0 13
5414 0 12
5415 0 12
5416 0 13
5417 0 13
5418 0 11
5419 0 12
5420 0 13
5421 0 12
5422 0 13
5423 0 13
5424 0 11
5425 0 12
5426 0 13
5427 0 13
5428 0 11
5429 0 14
5430 0 11
5431 0 12
5432 0 12
5433 0 13
5434 0 14
5435 0 13
5436 0 14
5437 0 13
5438 0 13
5439 0 12
5440 0 12
5441 0 12
5442 0 13
5443 0 13
5444 0 14
5445 0 13
5446 0 15
5447 0 13
5448 0 13
5449 0 12
5450 0 12
5451 0 12
5452 0 13
5453 0 13
5454 0 13
5455 0 12
5456 0 13
5457 0 13
5458 0 13
5459 0 12
5460 0 13
5461 0 12
5462 0 13
5463 0 12
5464 0 13
5465 0 12
5466 0 12
5467 0 12
5468 0 12
5469 0 12
5470 0 13
5471 0 13
5472 0 13
5473 0 12
5474 0 13
5475 0 13
5476 0 13
5477 0 12
5478 0 13
5479 0 12
5480 0 12
5481 0 12
5482 0 12
5483 0 14
5484 0 13
5485 0 14
5486 0 13
5487 0 13
5488 0 12
5489 0 12
5490 0 12
5491 0 13
5492 0 13
5493 0 14
5494 0 13
5495 0 15
5496 0 13
5497 0 13
5498 0 12
5499 0 12
5500 0 12
5501 0 13
5502 0 13
5503 0 13
5504 0 12
5505 0 13
5506 0 13
5507 0 13
5508 0 12
5509 0 13
5510 0 12
5511 0 13
5512 0 12
5513 0 13
5514 0 12
5515 0 12
5516 0 12
5517 0 12
5518 0 12
5519 0 13
5520 0 12
5521 0 12
5522 0 12
5523 0 13
5524 0 12
5525 0 13
5526 0 12
5527 0 13
5528 0 12
5529 0 12
5530 0 12
5531 0 12
5532 0 13
5533 0 12
5534 0 13
5535 0 12
5536 0 12
5537 0 11
5538 0 11
5539 0 11
5540 0 13
5541 0 12
5542 0 12
5543 0 12
5544 0 13
5545 0 12
5546 0 13
5547 0 12
5548 0 13
5549 0 12
5550 0 12
5551 0 12
5552 0 12
5553 0 13
5554 0 12
5555 0 12
5556 0 12
5557 0 13
5558 0 12
5559 0 13
5560 0 12
5561 0 13
5562 0 12
5563 0 12
5564 0 12
5565 0 12
5566 0 13
5567 0 12
5568 0 13
5569 0 12
5570 0 12
5571 0 11
5572 0 11
5573 0 11
5574 0 13
5575 0 12
5576 0 12
5577 0 12
5578 0 13
5579 0 12
5580 0 13
5581 0 12
5582 0 13
5583 0 12
5584 0 12
5585 0 12
5586 0 12
5587 0 13
5588 0 12
5589 0 13
5590 0 12
5591 0 12
5592 0 11
5593 0 11
5594 0 11
5595 0 12
5596 0 12
5597 0 13
5598 0 12
5599 0 14
5600 0 12
5601 0 12
5602 0 11
5603 0 11
5604 0 11
5605 0 12
5606 0 12
5607 0 12
5608 0 11
5609 0 12
5610 0 12
5611 0 12
5612 0 12
5613 0 12
5614 0 11
5615 0 12
5616 0 12
5617 0 12
5618 0 11
5619 0 13
5620 0 11
5621 0 12
5622 0 12
5623 0 12
5624 0 14
5625 0 13
5626 0 14
5627 0 13
5628 0 13
5629 0 12
5630 0 12
5631 0 12
5632 0 13
5633 0 13
5634 0 14
5635 0 13
5636 0 15
5637 0 13
5638 0 13
5639 0 12
5640 0 12
5641 0 12
5642 0 13
5643 0 13
5644 0 13
5645 0 12
5646 0 13
5647 0 13
5648 0 13
5649 0 12
5650 0 13
5651 0 12
5652 0 13
5653 0 12
5654 0 13
5655 0 12
5656 0 12
5657 0 12
5658 0 12
5659 0 12
5660 0 13
5661 0 13
5662 0 13
5663 0 12
5664 0 13
5665 0 13
5666 0 13
5667 0 12
5668 0 13
5669 0 12
5670 0 12
5671 0 12
5672 0 12
5673 0 14
5674 0 13
5675 0 14
5676 0 13
5677 0 13
5678 0 12
5679 0 12
5680 0 12
5681 0 13
5682 0 13
5683 0 14
5684 0 13
5685 0 15
5686 0 13
5687 0 13
5688 0 12
5689 0 12
5690 0 12
5691 0 13
5692 0 13
5693 0 13
5694 0 12
5695 0 13
5696 0 13
5697 0 13
5698 0 12
5699 0 13
5700 0 12
5701 0 13
5702 0 12
5703 0 13
5704 0 12
5705 0 12
5706 0 12
5707 0 12
5708 0 12
5709 0 13
5710 0 13
5711 0 13
5712 0 12
5713 0 13
5714 0 13
5715 0 13
5716 0 12
5717 0 13
5718 0 12
5719 0 12
5720 0 12
5721 0 12
5722 0 13
5723 0 12
5724 0 13
5725 0 12
5726 0 12
5727 0 12
5728 0 12
5729 0 11
5730 0 13
5731 0 13
5732 0 13
5733 0 12
5734 0 13
5735 0 13
5736 0 13
5737 0 12
5738 0 13
5739 0 12
5740 0 12
5741 0 12
5742 0 12
5743 0 13
5744 0 11
5745 0 14
5746 0 11
5747 0 12
5748 0 12
5749 0 12
5750 0 11
5751 0 12
5752 0 12
5753 0 13
5754 0 11
5755 0 14
5756 0 11
5757 0 12
5758 0 12
5759 0 12
5760 0 11
5761 0 13
5762 0 11
5763 0 14
5764 0 11
5765 0 12
5766 0 12
5767 0 12
5768 0 11
5769 0 12
5770 0 12
5771 0 13
5772 0 11
5773 0 14
5774 0 11
5775 0 12
5776 0 12
5777 0 12
5778 0 11
5779 0 12
5780 0 12
5781 0 12
5782 0 11
5783 0 12
5784 0 12
5785 0 13
5786 0 11
5787 0 13
5788 0 11
5789 0 13
5790 0 11
5791 0 13
5792 0 11
5793 0 12
5794 0 12
5795 0 12
5796 0 11
5797 0 14
5798 0 14
5799 0 14
5800 0 13
5801 0 14
5802 0 14
5803 0 15
5804 0 13
5805 0 15
5806 0 13
5807 0 13
5808 0 13
5809 0 14
5810 0 15
5811 0 13
5812 0 15
5813 0 13
5814 0 13
5815 0 13
5816 0 13
5817 0 12
5818 0 14
5819 0 14
5820 0 14
5821 0 13
5822 0 14
5823 0 14
5824 0 15
5825 0 13
5826 0 15
5827 0 13
5828 0 13
5829 0 13
5830 0 14
5831 0 14
5832 0 12
5833 0 15
5834 0 12
5835 0 13
5836 0 13
5837 0 13
5838 0 12
5839 0 13
5840 0 13
5841 0 14
5842 0 12
5843 0 15
5844 0 12
5845 0 13
5846 0 13
5847 0 13
5848 0 12
5849 0 12
5850 0 13
5851 0 13
5852 0 11
5853 0 12
5854 0 13
5855 0 12
5856 0 13
5857 0 13
5858 0 11
5859 0 12
5860 0 13
5861 0 13
5862 0 11
5863 0 14
5864 0 11
5865 0 12
5866 0 12
5867 0 13
5868 0 14
5869 0 12
5870 0 15
5871 0 12
5872 0 13
5873 0 13
5874 0 13
5875 0 12
5876 0 13
5877 0 13
5878 0 14
5879 0 12
5880 0 15
5881 0 12
5882 0 13
5883 0 13
5884 0 13
5885 0 12
5886 0 13
5887 0 13
5888 0 13
5889 0 12
5890 0 13
5891 0 13
5892 0 14
5893 0 12
5894 0 14
5895 0 12
5896 0 14
5897 0 12
5898 0 14
5899 0 12
5900 0 12
5901 0 13
5902 0 13
5903 0 12
5904 0 14
5905 0 15
5906 0 15
5907 0 13
5908 0 14
5909 0 15
5910 0 15
5911 0 13
5912 0 15
5913 0 13
5914 0 13
5915 0 13
5916 0 14
5917 0 15
5918 0 13
5919 0 15
5920 0 13
5921 0 13
5922 0 14
5923 0 14
5924 0 13
5925 0 15
5926 0 15
5927 0 15
5928 0 14
5929 0 15
5930 0 15
5931 0 15
5932 0 13
5933 0 15
5934 0 13
5935 0 13
5936 0 13
5937 0 14
5938 0 14
5939 0 12
5940 0 15
5941 0 12
5942 0 13
5943 0 13
5944 0 13
5945 0 12
5946 0 13
5947 0 13
5948 0 14
5949 0 12
5950 0 15
5951 0 12
5952 0 13
5953 0 13
5954 0 13
5955 0 12
5956 0 12
5957 0 13
5958 0 13
5959 0 11
5960 0 12
5961 0 13
5962 0 12
5963 0 13
5964 0 13
5965 0 11
5966 0 12
5967 0 13
5968 0 13
5969 0 11
5970 0 14
5971 0 11
5972 0 12
5973 0 12
5974 0 13
5975 0 14
5976 0 13
5977 0 14
5978 0 13
5979 0 13
5980 0 12
5981 0 12
5982 0 12
5983 0 13
5984 0 13
5985 0 14
5986 0 13
5987 0 15
5988 0 13
5989 0 13
5990 0 12
5991 0 12
5992 0 12
5993 0 13
5994 0 13
5995 0 13
5996 0 12
5997 0 13
5998 0 13
5999 0 13
6000 0 12
6001 0 13
6002 0 12
6003 0 13
6004 0 12
6005 0 13
6006 0 12
6007 0 12
6008 0 12
6009 0 12
6010 0 12
6011 0 13
6012 0 13
6013 0 13
6014 0 12
6015 0 13
6016 0 13
6017 0 13
6018 0 12
6019 0 13
6020 0 12
6021 0 12
6022 0 12
6023 0 12
6024 0 14
6025 0 13
6026 0 14
6027 0 13
6028 0 13
6029 0 12
6030 0 12
6031 0 12
6032 0 13
6033 0 13
6034 0 14
6035 0 13
6036 0 15
6037 0 13
6038 0 13
6039 0 12
6040 0 12
6041 0 12
6042 0 13
6043 0 13
6044 0 13
6045 0 12
6046 0 13
6047 0 13
6048 0 13
6049 0 12
6050 0 13
6051 0 12
6052 0 13
6053 0 12
6054 0 13
6055 0 12
6056 0 12
6057 0 12
6058 0 12
6059 0 12
6060 0 13
6061 0 12
6062 0 12
6063 0 12
6064 0 13
6065 0 12
6066 0 13
6067 0 12
6068 0 13
6069 0 12
6070 0 12
6071 0 12
6072 0 12
6073 0 13
6074 0 12
6075 0 13
6076 0 12
6077 0 12
6078 0 11
6079 0 11
6080 0 11
6081 0 13
6082 0 12
6083 0 12
6084 0 12
6085 0 13
6086 0 12
6087 0 13
6088 0 12
6089 0 13
6090 0 12
6091 0 12
6092 0 12
6093 0 12
6094 0 13
6095 0 12
6096 0 12
6097 0 12
6098 0 13
6099 0 12
6100 0 13
6101 0 12
6102 0 13
6103 0 12
6104 0 12
6105 0 12
6106 0 12
6107 0 13
6108 0 12
6109 0 13
6110 0 12
6111 0 12
6112 0 11
6113 0 11
6114 0 11
6115 0 13
6116 0 12
6117 0 12
6118 0 12
6119 0 13
6120 0 12
6121 0 13
6122 0 12
6123 0 13
6124 0 12
6125 0 12
6126 0 12
6127 0 12
6128 0 13
6129 0 12
6130 0 13
6131 0 12
6132 0 12
6133 0 11
6134 0 11
6135 0 11
6136 0 12
6137 0 12
6138 0 13
6139 0 12
6140 0 14
6141 0 12
6142 0 12
6143 0 11
6144 0 11
6145 0 11
6146 0 12
6147 0 12
6148 0 12
6149 0 11
6150 0 12
6151 0 12
6152 0 12
6153 0 12
6154 0 12
6155 0 11
6156 0 12
6157 0 12
6158 0 12
6159 0 11
6160 0 13
6161 0 11
6162 0 12
6163 0 12
6164 0 12
6165 0 14
6166 0 13
6167 0 14
6168 0 13
6169 0 13
6170 0 13
6171 0 13
6172 0 12
6173 0 13
6174 0 13
6175 0 14
6176 0 13
6177 0 14
6178 0 13
6179 0 13
6180 0 13
6181 0 13
6182 0 12
6183 0 13
6184 0 13
6185 0 13
6186 0 12
6187 0 13
6188 0 13
6189 0 12
6190 0 12
6191 0 12
6192 0 12
6193 0 12
6194 0 12
6195 0 12
6196 0 12
6197 0 12
6198 0 12
6199 0 12
6200 0 12
6201 0 13
6202 0 13
6203 0 13
6204 0 12
6205 0 13
6206 0 13
6207 0 13
6208 0 12
6209 0 13
6210 0 12
6211 0 12
6212 0 12
6213 0 12
6214 0 14
6215 0 13
6216 0 14
6217 0 13
6218 0 13
6219 0 13
6220 0 13
6221 0 12
6222 0 13
6223 0 13
6224 0 15
6225 0 13
6226 0 15
6227 0 13
6228 0 13
6229 0 13
6230 0 13
6231 0 12
6232 0 13
6233 0 13
6234 0 13
6235 0 12
6236 0 13
6237 0 13
6238 0 12
6239 0 12
6240 0 12
6241 0 12
6242 0 12
6243 0 12
6244 0 12
6245 0 12
6246 0 12
6247 0 12
6248 0 12
6249 0 12
6250 0 13
6251 0 13
6252 0 13
6253 0 12
6254 0 13
6255 0 13
6256 0 13
6257 0 12
6258 0 13
6259 0 12
6260 0 12
6261 0 12
6262 0 12
6263 0 13
6264 0 12
6265 0 13
6266 0 12
6267 0 12
6268 0 12
6269 0 12
6270 0 12
6271 0 13
6272 0 13
6273 0 13
6274 0 12
6275 0 13
6276 0 13
6277 0 13
6278 0 12
6279 0 13
6280 0 12
6281 0 12
6282 0 12
6283 0 12
6284 0 13
6285 0 11
6286 0 13
6287 0 11
6288 0 12
6289 0 12
6290 0 12
6291 0 11
6292 0 12
6293 0 12
6294 0 13
6295 0 11
6296 0 13
6297 0 11
6298 0 12
6299 0 12
6300 0 12
6301 0 11
6302 0 13
6303 0 11
6304 0 13
6305 0 11
6306 0 12
6307 0 12
6308 0 12
6309 0 11
6310 0 12
6311 0 12
6312 0 13
6313 0 11
6314 0 13
6315 0 11
6316 0 12
6317 0 12
6318 0 12
6319 0 11
6320 0 12
6321 0 12
6322 0 12
6323 0 11
6324 0 12
6325 0 12
6326 0 12
6327 0 11
6328 0 12
6329 0 11
6330 0 12
6331 0 11
6332 0 12
6333 0 11
6334 0 11
6335 0 12
6336 0 12
6337 0 11
6338 0 13
6339 0 13
6340 0 13
6341 0 12
6342 0 13
6343 0 13
6344 0 13
6345 0 12
6346 0 13
6347 0 12
6348 0 12
6349 0 12
6350 0 12
6351 0 13
6352 0 12
6353 0 13
6354 0 12
6355 0 12
6356 0 12
6357 0 12
6358 0 12
6359 0 13
6360 0 13
6361 0 13
6362 0 12
6363 0 13
6364 0 13
6365 0 13
6366 0 12
6367 0 13
6368 0 12
6369 0 12
6370 0 12
6371 0 12
6372 0 13
6373 0 12
6374 0 13
6375 0 12
6376 0 12
6377 0 12
6378 0 12
6379 0 11
6380 0 12
6381 0 12
6382 0 13
6383 0 12
6384 0 13
6385 0 12
6386 0 12
6387 0 12
6388 0 12
6389 0 11
6390 0 12
6391 0 12
6392 0 12
6393 0 11
6394 0 12
6395 0 12
6396 0 12
6397 0 12
6398 0 12
6399 0 11
6400 0 12
6401 0 12
6402 0 12
6403 0 11
6404 0 12
6405 0 11
6406 0 11
6407 0 11
6408 0 12
6409 0 14
6410 0 13
6411 0 14
6412 0 13
6413 0 13
6414 0 13
6415 0 13
6416 0 13
6417 0 13
6418 0 13
6419 0 14
6420 0 13
6421 0 14
6422 0 13
6423 0 13
6424 0 13
6425 0 13
6426 0 13
6427 0 13
6428 0 13
6429 0 13
6430 0 12
6431 0 13
6432 0 13
6433 0 12
6434 0 12
6435 0 12
6436 0 12
6437 0 12
6438 0 12
6439 0 12
6440 0 12
6441 0 12
6442 0 12
6443 0 12
6444 0 12
6445 0 13
6446 0 13
6447 0 13
6448 0 12
6449 0 13
6450 0 13
6451 0 13
6452 0 12
6453 0 13
6454 0 12
6455 0 12
6456 0 12
6457 0 12
6458 0 14
6459 0 14
6460 0 14
6461 0 14
6462 0 13
6463 0 13
6464 0 13
6465 0 13
6466 0 13
6467 0 13
6468 0 15
6469 0 14
6470 0 15
6471 0 14
6472 0 13
6473 0 13
6474 0 13
6475 0 13
6476 0 13
6477 0 13
6478 0 13
6479 0 12
6480 0 13
6481 0 13
6482 0 12
6483 0 12
6484 0 12
6485 0 12
6486 0 12
6487 0 12
6488 0 12
6489 0 12
6490 0 12
6491 0 12
6492 0 12
6493 0 12
6494 0 13
6495 0 13
6496 0 13
6497 0 12
6498 0 13
6499 0 13
6500 0 13
6501 0 12
6502 0 13
6503 0 12
6504 0 12
6505 0 12
6506 0 12
6507 0 13
6508 0 12
6509 0 13
6510 0 12
6511 0 12
6512 0 12
6513 0 12
6514 0 12
6515 0 13
6516 0 13
6517 0 13
6518 0 12
6519 0 13
6520 0 13
6521 0 13
6522 0 12
6523 0 13
6524 0 12
6525 0 12
6526 0 12
6527 0 12
6528 0 13
6529 0 11
6530 0 13
6531 0 11
6532 0 12
6533 0 12
6534 0 12
6535 0 11
6536 0 12
6537 0 12
6538 0 13
6539 0 11
6540 0 13
6541 0 11
6542 0 12
6543 0 12
6544 0 12
6545 0 11
6546 0 13
6547 0 11
6548 0 13
6549 0 11
6550 0 12
6551 0 12
6552 0 12
6553 0 11
6554 0 12
6555 0 12
6556 0 13
6557 0 11
6558 0 13
6559 0 11
6560 0 12
6561 0 12
6562 0 12
6563 0 11
6564 0 12
6565 0 12
6566 0 12
6567 0 11
6568 0 12
6569 0 12
6570 0 12
6571 0 11
6572 0 12
6573 0 11
6574 0 12
6575 0 11
6576 0 12
6577 0 11
6578 0 11
6579 0 12
6580 0 12
6581 0 11
6582 0 13
6583 0 13
6584 0 13
6585 0 12
6586 0 13
6587 0 13
6588 0 12
6589 0 12
6590 0 12
6591 0 12
6592 0 11
6593 0 11
6594 0 11
6595 0 12
6596 0 12
6597 0 12
6598 0 12
6599 0 12
6600 0 12
6601 0 12
6602 0 12
6603 0 13
6604 0 13
6605 0 13
6606 0 13
6607 0 14
6608 0 13
6609 0 12
6610 0 12
6611 0 12
6612 0 12
6613 0 11
6614 0 11
6615 0 11
6616 0 13
6617 0 12
6618 0 13
6619 0 12
6620 0 12
6621 0 12
6622 0 12
6623 0 12
6624 0 12
6625 0 12
6626 0 13
6627 0 12
6628 0 13
6629 0 12
6630 0 12
6631 0 12
6632 0 12
6633 0 12
6634 0 12
6635 0 12
6636 0 12
6637 0 11
6638 0 12
6639 0 12
6640 0 12
6641 0 12
6642 0 12
6643 0 11
6644 0 12
6645 0 12
6646 0 12
6647 0 11
6648 0 12
6649 0 11
6650 0 11
6651 0 11
6652 0 11
6653 0 13
6654 0 12
6655 0 13
6656 0 12
6657 0 12
6658 0 12
6659 0 12
6660 0 12
6661 0 12
6662 0 12
6663 0 13
6664 0 12
6665 0 13
6666 0 12
6667 0 12
6668 0 12
6669 0 12
6670 0 12
6671 0 12
6672 0 12
6673 0 12
6674 0 11
6675 0 12
6676 0 12
6677 0 11
6678 0 11
6679 0 11
6680 0 11
6681 0 11
6682 0 11
6683 0 11
6684 0 11
6685 0 11
6686 0 11
6687 0 11
6688 0 11
6689 0 13
6690 0 13
6691 0 13
6692 0 12
6693 0 13
6694 0 13
6695 0 12
6696 0 12
6697 0 12
6698 0 12
6699 0 11
6700 0 11
6701 0 11
6702 0 12
6703 0 12
6704 0 12
6705 0 12
6706 0 12
6707 0 12
6708 0 12
6709 0 12
6710 0 13
6711 0 13
6712 0 13
6713 0 13
6714 0 14
6715 0 13
6716 0 12
6717 0 12
6718 0 12
6719 0 12
6720 0 11
6721 0 11
6722 0 11
6723 0 13
6724 0 12
6725 0 13
6726 0 12
6727 0 12
6728 0 12
6729 0 12
6730 0 12
6731 0 12
6732 0 12
6733 0 13
6734 0 12
6735 0 13
6736 0 12
6737 0 12
6738 0 12
6739 0 12
6740 0 12
6741 0 12
6742 0 12
6743 0 12
6744 0 11
6745 0 12
6746 0 12
6747 0 12
6748 0 12
6749 0 12
6750 0 11
6751 0 12
6752 0 12
6753 0 12
6754 0 11
6755 0 12
6756 0 11
6757 0 11
6758 0 11
6759 0 11
6760 0 13
6761 0 13
6762 0 13
6763 0 12
6764 0 13
6765 0 13
6766 0 12
6767 0 12
6768 0 12
6769 0 12
6770 0 11
6771 0 11
6772 0 11
6773 0 12
6774 0 12
6775 0 12
6776 0 12
6777 0 12
6778 0 12
6779 0 12
6780 0 12
6781 0 13
6782 0 13
6783 0 13
6784 0 13
6785 0 14
6786 0 13
6787 0 12
6788 0 12
6789 0 12
6790 0 12
6791 0 11
6792 0 11
6793 0 11
6794 0 13
6795 0 12
6796 0 13
6797 0 12
6798 0 12
6799 0 12
6800 0 12
6801 0 12
6802 0 12
6803 0 12
6804 0 13
6805 0 12
6806 0 13
6807 0 12
6808 0 12
6809 0 12
6810 0 12
6811 0 12
6812 0 12
6813 0 12
6814 0 12
6815 0 11
6816 0 12
6817 0 12
6818 0 12
6819 0 12
6820 0 12
6821 0 11
6822 0 12
6823 0 12
6824 0 12
6825 0 11
6826 0 12
6827 0 11
6828 0 11
6829 0 11
6830 0 11
6831 0 13
6832 0 12
6833 0 13
6834 0 12
6835 0 12
6836 0 12
6837 0 12
6838 0 12
6839 0 12
6840 0 12
6841 0 13
6842 0 12
6843 0 13
6844 0 12
6845 0 12
6846 0 12
6847 0 12
6848 0 12
6849 0 12
6850 0 12
6851 0 12
6852 0 11
6853 0 12
6854 0 12
6855 0 11
6856 0 11
6857 0 11
6858 0 11
6859 0 11
6860 0 11
6861 0 11
6862 0 11
6863 0 11
6864 0 11
6865 0 11
6866 0 11
6867 0 13
6868 0 13
6869 0 13
6870 0 12
6871 0 13
6872 0 13
6873 0 12
6874 0 12
6875 0 12
6876 0 12
6877 0 11
6878 0 11
6879 0 11
6880 0 12
6881 0 12
6882 0 12
6883 0 12
6884 0 12
6885 0 12
6886 0 12
6887 0 12
6888 0 13
6889 0 13
6890 0 13
6891 0 13
6892 0 14
6893 0 13
6894 0 12
6895 0 12
6896 0 12
6897 0 12
6898 0 11
6899 0 11
6900 0 11
6901 0 13
6902 0 12
6903 0 13
6904 0 12
6905 0 12
6906 0 12
6907 0 12
6908 0 12
6909 0 12
6910 0 12
6911 0 13
6912 0 12
6913 0 13
6914 0 12
6915 0 12
6916 0 12
6917 0 12
6918 0 12
6919 0 12
6920 0 12
6921 0 12
6922 0 11
6923 0 12
6924 0 12
6925 0 12
6926 0 12
6927 0 12
6928 0 11
6929 0 12
6930 0 12
6931 0 12
6932 0 11
6933 0 12
6934 0 11
6935 0 11
6936 0 11
6937 0 11
6938 0 13
6939 0 12
6940 0 13
6941 0 12
6942 0 12
6943 0 12
6944 0 12
6945 0 12
6946 0 12
6947 0 12
6948 0 13
6949 0 12
6950 0 13
6951 0 12
6952 0 12
6953 0 12
6954 0 12
6955 0 12
6956 0 12
6957 0 12
6958 0 12
6959 0 12
6960 0 12
6961 0 12
6962 0 11
6963 0 11
6964 0 11
6965 0 11
6966 0 11
6967 0 11
6968 0 11
6969 0 11
6970 0 11
6971 0 11
6972 0 11
6973 0 11
6974 0 12
6975 0 12
6976 0 12
6977 0 12
6978 0 12
6979 0 12
6980 0 12
6981 0 11
6982 0 12
6983 0 11
6984 0 11
6985 0 11
6986 0 11
6987 0 13
6988 0 13
6989 0 13
6990 0 13
6991 0 12
6992 0 12
6993 0 12
6994 0 12
6995 0 12
6996 0 12
6997 0 14
6998 0 13
6999 0 14
7000 0 13
7001 0 12
7002 0 12
7003 0 12
7004 0 12
7005 0 12
7006 0 12
7007 0 12
7008 0 12
7009 0 12
7010 0 12
7011 0 11
7012 0 11
7013 0 11
7014 0 11
7015 0 11
7016 0 11
7017 0 11
7018 0 11
7019 0 11
7020 0 11
7021 0 11
7022 0 11
7023 0 12
7024 0 12
7025 0 12
7026 0 12
7027 0 13
7028 0 12
7029 0 12
7030 0 12
7031 0 12
7032 0 12
7033 0 11
7034 0 11
7035 0 11
7036 0 12
7037 0 12
7038 0 12
7039 0 12
7040 0 11
7041 0 11
7042 0 11
7043 0 11
7044 0 12
7045 0 12
7046 0 12
7047 0 12
7048 0 13
7049 0 12
7050 0 12
7051 0 12
7052 0 12
7053 0 12
7054 0 11
7055 0 11
7056 0 11
7057 0 12
7058 0 12
7059 0 12
7060 0 12
7061 0 13
7062 0 12
7063 0 12
7064 0 12
7065 0 12
7066 0 12
7067 0 11
7068 0 11
7069 0 11
7070 0 12
7071 0 12
7072 0 12
7073 0 12
7074 0 11
7075 0 11
7076 0 11
7077 0 11
7078 0 12
7079 0 12
7080 0 12
7081 0 12
7082 0 13
7083 0 12
7084 0 12
7085 0 12
7086 0 12
7087 0 12
7088 0 11
7089 0 11
7090 0 11
7091 0 12
7092 0 12
7093 0 12
7094 0 12
7095 0 12
7096 0 11
7097 0 11
7098 0 11
7099 0 12
7100 0 11
7101 0 13
7102 0 12
7103 0 13
7104 0 12
7105 0 12
7106 0 11
7107 0 11
7108 0 11
7109 0 12
7110 0 12
7111 0 12
7112 0 11
7113 0 12
7114 0 12
7115 0 12
7116 0 12
7117 0 12
7118 0 11
7119 0 12
7120 0 12
7121 0 12
7122 0 11
7123 0 12
7124 0 11
7125 0 11
7126 0 11
7127 0 11
