0 0 78
1 0 78
2 0 78
3 0 78
4 0 78
5 0 77
6 0 78
7 0 78
8 0 77
9 0 77
10 0 78
11 0 78
12 0 78
13 0 78
14 0 78
15 0 77
16 0 78
17 0 78
18 0 77
19 0 77
20 0 77
21 0 78
22 0 78
23 0 77
24 0 77
25 0 77
26 0 77
27 0 77
28 0 77
29 0 77
30 0 77
31 0 77
32 0 78
33 0 77
34 0 78
35 0 78
36 0 77
37 0 77
38 0 78
39 0 78
40 0 78
41 0 77
42 0 77
43 0 77
44 0 77
45 0 78
46 0 77
47 0 77
48 0 77
49 0 77
50 0 77
51 0 77
52 0 78
53 0 79
54 0 78
55 0 78
56 0 78
57 0 77
58 0 78
59 0 78
60 0 78
61 0 78
62 0 78
63 0 79
64 0 78
65 0 78
66 0 78
67 0 77
68 0 78
69 0 79
70 0 77
71 0 77
72 0 77
73 0 78
74 0 79
75 0 77
76 0 77
77 0 77
78 0 77
79 0 77
80 0 77
81 0 77
82 0 77
83 0 77
84 0 78
85 0 77
86 0 78
87 0 78
88 0 77
89 0 77
90 0 77
91 0 78
92 0 79
93 0 77
94 0 77
95 0 78
96 0 78
97 0 78
98 0 77
99 0 77
100 0 77
101 0 77
102 0 77
103 0 77
104 0 78
105 0 78
106 0 78
107 0 77
108 0 77
109 0 76
110 0 78
111 0 78
112 0 77
113 0 77
114 0 77
115 0 78
116 0 79
117 0 77
118 0 77
119 0 78
120 0 78
121 0 78
122 0 77
123 0 77
124 0 77
125 0 77
126 0 77
127 0 77
128 0 77
129 0 77
130 0 77
131 0 77
132 0 77
133 0 76
134 0 77
135 0 77
136 0 76
137 0 76
138 0 77
139 0 77
140 0 77
141 0 77
142 0 77
143 0 76
144 0 77
145 0 77
146 0 77
147 0 77
148 0 77
149 0 76
150 0 77
151 0 77
152 0 76
153 0 76
154 0 77
155 0 77
156 0 77
157 0 77
158 0 77
159 0 76
160 0 77
161 0 77
162 0 76
163 0 76
164 0 76
165 0 78
166 0 78
167 0 76
168 0 76
169 0 77
170 0 77
171 0 77
172 0 77
173 0 77
174 0 77
175 0 77
176 0 77
177 0 77
178 0 78
179 0 79
180 0 77
181 0 77
182 0 77
183 0 78
184 0 79
185 0 77
186 0 77
187 0 78
188 0 78
189 0 78
190 0 77
191 0 77
192 0 77
193 0 77
194 0 77
195 0 77
196 0 78
197 0 79
198 0 78
199 0 78
200 0 78
201 0 77
202 0 78
203 0 79
204 0 77
205 0 77
206 0 77
207 0 78
208 0 79
209 0 77
210 0 77
211 0 78
212 0 78
213 0 78
214 0 77
215 0 77
216 0 77
217 0 77
218 0 77
219 0 77
220 0 77
221 0 77
222 0 77
223 0 77
224 0 77
225 0 77
226 0 77
227 0 77
228 0 76
229 0 76
230 0 77
231 0 77
232 0 77
233 0 78
234 0 78
235 0 77
236 0 77
237 0 77
238 0 76
239 0 76
240 0 77
241 0 77
242 0 77
243 0 76
244 0 76
245 0 77
246 0 77
247 0 76
248 0 76
249 0 77
250 0 77
251 0 77
252 0 76
253 0 76
254 0 76
255 0 76
256 0 77
257 0 77
258 0 77
259 0 77
260 0 77
261 0 77
262 0 77
263 0 78
264 0 78
265 0 79
266 0 78
267 0 78
268 0 77
269 0 79
270 0 79
271 0 77
272 0 77
273 0 78
274 0 78
275 0 79
276 0 78
277 0 78
278 0 77
279 0 78
280 0 78
281 0 77
282 0 77
283 0 77
284 0 78
285 0 78
286 0 77
287 0 77
288 0 77
289 0 77
290 0 77
291 0 77
292 0 77
293 0 77
294 0 77
295 0 78
296 0 77
297 0 78
298 0 78
299 0 77
300 0 77
301 0 78
302 0 78
303 0 78
304 0 77
305 0 77
306 0 77
307 0 77
308 0 78
309 0 78
310 0 78
311 0 78
312 0 78
313 0 77
314 0 77
315 0 79
316 0 79
317 0 79
318 0 78
319 0 78
320 0 77
321 0 79
322 0 79
323 0 78
324 0 78
325 0 79
326 0 79
327 0 79
328 0 78
329 0 78
330 0 77
331 0 78
332 0 79
333 0 77
334 0 77
335 0 77
336 0 78
337 0 79
338 0 77
339 0 77
340 0 77
341 0 77
342 0 77
343 0 77
344 0 77
345 0 77
346 0 77
347 0 78
348 0 77
349 0 78
350 0 78
351 0 77
352 0 77
353 0 77
354 0 79
355 0 79
356 0 77
357 0 77
358 0 78
359 0 78
360 0 78
361 0 77
362 0 77
363 0 77
364 0 77
365 0 77
366 0 77
367 0 78
368 0 78
369 0 78
370 0 77
371 0 77
372 0 76
373 0 78
374 0 78
375 0 77
376 0 77
377 0 77
378 0 79
379 0 79
380 0 77
381 0 77
382 0 78
383 0 78
384 0 79
385 0 77
386 0 77
387 0 77
388 0 77
389 0 77
390 0 77
391 0 77
392 0 77
393 0 77
394 0 77
395 0 77
396 0 76
397 0 77
398 0 77
399 0 76
400 0 76
401 0 77
402 0 77
403 0 77
404 0 77
405 0 77
406 0 76
407 0 77
408 0 77
409 0 77
410 0 77
411 0 77
412 0 76
413 0 77
414 0 77
415 0 76
416 0 76
417 0 77
418 0 77
419 0 77
420 0 77
421 0 77
422 0 76
423 0 77
424 0 77
425 0 76
426 0 76
427 0 76
428 0 78
429 0 78
430 0 76
431 0 76
432 0 77
433 0 77
434 0 77
435 0 77
436 0 77
437 0 77
438 0 77
439 0 77
440 0 77
441 0 78
442 0 78
443 0 77
444 0 77
445 0 77
446 0 78
447 0 78
448 0 77
449 0 77
450 0 78
451 0 78
452 0 78
453 0 77
454 0 77
455 0 77
456 0 77
457 0 77
458 0 77
459 0 78
460 0 78
461 0 78
462 0 77
463 0 77
464 0 76
465 0 78
466 0 78
467 0 77
468 0 77
469 0 77
470 0 79
471 0 79
472 0 77
473 0 77
474 0 78
475 0 78
476 0 78
477 0 77
478 0 77
479 0 77
480 0 77
481 0 77
482 0 77
483 0 78
484 0 78
485 0 78
486 0 78
487 0 78
488 0 77
489 0 78
490 0 78
491 0 77
492 0 77
493 0 78
494 0 78
495 0 78
496 0 78
497 0 78
498 0 77
499 0 77
500 0 77
501 0 77
502 0 77
503 0 77
504 0 77
505 0 77
506 0 77
507 0 77
508 0 77
509 0 77
510 0 77
511 0 77
512 0 77
513 0 77
514 0 77
515 0 77
516 0 77
517 0 77
518 0 77
519 0 77
520 0 77
521 0 77
522 0 77
523 0 77
524 0 77
525 0 77
526 0 78
527 0 78
528 0 78
529 0 78
530 0 78
531 0 77
532 0 78
533 0 78
534 0 77
535 0 77
536 0 78
537 0 78
538 0 78
539 0 78
540 0 78
541 0 77
542 0 77
543 0 77
544 0 77
545 0 77
546 0 77
547 0 77
548 0 77
549 0 77
550 0 77
551 0 77
552 0 77
553 0 77
554 0 77
555 0 77
556 0 77
557 0 76
558 0 76
559 0 76
560 0 78
561 0 78
562 0 77
563 0 77
564 0 77
565 0 78
566 0 78
567 0 77
568 0 77
569 0 78
570 0 78
571 0 78
572 0 77
573 0 77
574 0 77
575 0 77
576 0 77
577 0 77
578 0 78
579 0 78
580 0 78
581 0 77
582 0 77
583 0 76
584 0 78
585 0 78
586 0 77
587 0 77
588 0 77
589 0 79
590 0 79
591 0 77
592 0 77
593 0 78
594 0 78
595 0 78
596 0 77
597 0 77
598 0 77
599 0 77
600 0 77
601 0 77
602 0 78
603 0 78
604 0 78
605 0 78
606 0 78
607 0 77
608 0 78
609 0 78
610 0 77
611 0 77
612 0 78
613 0 78
614 0 78
615 0 78
616 0 78
617 0 77
618 0 77
619 0 77
620 0 77
621 0 77
622 0 77
623 0 77
624 0 77
625 0 77
626 0 77
627 0 77
628 0 77
629 0 77
630 0 77
631 0 77
632 0 77
633 0 77
634 0 77
635 0 77
636 0 77
637 0 77
638 0 77
639 0 77
640 0 77
641 0 77
642 0 77
643 0 77
644 0 77
645 0 77
646 0 77
647 0 77
648 0 77
649 0 77
650 0 76
651 0 77
652 0 77
653 0 76
654 0 76
655 0 77
656 0 77
657 0 77
658 0 77
659 0 77
660 0 76
661 0 77
662 0 77
663 0 77
664 0 77
665 0 77
666 0 77
667 0 77
668 0 77
669 0 77
670 0 77
671 0 77
672 0 77
673 0 77
674 0 77
675 0 77
676 0 76
677 0 76
678 0 76
679 0 77
680 0 77
681 0 77
682 0 77
683 0 78
684 0 77
685 0 77
686 0 77
687 0 77
688 0 77
689 0 77
690 0 78
691 0 76
692 0 76
693 0 76
694 0 76
695 0 76
696 0 76
697 0 77
698 0 77
699 0 77
700 0 77
701 0 77
702 0 76
703 0 77
704 0 77
705 0 76
706 0 76
707 0 77
708 0 77
709 0 77
710 0 77
711 0 77
712 0 76
713 0 77
714 0 77
715 0 77
716 0 77
717 0 77
718 0 77
719 0 77
720 0 77
721 0 77
722 0 77
723 0 77
724 0 77
725 0 77
726 0 77
727 0 77
728 0 76
729 0 76
730 0 76
731 0 77
732 0 77
733 0 77
734 0 77
735 0 77
736 0 76
737 0 77
738 0 77
739 0 76
740 0 76
741 0 77
742 0 77
743 0 77
744 0 77
745 0 77
746 0 76
747 0 77
748 0 77
749 0 77
750 0 77
751 0 77
752 0 77
753 0 77
754 0 77
755 0 77
756 0 77
757 0 77
758 0 77
759 0 77
760 0 77
761 0 77
762 0 76
763 0 76
764 0 76
765 0 77
766 0 77
767 0 77
768 0 77
769 0 78
770 0 77
771 0 77
772 0 77
773 0 77
774 0 77
775 0 77
776 0 78
777 0 76
778 0 76
779 0 76
780 0 76
781 0 76
782 0 76
783 0 77
784 0 77
785 0 77
786 0 77
787 0 77
788 0 76
789 0 77
790 0 77
791 0 76
792 0 76
793 0 77
794 0 77
795 0 77
796 0 77
797 0 77
798 0 76
799 0 77
800 0 77
801 0 77
802 0 77
803 0 77
804 0 77
805 0 77
806 0 77
807 0 77
808 0 77
809 0 77
810 0 77
811 0 77
812 0 77
813 0 77
814 0 76
815 0 76
816 0 76
817 0 77
818 0 77
819 0 76
820 0 76
821 0 77
822 0 77
823 0 77
824 0 76
825 0 76
826 0 77
827 0 77
828 0 77
829 0 76
830 0 76
831 0 76
832 0 76
833 0 76
834 0 76
835 0 77
836 0 77
837 0 77
838 0 76
839 0 76
840 0 76
841 0 78
842 0 78
843 0 76
844 0 76
845 0 77
846 0 78
847 0 78
848 0 76
849 0 76
850 0 77
851 0 77
852 0 78
853 0 76
854 0 76
855 0 76
856 0 76
857 0 76
858 0 76
859 0 77
860 0 77
861 0 77
862 0 77
863 0 77
864 0 76
865 0 77
866 0 77
867 0 76
868 0 76
869 0 77
870 0 77
871 0 77
872 0 77
873 0 77
874 0 76
875 0 77
876 0 77
877 0 77
878 0 77
879 0 77
880 0 76
881 0 77
882 0 77
883 0 76
884 0 76
885 0 77
886 0 77
887 0 77
888 0 77
889 0 77
890 0 76
891 0 77
892 0 77
893 0 76
894 0 76
895 0 76
896 0 77
897 0 77
898 0 76
899 0 76
900 0 77
901 0 77
902 0 77
903 0 77
904 0 77
905 0 77
906 0 77
907 0 77
908 0 76
909 0 78
910 0 78
911 0 77
912 0 77
913 0 77
914 0 79
915 0 79
916 0 77
917 0 77
918 0 78
919 0 78
920 0 78
921 0 77
922 0 77
923 0 77
924 0 77
925 0 77
926 0 77
927 0 78
928 0 79
929 0 78
930 0 77
931 0 77
932 0 76
933 0 78
934 0 78
935 0 77
936 0 77
937 0 77
938 0 79
939 0 79
940 0 77
941 0 77
942 0 78
943 0 78
944 0 78
945 0 77
946 0 77
947 0 77
948 0 77
949 0 77
950 0 77
951 0 78
952 0 78
953 0 78
954 0 78
955 0 78
956 0 77
957 0 78
958 0 78
959 0 77
960 0 77
961 0 78
962 0 78
963 0 78
964 0 78
965 0 78
966 0 77
967 0 77
968 0 77
969 0 77
970 0 77
971 0 77
972 0 77
973 0 77
974 0 77
975 0 77
976 0 77
977 0 77
978 0 77
979 0 77
980 0 77
981 0 77
982 0 77
983 0 77
984 0 77
985 0 77
986 0 77
987 0 77
988 0 77
989 0 77
990 0 77
991 0 77
992 0 77
993 0 77
994 0 78
995 0 79
996 0 78
997 0 78
998 0 78
999 0 77
1000 0 79
1001 0 79
1002 0 78
1003 0 78
1004 0 78
1005 0 79
1006 0 78
1007 0 78
1008 0 78
1009 0 77
1010 0 78
1011 0 78
1012 0 78
1013 0 78
1014 0 77
1015 0 78
1016 0 78
1017 0 78
1018 0 78
1019 0 77
1020 0 78
1021 0 77
1022 0 77
1023 0 78
1024 0 77
1025 0 77
1026 0 77
1027 0 76
1028 0 78
1029 0 78
1030 0 77
1031 0 77
1032 0 77
1033 0 79
1034 0 79
1035 0 77
1036 0 77
1037 0 78
1038 0 78
1039 0 78
1040 0 77
1041 0 77
1042 0 77
1043 0 77
1044 0 77
1045 0 77
1046 0 78
1047 0 79
1048 0 78
1049 0 77
1050 0 77
1051 0 76
1052 0 78
1053 0 78
1054 0 77
1055 0 77
1056 0 77
1057 0 79
1058 0 79
1059 0 77
1060 0 77
1061 0 78
1062 0 78
1063 0 78
1064 0 77
1065 0 77
1066 0 77
1067 0 77
1068 0 77
1069 0 77
1070 0 78
1071 0 78
1072 0 78
1073 0 78
1074 0 78
1075 0 77
1076 0 78
1077 0 78
1078 0 77
1079 0 77
1080 0 78
1081 0 78
1082 0 78
1083 0 78
1084 0 78
1085 0 77
1086 0 77
1087 0 77
1088 0 77
1089 0 77
1090 0 77
1091 0 77
1092 0 77
1093 0 77
1094 0 77
1095 0 77
1096 0 77
1097 0 77
1098 0 77
1099 0 77
1100 0 77
1101 0 77
1102 0 77
1103 0 77
1104 0 77
1105 0 77
1106 0 77
1107 0 77
1108 0 77
1109 0 77
1110 0 77
1111 0 77
1112 0 77
1113 0 77
1114 0 78
1115 0 77
1116 0 77
1117 0 77
1118 0 76
1119 0 77
1120 0 77
1121 0 77
1122 0 77
1123 0 77
1124 0 78
1125 0 77
1126 0 77
1127 0 77
1128 0 76
1129 0 77
1130 0 77
1131 0 77
1132 0 77
1133 0 77
1134 0 77
1135 0 77
1136 0 77
1137 0 77
1138 0 77
1139 0 78
1140 0 77
1141 0 77
1142 0 78
1143 0 77
1144 0 77
1145 0 77
1146 0 76
1147 0 77
1148 0 77
1149 0 77
1150 0 77
1151 0 77
1152 0 77
1153 0 77
1154 0 77
1155 0 77
1156 0 77
1157 0 77
1158 0 77
1159 0 76
1160 0 76
1161 0 76
1162 0 76
1163 0 76
1164 0 76
1165 0 77
1166 0 78
1167 0 77
1168 0 77
1169 0 77
1170 0 76
1171 0 77
1172 0 77
1173 0 77
1174 0 77
1175 0 77
1176 0 78
1177 0 77
1178 0 77
1179 0 77
1180 0 76
1181 0 78
1182 0 78
1183 0 78
1184 0 78
1185 0 77
1186 0 78
1187 0 78
1188 0 78
1189 0 78
1190 0 77
1191 0 78
1192 0 77
1193 0 77
1194 0 78
1195 0 77
1196 0 77
1197 0 77
1198 0 76
1199 0 77
1200 0 78
1201 0 76
1202 0 76
1203 0 76
1204 0 77
1205 0 78
1206 0 76
1207 0 76
1208 0 77
1209 0 77
1210 0 77
1211 0 76
1212 0 76
1213 0 76
1214 0 76
1215 0 76
1216 0 76
1217 0 77
1218 0 78
1219 0 77
1220 0 77
1221 0 77
1222 0 76
1223 0 77
1224 0 78
1225 0 76
1226 0 76
1227 0 76
1228 0 77
1229 0 78
1230 0 76
1231 0 76
1232 0 77
1233 0 77
1234 0 77
1235 0 76
1236 0 76
1237 0 76
1238 0 76
1239 0 76
1240 0 76
1241 0 77
1242 0 78
1243 0 76
1244 0 76
1245 0 76
1246 0 77
1247 0 78
1248 0 76
1249 0 76
1250 0 77
1251 0 77
1252 0 77
1253 0 76
1254 0 76
1255 0 76
1256 0 76
1257 0 76
1258 0 76
1259 0 77
1260 0 78
1261 0 77
1262 0 77
1263 0 77
1264 0 76
1265 0 77
1266 0 78
1267 0 76
1268 0 76
1269 0 76
1270 0 77
1271 0 78
1272 0 76
1273 0 76
1274 0 77
1275 0 77
1276 0 77
1277 0 76
1278 0 76
1279 0 76
1280 0 76
1281 0 76
1282 0 76
1283 0 76
1284 0 77
1285 0 76
1286 0 76
1287 0 76
1288 0 76
1289 0 76
1290 0 76
1291 0 76
1292 0 76
1293 0 76
1294 0 77
1295 0 76
1296 0 77
1297 0 77
1298 0 76
1299 0 77
1300 0 77
1301 0 76
1302 0 76
1303 0 76
1304 0 77
1305 0 77
1306 0 76
1307 0 76
1308 0 77
1309 0 77
1310 0 76
1311 0 76
1312 0 76
1313 0 77
1314 0 77
1315 0 76
1316 0 76
1317 0 76
1318 0 76
1319 0 76
1320 0 77
1321 0 77
1322 0 77
1323 0 77
1324 0 76
1325 0 76
1326 0 78
1327 0 78
1328 0 78
1329 0 78
1330 0 78
1331 0 78
1332 0 78
1333 0 78
1334 0 77
1335 0 77
1336 0 78
1337 0 78
1338 0 78
1339 0 79
1340 0 79
1341 0 78
1342 0 78
1343 0 79
1344 0 77
1345 0 77
1346 0 77
1347 0 78
1348 0 79
1349 0 77
1350 0 77
1351 0 77
1352 0 77
1353 0 77
1354 0 77
1355 0 77
1356 0 77
1357 0 77
1358 0 78
1359 0 77
1360 0 79
1361 0 79
1362 0 77
1363 0 77
1364 0 78
1365 0 79
1366 0 79
1367 0 77
1368 0 77
1369 0 77
1370 0 77
1371 0 78
1372 0 77
1373 0 77
1374 0 77
1375 0 77
1376 0 77
1377 0 77
1378 0 78
1379 0 79
1380 0 78
1381 0 78
1382 0 78
1383 0 78
1384 0 78
1385 0 78
1386 0 78
1387 0 78
1388 0 78
1389 0 79
1390 0 78
1391 0 79
1392 0 79
1393 0 78
1394 0 78
1395 0 79
1396 0 77
1397 0 77
1398 0 77
1399 0 78
1400 0 79
1401 0 77
1402 0 77
1403 0 77
1404 0 77
1405 0 77
1406 0 77
1407 0 77
1408 0 77
1409 0 77
1410 0 78
1411 0 77
1412 0 78
1413 0 78
1414 0 77
1415 0 77
1416 0 77
1417 0 78
1418 0 79
1419 0 77
1420 0 77
1421 0 78
1422 0 78
1423 0 78
1424 0 77
1425 0 77
1426 0 77
1427 0 77
1428 0 77
1429 0 77
1430 0 78
1431 0 78
1432 0 78
1433 0 77
1434 0 77
1435 0 76
1436 0 78
1437 0 78
1438 0 77
1439 0 77
1440 0 77
1441 0 78
1442 0 79
1443 0 77
1444 0 77
1445 0 78
1446 0 78
1447 0 78
1448 0 77
1449 0 77
1450 0 77
1451 0 77
1452 0 77
1453 0 77
1454 0 77
1455 0 77
1456 0 77
1457 0 77
1458 0 77
1459 0 76
1460 0 77
1461 0 77
1462 0 76
1463 0 76
1464 0 77
1465 0 77
1466 0 77
1467 0 77
1468 0 77
1469 0 76
1470 0 77
1471 0 77
1472 0 77
1473 0 77
1474 0 77
1475 0 76
1476 0 77
1477 0 77
1478 0 76
1479 0 76
1480 0 77
1481 0 77
1482 0 77
1483 0 77
1484 0 77
1485 0 76
1486 0 77
1487 0 77
1488 0 76
1489 0 76
1490 0 76
1491 0 78
1492 0 78
1493 0 76
1494 0 76
1495 0 77
1496 0 77
1497 0 77
1498 0 77
1499 0 77
1500 0 77
1501 0 77
1502 0 77
1503 0 77
1504 0 78
1505 0 79
1506 0 77
1507 0 77
1508 0 77
1509 0 78
1510 0 79
1511 0 77
1512 0 77
1513 0 78
1514 0 78
1515 0 78
1516 0 77
1517 0 77
1518 0 77
1519 0 77
1520 0 77
1521 0 77
1522 0 78
1523 0 79
1524 0 78
1525 0 78
1526 0 78
1527 0 77
1528 0 78
1529 0 79
1530 0 77
1531 0 77
1532 0 77
1533 0 78
1534 0 79
1535 0 77
1536 0 77
1537 0 78
1538 0 78
1539 0 78
1540 0 77
1541 0 77
1542 0 77
1543 0 77
1544 0 77
1545 0 77
1546 0 77
1547 0 77
1548 0 77
1549 0 77
1550 0 77
1551 0 77
1552 0 77
1553 0 77
1554 0 76
1555 0 76
1556 0 77
1557 0 77
1558 0 77
1559 0 78
1560 0 78
1561 0 77
1562 0 78
1563 0 78
1564 0 76
1565 0 76
1566 0 77
1567 0 78
1568 0 78
1569 0 76
1570 0 76
1571 0 78
1572 0 78
1573 0 76
1574 0 76
1575 0 77
1576 0 78
1577 0 78
1578 0 76
1579 0 76
1580 0 76
1581 0 76
1582 0 77
1583 0 77
1584 0 77
1585 0 77
1586 0 77
1587 0 77
1588 0 77
1589 0 78
1590 0 78
1591 0 79
1592 0 79
1593 0 79
1594 0 78
1595 0 79
1596 0 79
1597 0 77
1598 0 77
1599 0 78
1600 0 78
1601 0 79
1602 0 79
1603 0 79
1604 0 78
1605 0 78
1606 0 79
1607 0 77
1608 0 77
1609 0 77
1610 0 78
1611 0 79
1612 0 77
1613 0 77
1614 0 77
1615 0 77
1616 0 77
1617 0 77
1618 0 77
1619 0 77
1620 0 77
1621 0 78
1622 0 77
1623 0 79
1624 0 79
1625 0 77
1626 0 77
1627 0 78
1628 0 79
1629 0 79
1630 0 77
1631 0 77
1632 0 77
1633 0 77
1634 0 78
1635 0 78
1636 0 78
1637 0 78
1638 0 78
1639 0 77
1640 0 77
1641 0 79
1642 0 79
1643 0 79
1644 0 79
1645 0 79
1646 0 78
1647 0 79
1648 0 79
1649 0 78
1650 0 78
1651 0 79
1652 0 79
1653 0 79
1654 0 79
1655 0 79
1656 0 78
1657 0 78
1658 0 79
1659 0 77
1660 0 77
1661 0 77
1662 0 78
1663 0 79
1664 0 77
1665 0 77
1666 0 77
1667 0 77
1668 0 77
1669 0 77
1670 0 77
1671 0 77
1672 0 77
1673 0 78
1674 0 77
1675 0 78
1676 0 78
1677 0 77
1678 0 77
1679 0 77
1680 0 79
1681 0 79
1682 0 77
1683 0 77
1684 0 78
1685 0 78
1686 0 78
1687 0 77
1688 0 77
1689 0 77
1690 0 77
1691 0 77
1692 0 77
1693 0 78
1694 0 78
1695 0 78
1696 0 77
1697 0 77
1698 0 76
1699 0 78
1700 0 78
1701 0 77
1702 0 77
1703 0 77
1704 0 79
1705 0 79
1706 0 77
1707 0 77
1708 0 78
1709 0 78
1710 0 79
1711 0 77
1712 0 77
1713 0 77
1714 0 77
1715 0 77
1716 0 77
1717 0 77
1718 0 77
1719 0 77
1720 0 77
1721 0 77
1722 0 76
1723 0 77
1724 0 77
1725 0 76
1726 0 76
1727 0 77
1728 0 77
1729 0 77
1730 0 77
1731 0 77
1732 0 76
1733 0 77
1734 0 77
1735 0 77
1736 0 77
1737 0 77
1738 0 76
1739 0 77
1740 0 77
1741 0 76
1742 0 76
1743 0 77
1744 0 77
1745 0 77
1746 0 77
1747 0 77
1748 0 76
1749 0 77
1750 0 77
1751 0 76
1752 0 76
1753 0 76
1754 0 78
1755 0 78
1756 0 76
1757 0 76
1758 0 77
1759 0 77
1760 0 77
1761 0 77
1762 0 77
1763 0 77
1764 0 77
1765 0 77
1766 0 77
1767 0 78
1768 0 78
1769 0 77
1770 0 77
1771 0 78
1772 0 78
1773 0 78
1774 0 77
1775 0 77
1776 0 78
1777 0 78
1778 0 78
1779 0 77
1780 0 77
1781 0 77
1782 0 77
1783 0 77
1784 0 77
1785 0 78
1786 0 78
1787 0 78
1788 0 77
1789 0 77
1790 0 77
1791 0 79
1792 0 79
1793 0 77
1794 0 77
1795 0 78
1796 0 79
1797 0 79
1798 0 77
1799 0 77
1800 0 78
1801 0 78
1802 0 79
1803 0 77
1804 0 77
1805 0 77
1806 0 77
1807 0 77
1808 0 77
1809 0 78
1810 0 78
1811 0 78
1812 0 78
1813 0 78
1814 0 77
1815 0 78
1816 0 78
1817 0 77
1818 0 77
1819 0 78
1820 0 78
1821 0 78
1822 0 78
1823 0 78
1824 0 77
1825 0 77
1826 0 77
1827 0 77
1828 0 77
1829 0 78
1830 0 77
1831 0 77
1832 0 77
1833 0 77
1834 0 77
1835 0 77
1836 0 77
1837 0 77
1838 0 78
1839 0 77
1840 0 77
1841 0 77
1842 0 77
1843 0 77
1844 0 77
1845 0 78
1846 0 77
1847 0 77
1848 0 77
1849 0 77
1850 0 77
1851 0 77
1852 0 78
1853 0 78
1854 0 78
1855 0 78
1856 0 78
1857 0 77
1858 0 78
1859 0 78
1860 0 77
1861 0 77
1862 0 78
1863 0 78
1864 0 78
1865 0 78
1866 0 78
1867 0 77
1868 0 77
1869 0 77
1870 0 77
1871 0 77
1872 0 77
1873 0 77
1874 0 77
1875 0 77
1876 0 77
1877 0 77
1878 0 77
1879 0 77
1880 0 77
1881 0 77
1882 0 77
1883 0 76
1884 0 76
1885 0 76
1886 0 78
1887 0 78
1888 0 77
1889 0 77
1890 0 78
1891 0 78
1892 0 78
1893 0 77
1894 0 77
1895 0 78
1896 0 78
1897 0 78
1898 0 77
1899 0 77
1900 0 77
1901 0 77
1902 0 77
1903 0 77
1904 0 78
1905 0 78
1906 0 78
1907 0 77
1908 0 77
1909 0 77
1910 0 79
1911 0 79
1912 0 77
1913 0 77
1914 0 78
1915 0 79
1916 0 79
1917 0 77
1918 0 77
1919 0 78
1920 0 78
1921 0 79
1922 0 77
1923 0 77
1924 0 77
1925 0 77
1926 0 77
1927 0 77
1928 0 78
1929 0 78
1930 0 79
1931 0 78
1932 0 78
1933 0 78
1934 0 78
1935 0 78
1936 0 77
1937 0 77
1938 0 78
1939 0 78
1940 0 79
1941 0 79
1942 0 79
1943 0 78
1944 0 77
1945 0 77
1946 0 77
1947 0 77
1948 0 78
1949 0 77
1950 0 77
1951 0 77
1952 0 77
1953 0 77
1954 0 77
1955 0 77
1956 0 77
1957 0 78
1958 0 77
1959 0 77
1960 0 77
1961 0 77
1962 0 77
1963 0 77
1964 0 78
1965 0 77
1966 0 77
1967 0 77
1968 0 77
1969 0 77
1970 0 77
1971 0 77
1972 0 77
1973 0 77
1974 0 77
1975 0 77
1976 0 76
1977 0 77
1978 0 77
1979 0 76
1980 0 76
1981 0 77
1982 0 77
1983 0 77
1984 0 77
1985 0 77
1986 0 76
1987 0 77
1988 0 77
1989 0 77
1990 0 77
1991 0 77
1992 0 77
1993 0 77
1994 0 77
1995 0 77
1996 0 77
1997 0 77
1998 0 77
1999 0 77
2000 0 77
2001 0 77
2002 0 76
2003 0 76
2004 0 76
2005 0 77
2006 0 77
2007 0 77
2008 0 77
2009 0 78
2010 0 77
2011 0 77
2012 0 77
2013 0 77
2014 0 77
2015 0 77
2016 0 78
2017 0 76
2018 0 76
2019 0 76
2020 0 76
2021 0 76
2022 0 76
2023 0 77
2024 0 77
2025 0 77
2026 0 77
2027 0 77
2028 0 76
2029 0 77
2030 0 77
2031 0 76
2032 0 76
2033 0 77
2034 0 77
2035 0 77
2036 0 77
2037 0 77
2038 0 76
2039 0 77
2040 0 77
2041 0 77
2042 0 77
2043 0 77
2044 0 77
2045 0 77
2046 0 77
2047 0 77
2048 0 77
2049 0 77
2050 0 77
2051 0 77
2052 0 77
2053 0 77
2054 0 76
2055 0 76
2056 0 76
2057 0 77
2058 0 77
2059 0 77
2060 0 77
2061 0 77
2062 0 76
2063 0 77
2064 0 77
2065 0 76
2066 0 76
2067 0 77
2068 0 77
2069 0 77
2070 0 77
2071 0 77
2072 0 76
2073 0 77
2074 0 77
2075 0 77
2076 0 77
2077 0 77
2078 0 77
2079 0 77
2080 0 77
2081 0 77
2082 0 77
2083 0 77
2084 0 77
2085 0 77
2086 0 77
2087 0 77
2088 0 76
2089 0 76
2090 0 76
2091 0 77
2092 0 77
2093 0 77
2094 0 77
2095 0 78
2096 0 77
2097 0 77
2098 0 77
2099 0 77
2100 0 77
2101 0 77
2102 0 78
2103 0 76
2104 0 76
2105 0 76
2106 0 76
2107 0 76
2108 0 76
2109 0 77
2110 0 77
2111 0 77
2112 0 77
2113 0 77
2114 0 76
2115 0 77
2116 0 77
2117 0 76
2118 0 76
2119 0 77
2120 0 77
2121 0 77
2122 0 77
2123 0 77
2124 0 76
2125 0 77
2126 0 77
2127 0 77
2128 0 77
2129 0 77
2130 0 77
2131 0 77
2132 0 77
2133 0 77
2134 0 77
2135 0 77
2136 0 77
2137 0 77
2138 0 77
2139 0 77
2140 0 76
2141 0 76
2142 0 76
2143 0 77
2144 0 77
2145 0 76
2146 0 76
2147 0 77
2148 0 77
2149 0 77
2150 0 76
2151 0 76
2152 0 77
2153 0 77
2154 0 77
2155 0 76
2156 0 76
2157 0 76
2158 0 76
2159 0 76
2160 0 76
2161 0 77
2162 0 77
2163 0 77
2164 0 76
2165 0 76
2166 0 76
2167 0 78
2168 0 78
2169 0 76
2170 0 76
2171 0 77
2172 0 78
2173 0 78
2174 0 76
2175 0 76
2176 0 77
2177 0 77
2178 0 78
2179 0 76
2180 0 76
2181 0 76
2182 0 76
2183 0 76
2184 0 76
2185 0 77
2186 0 77
2187 0 77
2188 0 77
2189 0 77
2190 0 76
2191 0 77
2192 0 77
2193 0 76
2194 0 76
2195 0 77
2196 0 77
2197 0 77
2198 0 77
2199 0 77
2200 0 76
2201 0 77
2202 0 77
2203 0 77
2204 0 77
2205 0 77
2206 0 76
2207 0 77
2208 0 77
2209 0 76
2210 0 76
2211 0 77
2212 0 77
2213 0 77
2214 0 77
2215 0 77
2216 0 76
2217 0 77
2218 0 77
2219 0 76
2220 0 76
2221 0 76
2222 0 77
2223 0 77
2224 0 76
2225 0 76
2226 0 77
2227 0 77
2228 0 77
2229 0 77
2230 0 77
2231 0 77
2232 0 77
2233 0 77
2234 0 76
2235 0 78
2236 0 78
2237 0 78
2238 0 77
2239 0 78
2240 0 77
2241 0 78
2242 0 78
2243 0 78
2244 0 77
2245 0 78
2246 0 77
2247 0 77
2248 0 78
2249 0 77
2250 0 77
2251 0 77
2252 0 77
2253 0 77
2254 0 77
2255 0 77
2256 0 78
2257 0 77
2258 0 78
2259 0 78
2260 0 77
2261 0 77
2262 0 78
2263 0 77
2264 0 77
2265 0 77
2266 0 78
2267 0 78
2268 0 78
2269 0 77
2270 0 78
2271 0 78
2272 0 78
2273 0 78
2274 0 78
2275 0 77
2276 0 78
2277 0 77
2278 0 77
2279 0 78
2280 0 77
2281 0 77
2282 0 77
2283 0 77
2284 0 77
2285 0 77
2286 0 77
2287 0 78
2288 0 77
2289 0 77
2290 0 78
2291 0 77
2292 0 78
2293 0 78
2294 0 77
2295 0 77
2296 0 77
2297 0 78
2298 0 78
2299 0 77
2300 0 76
2301 0 78
2302 0 77
2303 0 77
2304 0 78
2305 0 77
2306 0 78
2307 0 78
2308 0 77
2309 0 77
2310 0 77
2311 0 77
2312 0 77
2313 0 77
2314 0 76
2315 0 77
2316 0 76
2317 0 77
2318 0 77
2319 0 77
2320 0 76
2321 0 77
2322 0 77
2323 0 77
2324 0 76
2325 0 77
2326 0 76
2327 0 77
2328 0 77
2329 0 77
2330 0 76
2331 0 77
2332 0 76
2333 0 76
2334 0 78
2335 0 76
2336 0 77
2337 0 77
2338 0 77
2339 0 77
2340 0 77
2341 0 77
2342 0 78
2343 0 77
2344 0 77
2345 0 78
2346 0 77
2347 0 78
2348 0 78
2349 0 77
2350 0 77
2351 0 77
2352 0 78
2353 0 78
2354 0 78
2355 0 77
2356 0 78
2357 0 77
2358 0 77
2359 0 78
2360 0 77
2361 0 78
2362 0 78
2363 0 77
2364 0 77
2365 0 77
2366 0 77
2367 0 77
2368 0 77
2369 0 77
2370 0 77
2371 0 76
2372 0 77
2373 0 77
2374 0 78
2375 0 77
2376 0 77
2377 0 76
2378 0 77
2379 0 77
2380 0 76
2381 0 77
2382 0 76
2383 0 77
2384 0 77
2385 0 76
2386 0 76
2387 0 77
2388 0 77
2389 0 77
2390 0 77
2391 0 78
2392 0 79
2393 0 78
2394 0 77
2395 0 79
2396 0 77
2397 0 78
2398 0 79
2399 0 78
2400 0 77
2401 0 78
2402 0 77
2403 0 77
2404 0 78
2405 0 77
2406 0 77
2407 0 77
2408 0 77
2409 0 77
2410 0 77
2411 0 77
2412 0 78
2413 0 77
2414 0 78
2415 0 78
2416 0 77
2417 0 77
2418 0 78
2419 0 78
2420 0 78
2421 0 77
2422 0 79
2423 0 79
2424 0 78
2425 0 77
2426 0 79
2427 0 78
2428 0 79
2429 0 79
2430 0 78
2431 0 77
2432 0 78
2433 0 77
2434 0 77
2435 0 78
2436 0 77
2437 0 77
2438 0 77
2439 0 77
2440 0 77
2441 0 77
2442 0 77
2443 0 78
2444 0 77
2445 0 77
2446 0 79
2447 0 77
2448 0 78
2449 0 78
2450 0 77
2451 0 77
2452 0 77
2453 0 78
2454 0 78
2455 0 77
2456 0 76
2457 0 78
2458 0 77
2459 0 77
2460 0 79
2461 0 77
2462 0 78
2463 0 79
2464 0 77
2465 0 77
2466 0 77
2467 0 77
2468 0 77
2469 0 77
2470 0 76
2471 0 77
2472 0 76
2473 0 77
2474 0 77
2475 0 77
2476 0 76
2477 0 77
2478 0 77
2479 0 77
2480 0 76
2481 0 77
2482 0 76
2483 0 77
2484 0 77
2485 0 77
2486 0 76
2487 0 77
2488 0 76
2489 0 76
2490 0 78
2491 0 76
2492 0 77
2493 0 77
2494 0 77
2495 0 77
2496 0 77
2497 0 77
2498 0 78
2499 0 77
2500 0 77
2501 0 78
2502 0 77
2503 0 78
2504 0 78
2505 0 77
2506 0 77
2507 0 77
2508 0 78
2509 0 78
2510 0 77
2511 0 76
2512 0 78
2513 0 77
2514 0 77
2515 0 79
2516 0 77
2517 0 78
2518 0 78
2519 0 77
2520 0 77
2521 0 77
2522 0 78
2523 0 78
2524 0 78
2525 0 77
2526 0 78
2527 0 77
2528 0 78
2529 0 78
2530 0 78
2531 0 77
2532 0 77
2533 0 77
2534 0 77
2535 0 77
2536 0 77
2537 0 77
2538 0 77
2539 0 77
2540 0 77
2541 0 77
2542 0 77
2543 0 77
2544 0 77
2545 0 77
2546 0 77
2547 0 78
2548 0 78
2549 0 78
2550 0 77
2551 0 78
2552 0 77
2553 0 78
2554 0 78
2555 0 78
2556 0 77
2557 0 77
2558 0 77
2559 0 77
2560 0 77
2561 0 77
2562 0 77
2563 0 77
2564 0 77
2565 0 77
2566 0 76
2567 0 76
2568 0 78
2569 0 77
2570 0 77
2571 0 78
2572 0 77
2573 0 78
2574 0 78
2575 0 77
2576 0 77
2577 0 77
2578 0 78
2579 0 78
2580 0 77
2581 0 76
2582 0 78
2583 0 77
2584 0 77
2585 0 79
2586 0 77
2587 0 78
2588 0 78
2589 0 77
2590 0 77
2591 0 77
2592 0 78
2593 0 78
2594 0 78
2595 0 77
2596 0 78
2597 0 77
2598 0 78
2599 0 78
2600 0 78
2601 0 77
2602 0 77
2603 0 77
2604 0 77
2605 0 77
2606 0 77
2607 0 77
2608 0 77
2609 0 77
2610 0 77
2611 0 77
2612 0 77
2613 0 77
2614 0 77
2615 0 77
2616 0 77
2617 0 77
2618 0 77
2619 0 77
2620 0 76
2621 0 77
2622 0 76
2623 0 77
2624 0 77
2625 0 77
2626 0 76
2627 0 77
2628 0 77
2629 0 77
2630 0 77
2631 0 77
2632 0 77
2633 0 77
2634 0 77
2635 0 77
2636 0 76
2637 0 76
2638 0 77
2639 0 77
2640 0 78
2641 0 77
2642 0 77
2643 0 77
2644 0 78
2645 0 76
2646 0 76
2647 0 76
2648 0 77
2649 0 77
2650 0 77
2651 0 76
2652 0 77
2653 0 76
2654 0 77
2655 0 77
2656 0 77
2657 0 76
2658 0 77
2659 0 77
2660 0 77
2661 0 77
2662 0 77
2663 0 77
2664 0 77
2665 0 77
2666 0 77
2667 0 76
2668 0 76
2669 0 77
2670 0 77
2671 0 77
2672 0 76
2673 0 77
2674 0 76
2675 0 77
2676 0 77
2677 0 77
2678 0 76
2679 0 77
2680 0 77
2681 0 77
2682 0 77
2683 0 77
2684 0 77
2685 0 77
2686 0 77
2687 0 77
2688 0 76
2689 0 76
2690 0 77
2691 0 77
2692 0 78
2693 0 77
2694 0 77
2695 0 77
2696 0 78
2697 0 76
2698 0 76
2699 0 76
2700 0 77
2701 0 77
2702 0 77
2703 0 76
2704 0 77
2705 0 76
2706 0 77
2707 0 77
2708 0 77
2709 0 76
2710 0 77
2711 0 77
2712 0 77
2713 0 77
2714 0 77
2715 0 77
2716 0 77
2717 0 77
2718 0 77
2719 0 76
2720 0 76
2721 0 77
2722 0 76
2723 0 77
2724 0 77
2725 0 76
2726 0 77
2727 0 77
2728 0 76
2729 0 76
2730 0 76
2731 0 77
2732 0 77
2733 0 76
2734 0 76
2735 0 78
2736 0 76
2737 0 77
2738 0 78
2739 0 76
2740 0 77
2741 0 78
2742 0 76
2743 0 76
2744 0 76
2745 0 77
2746 0 77
2747 0 77
2748 0 76
2749 0 77
2750 0 76
2751 0 77
2752 0 77
2753 0 77
2754 0 76
2755 0 77
2756 0 77
2757 0 77
2758 0 76
2759 0 77
2760 0 76
2761 0 77
2762 0 77
2763 0 77
2764 0 76
2765 0 77
2766 0 76
2767 0 76
2768 0 77
2769 0 76
2770 0 77
2771 0 77
2772 0 77
2773 0 77
2774 0 77
2775 0 76
2776 0 78
2777 0 77
2778 0 77
2779 0 79
2780 0 77
2781 0 78
2782 0 78
2783 0 77
2784 0 77
2785 0 77
2786 0 78
2787 0 78
2788 0 77
2789 0 76
2790 0 78
2791 0 77
2792 0 77
2793 0 79
2794 0 77
2795 0 78
2796 0 78
2797 0 77
2798 0 77
2799 0 77
2800 0 78
2801 0 78
2802 0 78
2803 0 77
2804 0 78
2805 0 77
2806 0 78
2807 0 78
2808 0 78
2809 0 77
2810 0 77
2811 0 77
2812 0 77
2813 0 77
2814 0 77
2815 0 77
2816 0 77
2817 0 77
2818 0 77
2819 0 77
2820 0 77
2821 0 77
2822 0 77
2823 0 77
2824 0 77
2825 0 78
2826 0 78
2827 0 78
2828 0 77
2829 0 79
2830 0 78
2831 0 78
2832 0 78
2833 0 78
2834 0 77
2835 0 78
2836 0 78
2837 0 77
2838 0 78
2839 0 78
2840 0 77
2841 0 77
2842 0 77
2843 0 77
2844 0 77
2845 0 76
2846 0 78
2847 0 77
2848 0 77
2849 0 79
2850 0 77
2851 0 78
2852 0 78
2853 0 77
2854 0 77
2855 0 77
2856 0 78
2857 0 78
2858 0 77
2859 0 76
2860 0 78
2861 0 77
2862 0 77
2863 0 79
2864 0 77
2865 0 78
2866 0 78
2867 0 77
2868 0 77
2869 0 77
2870 0 78
2871 0 78
2872 0 78
2873 0 77
2874 0 78
2875 0 77
2876 0 78
2877 0 78
2878 0 78
2879 0 77
2880 0 77
2881 0 77
2882 0 77
2883 0 77
2884 0 77
2885 0 77
2886 0 77
2887 0 77
2888 0 77
2889 0 77
2890 0 77
2891 0 77
2892 0 77
2893 0 77
2894 0 77
2895 0 77
2896 0 77
2897 0 77
2898 0 76
2899 0 77
2900 0 77
2901 0 77
2902 0 77
2903 0 77
2904 0 76
2905 0 77
2906 0 77
2907 0 77
2908 0 77
2909 0 77
2910 0 77
2911 0 77
2912 0 77
2913 0 77
2914 0 77
2915 0 76
2916 0 77
2917 0 77
2918 0 77
2919 0 77
2920 0 77
2921 0 77
2922 0 77
2923 0 76
2924 0 76
2925 0 76
2926 0 77
2927 0 77
2928 0 77
2929 0 76
2930 0 77
2931 0 77
2932 0 77
2933 0 77
2934 0 77
2935 0 76
2936 0 78
2937 0 78
2938 0 77
2939 0 78
2940 0 78
2941 0 77
2942 0 77
2943 0 77
2944 0 77
2945 0 77
2946 0 76
2947 0 77
2948 0 76
2949 0 76
2950 0 77
2951 0 76
2952 0 77
2953 0 77
2954 0 76
2955 0 76
2956 0 76
2957 0 77
2958 0 77
2959 0 77
2960 0 76
2961 0 77
2962 0 76
2963 0 76
2964 0 77
2965 0 76
2966 0 77
2967 0 77
2968 0 76
2969 0 76
2970 0 76
2971 0 77
2972 0 76
2973 0 76
2974 0 77
2975 0 76
2976 0 77
2977 0 77
2978 0 76
2979 0 76
2980 0 76
2981 0 77
2982 0 77
2983 0 77
2984 0 76
2985 0 77
2986 0 76
2987 0 76
2988 0 77
2989 0 76
2990 0 77
2991 0 77
2992 0 76
2993 0 76
2994 0 76
2995 0 76
2996 0 76
2997 0 76
2998 0 76
2999 0 76
3000 0 76
3001 0 76
3002 0 76
3003 0 77
3004 0 76
3005 0 77
3006 0 76
3007 0 76
3008 0 77
3009 0 76
3010 0 77
3011 0 76
3012 0 76
3013 0 77
3014 0 76
3015 0 76
3016 0 76
3017 0 77
3018 0 77
3019 0 76
3020 0 78
3021 0 78
3022 0 78
3023 0 78
3024 0 78
3025 0 77
3026 0 78
3027 0 78
3028 0 79
3029 0 78
3030 0 78
3031 0 77
3032 0 77
3033 0 78
3034 0 77
3035 0 77
3036 0 77
3037 0 77
3038 0 77
3039 0 77
3040 0 77
3041 0 79
3042 0 77
3043 0 78
3044 0 79
3045 0 77
3046 0 77
3047 0 78
3048 0 77
3049 0 77
3050 0 77
3051 0 78
3052 0 78
3053 0 78
3054 0 78
3055 0 78
3056 0 78
3057 0 78
3058 0 78
3059 0 79
3060 0 78
3061 0 78
3062 0 77
3063 0 77
3064 0 78
3065 0 77
3066 0 77
3067 0 77
3068 0 77
3069 0 77
3070 0 77
3071 0 77
3072 0 78
3073 0 77
3074 0 77
3075 0 78
3076 0 77
3077 0 78
3078 0 78
3079 0 77
3080 0 77
3081 0 77
3082 0 78
3083 0 78
3084 0 77
3085 0 76
3086 0 78
3087 0 77
3088 0 77
3089 0 78
3090 0 77
3091 0 78
3092 0 78
3093 0 77
3094 0 77
3095 0 77
3096 0 77
3097 0 77
3098 0 77
3099 0 76
3100 0 77
3101 0 76
3102 0 77
3103 0 77
3104 0 77
3105 0 76
3106 0 77
3107 0 77
3108 0 77
3109 0 76
3110 0 77
3111 0 76
3112 0 77
3113 0 77
3114 0 77
3115 0 76
3116 0 77
3117 0 76
3118 0 76
3119 0 78
3120 0 76
3121 0 77
3122 0 77
3123 0 77
3124 0 77
3125 0 77
3126 0 77
3127 0 78
3128 0 77
3129 0 77
3130 0 78
3131 0 77
3132 0 78
3133 0 78
3134 0 77
3135 0 77
3136 0 77
3137 0 78
3138 0 78
3139 0 78
3140 0 77
3141 0 78
3142 0 77
3143 0 77
3144 0 78
3145 0 77
3146 0 78
3147 0 78
3148 0 77
3149 0 77
3150 0 77
3151 0 77
3152 0 77
3153 0 77
3154 0 77
3155 0 77
3156 0 76
3157 0 77
3158 0 77
3159 0 78
3160 0 77
3161 0 78
3162 0 76
3163 0 77
3164 0 78
3165 0 76
3166 0 78
3167 0 76
3168 0 77
3169 0 78
3170 0 76
3171 0 76
3172 0 77
3173 0 77
3174 0 77
3175 0 77
3176 0 78
3177 0 79
3178 0 79
3179 0 78
3180 0 79
3181 0 77
3182 0 78
3183 0 79
3184 0 79
3185 0 78
3186 0 78
3187 0 77
3188 0 77
3189 0 78
3190 0 77
3191 0 77
3192 0 77
3193 0 77
3194 0 77
3195 0 77
3196 0 77
3197 0 79
3198 0 77
3199 0 78
3200 0 79
3201 0 77
3202 0 77
3203 0 78
3204 0 78
3205 0 78
3206 0 77
3207 0 79
3208 0 79
3209 0 79
3210 0 78
3211 0 79
3212 0 78
3213 0 79
3214 0 79
3215 0 79
3216 0 78
3217 0 78
3218 0 77
3219 0 77
3220 0 78
3221 0 77
3222 0 77
3223 0 77
3224 0 77
3225 0 77
3226 0 77
3227 0 77
3228 0 78
3229 0 77
3230 0 77
3231 0 79
3232 0 77
3233 0 78
3234 0 78
3235 0 77
3236 0 77
3237 0 77
3238 0 78
3239 0 78
3240 0 77
3241 0 76
3242 0 78
3243 0 77
3244 0 77
3245 0 79
3246 0 77
3247 0 78
3248 0 79
3249 0 77
3250 0 77
3251 0 77
3252 0 77
3253 0 77
3254 0 77
3255 0 76
3256 0 77
3257 0 76
3258 0 77
3259 0 77
3260 0 77
3261 0 76
3262 0 77
3263 0 77
3264 0 77
3265 0 76
3266 0 77
3267 0 76
3268 0 77
3269 0 77
3270 0 77
3271 0 76
3272 0 77
3273 0 76
3274 0 76
3275 0 78
3276 0 76
3277 0 77
3278 0 77
3279 0 77
3280 0 77
3281 0 77
3282 0 77
3283 0 78
3284 0 77
3285 0 78
3286 0 78
3287 0 77
3288 0 78
3289 0 78
3290 0 77
3291 0 77
3292 0 77
3293 0 78
3294 0 78
3295 0 77
3296 0 77
3297 0 79
3298 0 77
3299 0 78
3300 0 79
3301 0 77
3302 0 78
3303 0 79
3304 0 77
3305 0 77
3306 0 77
3307 0 78
3308 0 78
3309 0 78
3310 0 77
3311 0 78
3312 0 77
3313 0 78
3314 0 78
3315 0 78
3316 0 77
3317 0 77
3318 0 77
3319 0 78
3320 0 77
3321 0 77
3322 0 77
3323 0 77
3324 0 78
3325 0 77
3326 0 77
3327 0 77
3328 0 78
3329 0 77
3330 0 77
3331 0 77
3332 0 78
3333 0 78
3334 0 78
3335 0 77
3336 0 78
3337 0 77
3338 0 78
3339 0 78
3340 0 78
3341 0 77
3342 0 77
3343 0 77
3344 0 77
3345 0 77
3346 0 77
3347 0 77
3348 0 77
3349 0 77
3350 0 77
3351 0 76
3352 0 76
3353 0 78
3354 0 77
3355 0 78
3356 0 78
3357 0 77
3358 0 78
3359 0 78
3360 0 77
3361 0 77
3362 0 77
3363 0 78
3364 0 78
3365 0 77
3366 0 77
3367 0 79
3368 0 77
3369 0 78
3370 0 79
3371 0 77
3372 0 78
3373 0 79
3374 0 77
3375 0 77
3376 0 77
3377 0 78
3378 0 79
3379 0 78
3380 0 78
3381 0 78
3382 0 77
3383 0 78
3384 0 79
3385 0 79
3386 0 78
3387 0 77
3388 0 77
3389 0 78
3390 0 77
3391 0 77
3392 0 77
3393 0 77
3394 0 78
3395 0 77
3396 0 77
3397 0 77
3398 0 78
3399 0 77
3400 0 77
3401 0 77
3402 0 77
3403 0 77
3404 0 77
3405 0 76
3406 0 77
3407 0 76
3408 0 77
3409 0 77
3410 0 77
3411 0 76
3412 0 77
3413 0 77
3414 0 77
3415 0 77
3416 0 77
3417 0 77
3418 0 77
3419 0 77
3420 0 77
3421 0 76
3422 0 76
3423 0 77
3424 0 77
3425 0 78
3426 0 77
3427 0 77
3428 0 77
3429 0 78
3430 0 76
3431 0 76
3432 0 76
3433 0 77
3434 0 77
3435 0 77
3436 0 76
3437 0 77
3438 0 76
3439 0 77
3440 0 77
3441 0 77
3442 0 76
3443 0 77
3444 0 77
3445 0 77
3446 0 77
3447 0 77
3448 0 77
3449 0 77
3450 0 77
3451 0 77
3452 0 76
3453 0 76
3454 0 77
3455 0 77
3456 0 77
3457 0 76
3458 0 77
3459 0 76
3460 0 77
3461 0 77
3462 0 77
3463 0 76
3464 0 77
3465 0 77
3466 0 77
3467 0 77
3468 0 77
3469 0 77
3470 0 77
3471 0 77
3472 0 77
3473 0 76
3474 0 76
3475 0 77
3476 0 77
3477 0 78
3478 0 77
3479 0 77
3480 0 77
3481 0 78
3482 0 76
3483 0 76
3484 0 76
3485 0 77
3486 0 77
3487 0 77
3488 0 76
3489 0 77
3490 0 76
3491 0 77
3492 0 77
3493 0 77
3494 0 76
3495 0 77
3496 0 77
3497 0 77
3498 0 77
3499 0 77
3500 0 77
3501 0 77
3502 0 77
3503 0 77
3504 0 76
3505 0 76
3506 0 77
3507 0 76
3508 0 77
3509 0 77
3510 0 76
3511 0 77
3512 0 77
3513 0 76
3514 0 76
3515 0 76
3516 0 77
3517 0 77
3518 0 76
3519 0 76
3520 0 78
3521 0 76
3522 0 77
3523 0 78
3524 0 76
3525 0 77
3526 0 78
3527 0 76
3528 0 76
3529 0 76
3530 0 77
3531 0 77
3532 0 77
3533 0 76
3534 0 77
3535 0 76
3536 0 77
3537 0 77
3538 0 77
3539 0 76
3540 0 77
3541 0 77
3542 0 77
3543 0 76
3544 0 77
3545 0 76
3546 0 77
3547 0 77
3548 0 77
3549 0 76
3550 0 77
3551 0 76
3552 0 76
3553 0 77
3554 0 76
3555 0 77
3556 0 77
3557 0 77
3558 0 77
3559 0 77
3560 0 76
3561 0 78
3562 0 77
3563 0 78
3564 0 77
3565 0 77
3566 0 77
3567 0 77
3568 0 77
3569 0 77
3570 0 77
3571 0 77
3572 0 78
3573 0 78
3574 0 78
3575 0 77
3576 0 77
3577 0 77
3578 0 77
3579 0 77
3580 0 77
3581 0 78
3582 0 77
3583 0 78
3584 0 77
3585 0 77
3586 0 78
3587 0 77
3588 0 77
3589 0 76
3590 0 77
3591 0 77
3592 0 76
3593 0 77
3594 0 76
3595 0 76
3596 0 77
3597 0 77
3598 0 77
3599 0 77
3600 0 78
3601 0 77
3602 0 78
3603 0 77
3604 0 77
3605 0 78
3606 0 77
3607 0 77
3608 0 76
3609 0 77
3610 0 76
3611 0 76
3612 0 76
3613 0 76
3614 0 76
3615 0 77
3616 0 78
3617 0 77
3618 0 78
3619 0 77
3620 0 77
3621 0 77
3622 0 77
3623 0 77
3624 0 77
3625 0 77
3626 0 77
3627 0 79
3628 0 78
3629 0 79
3630 0 77
3631 0 77
3632 0 77
3633 0 77
3634 0 77
3635 0 77
3636 0 78
3637 0 77
3638 0 78
3639 0 77
3640 0 77
3641 0 78
3642 0 77
3643 0 77
3644 0 76
3645 0 77
3646 0 77
3647 0 76
3648 0 77
3649 0 76
3650 0 76
3651 0 77
3652 0 77
3653 0 77
3654 0 77
3655 0 78
3656 0 77
3657 0 78
3658 0 77
3659 0 77
3660 0 78
3661 0 77
3662 0 78
3663 0 77
3664 0 78
3665 0 77
3666 0 77
3667 0 77
3668 0 77
3669 0 77
3670 0 77
3671 0 78
3672 0 77
3673 0 78
3674 0 77
3675 0 77
3676 0 77
3677 0 77
3678 0 77
3679 0 77
3680 0 78
3681 0 77
3682 0 78
3683 0 77
3684 0 77
3685 0 78
3686 0 77
3687 0 78
3688 0 77
3689 0 78
3690 0 77
3691 0 77
3692 0 77
3693 0 77
3694 0 77
3695 0 77
3696 0 77
3697 0 76
3698 0 77
3699 0 77
3700 0 77
3701 0 77
3702 0 77
3703 0 77
3704 0 77
3705 0 77
3706 0 76
3707 0 77
3708 0 76
3709 0 77
3710 0 77
3711 0 77
3712 0 77
3713 0 77
3714 0 77
3715 0 76
3716 0 77
3717 0 77
3718 0 77
3719 0 77
3720 0 77
3721 0 77
3722 0 77
3723 0 77
3724 0 76
3725 0 77
3726 0 76
3727 0 77
3728 0 77
3729 0 77
3730 0 77
3731 0 77
3732 0 76
3733 0 76
3734 0 77
3735 0 76
3736 0 77
3737 0 76
3738 0 76
3739 0 77
3740 0 76
3741 0 77
3742 0 76
3743 0 77
3744 0 77
3745 0 76
3746 0 77
3747 0 76
3748 0 76
3749 0 77
3750 0 77
3751 0 77
3752 0 77
3753 0 78
3754 0 77
3755 0 78
3756 0 77
3757 0 77
3758 0 78
3759 0 77
3760 0 78
3761 0 77
3762 0 78
3763 0 77
3764 0 77
3765 0 77
3766 0 77
3767 0 77
3768 0 77
3769 0 78
3770 0 78
3771 0 78
3772 0 78
3773 0 78
3774 0 77
3775 0 77
3776 0 77
3777 0 77
3778 0 78
3779 0 77
3780 0 78
3781 0 77
3782 0 77
3783 0 78
3784 0 77
3785 0 78
3786 0 77
3787 0 78
3788 0 77
3789 0 77
3790 0 77
3791 0 77
3792 0 77
3793 0 77
3794 0 77
3795 0 77
3796 0 77
3797 0 77
3798 0 77
3799 0 77
3800 0 77
3801 0 77
3802 0 77
3803 0 77
3804 0 76
3805 0 77
3806 0 77
3807 0 77
3808 0 78
3809 0 78
3810 0 77
3811 0 77
3812 0 76
3813 0 76
3814 0 77
3815 0 76
3816 0 77
3817 0 76
3818 0 76
3819 0 77
3820 0 76
3821 0 76
3822 0 76
3823 0 77
3824 0 76
3825 0 77
3826 0 76
3827 0 76
3828 0 77
3829 0 76
3830 0 76
3831 0 76
3832 0 76
3833 0 76
3834 0 76
3835 0 76
3836 0 76
3837 0 76
3838 0 76
3839 0 78
3840 0 77
3841 0 78
3842 0 77
3843 0 77
3844 0 77
3845 0 77
3846 0 77
3847 0 77
3848 0 77
3849 0 77
3850 0 78
3851 0 78
3852 0 78
3853 0 77
3854 0 77
3855 0 77
3856 0 77
3857 0 77
3858 0 77
3859 0 78
3860 0 77
3861 0 78
3862 0 77
3863 0 77
3864 0 78
3865 0 77
3866 0 77
3867 0 76
3868 0 77
3869 0 77
3870 0 76
3871 0 77
3872 0 76
3873 0 76
3874 0 77
3875 0 77
3876 0 77
3877 0 77
3878 0 78
3879 0 77
3880 0 78
3881 0 77
3882 0 77
3883 0 78
3884 0 77
3885 0 77
3886 0 76
3887 0 77
3888 0 76
3889 0 76
3890 0 76
3891 0 76
3892 0 76
3893 0 77
3894 0 78
3895 0 77
3896 0 78
3897 0 77
3898 0 77
3899 0 77
3900 0 77
3901 0 77
3902 0 77
3903 0 77
3904 0 77
3905 0 79
3906 0 78
3907 0 79
3908 0 77
3909 0 77
3910 0 77
3911 0 77
3912 0 77
3913 0 77
3914 0 78
3915 0 77
3916 0 78
3917 0 77
3918 0 77
3919 0 78
3920 0 77
3921 0 77
3922 0 76
3923 0 77
3924 0 77
3925 0 76
3926 0 77
3927 0 76
3928 0 76
3929 0 77
3930 0 77
3931 0 77
3932 0 77
3933 0 78
3934 0 77
3935 0 78
3936 0 77
3937 0 77
3938 0 78
3939 0 77
3940 0 78
3941 0 77
3942 0 78
3943 0 77
3944 0 77
3945 0 77
3946 0 77
3947 0 77
3948 0 77
3949 0 78
3950 0 77
3951 0 78
3952 0 77
3953 0 77
3954 0 77
3955 0 77
3956 0 77
3957 0 77
3958 0 78
3959 0 77
3960 0 78
3961 0 77
3962 0 77
3963 0 78
3964 0 77
3965 0 78
3966 0 77
3967 0 78
3968 0 77
3969 0 77
3970 0 77
3971 0 77
3972 0 77
3973 0 77
3974 0 77
3975 0 76
3976 0 77
3977 0 77
3978 0 77
3979 0 77
3980 0 77
3981 0 77
3982 0 77
3983 0 77
3984 0 76
3985 0 77
3986 0 76
3987 0 77
3988 0 77
3989 0 77
3990 0 77
3991 0 77
3992 0 77
3993 0 76
3994 0 77
3995 0 77
3996 0 77
3997 0 77
3998 0 77
3999 0 77
4000 0 77
4001 0 77
4002 0 76
4003 0 77
4004 0 76
4005 0 77
4006 0 77
4007 0 77
4008 0 77
4009 0 77
4010 0 76
4011 0 76
4012 0 77
4013 0 76
4014 0 77
4015 0 76
4016 0 76
4017 0 77
4018 0 76
4019 0 77
4020 0 76
4021 0 77
4022 0 77
4023 0 76
4024 0 77
4025 0 76
4026 0 76
4027 0 77
4028 0 77
4029 0 77
4030 0 77
4031 0 77
4032 0 77
4033 0 77
4034 0 76
4035 0 77
4036 0 77
4037 0 76
4038 0 76
4039 0 77
4040 0 77
4041 0 77
4042 0 77
4043 0 77
4044 0 76
4045 0 77
4046 0 77
4047 0 77
4048 0 77
4049 0 77
4050 0 77
4051 0 77
4052 0 77
4053 0 77
4054 0 77
4055 0 77
4056 0 77
4057 0 77
4058 0 77
4059 0 77
4060 0 76
4061 0 76
4062 0 76
4063 0 77
4064 0 77
4065 0 77
4066 0 77
4067 0 78
4068 0 77
4069 0 77
4070 0 77
4071 0 77
4072 0 77
4073 0 77
4074 0 78
4075 0 76
4076 0 76
4077 0 76
4078 0 76
4079 0 76
4080 0 76
4081 0 77
4082 0 77
4083 0 77
4084 0 77
4085 0 77
4086 0 76
4087 0 77
4088 0 77
4089 0 76
4090 0 76
4091 0 77
4092 0 77
4093 0 77
4094 0 77
4095 0 77
4096 0 76
4097 0 77
4098 0 77
4099 0 77
4100 0 77
4101 0 77
4102 0 77
4103 0 77
4104 0 77
4105 0 77
4106 0 77
4107 0 77
4108 0 77
4109 0 77
4110 0 77
4111 0 77
4112 0 76
4113 0 76
4114 0 76
4115 0 77
4116 0 77
4117 0 77
4118 0 77
4119 0 77
4120 0 76
4121 0 77
4122 0 77
4123 0 76
4124 0 76
4125 0 77
4126 0 77
4127 0 77
4128 0 77
4129 0 77
4130 0 76
4131 0 77
4132 0 77
4133 0 77
4134 0 77
4135 0 77
4136 0 77
4137 0 77
4138 0 77
4139 0 77
4140 0 77
4141 0 77
4142 0 77
4143 0 77
4144 0 77
4145 0 77
4146 0 76
4147 0 76
4148 0 76
4149 0 77
4150 0 77
4151 0 77
4152 0 77
4153 0 78
4154 0 77
4155 0 77
4156 0 77
4157 0 77
4158 0 77
4159 0 77
4160 0 78
4161 0 76
4162 0 76
4163 0 76
4164 0 76
4165 0 76
4166 0 76
4167 0 77
4168 0 77
4169 0 77
4170 0 77
4171 0 77
4172 0 76
4173 0 77
4174 0 77
4175 0 76
4176 0 76
4177 0 77
4178 0 77
4179 0 77
4180 0 77
4181 0 77
4182 0 76
4183 0 77
4184 0 77
4185 0 77
4186 0 77
4187 0 77
4188 0 77
4189 0 77
4190 0 77
4191 0 77
4192 0 77
4193 0 77
4194 0 77
4195 0 77
4196 0 77
4197 0 77
4198 0 76
4199 0 76
4200 0 76
4201 0 77
4202 0 77
4203 0 76
4204 0 76
4205 0 77
4206 0 77
4207 0 77
4208 0 76
4209 0 76
4210 0 77
4211 0 77
4212 0 77
4213 0 76
4214 0 76
4215 0 76
4216 0 76
4217 0 76
4218 0 76
4219 0 77
4220 0 77
4221 0 77
4222 0 76
4223 0 76
4224 0 76
4225 0 78
4226 0 78
4227 0 76
4228 0 76
4229 0 77
4230 0 78
4231 0 78
4232 0 76
4233 0 76
4234 0 77
4235 0 77
4236 0 78
4237 0 76
4238 0 76
4239 0 76
4240 0 76
4241 0 76
4242 0 76
4243 0 77
4244 0 77
4245 0 77
4246 0 77
4247 0 77
4248 0 76
4249 0 77
4250 0 77
4251 0 76
4252 0 76
4253 0 77
4254 0 77
4255 0 77
4256 0 77
4257 0 77
4258 0 76
4259 0 77
4260 0 77
4261 0 77
4262 0 77
4263 0 77
4264 0 76
4265 0 77
4266 0 77
4267 0 76
4268 0 76
4269 0 77
4270 0 77
4271 0 77
4272 0 77
4273 0 77
4274 0 76
4275 0 77
4276 0 77
4277 0 76
4278 0 76
4279 0 76
4280 0 77
4281 0 77
4282 0 76
4283 0 76
4284 0 77
4285 0 77
4286 0 77
4287 0 77
4288 0 77
4289 0 77
4290 0 77
4291 0 77
4292 0 76
4293 0 78
4294 0 77
4295 0 78
4296 0 77
4297 0 77
4298 0 77
4299 0 77
4300 0 77
4301 0 77
4302 0 77
4303 0 77
4304 0 79
4305 0 78
4306 0 79
4307 0 77
4308 0 77
4309 0 77
4310 0 77
4311 0 77
4312 0 77
4313 0 78
4314 0 77
4315 0 78
4316 0 77
4317 0 77
4318 0 78
4319 0 77
4320 0 77
4321 0 76
4322 0 77
4323 0 77
4324 0 76
4325 0 77
4326 0 76
4327 0 76
4328 0 77
4329 0 77
4330 0 77
4331 0 77
4332 0 78
4333 0 77
4334 0 79
4335 0 77
4336 0 77
4337 0 78
4338 0 77
4339 0 77
4340 0 76
4341 0 77
4342 0 76
4343 0 76
4344 0 76
4345 0 76
4346 0 76
4347 0 77
4348 0 78
4349 0 77
4350 0 78
4351 0 77
4352 0 77
4353 0 77
4354 0 77
4355 0 77
4356 0 77
4357 0 77
4358 0 77
4359 0 79
4360 0 78
4361 0 79
4362 0 77
4363 0 77
4364 0 77
4365 0 77
4366 0 77
4367 0 77
4368 0 78
4369 0 77
4370 0 78
4371 0 77
4372 0 77
4373 0 78
4374 0 77
4375 0 77
4376 0 76
4377 0 77
4378 0 77
4379 0 76
4380 0 77
4381 0 76
4382 0 76
4383 0 77
4384 0 77
4385 0 77
4386 0 77
4387 0 78
4388 0 77
4389 0 78
4390 0 77
4391 0 77
4392 0 78
4393 0 77
4394 0 78
4395 0 77
4396 0 78
4397 0 77
4398 0 77
4399 0 77
4400 0 77
4401 0 77
4402 0 77
4403 0 78
4404 0 77
4405 0 78
4406 0 77
4407 0 77
4408 0 77
4409 0 77
4410 0 77
4411 0 77
4412 0 78
4413 0 77
4414 0 78
4415 0 77
4416 0 77
4417 0 78
4418 0 77
4419 0 78
4420 0 77
4421 0 78
4422 0 77
4423 0 77
4424 0 77
4425 0 77
4426 0 77
4427 0 77
4428 0 77
4429 0 76
4430 0 77
4431 0 77
4432 0 77
4433 0 77
4434 0 77
4435 0 77
4436 0 77
4437 0 77
4438 0 76
4439 0 77
4440 0 76
4441 0 77
4442 0 77
4443 0 77
4444 0 77
4445 0 77
4446 0 77
4447 0 76
4448 0 77
4449 0 77
4450 0 77
4451 0 77
4452 0 77
4453 0 77
4454 0 77
4455 0 77
4456 0 76
4457 0 77
4458 0 76
4459 0 77
4460 0 77
4461 0 77
4462 0 77
4463 0 77
4464 0 76
4465 0 76
4466 0 77
4467 0 76
4468 0 77
4469 0 76
4470 0 76
4471 0 77
4472 0 76
4473 0 77
4474 0 76
4475 0 77
4476 0 77
4477 0 76
4478 0 77
4479 0 76
4480 0 76
4481 0 77
4482 0 77
4483 0 77
4484 0 77
4485 0 78
4486 0 77
4487 0 79
4488 0 77
4489 0 77
4490 0 78
4491 0 77
4492 0 78
4493 0 77
4494 0 78
4495 0 77
4496 0 77
4497 0 77
4498 0 77
4499 0 77
4500 0 77
4501 0 79
4502 0 78
4503 0 79
4504 0 78
4505 0 78
4506 0 78
4507 0 78
4508 0 77
4509 0 77
4510 0 78
4511 0 77
4512 0 79
4513 0 77
4514 0 77
4515 0 78
4516 0 77
4517 0 78
4518 0 77
4519 0 78
4520 0 77
4521 0 77
4522 0 77
4523 0 77
4524 0 77
4525 0 77
4526 0 78
4527 0 77
4528 0 78
4529 0 77
4530 0 77
4531 0 78
4532 0 78
4533 0 77
4534 0 77
4535 0 77
4536 0 76
4537 0 78
4538 0 77
4539 0 78
4540 0 78
4541 0 78
4542 0 78
4543 0 78
4544 0 76
4545 0 76
4546 0 77
4547 0 76
4548 0 78
4549 0 76
4550 0 76
4551 0 77
4552 0 76
4553 0 76
4554 0 76
4555 0 77
4556 0 76
4557 0 78
4558 0 76
4559 0 76
4560 0 77
4561 0 76
4562 0 77
4563 0 76
4564 0 77
4565 0 76
4566 0 76
4567 0 76
4568 0 76
4569 0 76
4570 0 76
4571 0 78
4572 0 77
4573 0 78
4574 0 77
4575 0 77
4576 0 77
4577 0 77
4578 0 77
4579 0 77
4580 0 77
4581 0 77
4582 0 79
4583 0 78
4584 0 79
4585 0 77
4586 0 77
4587 0 77
4588 0 77
4589 0 77
4590 0 77
4591 0 78
4592 0 77
4593 0 78
4594 0 77
4595 0 77
4596 0 78
4597 0 77
4598 0 77
4599 0 76
4600 0 77
4601 0 77
4602 0 76
4603 0 77
4604 0 76
4605 0 76
4606 0 77
4607 0 77
4608 0 77
4609 0 77
4610 0 78
4611 0 77
4612 0 79
4613 0 77
4614 0 77
4615 0 78
4616 0 77
4617 0 77
4618 0 76
4619 0 77
4620 0 76
4621 0 76
4622 0 76
4623 0 76
4624 0 76
4625 0 77
4626 0 78
4627 0 77
4628 0 78
4629 0 77
4630 0 77
4631 0 77
4632 0 77
4633 0 77
4634 0 77
4635 0 77
4636 0 77
4637 0 79
4638 0 78
4639 0 79
4640 0 77
4641 0 77
4642 0 77
4643 0 77
4644 0 77
4645 0 77
4646 0 78
4647 0 77
4648 0 78
4649 0 77
4650 0 77
4651 0 78
4652 0 77
4653 0 77
4654 0 76
4655 0 77
4656 0 77
4657 0 76
4658 0 77
4659 0 76
4660 0 76
4661 0 77
4662 0 77
4663 0 77
4664 0 77
4665 0 78
4666 0 77
4667 0 78
4668 0 77
4669 0 77
4670 0 78
4671 0 77
4672 0 78
4673 0 77
4674 0 78
4675 0 77
4676 0 77
4677 0 77
4678 0 77
4679 0 77
4680 0 77
4681 0 78
4682 0 77
4683 0 78
4684 0 77
4685 0 77
4686 0 77
4687 0 77
4688 0 77
4689 0 77
4690 0 78
4691 0 77
4692 0 78
4693 0 77
4694 0 77
4695 0 78
4696 0 77
4697 0 78
4698 0 77
4699 0 78
4700 0 77
4701 0 77
4702 0 77
4703 0 77
4704 0 77
4705 0 77
4706 0 77
4707 0 76
4708 0 77
4709 0 77
4710 0 77
4711 0 77
4712 0 77
4713 0 77
4714 0 77
4715 0 77
4716 0 76
4717 0 77
4718 0 76
4719 0 77
4720 0 77
4721 0 77
4722 0 77
4723 0 77
4724 0 77
4725 0 76
4726 0 77
4727 0 77
4728 0 77
4729 0 77
4730 0 77
4731 0 77
4732 0 77
4733 0 77
4734 0 76
4735 0 77
4736 0 76
4737 0 77
4738 0 77
4739 0 77
4740 0 77
4741 0 77
4742 0 76
4743 0 76
4744 0 77
4745 0 76
4746 0 77
4747 0 76
4748 0 76
4749 0 77
4750 0 76
4751 0 77
4752 0 76
4753 0 77
4754 0 77
4755 0 76
4756 0 77
4757 0 76
4758 0 76
4759 0 77
4760 0 77
4761 0 77
4762 0 77
4763 0 77
4764 0 77
4765 0 78
4766 0 77
4767 0 77
4768 0 77
4769 0 77
4770 0 77
4771 0 76
4772 0 77
4773 0 76
4774 0 76
4775 0 76
4776 0 76
4777 0 76
4778 0 77
4779 0 77
4780 0 77
4781 0 77
4782 0 77
4783 0 77
4784 0 77
4785 0 77
4786 0 77
4787 0 77
4788 0 77
4789 0 77
4790 0 78
4791 0 77
4792 0 77
4793 0 77
4794 0 77
4795 0 77
4796 0 76
4797 0 77
4798 0 76
4799 0 76
4800 0 76
4801 0 76
4802 0 76
4803 0 77
4804 0 77
4805 0 76
4806 0 77
4807 0 77
4808 0 77
4809 0 77
4810 0 77
4811 0 77
4812 0 77
4813 0 77
4814 0 76
4815 0 77
4816 0 76
4817 0 77
4818 0 77
4819 0 77
4820 0 77
4821 0 77
4822 0 76
4823 0 76
4824 0 77
4825 0 76
4826 0 78
4827 0 76
4828 0 76
4829 0 77
4830 0 76
4831 0 76
4832 0 76
4833 0 77
4834 0 76
4835 0 78
4836 0 76
4837 0 76
4838 0 77
4839 0 76
4840 0 77
4841 0 76
4842 0 77
4843 0 76
4844 0 76
4845 0 76
4846 0 76
4847 0 76
4848 0 76
4849 0 77
4850 0 76
4851 0 77
4852 0 77
4853 0 77
4854 0 77
4855 0 77
4856 0 77
4857 0 77
4858 0 77
4859 0 76
4860 0 77
4861 0 76
4862 0 77
4863 0 77
4864 0 77
4865 0 77
4866 0 77
4867 0 76
4868 0 76
4869 0 77
4870 0 76
4871 0 77
4872 0 76
4873 0 76
4874 0 77
4875 0 76
4876 0 76
4877 0 76
4878 0 76
4879 0 76
4880 0 76
4881 0 76
4882 0 76
4883 0 76
4884 0 76
4885 0 76
4886 0 78
4887 0 78
4888 0 77
4889 0 77
4890 0 78
4891 0 78
4892 0 78
4893 0 77
4894 0 77
4895 0 77
4896 0 76
4897 0 77
4898 0 76
4899 0 76
4900 0 76
4901 0 76
4902 0 76
4903 0 77
4904 0 77
4905 0 77
4906 0 77
4907 0 77
4908 0 77
4909 0 77
4910 0 77
4911 0 78
4912 0 78
4913 0 77
4914 0 77
4915 0 78
4916 0 78
4917 0 78
4918 0 77
4919 0 77
4920 0 77
4921 0 76
4922 0 77
4923 0 76
4924 0 76
4925 0 76
4926 0 76
4927 0 76
4928 0 77
4929 0 78
4930 0 77
4931 0 78
4932 0 77
4933 0 77
4934 0 78
4935 0 78
4936 0 77
4937 0 77
4938 0 77
4939 0 76
4940 0 78
4941 0 77
4942 0 78
4943 0 78
4944 0 78
4945 0 78
4946 0 78
4947 0 76
4948 0 76
4949 0 77
4950 0 76
4951 0 78
4952 0 76
4953 0 76
4954 0 77
4955 0 76
4956 0 76
4957 0 76
4958 0 77
4959 0 76
4960 0 78
4961 0 76
4962 0 76
4963 0 77
4964 0 76
4965 0 77
4966 0 76
4967 0 77
4968 0 76
4969 0 76
4970 0 76
4971 0 76
4972 0 76
4973 0 76
4974 0 77
4975 0 77
4976 0 78
4977 0 77
4978 0 77
4979 0 76
4980 0 76
4981 0 77
4982 0 77
4983 0 76
4984 0 77
4985 0 77
4986 0 77
4987 0 78
4988 0 77
4989 0 77
4990 0 76
4991 0 76
4992 0 77
4993 0 77
4994 0 77
4995 0 77
4996 0 77
4997 0 77
4998 0 77
4999 0 77
5000 0 77
5001 0 76
5002 0 76
5003 0 76
5004 0 76
5005 0 76
5006 0 76
5007 0 76
5008 0 76
5009 0 76
5010 0 76
5011 0 77
5012 0 77
5013 0 77
5014 0 77
5015 0 78
5016 0 77
5017 0 77
5018 0 77
5019 0 77
5020 0 77
5021 0 76
5022 0 77
5023 0 76
5024 0 76
5025 0 76
5026 0 76
5027 0 76
5028 0 76
5029 0 77
5030 0 77
5031 0 78
5032 0 77
5033 0 77
5034 0 76
5035 0 76
5036 0 77
5037 0 77
5038 0 76
5039 0 77
5040 0 77
5041 0 77
5042 0 78
5043 0 77
5044 0 77
5045 0 76
5046 0 76
5047 0 77
5048 0 77
5049 0 77
5050 0 77
5051 0 77
5052 0 77
5053 0 77
5054 0 77
5055 0 77
5056 0 76
5057 0 76
5058 0 76
5059 0 76
5060 0 76
5061 0 76
5062 0 76
5063 0 76
5064 0 76
5065 0 76
5066 0 77
5067 0 77
5068 0 78
5069 0 77
5070 0 77
5071 0 76
5072 0 76
5073 0 77
5074 0 77
5075 0 76
5076 0 77
5077 0 77
5078 0 77
5079 0 78
5080 0 77
5081 0 77
5082 0 76
5083 0 76
5084 0 77
5085 0 77
5086 0 77
5087 0 77
5088 0 77
5089 0 77
5090 0 77
5091 0 77
5092 0 77
5093 0 76
5094 0 76
5095 0 76
5096 0 76
5097 0 76
5098 0 76
5099 0 76
5100 0 76
5101 0 76
5102 0 76
5103 0 77
5104 0 77
5105 0 77
5106 0 77
5107 0 78
5108 0 77
5109 0 77
5110 0 77
5111 0 77
5112 0 77
5113 0 76
5114 0 77
5115 0 76
5116 0 76
5117 0 76
5118 0 76
5119 0 76
5120 0 76
5121 0 77
5122 0 77
5123 0 78
5124 0 77
5125 0 77
5126 0 76
5127 0 76
5128 0 77
5129 0 77
5130 0 76
5131 0 77
5132 0 77
5133 0 77
5134 0 78
5135 0 77
5136 0 77
5137 0 76
5138 0 76
5139 0 77
5140 0 77
5141 0 77
5142 0 77
5143 0 77
5144 0 77
5145 0 77
5146 0 77
5147 0 77
5148 0 76
5149 0 76
5150 0 76
5151 0 76
5152 0 76
5153 0 76
5154 0 76
5155 0 76
5156 0 76
5157 0 76
5158 0 77
5159 0 77
5160 0 76
5161 0 77
5162 0 77
5163 0 77
5164 0 77
5165 0 76
5166 0 77
5167 0 76
5168 0 76
5169 0 76
5170 0 76
5171 0 76
5172 0 76
5173 0 76
5174 0 76
5175 0 76
5176 0 76
5177 0 76
5178 0 76
5179 0 76
5180 0 76
5181 0 76
5182 0 76
5183 0 77
5184 0 77
5185 0 76
5186 0 77
5187 0 77
5188 0 77
5189 0 77
5190 0 76
5191 0 77
5192 0 77
5193 0 76
5194 0 77
5195 0 76
5196 0 76
5197 0 76
5198 0 76
5199 0 76
5200 0 76
5201 0 77
5202 0 77
5203 0 77
5204 0 77
5205 0 77
5206 0 76
5207 0 76
5208 0 77
5209 0 77
5210 0 76
5211 0 76
5212 0 77
5213 0 77
5214 0 77
5215 0 77
5216 0 77
5217 0 76
5218 0 76
5219 0 77
5220 0 77
5221 0 77
5222 0 77
5223 0 77
5224 0 76
5225 0 76
5226 0 77
5227 0 77
5228 0 76
5229 0 76
5230 0 77
5231 0 77
5232 0 77
5233 0 77
5234 0 77
5235 0 76
5236 0 76
5237 0 77
5238 0 77
5239 0 76
5240 0 76
5241 0 76
5242 0 77
5243 0 77
5244 0 76
5245 0 76
5246 0 77
5247 0 76
5248 0 77
5249 0 77
5250 0 76
5251 0 77
5252 0 76
5253 0 76
5254 0 76
5255 0 76
5256 0 78
5257 0 78
5258 0 78
5259 0 77
5260 0 78
5261 0 78
5262 0 78
5263 0 77
5264 0 78
5265 0 77
5266 0 77
5267 0 77
5268 0 78
5269 0 78
5270 0 77
5271 0 78
5272 0 77
5273 0 77
5274 0 77
5275 0 77
5276 0 77
5277 0 79
5278 0 78
5279 0 78
5280 0 78
5281 0 79
5282 0 78
5283 0 79
5284 0 77
5285 0 79
5286 0 77
5287 0 77
5288 0 77
5289 0 78
5290 0 78
5291 0 77
5292 0 79
5293 0 77
5294 0 78
5295 0 77
5296 0 77
5297 0 77
5298 0 78
5299 0 77
5300 0 78
5301 0 77
5302 0 79
5303 0 77
5304 0 78
5305 0 77
5306 0 77
5307 0 77
5308 0 77
5309 0 77
5310 0 77
5311 0 76
5312 0 77
5313 0 77
5314 0 77
5315 0 77
5316 0 77
5317 0 76
5318 0 77
5319 0 77
5320 0 77
5321 0 76
5322 0 78
5323 0 76
5324 0 77
5325 0 77
5326 0 77
5327 0 79
5328 0 77
5329 0 79
5330 0 77
5331 0 78
5332 0 77
5333 0 77
5334 0 77
5335 0 79
5336 0 78
5337 0 79
5338 0 77
5339 0 79
5340 0 77
5341 0 78
5342 0 77
5343 0 77
5344 0 77
5345 0 77
5346 0 77
5347 0 77
5348 0 76
5349 0 77
5350 0 78
5351 0 77
5352 0 76
5353 0 77
5354 0 76
5355 0 77
5356 0 76
5357 0 77
5358 0 76
5359 0 76
5360 0 77
5361 0 77
5362 0 77
5363 0 78
5364 0 78
5365 0 79
5366 0 77
5367 0 78
5368 0 78
5369 0 78
5370 0 77
5371 0 78
5372 0 77
5373 0 77
5374 0 77
5375 0 78
5376 0 78
5377 0 77
5378 0 78
5379 0 77
5380 0 77
5381 0 78
5382 0 78
5383 0 77
5384 0 79
5385 0 78
5386 0 79
5387 0 78
5388 0 79
5389 0 78
5390 0 79
5391 0 77
5392 0 79
5393 0 77
5394 0 77
5395 0 77
5396 0 78
5397 0 78
5398 0 77
5399 0 79
5400 0 77
5401 0 78
5402 0 77
5403 0 77
5404 0 77
5405 0 78
5406 0 77
5407 0 78
5408 0 77
5409 0 79
5410 0 77
5411 0 78
5412 0 77
5413 0 77
5414 0 77
5415 0 77
5416 0 77
5417 0 77
5418 0 76
5419 0 77
5420 0 77
5421 0 77
5422 0 77
5423 0 77
5424 0 76
5425 0 77
5426 0 77
5427 0 77
5428 0 76
5429 0 78
5430 0 76
5431 0 77
5432 0 77
5433 0 77
5434 0 78
5435 0 77
5436 0 78
5437 0 77
5438 0 78
5439 0 77
5440 0 77
5441 0 77
5442 0 78
5443 0 77
5444 0 78
5445 0 77
5446 0 79
5447 0 77
5448 0 78
5449 0 77
5450 0 77
5451 0 77
5452 0 78
5453 0 78
5454 0 78
5455 0 77
5456 0 78
5457 0 78
5458 0 77
5459 0 77
5460 0 77
5461 0 77
5462 0 77
5463 0 77
5464 0 77
5465 0 77
5466 0 77
5467 0 77
5468 0 77
5469 0 77
5470 0 78
5471 0 78
5472 0 78
5473 0 77
5474 0 78
5475 0 78
5476 0 77
5477 0 77
5478 0 77
5479 0 77
5480 0 77
5481 0 77
5482 0 76
5483 0 78
5484 0 77
5485 0 78
5486 0 77
5487 0 78
5488 0 77
5489 0 77
5490 0 77
5491 0 78
5492 0 77
5493 0 78
5494 0 77
5495 0 79
5496 0 77
5497 0 78
5498 0 77
5499 0 77
5500 0 77
5501 0 78
5502 0 78
5503 0 78
5504 0 77
5505 0 78
5506 0 78
5507 0 77
5508 0 77
5509 0 77
5510 0 77
5511 0 77
5512 0 77
5513 0 77
5514 0 77
5515 0 77
5516 0 77
5517 0 77
5518 0 77
5519 0 77
5520 0 77
5521 0 77
5522 0 76
5523 0 77
5524 0 77
5525 0 77
5526 0 77
5527 0 77
5528 0 77
5529 0 77
5530 0 77
5531 0 76
5532 0 77
5533 0 77
5534 0 77
5535 0 77
5536 0 77
5537 0 76
5538 0 76
5539 0 76
5540 0 77
5541 0 77
5542 0 77
5543 0 76
5544 0 77
5545 0 77
5546 0 77
5547 0 77
5548 0 77
5549 0 77
5550 0 77
5551 0 77
5552 0 76
5553 0 77
5554 0 77
5555 0 77
5556 0 76
5557 0 77
5558 0 77
5559 0 77
5560 0 77
5561 0 77
5562 0 77
5563 0 77
5564 0 77
5565 0 76
5566 0 77
5567 0 77
5568 0 77
5569 0 77
5570 0 77
5571 0 76
5572 0 76
5573 0 76
5574 0 77
5575 0 77
5576 0 77
5577 0 76
5578 0 77
5579 0 77
5580 0 77
5581 0 77
5582 0 77
5583 0 77
5584 0 77
5585 0 77
5586 0 76
5587 0 77
5588 0 76
5589 0 77
5590 0 76
5591 0 77
5592 0 76
5593 0 76
5594 0 76
5595 0 77
5596 0 76
5597 0 78
5598 0 76
5599 0 78
5600 0 76
5601 0 77
5602 0 76
5603 0 76
5604 0 76
5605 0 77
5606 0 77
5607 0 77
5608 0 76
5609 0 77
5610 0 77
5611 0 77
5612 0 77
5613 0 77
5614 0 76
5615 0 77
5616 0 77
5617 0 77
5618 0 76
5619 0 77
5620 0 76
5621 0 77
5622 0 77
5623 0 77
5624 0 78
5625 0 77
5626 0 79
5627 0 77
5628 0 78
5629 0 77
5630 0 77
5631 0 77
5632 0 79
5633 0 77
5634 0 78
5635 0 77
5636 0 79
5637 0 77
5638 0 78
5639 0 77
5640 0 77
5641 0 77
5642 0 78
5643 0 78
5644 0 78
5645 0 77
5646 0 78
5647 0 78
5648 0 77
5649 0 77
5650 0 77
5651 0 77
5652 0 77
5653 0 77
5654 0 77
5655 0 77
5656 0 77
5657 0 77
5658 0 77
5659 0 77
5660 0 79
5661 0 78
5662 0 79
5663 0 78
5664 0 79
5665 0 78
5666 0 78
5667 0 78
5668 0 78
5669 0 78
5670 0 78
5671 0 78
5672 0 77
5673 0 78
5674 0 77
5675 0 79
5676 0 77
5677 0 78
5678 0 77
5679 0 77
5680 0 77
5681 0 79
5682 0 77
5683 0 78
5684 0 77
5685 0 79
5686 0 77
5687 0 78
5688 0 77
5689 0 77
5690 0 77
5691 0 78
5692 0 78
5693 0 78
5694 0 77
5695 0 78
5696 0 78
5697 0 77
5698 0 77
5699 0 77
5700 0 77
5701 0 77
5702 0 77
5703 0 77
5704 0 77
5705 0 77
5706 0 77
5707 0 77
5708 0 77
5709 0 78
5710 0 77
5711 0 77
5712 0 77
5713 0 78
5714 0 77
5715 0 77
5716 0 77
5717 0 77
5718 0 77
5719 0 78
5720 0 78
5721 0 77
5722 0 77
5723 0 77
5724 0 77
5725 0 77
5726 0 77
5727 0 76
5728 0 76
5729 0 76
5730 0 78
5731 0 77
5732 0 77
5733 0 77
5734 0 78
5735 0 77
5736 0 78
5737 0 78
5738 0 78
5739 0 78
5740 0 78
5741 0 78
5742 0 77
5743 0 78
5744 0 76
5745 0 78
5746 0 76
5747 0 77
5748 0 76
5749 0 76
5750 0 76
5751 0 78
5752 0 77
5753 0 78
5754 0 76
5755 0 78
5756 0 76
5757 0 77
5758 0 76
5759 0 76
5760 0 76
5761 0 78
5762 0 76
5763 0 78
5764 0 76
5765 0 77
5766 0 76
5767 0 76
5768 0 76
5769 0 78
5770 0 77
5771 0 78
5772 0 76
5773 0 78
5774 0 76
5775 0 77
5776 0 76
5777 0 76
5778 0 76
5779 0 77
5780 0 76
5781 0 76
5782 0 76
5783 0 77
5784 0 77
5785 0 77
5786 0 76
5787 0 77
5788 0 76
5789 0 77
5790 0 76
5791 0 77
5792 0 76
5793 0 76
5794 0 77
5795 0 77
5796 0 76
5797 0 78
5798 0 78
5799 0 78
5800 0 77
5801 0 78
5802 0 79
5803 0 79
5804 0 77
5805 0 79
5806 0 77
5807 0 77
5808 0 77
5809 0 78
5810 0 79
5811 0 77
5812 0 79
5813 0 77
5814 0 77
5815 0 77
5816 0 77
5817 0 77
5818 0 79
5819 0 78
5820 0 78
5821 0 78
5822 0 79
5823 0 79
5824 0 79
5825 0 77
5826 0 79
5827 0 77
5828 0 77
5829 0 77
5830 0 78
5831 0 78
5832 0 77
5833 0 79
5834 0 77
5835 0 78
5836 0 77
5837 0 77
5838 0 77
5839 0 78
5840 0 77
5841 0 78
5842 0 77
5843 0 79
5844 0 77
5845 0 78
5846 0 77
5847 0 77
5848 0 77
5849 0 77
5850 0 77
5851 0 77
5852 0 76
5853 0 77
5854 0 77
5855 0 77
5856 0 77
5857 0 77
5858 0 76
5859 0 77
5860 0 77
5861 0 77
5862 0 76
5863 0 78
5864 0 76
5865 0 77
5866 0 77
5867 0 77
5868 0 79
5869 0 77
5870 0 79
5871 0 77
5872 0 78
5873 0 77
5874 0 77
5875 0 77
5876 0 79
5877 0 78
5878 0 79
5879 0 77
5880 0 79
5881 0 77
5882 0 78
5883 0 77
5884 0 77
5885 0 77
5886 0 77
5887 0 77
5888 0 77
5889 0 76
5890 0 77
5891 0 78
5892 0 78
5893 0 76
5894 0 78
5895 0 76
5896 0 78
5897 0 76
5898 0 78
5899 0 76
5900 0 76
5901 0 77
5902 0 77
5903 0 77
5904 0 78
5905 0 79
5906 0 79
5907 0 77
5908 0 78
5909 0 79
5910 0 79
5911 0 77
5912 0 79
5913 0 77
5914 0 77
5915 0 77
5916 0 78
5917 0 79
5918 0 77
5919 0 79
5920 0 77
5921 0 77
5922 0 78
5923 0 78
5924 0 77
5925 0 79
5926 0 79
5927 0 79
5928 0 78
5929 0 79
5930 0 79
5931 0 79
5932 0 77
5933 0 79
5934 0 77
5935 0 77
5936 0 77
5937 0 78
5938 0 78
5939 0 77
5940 0 79
5941 0 77
5942 0 78
5943 0 77
5944 0 77
5945 0 77
5946 0 78
5947 0 77
5948 0 78
5949 0 77
5950 0 79
5951 0 77
5952 0 78
5953 0 77
5954 0 77
5955 0 77
5956 0 77
5957 0 77
5958 0 77
5959 0 76
5960 0 77
5961 0 77
5962 0 77
5963 0 77
5964 0 77
5965 0 76
5966 0 77
5967 0 77
5968 0 77
5969 0 76
5970 0 78
5971 0 76
5972 0 77
5973 0 77
5974 0 77
5975 0 78
5976 0 77
5977 0 78
5978 0 77
5979 0 78
5980 0 77
5981 0 77
5982 0 77
5983 0 78
5984 0 77
5985 0 79
5986 0 77
5987 0 79
5988 0 77
5989 0 78
5990 0 77
5991 0 77
5992 0 77
5993 0 78
5994 0 78
5995 0 78
5996 0 77
5997 0 78
5998 0 78
5999 0 77
6000 0 77
6001 0 77
6002 0 77
6003 0 77
6004 0 77
6005 0 77
6006 0 77
6007 0 77
6008 0 77
6009 0 77
6010 0 77
6011 0 78
6012 0 78
6013 0 78
6014 0 77
6015 0 78
6016 0 78
6017 0 77
6018 0 77
6019 0 77
6020 0 77
6021 0 77
6022 0 77
6023 0 76
6024 0 78
6025 0 77
6026 0 78
6027 0 77
6028 0 78
6029 0 77
6030 0 77
6031 0 77
6032 0 78
6033 0 77
6034 0 79
6035 0 77
6036 0 79
6037 0 77
6038 0 78
6039 0 77
6040 0 77
6041 0 77
6042 0 78
6043 0 78
6044 0 78
6045 0 77
6046 0 78
6047 0 79
6048 0 77
6049 0 77
6050 0 77
6051 0 77
6052 0 77
6053 0 77
6054 0 77
6055 0 77
6056 0 77
6057 0 77
6058 0 77
6059 0 77
6060 0 77
6061 0 77
6062 0 77
6063 0 76
6064 0 77
6065 0 77
6066 0 77
6067 0 77
6068 0 77
6069 0 77
6070 0 77
6071 0 77
6072 0 76
6073 0 77
6074 0 77
6075 0 77
6076 0 77
6077 0 77
6078 0 76
6079 0 76
6080 0 76
6081 0 77
6082 0 77
6083 0 77
6084 0 76
6085 0 77
6086 0 77
6087 0 77
6088 0 77
6089 0 77
6090 0 77
6091 0 77
6092 0 77
6093 0 76
6094 0 77
6095 0 77
6096 0 77
6097 0 76
6098 0 77
6099 0 77
6100 0 77
6101 0 77
6102 0 77
6103 0 77
6104 0 77
6105 0 77
6106 0 76
6107 0 77
6108 0 77
6109 0 77
6110 0 77
6111 0 77
6112 0 76
6113 0 76
6114 0 76
6115 0 77
6116 0 77
6117 0 77
6118 0 76
6119 0 77
6120 0 77
6121 0 77
6122 0 77
6123 0 77
6124 0 77
6125 0 77
6126 0 77
6127 0 76
6128 0 77
6129 0 76
6130 0 77
6131 0 76
6132 0 77
6133 0 76
6134 0 76
6135 0 76
6136 0 77
6137 0 76
6138 0 78
6139 0 76
6140 0 78
6141 0 76
6142 0 77
6143 0 76
6144 0 76
6145 0 76
6146 0 77
6147 0 77
6148 0 77
6149 0 76
6150 0 77
6151 0 77
6152 0 77
6153 0 77
6154 0 77
6155 0 76
6156 0 77
6157 0 77
6158 0 77
6159 0 76
6160 0 77
6161 0 76
6162 0 77
6163 0 77
6164 0 77
6165 0 78
6166 0 77
6167 0 78
6168 0 77
6169 0 77
6170 0 77
6171 0 77
6172 0 77
6173 0 78
6174 0 78
6175 0 78
6176 0 77
6177 0 78
6178 0 77
6179 0 77
6180 0 77
6181 0 77
6182 0 77
6183 0 77
6184 0 78
6185 0 78
6186 0 76
6187 0 77
6188 0 78
6189 0 77
6190 0 76
6191 0 77
6192 0 76
6193 0 77
6194 0 76
6195 0 77
6196 0 76
6197 0 76
6198 0 77
6199 0 77
6200 0 77
6201 0 77
6202 0 78
6203 0 78
6204 0 77
6205 0 77
6206 0 78
6207 0 77
6208 0 77
6209 0 77
6210 0 77
6211 0 77
6212 0 77
6213 0 77
6214 0 79
6215 0 77
6216 0 79
6217 0 77
6218 0 77
6219 0 77
6220 0 77
6221 0 77
6222 0 78
6223 0 78
6224 0 79
6225 0 77
6226 0 79
6227 0 77
6228 0 77
6229 0 77
6230 0 77
6231 0 77
6232 0 77
6233 0 78
6234 0 78
6235 0 76
6236 0 77
6237 0 79
6238 0 77
6239 0 76
6240 0 77
6241 0 76
6242 0 77
6243 0 76
6244 0 77
6245 0 76
6246 0 76
6247 0 77
6248 0 77
6249 0 77
6250 0 77
6251 0 78
6252 0 78
6253 0 76
6254 0 77
6255 0 78
6256 0 78
6257 0 77
6258 0 78
6259 0 77
6260 0 77
6261 0 77
6262 0 77
6263 0 78
6264 0 77
6265 0 78
6266 0 77
6267 0 77
6268 0 77
6269 0 77
6270 0 76
6271 0 77
6272 0 78
6273 0 78
6274 0 76
6275 0 77
6276 0 78
6277 0 78
6278 0 77
6279 0 78
6280 0 77
6281 0 77
6282 0 77
6283 0 77
6284 0 77
6285 0 76
6286 0 77
6287 0 76
6288 0 77
6289 0 77
6290 0 77
6291 0 76
6292 0 78
6293 0 78
6294 0 77
6295 0 76
6296 0 77
6297 0 76
6298 0 77
6299 0 77
6300 0 77
6301 0 76
6302 0 77
6303 0 76
6304 0 77
6305 0 76
6306 0 77
6307 0 77
6308 0 77
6309 0 76
6310 0 78
6311 0 78
6312 0 77
6313 0 76
6314 0 77
6315 0 76
6316 0 77
6317 0 77
6318 0 77
6319 0 76
6320 0 77
6321 0 77
6322 0 77
6323 0 76
6324 0 77
6325 0 78
6326 0 77
6327 0 76
6328 0 77
6329 0 76
6330 0 77
6331 0 76
6332 0 77
6333 0 76
6334 0 76
6335 0 77
6336 0 77
6337 0 76
6338 0 77
6339 0 78
6340 0 78
6341 0 76
6342 0 77
6343 0 78
6344 0 78
6345 0 77
6346 0 78
6347 0 77
6348 0 77
6349 0 77
6350 0 77
6351 0 78
6352 0 77
6353 0 78
6354 0 77
6355 0 77
6356 0 77
6357 0 77
6358 0 76
6359 0 77
6360 0 78
6361 0 78
6362 0 76
6363 0 77
6364 0 78
6365 0 78
6366 0 77
6367 0 78
6368 0 77
6369 0 77
6370 0 77
6371 0 77
6372 0 77
6373 0 76
6374 0 77
6375 0 76
6376 0 77
6377 0 77
6378 0 77
6379 0 76
6380 0 77
6381 0 77
6382 0 77
6383 0 76
6384 0 77
6385 0 76
6386 0 77
6387 0 77
6388 0 77
6389 0 76
6390 0 76
6391 0 77
6392 0 77
6393 0 76
6394 0 76
6395 0 77
6396 0 76
6397 0 77
6398 0 77
6399 0 76
6400 0 76
6401 0 77
6402 0 76
6403 0 76
6404 0 76
6405 0 76
6406 0 76
6407 0 76
6408 0 76
6409 0 78
6410 0 78
6411 0 78
6412 0 78
6413 0 77
6414 0 77
6415 0 77
6416 0 77
6417 0 78
6418 0 78
6419 0 78
6420 0 78
6421 0 78
6422 0 78
6423 0 77
6424 0 77
6425 0 77
6426 0 77
6427 0 77
6428 0 78
6429 0 78
6430 0 76
6431 0 77
6432 0 78
6433 0 77
6434 0 76
6435 0 77
6436 0 76
6437 0 77
6438 0 76
6439 0 77
6440 0 76
6441 0 76
6442 0 77
6443 0 77
6444 0 77
6445 0 77
6446 0 78
6447 0 78
6448 0 77
6449 0 77
6450 0 78
6451 0 77
6452 0 77
6453 0 77
6454 0 77
6455 0 77
6456 0 77
6457 0 77
6458 0 79
6459 0 78
6460 0 79
6461 0 78
6462 0 77
6463 0 77
6464 0 77
6465 0 77
6466 0 78
6467 0 78
6468 0 79
6469 0 78
6470 0 79
6471 0 78
6472 0 77
6473 0 77
6474 0 77
6475 0 77
6476 0 77
6477 0 78
6478 0 78
6479 0 76
6480 0 77
6481 0 79
6482 0 77
6483 0 76
6484 0 77
6485 0 76
6486 0 77
6487 0 76
6488 0 77
6489 0 76
6490 0 76
6491 0 77
6492 0 77
6493 0 77
6494 0 78
6495 0 78
6496 0 78
6497 0 77
6498 0 78
6499 0 79
6500 0 78
6501 0 77
6502 0 78
6503 0 77
6504 0 78
6505 0 78
6506 0 78
6507 0 78
6508 0 77
6509 0 78
6510 0 77
6511 0 77
6512 0 77
6513 0 77
6514 0 76
6515 0 78
6516 0 78
6517 0 78
6518 0 77
6519 0 78
6520 0 79
6521 0 79
6522 0 78
6523 0 79
6524 0 78
6525 0 78
6526 0 78
6527 0 78
6528 0 77
6529 0 76
6530 0 77
6531 0 76
6532 0 77
6533 0 77
6534 0 77
6535 0 76
6536 0 78
6537 0 78
6538 0 77
6539 0 76
6540 0 77
6541 0 76
6542 0 77
6543 0 77
6544 0 77
6545 0 76
6546 0 77
6547 0 76
6548 0 77
6549 0 76
6550 0 77
6551 0 77
6552 0 77
6553 0 76
6554 0 78
6555 0 78
6556 0 77
6557 0 76
6558 0 77
6559 0 76
6560 0 77
6561 0 77
6562 0 77
6563 0 76
6564 0 77
6565 0 77
6566 0 77
6567 0 76
6568 0 77
6569 0 78
6570 0 77
6571 0 76
6572 0 77
6573 0 76
6574 0 77
6575 0 76
6576 0 77
6577 0 76
6578 0 76
6579 0 77
6580 0 77
6581 0 76
6582 0 77
6583 0 77
6584 0 77
6585 0 77
6586 0 78
6587 0 77
6588 0 77
6589 0 77
6590 0 77
6591 0 77
6592 0 76
6593 0 76
6594 0 76
6595 0 77
6596 0 77
6597 0 77
6598 0 77
6599 0 76
6600 0 76
6601 0 76
6602 0 77
6603 0 77
6604 0 77
6605 0 77
6606 0 77
6607 0 78
6608 0 77
6609 0 77
6610 0 77
6611 0 77
6612 0 77
6613 0 76
6614 0 76
6615 0 76
6616 0 77
6617 0 77
6618 0 77
6619 0 77
6620 0 77
6621 0 77
6622 0 77
6623 0 77
6624 0 77
6625 0 77
6626 0 77
6627 0 77
6628 0 77
6629 0 77
6630 0 77
6631 0 77
6632 0 77
6633 0 77
6634 0 76
6635 0 77
6636 0 77
6637 0 76
6638 0 76
6639 0 77
6640 0 76
6641 0 77
6642 0 77
6643 0 76
6644 0 76
6645 0 77
6646 0 76
6647 0 76
6648 0 76
6649 0 76
6650 0 76
6651 0 76
6652 0 76
6653 0 77
6654 0 77
6655 0 77
6656 0 77
6657 0 77
6658 0 77
6659 0 77
6660 0 77
6661 0 78
6662 0 78
6663 0 77
6664 0 77
6665 0 77
6666 0 77
6667 0 77
6668 0 77
6669 0 77
6670 0 77
6671 0 77
6672 0 77
6673 0 77
6674 0 76
6675 0 77
6676 0 78
6677 0 76
6678 0 76
6679 0 76
6680 0 76
6681 0 76
6682 0 76
6683 0 76
6684 0 76
6685 0 76
6686 0 76
6687 0 76
6688 0 76
6689 0 77
6690 0 77
6691 0 77
6692 0 77
6693 0 78
6694 0 77
6695 0 77
6696 0 77
6697 0 77
6698 0 77
6699 0 76
6700 0 76
6701 0 76
6702 0 77
6703 0 77
6704 0 77
6705 0 77
6706 0 76
6707 0 76
6708 0 76
6709 0 77
6710 0 77
6711 0 77
6712 0 77
6713 0 77
6714 0 78
6715 0 77
6716 0 77
6717 0 77
6718 0 77
6719 0 77
6720 0 76
6721 0 76
6722 0 76
6723 0 77
6724 0 77
6725 0 77
6726 0 77
6727 0 77
6728 0 77
6729 0 77
6730 0 77
6731 0 77
6732 0 77
6733 0 77
6734 0 77
6735 0 77
6736 0 77
6737 0 77
6738 0 77
6739 0 77
6740 0 77
6741 0 76
6742 0 77
6743 0 77
6744 0 76
6745 0 76
6746 0 77
6747 0 76
6748 0 77
6749 0 77
6750 0 76
6751 0 76
6752 0 77
6753 0 76
6754 0 76
6755 0 76
6756 0 76
6757 0 76
6758 0 76
6759 0 76
6760 0 77
6761 0 77
6762 0 77
6763 0 77
6764 0 78
6765 0 77
6766 0 77
6767 0 77
6768 0 77
6769 0 77
6770 0 76
6771 0 76
6772 0 76
6773 0 77
6774 0 77
6775 0 77
6776 0 77
6777 0 76
6778 0 76
6779 0 76
6780 0 77
6781 0 77
6782 0 77
6783 0 77
6784 0 77
6785 0 78
6786 0 77
6787 0 77
6788 0 77
6789 0 77
6790 0 77
6791 0 76
6792 0 76
6793 0 76
6794 0 77
6795 0 77
6796 0 77
6797 0 77
6798 0 77
6799 0 77
6800 0 77
6801 0 77
6802 0 77
6803 0 77
6804 0 77
6805 0 77
6806 0 77
6807 0 77
6808 0 77
6809 0 77
6810 0 77
6811 0 77
6812 0 76
6813 0 77
6814 0 77
6815 0 76
6816 0 76
6817 0 77
6818 0 76
6819 0 77
6820 0 77
6821 0 76
6822 0 76
6823 0 77
6824 0 76
6825 0 76
6826 0 76
6827 0 76
6828 0 76
6829 0 76
6830 0 76
6831 0 77
6832 0 77
6833 0 77
6834 0 77
6835 0 77
6836 0 77
6837 0 77
6838 0 77
6839 0 78
6840 0 78
6841 0 77
6842 0 77
6843 0 77
6844 0 77
6845 0 77
6846 0 77
6847 0 77
6848 0 77
6849 0 77
6850 0 77
6851 0 77
6852 0 76
6853 0 77
6854 0 78
6855 0 76
6856 0 76
6857 0 76
6858 0 76
6859 0 76
6860 0 76
6861 0 76
6862 0 76
6863 0 76
6864 0 76
6865 0 76
6866 0 76
6867 0 77
6868 0 77
6869 0 77
6870 0 77
6871 0 78
6872 0 77
6873 0 77
6874 0 77
6875 0 77
6876 0 77
6877 0 76
6878 0 76
6879 0 76
6880 0 77
6881 0 77
6882 0 77
6883 0 77
6884 0 76
6885 0 76
6886 0 76
6887 0 77
6888 0 77
6889 0 77
6890 0 77
6891 0 77
6892 0 78
6893 0 77
6894 0 77
6895 0 77
6896 0 77
6897 0 77
6898 0 76
6899 0 76
6900 0 76
6901 0 77
6902 0 77
6903 0 77
6904 0 77
6905 0 77
6906 0 77
6907 0 77
6908 0 77
6909 0 77
6910 0 77
6911 0 77
6912 0 77
6913 0 77
6914 0 77
6915 0 77
6916 0 77
6917 0 77
6918 0 77
6919 0 76
6920 0 77
6921 0 77
6922 0 76
6923 0 76
6924 0 77
6925 0 76
6926 0 77
6927 0 77
6928 0 76
6929 0 76
6930 0 77
6931 0 76
6932 0 76
6933 0 76
6934 0 76
6935 0 76
6936 0 76
6937 0 76
6938 0 77
6939 0 77
6940 0 77
6941 0 77
6942 0 76
6943 0 76
6944 0 76
6945 0 77
6946 0 77
6947 0 77
6948 0 77
6949 0 77
6950 0 77
6951 0 77
6952 0 76
6953 0 76
6954 0 76
6955 0 77
6956 0 76
6957 0 77
6958 0 77
6959 0 76
6960 0 76
6961 0 77
6962 0 76
6963 0 76
6964 0 76
6965 0 76
6966 0 76
6967 0 76
6968 0 76
6969 0 76
6970 0 76
6971 0 76
6972 0 76
6973 0 76
6974 0 76
6975 0 77
6976 0 77
6977 0 76
6978 0 76
6979 0 77
6980 0 76
6981 0 76
6982 0 76
6983 0 76
6984 0 76
6985 0 76
6986 0 76
6987 0 78
6988 0 77
6989 0 78
6990 0 77
6991 0 76
6992 0 76
6993 0 76
6994 0 77
6995 0 77
6996 0 77
6997 0 78
6998 0 77
6999 0 78
7000 0 77
7001 0 76
7002 0 76
7003 0 76
7004 0 77
7005 0 77
7006 0 77
7007 0 77
7008 0 76
7009 0 77
7010 0 78
7011 0 76
7012 0 76
7013 0 76
7014 0 76
7015 0 76
7016 0 76
7017 0 76
7018 0 76
7019 0 76
7020 0 76
7021 0 76
7022 0 76
7023 0 77
7024 0 77
7025 0 77
7026 0 77
7027 0 77
7028 0 77
7029 0 77
7030 0 77
7031 0 77
7032 0 77
7033 0 76
7034 0 76
7035 0 76
7036 0 77
7037 0 77
7038 0 77
7039 0 77
7040 0 76
7041 0 76
7042 0 76
7043 0 76
7044 0 77
7045 0 77
7046 0 77
7047 0 77
7048 0 77
7049 0 77
7050 0 77
7051 0 77
7052 0 77
7053 0 77
7054 0 76
7055 0 76
7056 0 76
7057 0 77
7058 0 77
7059 0 77
7060 0 77
7061 0 77
7062 0 77
7063 0 77
7064 0 77
7065 0 77
7066 0 77
7067 0 76
7068 0 76
7069 0 76
7070 0 77
7071 0 77
7072 0 77
7073 0 77
7074 0 76
7075 0 76
7076 0 76
7077 0 76
7078 0 77
7079 0 77
7080 0 77
7081 0 77
7082 0 77
7083 0 77
7084 0 77
7085 0 77
7086 0 77
7087 0 77
7088 0 76
7089 0 76
7090 0 76
7091 0 77
7092 0 77
7093 0 77
7094 0 77
7095 0 76
7096 0 76
7097 0 76
7098 0 76
7099 0 76
7100 0 76
7101 0 77
7102 0 77
7103 0 77
7104 0 77
7105 0 76
7106 0 76
7107 0 76
7108 0 76
7109 0 77
7110 0 77
7111 0 77
7112 0 76
7113 0 77
7114 0 77
7115 0 77
7116 0 77
7117 0 77
7118 0 76
7119 0 77
7120 0 77
7121 0 77
7122 0 76
7123 0 77
7124 0 76
7125 0 76
7126 0 76
7127 0 76
