0 0 81
1 0 81
2 0 81
3 0 81
4 0 81
5 0 80
6 0 81
7 0 81
8 0 80
9 0 80
10 0 81
11 0 81
12 0 81
13 0 81
14 0 81
15 0 80
16 0 81
17 0 81
18 0 80
19 0 80
20 0 80
21 0 81
22 0 81
23 0 80
24 0 80
25 0 80
26 0 80
27 0 80
28 0 80
29 0 80
30 0 80
31 0 80
32 0 80
33 0 79
34 0 81
35 0 81
36 0 80
37 0 80
38 0 80
39 0 81
40 0 81
41 0 80
42 0 80
43 0 80
44 0 80
45 0 80
46 0 80
47 0 80
48 0 80
49 0 80
50 0 79
51 0 79
52 0 81
53 0 81
54 0 81
55 0 81
56 0 81
57 0 80
58 0 81
59 0 81
60 0 80
61 0 80
62 0 81
63 0 81
64 0 81
65 0 81
66 0 81
67 0 80
68 0 81
69 0 81
70 0 80
71 0 80
72 0 80
73 0 81
74 0 81
75 0 80
76 0 80
77 0 80
78 0 80
79 0 80
80 0 80
81 0 80
82 0 80
83 0 80
84 0 80
85 0 79
86 0 81
87 0 81
88 0 80
89 0 80
90 0 80
91 0 81
92 0 81
93 0 80
94 0 80
95 0 80
96 0 80
97 0 80
98 0 80
99 0 80
100 0 80
101 0 80
102 0 79
103 0 79
104 0 80
105 0 80
106 0 80
107 0 80
108 0 80
109 0 79
110 0 81
111 0 81
112 0 80
113 0 80
114 0 80
115 0 81
116 0 81
117 0 80
118 0 80
119 0 80
120 0 80
121 0 81
122 0 80
123 0 80
124 0 80
125 0 80
126 0 79
127 0 79
128 0 80
129 0 80
130 0 80
131 0 80
132 0 80
133 0 79
134 0 80
135 0 80
136 0 79
137 0 79
138 0 80
139 0 80
140 0 80
141 0 80
142 0 80
143 0 79
144 0 80
145 0 80
146 0 80
147 0 80
148 0 80
149 0 79
150 0 80
151 0 80
152 0 79
153 0 79
154 0 80
155 0 80
156 0 80
157 0 80
158 0 80
159 0 79
160 0 80
161 0 80
162 0 79
163 0 79
164 0 79
165 0 80
166 0 80
167 0 79
168 0 79
169 0 79
170 0 79
171 0 79
172 0 79
173 0 79
174 0 79
175 0 79
176 0 80
177 0 79
178 0 81
179 0 81
180 0 80
181 0 80
182 0 80
183 0 81
184 0 81
185 0 80
186 0 80
187 0 80
188 0 80
189 0 81
190 0 80
191 0 80
192 0 80
193 0 80
194 0 79
195 0 79
196 0 81
197 0 81
198 0 81
199 0 80
200 0 80
201 0 79
202 0 81
203 0 81
204 0 80
205 0 80
206 0 80
207 0 81
208 0 81
209 0 80
210 0 80
211 0 80
212 0 80
213 0 81
214 0 80
215 0 80
216 0 80
217 0 80
218 0 79
219 0 79
220 0 80
221 0 80
222 0 80
223 0 80
224 0 80
225 0 79
226 0 80
227 0 80
228 0 79
229 0 79
230 0 80
231 0 80
232 0 80
233 0 80
234 0 80
235 0 79
236 0 80
237 0 80
238 0 79
239 0 79
240 0 79
241 0 80
242 0 80
243 0 79
244 0 79
245 0 80
246 0 80
247 0 79
248 0 79
249 0 79
250 0 80
251 0 80
252 0 79
253 0 79
254 0 79
255 0 79
256 0 79
257 0 79
258 0 79
259 0 79
260 0 79
261 0 79
262 0 79
263 0 81
264 0 81
265 0 81
266 0 81
267 0 81
268 0 80
269 0 81
270 0 81
271 0 80
272 0 80
273 0 81
274 0 81
275 0 81
276 0 81
277 0 81
278 0 80
279 0 81
280 0 81
281 0 80
282 0 80
283 0 80
284 0 81
285 0 81
286 0 80
287 0 80
288 0 80
289 0 80
290 0 80
291 0 80
292 0 80
293 0 80
294 0 80
295 0 80
296 0 79
297 0 81
298 0 81
299 0 80
300 0 80
301 0 80
302 0 81
303 0 81
304 0 80
305 0 80
306 0 80
307 0 80
308 0 80
309 0 80
310 0 80
311 0 80
312 0 80
313 0 80
314 0 80
315 0 81
316 0 81
317 0 81
318 0 81
319 0 81
320 0 80
321 0 81
322 0 81
323 0 80
324 0 80
325 0 81
326 0 81
327 0 81
328 0 81
329 0 81
330 0 80
331 0 81
332 0 81
333 0 80
334 0 80
335 0 80
336 0 81
337 0 81
338 0 80
339 0 80
340 0 80
341 0 80
342 0 80
343 0 80
344 0 80
345 0 80
346 0 80
347 0 80
348 0 79
349 0 81
350 0 81
351 0 80
352 0 80
353 0 80
354 0 81
355 0 81
356 0 80
357 0 80
358 0 80
359 0 80
360 0 80
361 0 80
362 0 80
363 0 80
364 0 80
365 0 79
366 0 79
367 0 80
368 0 80
369 0 80
370 0 80
371 0 80
372 0 79
373 0 81
374 0 81
375 0 80
376 0 80
377 0 80
378 0 81
379 0 81
380 0 80
381 0 80
382 0 80
383 0 80
384 0 81
385 0 80
386 0 80
387 0 80
388 0 80
389 0 79
390 0 79
391 0 80
392 0 80
393 0 80
394 0 80
395 0 80
396 0 79
397 0 80
398 0 80
399 0 79
400 0 79
401 0 80
402 0 80
403 0 80
404 0 80
405 0 80
406 0 79
407 0 80
408 0 80
409 0 80
410 0 80
411 0 80
412 0 79
413 0 80
414 0 80
415 0 79
416 0 79
417 0 80
418 0 80
419 0 80
420 0 80
421 0 80
422 0 79
423 0 80
424 0 80
425 0 79
426 0 79
427 0 79
428 0 80
429 0 80
430 0 79
431 0 79
432 0 79
433 0 79
434 0 79
435 0 79
436 0 79
437 0 79
438 0 79
439 0 80
440 0 79
441 0 81
442 0 81
443 0 80
444 0 80
445 0 80
446 0 81
447 0 81
448 0 80
449 0 80
450 0 80
451 0 80
452 0 80
453 0 80
454 0 80
455 0 80
456 0 80
457 0 79
458 0 79
459 0 80
460 0 81
461 0 80
462 0 80
463 0 80
464 0 79
465 0 81
466 0 81
467 0 80
468 0 80
469 0 80
470 0 81
471 0 81
472 0 80
473 0 80
474 0 80
475 0 80
476 0 80
477 0 80
478 0 80
479 0 80
480 0 80
481 0 79
482 0 79
483 0 80
484 0 80
485 0 80
486 0 80
487 0 80
488 0 79
489 0 80
490 0 80
491 0 79
492 0 79
493 0 80
494 0 80
495 0 80
496 0 80
497 0 80
498 0 79
499 0 80
500 0 80
501 0 80
502 0 80
503 0 79
504 0 80
505 0 80
506 0 80
507 0 80
508 0 80
509 0 80
510 0 80
511 0 80
512 0 79
513 0 80
514 0 80
515 0 80
516 0 80
517 0 79
518 0 80
519 0 79
520 0 79
521 0 79
522 0 79
523 0 79
524 0 79
525 0 79
526 0 80
527 0 80
528 0 80
529 0 80
530 0 80
531 0 79
532 0 80
533 0 80
534 0 79
535 0 79
536 0 80
537 0 80
538 0 80
539 0 80
540 0 80
541 0 79
542 0 80
543 0 80
544 0 79
545 0 79
546 0 79
547 0 80
548 0 80
549 0 79
550 0 79
551 0 79
552 0 80
553 0 79
554 0 79
555 0 80
556 0 79
557 0 79
558 0 79
559 0 78
560 0 81
561 0 81
562 0 80
563 0 80
564 0 80
565 0 81
566 0 81
567 0 80
568 0 80
569 0 80
570 0 80
571 0 80
572 0 80
573 0 80
574 0 80
575 0 80
576 0 79
577 0 79
578 0 80
579 0 81
580 0 80
581 0 80
582 0 80
583 0 79
584 0 81
585 0 81
586 0 80
587 0 80
588 0 80
589 0 81
590 0 81
591 0 80
592 0 80
593 0 80
594 0 80
595 0 80
596 0 80
597 0 80
598 0 80
599 0 80
600 0 79
601 0 79
602 0 80
603 0 81
604 0 80
605 0 80
606 0 80
607 0 80
608 0 80
609 0 80
610 0 80
611 0 80
612 0 80
613 0 81
614 0 80
615 0 81
616 0 81
617 0 80
618 0 80
619 0 80
620 0 80
621 0 80
622 0 79
623 0 80
624 0 80
625 0 80
626 0 80
627 0 80
628 0 80
629 0 80
630 0 80
631 0 79
632 0 80
633 0 80
634 0 80
635 0 80
636 0 79
637 0 80
638 0 79
639 0 79
640 0 79
641 0 79
642 0 79
643 0 79
644 0 79
645 0 80
646 0 80
647 0 80
648 0 80
649 0 80
650 0 79
651 0 80
652 0 80
653 0 79
654 0 79
655 0 80
656 0 80
657 0 80
658 0 80
659 0 80
660 0 79
661 0 80
662 0 80
663 0 80
664 0 80
665 0 79
666 0 80
667 0 80
668 0 80
669 0 80
670 0 80
671 0 80
672 0 80
673 0 80
674 0 80
675 0 80
676 0 79
677 0 79
678 0 78
679 0 80
680 0 80
681 0 80
682 0 80
683 0 80
684 0 80
685 0 80
686 0 80
687 0 80
688 0 79
689 0 79
690 0 80
691 0 79
692 0 79
693 0 79
694 0 79
695 0 78
696 0 78
697 0 80
698 0 80
699 0 80
700 0 80
701 0 80
702 0 79
703 0 80
704 0 80
705 0 79
706 0 79
707 0 80
708 0 80
709 0 80
710 0 80
711 0 80
712 0 79
713 0 80
714 0 80
715 0 80
716 0 80
717 0 79
718 0 80
719 0 80
720 0 80
721 0 80
722 0 80
723 0 80
724 0 80
725 0 80
726 0 80
727 0 80
728 0 79
729 0 79
730 0 78
731 0 80
732 0 80
733 0 80
734 0 80
735 0 80
736 0 79
737 0 80
738 0 80
739 0 79
740 0 79
741 0 80
742 0 80
743 0 80
744 0 80
745 0 80
746 0 79
747 0 80
748 0 80
749 0 80
750 0 80
751 0 79
752 0 80
753 0 80
754 0 80
755 0 80
756 0 80
757 0 80
758 0 80
759 0 80
760 0 80
761 0 80
762 0 79
763 0 79
764 0 78
765 0 80
766 0 80
767 0 80
768 0 80
769 0 80
770 0 80
771 0 80
772 0 80
773 0 80
774 0 79
775 0 79
776 0 80
777 0 79
778 0 79
779 0 79
780 0 79
781 0 78
782 0 78
783 0 80
784 0 80
785 0 80
786 0 80
787 0 80
788 0 79
789 0 80
790 0 80
791 0 79
792 0 79
793 0 80
794 0 80
795 0 80
796 0 80
797 0 80
798 0 79
799 0 80
800 0 80
801 0 80
802 0 80
803 0 79
804 0 80
805 0 80
806 0 80
807 0 80
808 0 80
809 0 80
810 0 80
811 0 80
812 0 80
813 0 80
814 0 79
815 0 79
816 0 78
817 0 80
818 0 80
819 0 79
820 0 79
821 0 79
822 0 80
823 0 80
824 0 79
825 0 79
826 0 79
827 0 79
828 0 80
829 0 79
830 0 79
831 0 79
832 0 79
833 0 78
834 0 78
835 0 80
836 0 80
837 0 80
838 0 79
839 0 79
840 0 78
841 0 80
842 0 80
843 0 79
844 0 79
845 0 79
846 0 80
847 0 80
848 0 79
849 0 79
850 0 79
851 0 79
852 0 80
853 0 79
854 0 79
855 0 79
856 0 79
857 0 78
858 0 78
859 0 79
860 0 79
861 0 79
862 0 79
863 0 79
864 0 78
865 0 79
866 0 79
867 0 78
868 0 78
869 0 79
870 0 79
871 0 79
872 0 79
873 0 79
874 0 78
875 0 79
876 0 79
877 0 79
878 0 79
879 0 79
880 0 78
881 0 79
882 0 79
883 0 78
884 0 78
885 0 79
886 0 79
887 0 79
888 0 79
889 0 79
890 0 78
891 0 79
892 0 79
893 0 78
894 0 78
895 0 78
896 0 80
897 0 80
898 0 78
899 0 78
900 0 79
901 0 79
902 0 79
903 0 79
904 0 79
905 0 79
906 0 79
907 0 79
908 0 78
909 0 81
910 0 81
911 0 80
912 0 80
913 0 80
914 0 81
915 0 81
916 0 80
917 0 80
918 0 80
919 0 80
920 0 80
921 0 80
922 0 80
923 0 80
924 0 80
925 0 79
926 0 79
927 0 80
928 0 81
929 0 80
930 0 80
931 0 80
932 0 79
933 0 81
934 0 81
935 0 80
936 0 80
937 0 80
938 0 81
939 0 81
940 0 80
941 0 80
942 0 80
943 0 80
944 0 80
945 0 80
946 0 80
947 0 80
948 0 80
949 0 79
950 0 79
951 0 80
952 0 81
953 0 80
954 0 80
955 0 80
956 0 80
957 0 80
958 0 80
959 0 80
960 0 80
961 0 80
962 0 81
963 0 80
964 0 81
965 0 81
966 0 80
967 0 80
968 0 80
969 0 80
970 0 80
971 0 79
972 0 80
973 0 80
974 0 80
975 0 80
976 0 80
977 0 80
978 0 80
979 0 80
980 0 79
981 0 80
982 0 80
983 0 80
984 0 80
985 0 79
986 0 80
987 0 79
988 0 79
989 0 79
990 0 79
991 0 79
992 0 79
993 0 79
994 0 80
995 0 81
996 0 80
997 0 81
998 0 81
999 0 80
1000 0 81
1001 0 81
1002 0 80
1003 0 80
1004 0 80
1005 0 81
1006 0 80
1007 0 81
1008 0 81
1009 0 80
1010 0 80
1011 0 80
1012 0 80
1013 0 80
1014 0 79
1015 0 80
1016 0 80
1017 0 80
1018 0 80
1019 0 79
1020 0 80
1021 0 79
1022 0 79
1023 0 80
1024 0 79
1025 0 79
1026 0 79
1027 0 78
1028 0 81
1029 0 81
1030 0 80
1031 0 80
1032 0 80
1033 0 81
1034 0 81
1035 0 80
1036 0 80
1037 0 80
1038 0 80
1039 0 80
1040 0 80
1041 0 80
1042 0 80
1043 0 80
1044 0 79
1045 0 79
1046 0 80
1047 0 81
1048 0 80
1049 0 80
1050 0 80
1051 0 79
1052 0 81
1053 0 81
1054 0 80
1055 0 80
1056 0 80
1057 0 81
1058 0 81
1059 0 80
1060 0 80
1061 0 80
1062 0 80
1063 0 80
1064 0 80
1065 0 80
1066 0 80
1067 0 80
1068 0 79
1069 0 79
1070 0 80
1071 0 81
1072 0 80
1073 0 80
1074 0 80
1075 0 80
1076 0 80
1077 0 80
1078 0 80
1079 0 80
1080 0 80
1081 0 81
1082 0 80
1083 0 81
1084 0 81
1085 0 80
1086 0 80
1087 0 80
1088 0 80
1089 0 80
1090 0 79
1091 0 80
1092 0 80
1093 0 80
1094 0 80
1095 0 80
1096 0 80
1097 0 80
1098 0 80
1099 0 79
1100 0 80
1101 0 80
1102 0 80
1103 0 80
1104 0 79
1105 0 80
1106 0 79
1107 0 79
1108 0 79
1109 0 79
1110 0 79
1111 0 79
1112 0 79
1113 0 80
1114 0 80
1115 0 80
1116 0 80
1117 0 80
1118 0 79
1119 0 80
1120 0 80
1121 0 79
1122 0 79
1123 0 80
1124 0 80
1125 0 80
1126 0 80
1127 0 80
1128 0 79
1129 0 80
1130 0 80
1131 0 79
1132 0 79
1133 0 79
1134 0 80
1135 0 80
1136 0 79
1137 0 79
1138 0 79
1139 0 80
1140 0 79
1141 0 79
1142 0 80
1143 0 79
1144 0 79
1145 0 79
1146 0 78
1147 0 80
1148 0 80
1149 0 79
1150 0 79
1151 0 79
1152 0 80
1153 0 80
1154 0 79
1155 0 79
1156 0 79
1157 0 79
1158 0 79
1159 0 79
1160 0 79
1161 0 79
1162 0 79
1163 0 78
1164 0 78
1165 0 80
1166 0 80
1167 0 80
1168 0 80
1169 0 80
1170 0 79
1171 0 80
1172 0 80
1173 0 79
1174 0 79
1175 0 80
1176 0 80
1177 0 80
1178 0 80
1179 0 80
1180 0 79
1181 0 80
1182 0 80
1183 0 80
1184 0 80
1185 0 79
1186 0 80
1187 0 80
1188 0 80
1189 0 80
1190 0 79
1191 0 80
1192 0 79
1193 0 79
1194 0 80
1195 0 79
1196 0 79
1197 0 79
1198 0 78
1199 0 80
1200 0 80
1201 0 79
1202 0 79
1203 0 79
1204 0 80
1205 0 80
1206 0 79
1207 0 79
1208 0 79
1209 0 79
1210 0 80
1211 0 79
1212 0 79
1213 0 79
1214 0 79
1215 0 78
1216 0 78
1217 0 80
1218 0 80
1219 0 80
1220 0 79
1221 0 79
1222 0 78
1223 0 80
1224 0 80
1225 0 79
1226 0 79
1227 0 79
1228 0 80
1229 0 80
1230 0 79
1231 0 79
1232 0 79
1233 0 79
1234 0 80
1235 0 79
1236 0 79
1237 0 79
1238 0 79
1239 0 78
1240 0 78
1241 0 80
1242 0 80
1243 0 79
1244 0 79
1245 0 79
1246 0 80
1247 0 80
1248 0 79
1249 0 79
1250 0 79
1251 0 79
1252 0 80
1253 0 79
1254 0 79
1255 0 79
1256 0 79
1257 0 78
1258 0 78
1259 0 80
1260 0 80
1261 0 80
1262 0 79
1263 0 79
1264 0 78
1265 0 80
1266 0 80
1267 0 79
1268 0 79
1269 0 79
1270 0 80
1271 0 80
1272 0 79
1273 0 79
1274 0 79
1275 0 79
1276 0 80
1277 0 79
1278 0 79
1279 0 79
1280 0 79
1281 0 78
1282 0 78
1283 0 79
1284 0 79
1285 0 79
1286 0 79
1287 0 79
1288 0 78
1289 0 79
1290 0 79
1291 0 78
1292 0 78
1293 0 79
1294 0 79
1295 0 79
1296 0 79
1297 0 79
1298 0 78
1299 0 79
1300 0 80
1301 0 78
1302 0 78
1303 0 78
1304 0 79
1305 0 80
1306 0 78
1307 0 78
1308 0 79
1309 0 80
1310 0 78
1311 0 78
1312 0 78
1313 0 79
1314 0 80
1315 0 78
1316 0 78
1317 0 78
1318 0 78
1319 0 78
1320 0 79
1321 0 79
1322 0 79
1323 0 79
1324 0 78
1325 0 78
1326 0 81
1327 0 81
1328 0 81
1329 0 81
1330 0 81
1331 0 80
1332 0 81
1333 0 81
1334 0 80
1335 0 80
1336 0 81
1337 0 81
1338 0 81
1339 0 81
1340 0 81
1341 0 80
1342 0 81
1343 0 81
1344 0 80
1345 0 80
1346 0 80
1347 0 81
1348 0 81
1349 0 80
1350 0 80
1351 0 80
1352 0 80
1353 0 80
1354 0 80
1355 0 80
1356 0 80
1357 0 80
1358 0 80
1359 0 80
1360 0 81
1361 0 81
1362 0 80
1363 0 80
1364 0 80
1365 0 81
1366 0 81
1367 0 80
1368 0 80
1369 0 80
1370 0 80
1371 0 80
1372 0 80
1373 0 80
1374 0 80
1375 0 80
1376 0 79
1377 0 79
1378 0 81
1379 0 81
1380 0 81
1381 0 81
1382 0 81
1383 0 80
1384 0 81
1385 0 81
1386 0 80
1387 0 80
1388 0 81
1389 0 81
1390 0 81
1391 0 81
1392 0 81
1393 0 80
1394 0 81
1395 0 81
1396 0 80
1397 0 80
1398 0 80
1399 0 81
1400 0 81
1401 0 80
1402 0 80
1403 0 80
1404 0 80
1405 0 80
1406 0 80
1407 0 80
1408 0 80
1409 0 80
1410 0 80
1411 0 80
1412 0 81
1413 0 81
1414 0 80
1415 0 80
1416 0 80
1417 0 81
1418 0 81
1419 0 80
1420 0 80
1421 0 80
1422 0 80
1423 0 80
1424 0 80
1425 0 80
1426 0 80
1427 0 80
1428 0 79
1429 0 79
1430 0 80
1431 0 80
1432 0 80
1433 0 80
1434 0 80
1435 0 79
1436 0 81
1437 0 81
1438 0 80
1439 0 80
1440 0 80
1441 0 81
1442 0 81
1443 0 80
1444 0 80
1445 0 80
1446 0 80
1447 0 81
1448 0 80
1449 0 80
1450 0 80
1451 0 80
1452 0 79
1453 0 79
1454 0 80
1455 0 80
1456 0 80
1457 0 80
1458 0 80
1459 0 79
1460 0 80
1461 0 80
1462 0 79
1463 0 79
1464 0 80
1465 0 80
1466 0 80
1467 0 80
1468 0 80
1469 0 79
1470 0 80
1471 0 80
1472 0 80
1473 0 80
1474 0 80
1475 0 79
1476 0 80
1477 0 80
1478 0 79
1479 0 79
1480 0 80
1481 0 80
1482 0 80
1483 0 80
1484 0 80
1485 0 79
1486 0 80
1487 0 80
1488 0 79
1489 0 79
1490 0 79
1491 0 80
1492 0 80
1493 0 79
1494 0 79
1495 0 79
1496 0 79
1497 0 79
1498 0 79
1499 0 79
1500 0 79
1501 0 79
1502 0 80
1503 0 79
1504 0 81
1505 0 81
1506 0 80
1507 0 80
1508 0 80
1509 0 81
1510 0 81
1511 0 80
1512 0 80
1513 0 80
1514 0 80
1515 0 81
1516 0 80
1517 0 80
1518 0 80
1519 0 80
1520 0 79
1521 0 79
1522 0 81
1523 0 81
1524 0 81
1525 0 80
1526 0 80
1527 0 79
1528 0 81
1529 0 81
1530 0 80
1531 0 80
1532 0 80
1533 0 81
1534 0 81
1535 0 80
1536 0 80
1537 0 80
1538 0 80
1539 0 81
1540 0 80
1541 0 80
1542 0 80
1543 0 80
1544 0 79
1545 0 79
1546 0 80
1547 0 80
1548 0 80
1549 0 80
1550 0 80
1551 0 79
1552 0 80
1553 0 80
1554 0 79
1555 0 79
1556 0 80
1557 0 80
1558 0 80
1559 0 80
1560 0 80
1561 0 79
1562 0 80
1563 0 80
1564 0 79
1565 0 79
1566 0 79
1567 0 80
1568 0 80
1569 0 79
1570 0 79
1571 0 80
1572 0 80
1573 0 79
1574 0 79
1575 0 79
1576 0 80
1577 0 80
1578 0 79
1579 0 79
1580 0 79
1581 0 79
1582 0 79
1583 0 80
1584 0 80
1585 0 80
1586 0 80
1587 0 79
1588 0 79
1589 0 81
1590 0 81
1591 0 81
1592 0 81
1593 0 81
1594 0 80
1595 0 81
1596 0 81
1597 0 80
1598 0 80
1599 0 81
1600 0 81
1601 0 81
1602 0 81
1603 0 81
1604 0 80
1605 0 81
1606 0 81
1607 0 80
1608 0 80
1609 0 80
1610 0 81
1611 0 81
1612 0 80
1613 0 80
1614 0 80
1615 0 80
1616 0 80
1617 0 80
1618 0 80
1619 0 80
1620 0 80
1621 0 80
1622 0 80
1623 0 81
1624 0 81
1625 0 80
1626 0 80
1627 0 80
1628 0 81
1629 0 81
1630 0 80
1631 0 80
1632 0 80
1633 0 80
1634 0 80
1635 0 80
1636 0 80
1637 0 80
1638 0 80
1639 0 80
1640 0 80
1641 0 81
1642 0 81
1643 0 81
1644 0 81
1645 0 81
1646 0 80
1647 0 81
1648 0 81
1649 0 80
1650 0 80
1651 0 81
1652 0 81
1653 0 81
1654 0 81
1655 0 81
1656 0 80
1657 0 81
1658 0 81
1659 0 80
1660 0 80
1661 0 80
1662 0 81
1663 0 81
1664 0 80
1665 0 80
1666 0 80
1667 0 80
1668 0 80
1669 0 80
1670 0 80
1671 0 80
1672 0 80
1673 0 80
1674 0 80
1675 0 81
1676 0 81
1677 0 80
1678 0 80
1679 0 80
1680 0 81
1681 0 81
1682 0 80
1683 0 80
1684 0 80
1685 0 80
1686 0 80
1687 0 80
1688 0 80
1689 0 80
1690 0 80
1691 0 79
1692 0 79
1693 0 80
1694 0 80
1695 0 80
1696 0 80
1697 0 80
1698 0 79
1699 0 81
1700 0 81
1701 0 80
1702 0 80
1703 0 80
1704 0 81
1705 0 81
1706 0 80
1707 0 80
1708 0 80
1709 0 80
1710 0 81
1711 0 80
1712 0 80
1713 0 80
1714 0 80
1715 0 79
1716 0 79
1717 0 80
1718 0 80
1719 0 80
1720 0 80
1721 0 80
1722 0 79
1723 0 80
1724 0 80
1725 0 79
1726 0 79
1727 0 80
1728 0 80
1729 0 80
1730 0 80
1731 0 80
1732 0 79
1733 0 80
1734 0 80
1735 0 80
1736 0 80
1737 0 80
1738 0 79
1739 0 80
1740 0 80
1741 0 79
1742 0 79
1743 0 80
1744 0 80
1745 0 80
1746 0 80
1747 0 80
1748 0 79
1749 0 80
1750 0 80
1751 0 79
1752 0 79
1753 0 79
1754 0 80
1755 0 80
1756 0 79
1757 0 79
1758 0 79
1759 0 79
1760 0 79
1761 0 79
1762 0 79
1763 0 79
1764 0 79
1765 0 80
1766 0 79
1767 0 81
1768 0 81
1769 0 80
1770 0 80
1771 0 80
1772 0 81
1773 0 81
1774 0 80
1775 0 80
1776 0 80
1777 0 80
1778 0 81
1779 0 80
1780 0 80
1781 0 80
1782 0 80
1783 0 79
1784 0 79
1785 0 81
1786 0 81
1787 0 81
1788 0 80
1789 0 80
1790 0 79
1791 0 81
1792 0 81
1793 0 80
1794 0 80
1795 0 80
1796 0 81
1797 0 81
1798 0 80
1799 0 80
1800 0 80
1801 0 80
1802 0 81
1803 0 80
1804 0 80
1805 0 80
1806 0 80
1807 0 79
1808 0 79
1809 0 80
1810 0 80
1811 0 80
1812 0 80
1813 0 80
1814 0 79
1815 0 80
1816 0 80
1817 0 79
1818 0 79
1819 0 80
1820 0 80
1821 0 80
1822 0 80
1823 0 80
1824 0 79
1825 0 80
1826 0 80
1827 0 80
1828 0 80
1829 0 80
1830 0 80
1831 0 80
1832 0 80
1833 0 80
1834 0 80
1835 0 80
1836 0 80
1837 0 80
1838 0 80
1839 0 80
1840 0 80
1841 0 80
1842 0 80
1843 0 80
1844 0 80
1845 0 80
1846 0 79
1847 0 79
1848 0 79
1849 0 79
1850 0 79
1851 0 79
1852 0 80
1853 0 80
1854 0 80
1855 0 80
1856 0 80
1857 0 79
1858 0 80
1859 0 80
1860 0 79
1861 0 79
1862 0 80
1863 0 80
1864 0 80
1865 0 80
1866 0 80
1867 0 79
1868 0 80
1869 0 80
1870 0 79
1871 0 79
1872 0 79
1873 0 80
1874 0 80
1875 0 79
1876 0 79
1877 0 80
1878 0 80
1879 0 80
1880 0 80
1881 0 80
1882 0 80
1883 0 79
1884 0 79
1885 0 78
1886 0 81
1887 0 81
1888 0 80
1889 0 80
1890 0 80
1891 0 81
1892 0 81
1893 0 80
1894 0 80
1895 0 80
1896 0 80
1897 0 81
1898 0 80
1899 0 80
1900 0 80
1901 0 80
1902 0 79
1903 0 79
1904 0 81
1905 0 81
1906 0 81
1907 0 80
1908 0 80
1909 0 79
1910 0 81
1911 0 81
1912 0 80
1913 0 80
1914 0 80
1915 0 81
1916 0 81
1917 0 80
1918 0 80
1919 0 80
1920 0 80
1921 0 81
1922 0 80
1923 0 80
1924 0 80
1925 0 80
1926 0 79
1927 0 79
1928 0 81
1929 0 81
1930 0 81
1931 0 80
1932 0 80
1933 0 80
1934 0 80
1935 0 80
1936 0 80
1937 0 80
1938 0 81
1939 0 81
1940 0 81
1941 0 81
1942 0 81
1943 0 80
1944 0 80
1945 0 80
1946 0 80
1947 0 80
1948 0 80
1949 0 80
1950 0 80
1951 0 80
1952 0 80
1953 0 80
1954 0 80
1955 0 80
1956 0 80
1957 0 80
1958 0 80
1959 0 80
1960 0 80
1961 0 80
1962 0 80
1963 0 80
1964 0 80
1965 0 79
1966 0 79
1967 0 79
1968 0 79
1969 0 79
1970 0 79
1971 0 80
1972 0 80
1973 0 80
1974 0 80
1975 0 80
1976 0 79
1977 0 80
1978 0 80
1979 0 79
1980 0 79
1981 0 80
1982 0 80
1983 0 80
1984 0 80
1985 0 80
1986 0 79
1987 0 80
1988 0 80
1989 0 80
1990 0 80
1991 0 79
1992 0 80
1993 0 80
1994 0 80
1995 0 80
1996 0 80
1997 0 80
1998 0 80
1999 0 80
2000 0 80
2001 0 80
2002 0 79
2003 0 79
2004 0 78
2005 0 80
2006 0 80
2007 0 80
2008 0 80
2009 0 80
2010 0 80
2011 0 80
2012 0 80
2013 0 80
2014 0 79
2015 0 79
2016 0 80
2017 0 79
2018 0 79
2019 0 79
2020 0 79
2021 0 78
2022 0 78
2023 0 80
2024 0 80
2025 0 80
2026 0 80
2027 0 80
2028 0 79
2029 0 80
2030 0 80
2031 0 79
2032 0 79
2033 0 80
2034 0 80
2035 0 80
2036 0 80
2037 0 80
2038 0 79
2039 0 80
2040 0 80
2041 0 80
2042 0 80
2043 0 79
2044 0 80
2045 0 80
2046 0 80
2047 0 80
2048 0 80
2049 0 80
2050 0 80
2051 0 80
2052 0 80
2053 0 80
2054 0 79
2055 0 79
2056 0 78
2057 0 80
2058 0 80
2059 0 80
2060 0 80
2061 0 80
2062 0 79
2063 0 80
2064 0 80
2065 0 79
2066 0 79
2067 0 80
2068 0 80
2069 0 80
2070 0 80
2071 0 80
2072 0 79
2073 0 80
2074 0 80
2075 0 80
2076 0 80
2077 0 79
2078 0 80
2079 0 80
2080 0 80
2081 0 80
2082 0 80
2083 0 80
2084 0 80
2085 0 80
2086 0 80
2087 0 80
2088 0 79
2089 0 79
2090 0 78
2091 0 80
2092 0 80
2093 0 80
2094 0 80
2095 0 80
2096 0 80
2097 0 80
2098 0 80
2099 0 80
2100 0 79
2101 0 79
2102 0 80
2103 0 79
2104 0 79
2105 0 79
2106 0 79
2107 0 78
2108 0 78
2109 0 80
2110 0 80
2111 0 80
2112 0 80
2113 0 80
2114 0 79
2115 0 80
2116 0 80
2117 0 79
2118 0 79
2119 0 80
2120 0 80
2121 0 80
2122 0 80
2123 0 80
2124 0 79
2125 0 80
2126 0 80
2127 0 80
2128 0 80
2129 0 79
2130 0 80
2131 0 80
2132 0 80
2133 0 80
2134 0 80
2135 0 80
2136 0 80
2137 0 80
2138 0 80
2139 0 80
2140 0 79
2141 0 79
2142 0 78
2143 0 80
2144 0 80
2145 0 79
2146 0 79
2147 0 79
2148 0 80
2149 0 80
2150 0 79
2151 0 79
2152 0 79
2153 0 79
2154 0 80
2155 0 79
2156 0 79
2157 0 79
2158 0 79
2159 0 78
2160 0 78
2161 0 80
2162 0 80
2163 0 80
2164 0 79
2165 0 79
2166 0 78
2167 0 80
2168 0 80
2169 0 79
2170 0 79
2171 0 79
2172 0 80
2173 0 80
2174 0 79
2175 0 79
2176 0 79
2177 0 79
2178 0 80
2179 0 79
2180 0 79
2181 0 79
2182 0 79
2183 0 78
2184 0 78
2185 0 79
2186 0 79
2187 0 79
2188 0 79
2189 0 79
2190 0 78
2191 0 79
2192 0 79
2193 0 78
2194 0 78
2195 0 79
2196 0 79
2197 0 79
2198 0 79
2199 0 79
2200 0 78
2201 0 79
2202 0 79
2203 0 79
2204 0 79
2205 0 79
2206 0 78
2207 0 79
2208 0 79
2209 0 78
2210 0 78
2211 0 79
2212 0 79
2213 0 79
2214 0 79
2215 0 79
2216 0 78
2217 0 79
2218 0 79
2219 0 78
2220 0 78
2221 0 78
2222 0 80
2223 0 80
2224 0 78
2225 0 78
2226 0 79
2227 0 79
2228 0 79
2229 0 79
2230 0 79
2231 0 79
2232 0 79
2233 0 79
2234 0 78
2235 0 81
2236 0 81
2237 0 81
2238 0 80
2239 0 81
2240 0 80
2241 0 81
2242 0 81
2243 0 81
2244 0 80
2245 0 81
2246 0 80
2247 0 80
2248 0 81
2249 0 80
2250 0 80
2251 0 80
2252 0 80
2253 0 80
2254 0 80
2255 0 79
2256 0 81
2257 0 80
2258 0 80
2259 0 81
2260 0 80
2261 0 80
2262 0 80
2263 0 80
2264 0 80
2265 0 79
2266 0 81
2267 0 81
2268 0 81
2269 0 80
2270 0 81
2271 0 80
2272 0 81
2273 0 81
2274 0 81
2275 0 80
2276 0 81
2277 0 80
2278 0 80
2279 0 81
2280 0 80
2281 0 80
2282 0 80
2283 0 80
2284 0 80
2285 0 80
2286 0 79
2287 0 81
2288 0 80
2289 0 80
2290 0 81
2291 0 80
2292 0 80
2293 0 80
2294 0 80
2295 0 80
2296 0 79
2297 0 80
2298 0 80
2299 0 80
2300 0 79
2301 0 81
2302 0 80
2303 0 80
2304 0 81
2305 0 80
2306 0 80
2307 0 81
2308 0 80
2309 0 80
2310 0 79
2311 0 80
2312 0 80
2313 0 80
2314 0 79
2315 0 80
2316 0 79
2317 0 80
2318 0 80
2319 0 80
2320 0 79
2321 0 80
2322 0 80
2323 0 80
2324 0 79
2325 0 80
2326 0 79
2327 0 80
2328 0 80
2329 0 80
2330 0 79
2331 0 80
2332 0 79
2333 0 79
2334 0 80
2335 0 79
2336 0 79
2337 0 79
2338 0 79
2339 0 79
2340 0 79
2341 0 79
2342 0 81
2343 0 80
2344 0 80
2345 0 81
2346 0 80
2347 0 80
2348 0 81
2349 0 80
2350 0 80
2351 0 79
2352 0 81
2353 0 81
2354 0 80
2355 0 79
2356 0 81
2357 0 80
2358 0 80
2359 0 81
2360 0 80
2361 0 80
2362 0 81
2363 0 80
2364 0 80
2365 0 79
2366 0 80
2367 0 80
2368 0 80
2369 0 79
2370 0 80
2371 0 79
2372 0 80
2373 0 80
2374 0 80
2375 0 79
2376 0 80
2377 0 79
2378 0 79
2379 0 80
2380 0 79
2381 0 80
2382 0 79
2383 0 79
2384 0 80
2385 0 79
2386 0 79
2387 0 79
2388 0 79
2389 0 79
2390 0 79
2391 0 81
2392 0 81
2393 0 81
2394 0 80
2395 0 81
2396 0 80
2397 0 81
2398 0 81
2399 0 81
2400 0 80
2401 0 81
2402 0 80
2403 0 80
2404 0 81
2405 0 80
2406 0 80
2407 0 80
2408 0 80
2409 0 80
2410 0 80
2411 0 79
2412 0 81
2413 0 80
2414 0 80
2415 0 81
2416 0 80
2417 0 80
2418 0 80
2419 0 80
2420 0 80
2421 0 80
2422 0 81
2423 0 81
2424 0 81
2425 0 80
2426 0 81
2427 0 80
2428 0 81
2429 0 81
2430 0 81
2431 0 80
2432 0 81
2433 0 80
2434 0 80
2435 0 81
2436 0 80
2437 0 80
2438 0 80
2439 0 80
2440 0 80
2441 0 80
2442 0 79
2443 0 81
2444 0 80
2445 0 80
2446 0 81
2447 0 80
2448 0 80
2449 0 80
2450 0 80
2451 0 80
2452 0 79
2453 0 80
2454 0 80
2455 0 80
2456 0 79
2457 0 81
2458 0 80
2459 0 80
2460 0 81
2461 0 80
2462 0 80
2463 0 81
2464 0 80
2465 0 80
2466 0 79
2467 0 80
2468 0 80
2469 0 80
2470 0 79
2471 0 80
2472 0 79
2473 0 80
2474 0 80
2475 0 80
2476 0 79
2477 0 80
2478 0 80
2479 0 80
2480 0 79
2481 0 80
2482 0 79
2483 0 80
2484 0 80
2485 0 80
2486 0 79
2487 0 80
2488 0 79
2489 0 79
2490 0 80
2491 0 79
2492 0 79
2493 0 79
2494 0 79
2495 0 79
2496 0 79
2497 0 79
2498 0 81
2499 0 80
2500 0 80
2501 0 81
2502 0 80
2503 0 80
2504 0 80
2505 0 80
2506 0 80
2507 0 79
2508 0 80
2509 0 80
2510 0 80
2511 0 79
2512 0 81
2513 0 80
2514 0 80
2515 0 81
2516 0 80
2517 0 80
2518 0 80
2519 0 80
2520 0 80
2521 0 79
2522 0 80
2523 0 80
2524 0 80
2525 0 79
2526 0 80
2527 0 79
2528 0 80
2529 0 80
2530 0 80
2531 0 79
2532 0 80
2533 0 80
2534 0 79
2535 0 80
2536 0 80
2537 0 80
2538 0 80
2539 0 79
2540 0 80
2541 0 80
2542 0 79
2543 0 79
2544 0 79
2545 0 79
2546 0 79
2547 0 80
2548 0 80
2549 0 80
2550 0 79
2551 0 80
2552 0 79
2553 0 80
2554 0 80
2555 0 80
2556 0 79
2557 0 80
2558 0 79
2559 0 79
2560 0 80
2561 0 79
2562 0 79
2563 0 79
2564 0 79
2565 0 79
2566 0 79
2567 0 78
2568 0 81
2569 0 80
2570 0 80
2571 0 81
2572 0 80
2573 0 80
2574 0 80
2575 0 80
2576 0 80
2577 0 79
2578 0 80
2579 0 80
2580 0 80
2581 0 79
2582 0 81
2583 0 80
2584 0 80
2585 0 81
2586 0 80
2587 0 80
2588 0 80
2589 0 80
2590 0 80
2591 0 79
2592 0 80
2593 0 80
2594 0 80
2595 0 80
2596 0 80
2597 0 80
2598 0 80
2599 0 80
2600 0 81
2601 0 80
2602 0 80
2603 0 80
2604 0 79
2605 0 80
2606 0 80
2607 0 80
2608 0 80
2609 0 79
2610 0 80
2611 0 80
2612 0 79
2613 0 79
2614 0 79
2615 0 79
2616 0 79
2617 0 80
2618 0 80
2619 0 80
2620 0 79
2621 0 80
2622 0 79
2623 0 80
2624 0 80
2625 0 80
2626 0 79
2627 0 80
2628 0 80
2629 0 79
2630 0 80
2631 0 80
2632 0 80
2633 0 80
2634 0 80
2635 0 80
2636 0 79
2637 0 78
2638 0 80
2639 0 80
2640 0 80
2641 0 80
2642 0 80
2643 0 79
2644 0 80
2645 0 79
2646 0 79
2647 0 78
2648 0 80
2649 0 80
2650 0 80
2651 0 79
2652 0 80
2653 0 79
2654 0 80
2655 0 80
2656 0 80
2657 0 79
2658 0 80
2659 0 80
2660 0 79
2661 0 80
2662 0 80
2663 0 80
2664 0 80
2665 0 80
2666 0 80
2667 0 79
2668 0 78
2669 0 80
2670 0 80
2671 0 80
2672 0 79
2673 0 80
2674 0 79
2675 0 80
2676 0 80
2677 0 80
2678 0 79
2679 0 80
2680 0 80
2681 0 79
2682 0 80
2683 0 80
2684 0 80
2685 0 80
2686 0 80
2687 0 80
2688 0 79
2689 0 78
2690 0 80
2691 0 80
2692 0 80
2693 0 80
2694 0 80
2695 0 79
2696 0 80
2697 0 79
2698 0 79
2699 0 78
2700 0 80
2701 0 80
2702 0 80
2703 0 79
2704 0 80
2705 0 79
2706 0 80
2707 0 80
2708 0 80
2709 0 79
2710 0 80
2711 0 80
2712 0 79
2713 0 80
2714 0 80
2715 0 80
2716 0 80
2717 0 80
2718 0 80
2719 0 79
2720 0 78
2721 0 80
2722 0 79
2723 0 79
2724 0 80
2725 0 79
2726 0 79
2727 0 80
2728 0 79
2729 0 79
2730 0 78
2731 0 80
2732 0 80
2733 0 79
2734 0 78
2735 0 80
2736 0 79
2737 0 79
2738 0 80
2739 0 79
2740 0 79
2741 0 80
2742 0 79
2743 0 79
2744 0 78
2745 0 79
2746 0 79
2747 0 79
2748 0 78
2749 0 79
2750 0 78
2751 0 79
2752 0 79
2753 0 79
2754 0 78
2755 0 79
2756 0 79
2757 0 79
2758 0 78
2759 0 79
2760 0 78
2761 0 79
2762 0 79
2763 0 79
2764 0 78
2765 0 79
2766 0 78
2767 0 78
2768 0 80
2769 0 78
2770 0 79
2771 0 79
2772 0 79
2773 0 79
2774 0 79
2775 0 78
2776 0 81
2777 0 80
2778 0 80
2779 0 81
2780 0 80
2781 0 80
2782 0 80
2783 0 80
2784 0 80
2785 0 79
2786 0 80
2787 0 80
2788 0 80
2789 0 79
2790 0 81
2791 0 80
2792 0 80
2793 0 81
2794 0 80
2795 0 80
2796 0 80
2797 0 80
2798 0 80
2799 0 79
2800 0 80
2801 0 80
2802 0 80
2803 0 80
2804 0 80
2805 0 80
2806 0 80
2807 0 80
2808 0 81
2809 0 80
2810 0 80
2811 0 80
2812 0 79
2813 0 80
2814 0 80
2815 0 80
2816 0 80
2817 0 79
2818 0 80
2819 0 80
2820 0 79
2821 0 79
2822 0 79
2823 0 79
2824 0 79
2825 0 80
2826 0 80
2827 0 81
2828 0 80
2829 0 81
2830 0 80
2831 0 80
2832 0 80
2833 0 81
2834 0 80
2835 0 80
2836 0 80
2837 0 79
2838 0 80
2839 0 80
2840 0 79
2841 0 79
2842 0 79
2843 0 79
2844 0 79
2845 0 78
2846 0 81
2847 0 80
2848 0 80
2849 0 81
2850 0 80
2851 0 80
2852 0 80
2853 0 80
2854 0 80
2855 0 79
2856 0 80
2857 0 80
2858 0 80
2859 0 79
2860 0 81
2861 0 80
2862 0 80
2863 0 81
2864 0 80
2865 0 80
2866 0 80
2867 0 80
2868 0 80
2869 0 79
2870 0 80
2871 0 80
2872 0 80
2873 0 80
2874 0 80
2875 0 80
2876 0 80
2877 0 80
2878 0 81
2879 0 80
2880 0 80
2881 0 80
2882 0 79
2883 0 80
2884 0 80
2885 0 80
2886 0 80
2887 0 79
2888 0 80
2889 0 80
2890 0 79
2891 0 79
2892 0 79
2893 0 79
2894 0 79
2895 0 80
2896 0 80
2897 0 80
2898 0 79
2899 0 80
2900 0 79
2901 0 80
2902 0 80
2903 0 80
2904 0 79
2905 0 80
2906 0 79
2907 0 79
2908 0 80
2909 0 79
2910 0 79
2911 0 79
2912 0 79
2913 0 79
2914 0 79
2915 0 78
2916 0 80
2917 0 79
2918 0 79
2919 0 80
2920 0 79
2921 0 79
2922 0 79
2923 0 79
2924 0 79
2925 0 78
2926 0 80
2927 0 80
2928 0 80
2929 0 79
2930 0 80
2931 0 79
2932 0 80
2933 0 80
2934 0 80
2935 0 79
2936 0 80
2937 0 80
2938 0 79
2939 0 80
2940 0 80
2941 0 79
2942 0 79
2943 0 79
2944 0 79
2945 0 79
2946 0 78
2947 0 80
2948 0 79
2949 0 79
2950 0 80
2951 0 79
2952 0 79
2953 0 80
2954 0 79
2955 0 79
2956 0 78
2957 0 80
2958 0 80
2959 0 79
2960 0 78
2961 0 80
2962 0 79
2963 0 79
2964 0 80
2965 0 79
2966 0 79
2967 0 80
2968 0 79
2969 0 79
2970 0 78
2971 0 80
2972 0 79
2973 0 79
2974 0 80
2975 0 79
2976 0 79
2977 0 80
2978 0 79
2979 0 79
2980 0 78
2981 0 80
2982 0 80
2983 0 79
2984 0 78
2985 0 80
2986 0 79
2987 0 79
2988 0 80
2989 0 79
2990 0 79
2991 0 80
2992 0 79
2993 0 79
2994 0 78
2995 0 79
2996 0 79
2997 0 79
2998 0 78
2999 0 79
3000 0 78
3001 0 79
3002 0 79
3003 0 79
3004 0 78
3005 0 79
3006 0 78
3007 0 78
3008 0 79
3009 0 78
3010 0 79
3011 0 78
3012 0 78
3013 0 79
3014 0 78
3015 0 78
3016 0 78
3017 0 79
3018 0 79
3019 0 78
3020 0 81
3021 0 81
3022 0 81
3023 0 80
3024 0 81
3025 0 80
3026 0 81
3027 0 81
3028 0 81
3029 0 80
3030 0 81
3031 0 80
3032 0 80
3033 0 81
3034 0 80
3035 0 80
3036 0 80
3037 0 80
3038 0 80
3039 0 80
3040 0 80
3041 0 81
3042 0 80
3043 0 80
3044 0 81
3045 0 80
3046 0 80
3047 0 80
3048 0 80
3049 0 80
3050 0 79
3051 0 81
3052 0 81
3053 0 81
3054 0 80
3055 0 81
3056 0 80
3057 0 81
3058 0 81
3059 0 81
3060 0 80
3061 0 81
3062 0 80
3063 0 80
3064 0 81
3065 0 80
3066 0 80
3067 0 80
3068 0 80
3069 0 80
3070 0 80
3071 0 80
3072 0 81
3073 0 80
3074 0 80
3075 0 81
3076 0 80
3077 0 80
3078 0 80
3079 0 80
3080 0 80
3081 0 79
3082 0 80
3083 0 80
3084 0 80
3085 0 79
3086 0 81
3087 0 80
3088 0 80
3089 0 81
3090 0 80
3091 0 80
3092 0 81
3093 0 80
3094 0 80
3095 0 79
3096 0 80
3097 0 80
3098 0 80
3099 0 79
3100 0 80
3101 0 79
3102 0 80
3103 0 80
3104 0 80
3105 0 79
3106 0 80
3107 0 80
3108 0 80
3109 0 79
3110 0 80
3111 0 79
3112 0 80
3113 0 80
3114 0 80
3115 0 79
3116 0 80
3117 0 79
3118 0 79
3119 0 80
3120 0 79
3121 0 79
3122 0 79
3123 0 79
3124 0 79
3125 0 79
3126 0 79
3127 0 81
3128 0 80
3129 0 80
3130 0 81
3131 0 80
3132 0 80
3133 0 81
3134 0 80
3135 0 80
3136 0 79
3137 0 81
3138 0 81
3139 0 80
3140 0 79
3141 0 81
3142 0 80
3143 0 80
3144 0 81
3145 0 80
3146 0 80
3147 0 81
3148 0 80
3149 0 80
3150 0 79
3151 0 80
3152 0 80
3153 0 80
3154 0 79
3155 0 80
3156 0 79
3157 0 80
3158 0 80
3159 0 80
3160 0 79
3161 0 80
3162 0 79
3163 0 79
3164 0 80
3165 0 79
3166 0 80
3167 0 79
3168 0 79
3169 0 80
3170 0 79
3171 0 79
3172 0 79
3173 0 80
3174 0 80
3175 0 79
3176 0 81
3177 0 81
3178 0 81
3179 0 80
3180 0 81
3181 0 80
3182 0 81
3183 0 81
3184 0 81
3185 0 80
3186 0 81
3187 0 80
3188 0 80
3189 0 81
3190 0 80
3191 0 80
3192 0 80
3193 0 80
3194 0 80
3195 0 80
3196 0 80
3197 0 81
3198 0 80
3199 0 80
3200 0 81
3201 0 80
3202 0 80
3203 0 80
3204 0 80
3205 0 80
3206 0 80
3207 0 81
3208 0 81
3209 0 81
3210 0 80
3211 0 81
3212 0 80
3213 0 81
3214 0 81
3215 0 81
3216 0 80
3217 0 81
3218 0 80
3219 0 80
3220 0 81
3221 0 80
3222 0 80
3223 0 80
3224 0 80
3225 0 80
3226 0 80
3227 0 80
3228 0 81
3229 0 80
3230 0 80
3231 0 81
3232 0 80
3233 0 80
3234 0 80
3235 0 80
3236 0 80
3237 0 79
3238 0 80
3239 0 80
3240 0 80
3241 0 79
3242 0 81
3243 0 80
3244 0 80
3245 0 81
3246 0 80
3247 0 80
3248 0 81
3249 0 80
3250 0 80
3251 0 79
3252 0 80
3253 0 80
3254 0 80
3255 0 79
3256 0 80
3257 0 79
3258 0 80
3259 0 80
3260 0 80
3261 0 79
3262 0 80
3263 0 80
3264 0 80
3265 0 79
3266 0 80
3267 0 79
3268 0 80
3269 0 80
3270 0 80
3271 0 79
3272 0 80
3273 0 79
3274 0 79
3275 0 80
3276 0 79
3277 0 79
3278 0 79
3279 0 79
3280 0 79
3281 0 79
3282 0 79
3283 0 81
3284 0 80
3285 0 80
3286 0 81
3287 0 80
3288 0 80
3289 0 81
3290 0 80
3291 0 80
3292 0 79
3293 0 81
3294 0 81
3295 0 80
3296 0 79
3297 0 81
3298 0 80
3299 0 80
3300 0 81
3301 0 80
3302 0 80
3303 0 81
3304 0 80
3305 0 80
3306 0 79
3307 0 80
3308 0 80
3309 0 80
3310 0 79
3311 0 80
3312 0 79
3313 0 80
3314 0 80
3315 0 80
3316 0 79
3317 0 80
3318 0 80
3319 0 80
3320 0 80
3321 0 80
3322 0 80
3323 0 80
3324 0 80
3325 0 80
3326 0 80
3327 0 80
3328 0 80
3329 0 79
3330 0 79
3331 0 79
3332 0 80
3333 0 80
3334 0 80
3335 0 79
3336 0 80
3337 0 79
3338 0 80
3339 0 80
3340 0 80
3341 0 79
3342 0 80
3343 0 79
3344 0 79
3345 0 80
3346 0 79
3347 0 80
3348 0 80
3349 0 80
3350 0 80
3351 0 79
3352 0 78
3353 0 81
3354 0 80
3355 0 80
3356 0 81
3357 0 80
3358 0 80
3359 0 81
3360 0 80
3361 0 80
3362 0 79
3363 0 81
3364 0 81
3365 0 80
3366 0 79
3367 0 81
3368 0 80
3369 0 80
3370 0 81
3371 0 80
3372 0 80
3373 0 81
3374 0 80
3375 0 80
3376 0 79
3377 0 81
3378 0 81
3379 0 80
3380 0 80
3381 0 80
3382 0 80
3383 0 81
3384 0 81
3385 0 81
3386 0 80
3387 0 80
3388 0 80
3389 0 80
3390 0 80
3391 0 80
3392 0 80
3393 0 80
3394 0 80
3395 0 80
3396 0 80
3397 0 80
3398 0 80
3399 0 79
3400 0 79
3401 0 79
3402 0 80
3403 0 80
3404 0 80
3405 0 79
3406 0 80
3407 0 79
3408 0 80
3409 0 80
3410 0 80
3411 0 79
3412 0 80
3413 0 80
3414 0 79
3415 0 80
3416 0 80
3417 0 80
3418 0 80
3419 0 80
3420 0 80
3421 0 79
3422 0 78
3423 0 80
3424 0 80
3425 0 80
3426 0 80
3427 0 80
3428 0 79
3429 0 80
3430 0 79
3431 0 79
3432 0 78
3433 0 80
3434 0 80
3435 0 80
3436 0 79
3437 0 80
3438 0 79
3439 0 80
3440 0 80
3441 0 80
3442 0 79
3443 0 80
3444 0 80
3445 0 79
3446 0 80
3447 0 80
3448 0 80
3449 0 80
3450 0 80
3451 0 80
3452 0 79
3453 0 78
3454 0 80
3455 0 80
3456 0 80
3457 0 79
3458 0 80
3459 0 79
3460 0 80
3461 0 80
3462 0 80
3463 0 79
3464 0 80
3465 0 80
3466 0 79
3467 0 80
3468 0 80
3469 0 80
3470 0 80
3471 0 80
3472 0 80
3473 0 79
3474 0 78
3475 0 80
3476 0 80
3477 0 80
3478 0 80
3479 0 80
3480 0 79
3481 0 80
3482 0 79
3483 0 79
3484 0 78
3485 0 80
3486 0 80
3487 0 80
3488 0 79
3489 0 80
3490 0 79
3491 0 80
3492 0 80
3493 0 80
3494 0 79
3495 0 80
3496 0 80
3497 0 79
3498 0 80
3499 0 80
3500 0 80
3501 0 80
3502 0 80
3503 0 80
3504 0 79
3505 0 78
3506 0 80
3507 0 79
3508 0 79
3509 0 80
3510 0 79
3511 0 79
3512 0 80
3513 0 79
3514 0 79
3515 0 78
3516 0 80
3517 0 80
3518 0 79
3519 0 78
3520 0 80
3521 0 79
3522 0 79
3523 0 80
3524 0 79
3525 0 79
3526 0 80
3527 0 79
3528 0 79
3529 0 78
3530 0 79
3531 0 79
3532 0 79
3533 0 78
3534 0 79
3535 0 78
3536 0 79
3537 0 79
3538 0 79
3539 0 78
3540 0 79
3541 0 79
3542 0 79
3543 0 78
3544 0 79
3545 0 78
3546 0 79
3547 0 79
3548 0 79
3549 0 78
3550 0 79
3551 0 78
3552 0 78
3553 0 80
3554 0 78
3555 0 79
3556 0 79
3557 0 79
3558 0 79
3559 0 79
3560 0 78
3561 0 81
3562 0 80
3563 0 81
3564 0 80
3565 0 80
3566 0 80
3567 0 80
3568 0 80
3569 0 80
3570 0 80
3571 0 79
3572 0 81
3573 0 80
3574 0 81
3575 0 80
3576 0 80
3577 0 80
3578 0 80
3579 0 80
3580 0 80
3581 0 80
3582 0 79
3583 0 80
3584 0 80
3585 0 80
3586 0 80
3587 0 79
3588 0 80
3589 0 79
3590 0 80
3591 0 80
3592 0 79
3593 0 80
3594 0 79
3595 0 79
3596 0 79
3597 0 79
3598 0 80
3599 0 80
3600 0 80
3601 0 79
3602 0 81
3603 0 80
3604 0 80
3605 0 80
3606 0 79
3607 0 80
3608 0 79
3609 0 80
3610 0 79
3611 0 79
3612 0 79
3613 0 79
3614 0 79
3615 0 79
3616 0 81
3617 0 80
3618 0 81
3619 0 80
3620 0 80
3621 0 80
3622 0 80
3623 0 80
3624 0 80
3625 0 80
3626 0 80
3627 0 81
3628 0 80
3629 0 81
3630 0 80
3631 0 80
3632 0 80
3633 0 80
3634 0 80
3635 0 80
3636 0 80
3637 0 79
3638 0 80
3639 0 80
3640 0 80
3641 0 80
3642 0 79
3643 0 80
3644 0 79
3645 0 80
3646 0 80
3647 0 79
3648 0 80
3649 0 79
3650 0 79
3651 0 79
3652 0 79
3653 0 80
3654 0 80
3655 0 80
3656 0 79
3657 0 80
3658 0 80
3659 0 80
3660 0 80
3661 0 79
3662 0 80
3663 0 79
3664 0 80
3665 0 80
3666 0 80
3667 0 80
3668 0 80
3669 0 79
3670 0 79
3671 0 80
3672 0 79
3673 0 80
3674 0 79
3675 0 79
3676 0 79
3677 0 79
3678 0 80
3679 0 80
3680 0 80
3681 0 79
3682 0 80
3683 0 80
3684 0 80
3685 0 80
3686 0 79
3687 0 80
3688 0 80
3689 0 80
3690 0 80
3691 0 80
3692 0 80
3693 0 80
3694 0 79
3695 0 79
3696 0 80
3697 0 79
3698 0 80
3699 0 80
3700 0 80
3701 0 80
3702 0 80
3703 0 80
3704 0 80
3705 0 79
3706 0 78
3707 0 80
3708 0 79
3709 0 80
3710 0 80
3711 0 80
3712 0 80
3713 0 80
3714 0 80
3715 0 79
3716 0 80
3717 0 80
3718 0 80
3719 0 80
3720 0 80
3721 0 80
3722 0 80
3723 0 79
3724 0 78
3725 0 80
3726 0 79
3727 0 80
3728 0 80
3729 0 80
3730 0 80
3731 0 80
3732 0 79
3733 0 79
3734 0 79
3735 0 78
3736 0 80
3737 0 79
3738 0 79
3739 0 79
3740 0 78
3741 0 79
3742 0 78
3743 0 79
3744 0 79
3745 0 78
3746 0 79
3747 0 78
3748 0 78
3749 0 79
3750 0 79
3751 0 80
3752 0 80
3753 0 80
3754 0 79
3755 0 80
3756 0 80
3757 0 80
3758 0 80
3759 0 79
3760 0 80
3761 0 80
3762 0 80
3763 0 80
3764 0 80
3765 0 80
3766 0 80
3767 0 79
3768 0 79
3769 0 80
3770 0 80
3771 0 80
3772 0 80
3773 0 80
3774 0 79
3775 0 79
3776 0 80
3777 0 80
3778 0 80
3779 0 79
3780 0 80
3781 0 80
3782 0 80
3783 0 80
3784 0 79
3785 0 80
3786 0 80
3787 0 80
3788 0 80
3789 0 80
3790 0 80
3791 0 80
3792 0 79
3793 0 79
3794 0 80
3795 0 79
3796 0 80
3797 0 79
3798 0 79
3799 0 79
3800 0 79
3801 0 79
3802 0 79
3803 0 79
3804 0 78
3805 0 80
3806 0 79
3807 0 80
3808 0 80
3809 0 80
3810 0 79
3811 0 79
3812 0 79
3813 0 79
3814 0 79
3815 0 78
3816 0 80
3817 0 79
3818 0 79
3819 0 79
3820 0 78
3821 0 79
3822 0 79
3823 0 79
3824 0 78
3825 0 80
3826 0 79
3827 0 79
3828 0 79
3829 0 78
3830 0 79
3831 0 78
3832 0 79
3833 0 78
3834 0 78
3835 0 78
3836 0 78
3837 0 78
3838 0 78
3839 0 81
3840 0 80
3841 0 81
3842 0 80
3843 0 80
3844 0 80
3845 0 80
3846 0 80
3847 0 80
3848 0 80
3849 0 79
3850 0 81
3851 0 80
3852 0 81
3853 0 80
3854 0 80
3855 0 80
3856 0 80
3857 0 80
3858 0 80
3859 0 80
3860 0 79
3861 0 80
3862 0 80
3863 0 80
3864 0 80
3865 0 79
3866 0 80
3867 0 79
3868 0 80
3869 0 80
3870 0 79
3871 0 80
3872 0 79
3873 0 79
3874 0 79
3875 0 79
3876 0 80
3877 0 80
3878 0 80
3879 0 79
3880 0 81
3881 0 80
3882 0 80
3883 0 80
3884 0 79
3885 0 80
3886 0 79
3887 0 80
3888 0 79
3889 0 79
3890 0 79
3891 0 79
3892 0 79
3893 0 79
3894 0 81
3895 0 80
3896 0 81
3897 0 80
3898 0 80
3899 0 80
3900 0 80
3901 0 80
3902 0 80
3903 0 80
3904 0 80
3905 0 81
3906 0 80
3907 0 81
3908 0 80
3909 0 80
3910 0 80
3911 0 80
3912 0 80
3913 0 80
3914 0 80
3915 0 79
3916 0 80
3917 0 80
3918 0 80
3919 0 80
3920 0 79
3921 0 80
3922 0 79
3923 0 80
3924 0 80
3925 0 79
3926 0 80
3927 0 79
3928 0 79
3929 0 79
3930 0 79
3931 0 80
3932 0 80
3933 0 80
3934 0 79
3935 0 81
3936 0 80
3937 0 80
3938 0 80
3939 0 79
3940 0 80
3941 0 79
3942 0 80
3943 0 80
3944 0 80
3945 0 80
3946 0 80
3947 0 80
3948 0 79
3949 0 80
3950 0 79
3951 0 80
3952 0 79
3953 0 79
3954 0 80
3955 0 80
3956 0 80
3957 0 80
3958 0 80
3959 0 79
3960 0 81
3961 0 80
3962 0 80
3963 0 80
3964 0 79
3965 0 81
3966 0 80
3967 0 81
3968 0 80
3969 0 80
3970 0 80
3971 0 80
3972 0 80
3973 0 79
3974 0 80
3975 0 79
3976 0 80
3977 0 80
3978 0 80
3979 0 80
3980 0 80
3981 0 80
3982 0 80
3983 0 79
3984 0 78
3985 0 80
3986 0 79
3987 0 80
3988 0 80
3989 0 80
3990 0 80
3991 0 80
3992 0 80
3993 0 79
3994 0 80
3995 0 80
3996 0 80
3997 0 80
3998 0 80
3999 0 80
4000 0 80
4001 0 79
4002 0 78
4003 0 80
4004 0 79
4005 0 80
4006 0 80
4007 0 80
4008 0 80
4009 0 80
4010 0 79
4011 0 79
4012 0 79
4013 0 78
4014 0 80
4015 0 79
4016 0 79
4017 0 79
4018 0 78
4019 0 79
4020 0 78
4021 0 79
4022 0 79
4023 0 78
4024 0 79
4025 0 78
4026 0 78
4027 0 79
4028 0 79
4029 0 80
4030 0 80
4031 0 80
4032 0 80
4033 0 80
4034 0 79
4035 0 80
4036 0 80
4037 0 79
4038 0 79
4039 0 80
4040 0 80
4041 0 80
4042 0 80
4043 0 80
4044 0 79
4045 0 80
4046 0 80
4047 0 80
4048 0 80
4049 0 79
4050 0 80
4051 0 80
4052 0 80
4053 0 80
4054 0 80
4055 0 80
4056 0 80
4057 0 80
4058 0 80
4059 0 80
4060 0 79
4061 0 79
4062 0 78
4063 0 80
4064 0 80
4065 0 80
4066 0 80
4067 0 80
4068 0 80
4069 0 80
4070 0 80
4071 0 80
4072 0 79
4073 0 79
4074 0 80
4075 0 79
4076 0 79
4077 0 79
4078 0 79
4079 0 78
4080 0 78
4081 0 80
4082 0 80
4083 0 80
4084 0 80
4085 0 80
4086 0 79
4087 0 80
4088 0 80
4089 0 79
4090 0 79
4091 0 80
4092 0 80
4093 0 80
4094 0 80
4095 0 80
4096 0 79
4097 0 80
4098 0 80
4099 0 80
4100 0 80
4101 0 79
4102 0 80
4103 0 80
4104 0 80
4105 0 80
4106 0 80
4107 0 80
4108 0 80
4109 0 80
4110 0 80
4111 0 80
4112 0 79
4113 0 79
4114 0 78
4115 0 80
4116 0 80
4117 0 80
4118 0 80
4119 0 80
4120 0 79
4121 0 80
4122 0 80
4123 0 79
4124 0 79
4125 0 80
4126 0 80
4127 0 80
4128 0 80
4129 0 80
4130 0 79
4131 0 80
4132 0 80
4133 0 80
4134 0 80
4135 0 79
4136 0 80
4137 0 80
4138 0 80
4139 0 80
4140 0 80
4141 0 80
4142 0 80
4143 0 80
4144 0 80
4145 0 80
4146 0 79
4147 0 79
4148 0 78
4149 0 80
4150 0 80
4151 0 80
4152 0 80
4153 0 80
4154 0 80
4155 0 80
4156 0 80
4157 0 80
4158 0 79
4159 0 79
4160 0 80
4161 0 79
4162 0 79
4163 0 79
4164 0 79
4165 0 78
4166 0 78
4167 0 80
4168 0 80
4169 0 80
4170 0 80
4171 0 80
4172 0 79
4173 0 80
4174 0 80
4175 0 79
4176 0 79
4177 0 80
4178 0 80
4179 0 80
4180 0 80
4181 0 80
4182 0 79
4183 0 80
4184 0 80
4185 0 80
4186 0 80
4187 0 79
4188 0 80
4189 0 80
4190 0 80
4191 0 80
4192 0 80
4193 0 80
4194 0 80
4195 0 80
4196 0 80
4197 0 80
4198 0 79
4199 0 79
4200 0 78
4201 0 80
4202 0 80
4203 0 79
4204 0 79
4205 0 79
4206 0 80
4207 0 80
4208 0 79
4209 0 79
4210 0 79
4211 0 79
4212 0 80
4213 0 79
4214 0 79
4215 0 79
4216 0 79
4217 0 78
4218 0 78
4219 0 80
4220 0 80
4221 0 80
4222 0 79
4223 0 79
4224 0 78
4225 0 80
4226 0 80
4227 0 79
4228 0 79
4229 0 79
4230 0 80
4231 0 80
4232 0 79
4233 0 79
4234 0 79
4235 0 79
4236 0 80
4237 0 79
4238 0 79
4239 0 79
4240 0 79
4241 0 78
4242 0 78
4243 0 79
4244 0 79
4245 0 79
4246 0 79
4247 0 79
4248 0 78
4249 0 79
4250 0 79
4251 0 78
4252 0 78
4253 0 79
4254 0 79
4255 0 79
4256 0 79
4257 0 79
4258 0 78
4259 0 79
4260 0 79
4261 0 79
4262 0 79
4263 0 79
4264 0 78
4265 0 79
4266 0 79
4267 0 78
4268 0 78
4269 0 79
4270 0 79
4271 0 79
4272 0 79
4273 0 79
4274 0 78
4275 0 79
4276 0 79
4277 0 78
4278 0 78
4279 0 78
4280 0 80
4281 0 80
4282 0 78
4283 0 78
4284 0 79
4285 0 79
4286 0 79
4287 0 79
4288 0 79
4289 0 79
4290 0 79
4291 0 79
4292 0 78
4293 0 81
4294 0 80
4295 0 81
4296 0 80
4297 0 80
4298 0 80
4299 0 80
4300 0 80
4301 0 80
4302 0 80
4303 0 79
4304 0 81
4305 0 80
4306 0 81
4307 0 80
4308 0 80
4309 0 80
4310 0 80
4311 0 80
4312 0 80
4313 0 80
4314 0 79
4315 0 80
4316 0 80
4317 0 80
4318 0 80
4319 0 79
4320 0 80
4321 0 79
4322 0 80
4323 0 80
4324 0 79
4325 0 80
4326 0 79
4327 0 79
4328 0 79
4329 0 79
4330 0 80
4331 0 80
4332 0 80
4333 0 79
4334 0 81
4335 0 80
4336 0 80
4337 0 80
4338 0 79
4339 0 80
4340 0 79
4341 0 80
4342 0 79
4343 0 79
4344 0 79
4345 0 79
4346 0 79
4347 0 79
4348 0 81
4349 0 80
4350 0 81
4351 0 80
4352 0 80
4353 0 80
4354 0 80
4355 0 80
4356 0 80
4357 0 80
4358 0 80
4359 0 81
4360 0 80
4361 0 81
4362 0 80
4363 0 80
4364 0 80
4365 0 80
4366 0 80
4367 0 80
4368 0 80
4369 0 79
4370 0 80
4371 0 80
4372 0 80
4373 0 80
4374 0 79
4375 0 80
4376 0 79
4377 0 80
4378 0 80
4379 0 79
4380 0 80
4381 0 79
4382 0 79
4383 0 79
4384 0 79
4385 0 80
4386 0 80
4387 0 80
4388 0 79
4389 0 81
4390 0 80
4391 0 80
4392 0 80
4393 0 79
4394 0 80
4395 0 79
4396 0 80
4397 0 80
4398 0 80
4399 0 80
4400 0 80
4401 0 80
4402 0 79
4403 0 80
4404 0 79
4405 0 80
4406 0 79
4407 0 79
4408 0 80
4409 0 80
4410 0 80
4411 0 80
4412 0 80
4413 0 79
4414 0 81
4415 0 80
4416 0 80
4417 0 80
4418 0 79
4419 0 81
4420 0 80
4421 0 81
4422 0 80
4423 0 80
4424 0 80
4425 0 80
4426 0 80
4427 0 79
4428 0 80
4429 0 79
4430 0 80
4431 0 80
4432 0 80
4433 0 80
4434 0 80
4435 0 80
4436 0 80
4437 0 79
4438 0 78
4439 0 80
4440 0 79
4441 0 80
4442 0 80
4443 0 80
4444 0 80
4445 0 80
4446 0 80
4447 0 79
4448 0 80
4449 0 80
4450 0 80
4451 0 80
4452 0 80
4453 0 80
4454 0 80
4455 0 79
4456 0 78
4457 0 80
4458 0 79
4459 0 80
4460 0 80
4461 0 80
4462 0 80
4463 0 80
4464 0 79
4465 0 79
4466 0 79
4467 0 78
4468 0 80
4469 0 79
4470 0 79
4471 0 79
4472 0 78
4473 0 79
4474 0 78
4475 0 79
4476 0 79
4477 0 78
4478 0 79
4479 0 78
4480 0 78
4481 0 79
4482 0 79
4483 0 80
4484 0 80
4485 0 80
4486 0 79
4487 0 81
4488 0 80
4489 0 80
4490 0 80
4491 0 79
4492 0 81
4493 0 80
4494 0 81
4495 0 80
4496 0 80
4497 0 80
4498 0 80
4499 0 80
4500 0 79
4501 0 81
4502 0 80
4503 0 81
4504 0 80
4505 0 80
4506 0 80
4507 0 80
4508 0 80
4509 0 80
4510 0 80
4511 0 79
4512 0 81
4513 0 80
4514 0 80
4515 0 80
4516 0 79
4517 0 81
4518 0 80
4519 0 81
4520 0 80
4521 0 80
4522 0 80
4523 0 80
4524 0 80
4525 0 79
4526 0 80
4527 0 79
4528 0 80
4529 0 79
4530 0 79
4531 0 80
4532 0 80
4533 0 79
4534 0 79
4535 0 79
4536 0 78
4537 0 80
4538 0 79
4539 0 80
4540 0 80
4541 0 80
4542 0 80
4543 0 80
4544 0 79
4545 0 79
4546 0 79
4547 0 78
4548 0 80
4549 0 79
4550 0 79
4551 0 79
4552 0 78
4553 0 79
4554 0 79
4555 0 79
4556 0 78
4557 0 80
4558 0 79
4559 0 79
4560 0 79
4561 0 78
4562 0 79
4563 0 78
4564 0 79
4565 0 78
4566 0 78
4567 0 78
4568 0 78
4569 0 78
4570 0 78
4571 0 81
4572 0 80
4573 0 81
4574 0 80
4575 0 80
4576 0 80
4577 0 80
4578 0 80
4579 0 80
4580 0 80
4581 0 79
4582 0 81
4583 0 80
4584 0 81
4585 0 80
4586 0 80
4587 0 80
4588 0 80
4589 0 80
4590 0 80
4591 0 80
4592 0 79
4593 0 80
4594 0 80
4595 0 80
4596 0 80
4597 0 79
4598 0 80
4599 0 79
4600 0 80
4601 0 80
4602 0 79
4603 0 80
4604 0 79
4605 0 79
4606 0 79
4607 0 79
4608 0 80
4609 0 80
4610 0 80
4611 0 79
4612 0 81
4613 0 80
4614 0 80
4615 0 80
4616 0 79
4617 0 80
4618 0 79
4619 0 80
4620 0 79
4621 0 79
4622 0 79
4623 0 79
4624 0 79
4625 0 79
4626 0 81
4627 0 80
4628 0 81
4629 0 80
4630 0 80
4631 0 80
4632 0 80
4633 0 80
4634 0 80
4635 0 80
4636 0 80
4637 0 81
4638 0 80
4639 0 81
4640 0 80
4641 0 80
4642 0 80
4643 0 80
4644 0 80
4645 0 80
4646 0 80
4647 0 79
4648 0 80
4649 0 80
4650 0 80
4651 0 80
4652 0 79
4653 0 80
4654 0 79
4655 0 80
4656 0 80
4657 0 79
4658 0 80
4659 0 79
4660 0 79
4661 0 79
4662 0 79
4663 0 80
4664 0 80
4665 0 80
4666 0 79
4667 0 81
4668 0 80
4669 0 80
4670 0 80
4671 0 79
4672 0 80
4673 0 79
4674 0 80
4675 0 80
4676 0 80
4677 0 80
4678 0 80
4679 0 80
4680 0 79
4681 0 80
4682 0 79
4683 0 80
4684 0 79
4685 0 79
4686 0 80
4687 0 80
4688 0 80
4689 0 80
4690 0 80
4691 0 79
4692 0 81
4693 0 80
4694 0 80
4695 0 80
4696 0 79
4697 0 81
4698 0 80
4699 0 81
4700 0 80
4701 0 80
4702 0 80
4703 0 80
4704 0 80
4705 0 79
4706 0 80
4707 0 79
4708 0 80
4709 0 80
4710 0 80
4711 0 80
4712 0 80
4713 0 80
4714 0 80
4715 0 79
4716 0 78
4717 0 80
4718 0 79
4719 0 80
4720 0 80
4721 0 80
4722 0 80
4723 0 80
4724 0 80
4725 0 79
4726 0 80
4727 0 80
4728 0 80
4729 0 80
4730 0 80
4731 0 80
4732 0 80
4733 0 79
4734 0 78
4735 0 80
4736 0 79
4737 0 80
4738 0 80
4739 0 80
4740 0 80
4741 0 80
4742 0 79
4743 0 79
4744 0 79
4745 0 78
4746 0 80
4747 0 79
4748 0 79
4749 0 79
4750 0 78
4751 0 79
4752 0 78
4753 0 79
4754 0 79
4755 0 78
4756 0 79
4757 0 78
4758 0 78
4759 0 79
4760 0 79
4761 0 80
4762 0 80
4763 0 80
4764 0 79
4765 0 80
4766 0 80
4767 0 80
4768 0 80
4769 0 79
4770 0 80
4771 0 79
4772 0 80
4773 0 79
4774 0 79
4775 0 79
4776 0 79
4777 0 79
4778 0 79
4779 0 80
4780 0 79
4781 0 80
4782 0 79
4783 0 79
4784 0 79
4785 0 79
4786 0 80
4787 0 80
4788 0 80
4789 0 79
4790 0 80
4791 0 80
4792 0 80
4793 0 80
4794 0 79
4795 0 80
4796 0 79
4797 0 80
4798 0 79
4799 0 79
4800 0 79
4801 0 79
4802 0 79
4803 0 79
4804 0 80
4805 0 79
4806 0 80
4807 0 79
4808 0 79
4809 0 79
4810 0 79
4811 0 79
4812 0 79
4813 0 79
4814 0 78
4815 0 80
4816 0 79
4817 0 80
4818 0 80
4819 0 80
4820 0 79
4821 0 79
4822 0 79
4823 0 79
4824 0 79
4825 0 78
4826 0 80
4827 0 79
4828 0 79
4829 0 79
4830 0 78
4831 0 79
4832 0 79
4833 0 79
4834 0 78
4835 0 80
4836 0 79
4837 0 79
4838 0 79
4839 0 78
4840 0 79
4841 0 78
4842 0 79
4843 0 78
4844 0 78
4845 0 78
4846 0 78
4847 0 78
4848 0 78
4849 0 80
4850 0 79
4851 0 80
4852 0 80
4853 0 80
4854 0 79
4855 0 79
4856 0 80
4857 0 80
4858 0 79
4859 0 78
4860 0 80
4861 0 79
4862 0 80
4863 0 80
4864 0 80
4865 0 79
4866 0 79
4867 0 79
4868 0 79
4869 0 79
4870 0 78
4871 0 79
4872 0 79
4873 0 79
4874 0 79
4875 0 78
4876 0 79
4877 0 78
4878 0 79
4879 0 79
4880 0 78
4881 0 79
4882 0 78
4883 0 78
4884 0 78
4885 0 78
4886 0 80
4887 0 80
4888 0 80
4889 0 80
4890 0 80
4891 0 80
4892 0 80
4893 0 80
4894 0 80
4895 0 80
4896 0 79
4897 0 80
4898 0 79
4899 0 79
4900 0 79
4901 0 79
4902 0 79
4903 0 79
4904 0 80
4905 0 79
4906 0 80
4907 0 79
4908 0 79
4909 0 79
4910 0 79
4911 0 80
4912 0 80
4913 0 80
4914 0 80
4915 0 80
4916 0 80
4917 0 80
4918 0 80
4919 0 80
4920 0 80
4921 0 79
4922 0 80
4923 0 79
4924 0 79
4925 0 79
4926 0 79
4927 0 79
4928 0 79
4929 0 80
4930 0 79
4931 0 80
4932 0 79
4933 0 79
4934 0 80
4935 0 80
4936 0 79
4937 0 79
4938 0 79
4939 0 78
4940 0 80
4941 0 79
4942 0 80
4943 0 80
4944 0 80
4945 0 80
4946 0 80
4947 0 79
4948 0 79
4949 0 79
4950 0 78
4951 0 80
4952 0 79
4953 0 79
4954 0 79
4955 0 78
4956 0 79
4957 0 79
4958 0 79
4959 0 78
4960 0 80
4961 0 79
4962 0 79
4963 0 79
4964 0 78
4965 0 79
4966 0 78
4967 0 79
4968 0 78
4969 0 78
4970 0 78
4971 0 78
4972 0 78
4973 0 78
4974 0 80
4975 0 79
4976 0 80
4977 0 79
4978 0 79
4979 0 79
4980 0 79
4981 0 79
4982 0 79
4983 0 79
4984 0 79
4985 0 80
4986 0 80
4987 0 80
4988 0 79
4989 0 79
4990 0 79
4991 0 79
4992 0 79
4993 0 79
4994 0 79
4995 0 79
4996 0 79
4997 0 79
4998 0 79
4999 0 80
5000 0 79
5001 0 79
5002 0 78
5003 0 79
5004 0 79
5005 0 78
5006 0 79
5007 0 78
5008 0 78
5009 0 78
5010 0 78
5011 0 79
5012 0 79
5013 0 80
5014 0 79
5015 0 80
5016 0 79
5017 0 79
5018 0 80
5019 0 79
5020 0 79
5021 0 78
5022 0 79
5023 0 78
5024 0 78
5025 0 78
5026 0 78
5027 0 78
5028 0 78
5029 0 80
5030 0 79
5031 0 80
5032 0 79
5033 0 79
5034 0 79
5035 0 79
5036 0 79
5037 0 79
5038 0 79
5039 0 79
5040 0 80
5041 0 80
5042 0 80
5043 0 79
5044 0 79
5045 0 79
5046 0 79
5047 0 79
5048 0 79
5049 0 79
5050 0 79
5051 0 79
5052 0 79
5053 0 79
5054 0 80
5055 0 79
5056 0 79
5057 0 78
5058 0 79
5059 0 79
5060 0 78
5061 0 79
5062 0 78
5063 0 78
5064 0 78
5065 0 78
5066 0 80
5067 0 79
5068 0 80
5069 0 79
5070 0 79
5071 0 79
5072 0 79
5073 0 79
5074 0 79
5075 0 79
5076 0 79
5077 0 80
5078 0 80
5079 0 80
5080 0 79
5081 0 79
5082 0 79
5083 0 79
5084 0 79
5085 0 79
5086 0 79
5087 0 79
5088 0 79
5089 0 79
5090 0 79
5091 0 80
5092 0 79
5093 0 79
5094 0 78
5095 0 79
5096 0 79
5097 0 78
5098 0 79
5099 0 78
5100 0 78
5101 0 78
5102 0 78
5103 0 79
5104 0 79
5105 0 80
5106 0 79
5107 0 80
5108 0 79
5109 0 79
5110 0 80
5111 0 79
5112 0 79
5113 0 78
5114 0 79
5115 0 78
5116 0 78
5117 0 78
5118 0 78
5119 0 78
5120 0 78
5121 0 80
5122 0 79
5123 0 80
5124 0 79
5125 0 79
5126 0 79
5127 0 79
5128 0 79
5129 0 79
5130 0 79
5131 0 79
5132 0 80
5133 0 80
5134 0 80
5135 0 79
5136 0 79
5137 0 79
5138 0 79
5139 0 79
5140 0 79
5141 0 79
5142 0 79
5143 0 79
5144 0 79
5145 0 79
5146 0 80
5147 0 79
5148 0 79
5149 0 78
5150 0 79
5151 0 79
5152 0 78
5153 0 79
5154 0 78
5155 0 78
5156 0 78
5157 0 78
5158 0 79
5159 0 79
5160 0 79
5161 0 79
5162 0 79
5163 0 79
5164 0 79
5165 0 79
5166 0 79
5167 0 79
5168 0 78
5169 0 79
5170 0 78
5171 0 78
5172 0 78
5173 0 78
5174 0 78
5175 0 78
5176 0 79
5177 0 78
5178 0 79
5179 0 78
5180 0 78
5181 0 78
5182 0 78
5183 0 80
5184 0 80
5185 0 79
5186 0 79
5187 0 79
5188 0 80
5189 0 80
5190 0 79
5191 0 79
5192 0 79
5193 0 78
5194 0 79
5195 0 78
5196 0 78
5197 0 78
5198 0 78
5199 0 78
5200 0 78
5201 0 79
5202 0 79
5203 0 80
5204 0 79
5205 0 79
5206 0 78
5207 0 78
5208 0 79
5209 0 79
5210 0 78
5211 0 78
5212 0 79
5213 0 79
5214 0 80
5215 0 79
5216 0 79
5217 0 78
5218 0 78
5219 0 79
5220 0 79
5221 0 80
5222 0 79
5223 0 79
5224 0 78
5225 0 78
5226 0 79
5227 0 79
5228 0 78
5229 0 78
5230 0 79
5231 0 79
5232 0 80
5233 0 79
5234 0 79
5235 0 78
5236 0 78
5237 0 79
5238 0 79
5239 0 78
5240 0 78
5241 0 78
5242 0 79
5243 0 79
5244 0 78
5245 0 78
5246 0 79
5247 0 78
5248 0 79
5249 0 79
5250 0 78
5251 0 79
5252 0 78
5253 0 78
5254 0 78
5255 0 78
5256 0 81
5257 0 81
5258 0 81
5259 0 80
5260 0 81
5261 0 81
5262 0 81
5263 0 80
5264 0 81
5265 0 80
5266 0 80
5267 0 80
5268 0 80
5269 0 81
5270 0 80
5271 0 81
5272 0 80
5273 0 80
5274 0 80
5275 0 80
5276 0 79
5277 0 81
5278 0 81
5279 0 81
5280 0 80
5281 0 81
5282 0 81
5283 0 81
5284 0 80
5285 0 81
5286 0 80
5287 0 80
5288 0 80
5289 0 80
5290 0 81
5291 0 80
5292 0 81
5293 0 80
5294 0 80
5295 0 80
5296 0 80
5297 0 79
5298 0 80
5299 0 80
5300 0 81
5301 0 80
5302 0 81
5303 0 80
5304 0 80
5305 0 80
5306 0 80
5307 0 79
5308 0 80
5309 0 80
5310 0 80
5311 0 79
5312 0 80
5313 0 80
5314 0 80
5315 0 80
5316 0 80
5317 0 79
5318 0 80
5319 0 80
5320 0 80
5321 0 79
5322 0 80
5323 0 79
5324 0 79
5325 0 79
5326 0 80
5327 0 81
5328 0 80
5329 0 81
5330 0 80
5331 0 80
5332 0 80
5333 0 80
5334 0 79
5335 0 81
5336 0 80
5337 0 81
5338 0 80
5339 0 81
5340 0 80
5341 0 80
5342 0 80
5343 0 80
5344 0 79
5345 0 80
5346 0 80
5347 0 80
5348 0 79
5349 0 80
5350 0 80
5351 0 80
5352 0 79
5353 0 80
5354 0 79
5355 0 80
5356 0 79
5357 0 80
5358 0 79
5359 0 79
5360 0 79
5361 0 79
5362 0 79
5363 0 81
5364 0 81
5365 0 81
5366 0 80
5367 0 81
5368 0 81
5369 0 81
5370 0 80
5371 0 81
5372 0 80
5373 0 80
5374 0 80
5375 0 80
5376 0 81
5377 0 80
5378 0 81
5379 0 80
5380 0 80
5381 0 80
5382 0 80
5383 0 80
5384 0 81
5385 0 81
5386 0 81
5387 0 80
5388 0 81
5389 0 81
5390 0 81
5391 0 80
5392 0 81
5393 0 80
5394 0 80
5395 0 80
5396 0 80
5397 0 81
5398 0 80
5399 0 81
5400 0 80
5401 0 80
5402 0 80
5403 0 80
5404 0 79
5405 0 80
5406 0 80
5407 0 81
5408 0 80
5409 0 81
5410 0 80
5411 0 80
5412 0 80
5413 0 80
5414 0 79
5415 0 80
5416 0 80
5417 0 80
5418 0 79
5419 0 80
5420 0 80
5421 0 80
5422 0 80
5423 0 80
5424 0 79
5425 0 80
5426 0 80
5427 0 80
5428 0 79
5429 0 80
5430 0 79
5431 0 79
5432 0 79
5433 0 80
5434 0 81
5435 0 80
5436 0 81
5437 0 80
5438 0 80
5439 0 80
5440 0 80
5441 0 79
5442 0 81
5443 0 80
5444 0 81
5445 0 80
5446 0 81
5447 0 80
5448 0 80
5449 0 80
5450 0 80
5451 0 79
5452 0 80
5453 0 80
5454 0 80
5455 0 79
5456 0 80
5457 0 80
5458 0 80
5459 0 80
5460 0 80
5461 0 80
5462 0 80
5463 0 80
5464 0 80
5465 0 80
5466 0 80
5467 0 79
5468 0 79
5469 0 79
5470 0 80
5471 0 80
5472 0 80
5473 0 79
5474 0 80
5475 0 80
5476 0 80
5477 0 79
5478 0 80
5479 0 79
5480 0 80
5481 0 80
5482 0 79
5483 0 81
5484 0 80
5485 0 81
5486 0 80
5487 0 80
5488 0 80
5489 0 80
5490 0 79
5491 0 81
5492 0 80
5493 0 81
5494 0 80
5495 0 81
5496 0 80
5497 0 80
5498 0 80
5499 0 80
5500 0 79
5501 0 81
5502 0 80
5503 0 80
5504 0 80
5505 0 81
5506 0 81
5507 0 80
5508 0 80
5509 0 80
5510 0 80
5511 0 80
5512 0 80
5513 0 80
5514 0 80
5515 0 80
5516 0 79
5517 0 79
5518 0 79
5519 0 80
5520 0 80
5521 0 80
5522 0 79
5523 0 80
5524 0 80
5525 0 80
5526 0 80
5527 0 80
5528 0 80
5529 0 80
5530 0 80
5531 0 79
5532 0 80
5533 0 80
5534 0 80
5535 0 80
5536 0 79
5537 0 79
5538 0 79
5539 0 78
5540 0 80
5541 0 80
5542 0 80
5543 0 79
5544 0 80
5545 0 80
5546 0 80
5547 0 80
5548 0 80
5549 0 80
5550 0 80
5551 0 80
5552 0 79
5553 0 80
5554 0 80
5555 0 80
5556 0 79
5557 0 80
5558 0 80
5559 0 80
5560 0 80
5561 0 80
5562 0 80
5563 0 80
5564 0 80
5565 0 79
5566 0 80
5567 0 80
5568 0 80
5569 0 80
5570 0 79
5571 0 79
5572 0 79
5573 0 78
5574 0 80
5575 0 80
5576 0 80
5577 0 79
5578 0 80
5579 0 80
5580 0 80
5581 0 80
5582 0 80
5583 0 80
5584 0 80
5585 0 80
5586 0 79
5587 0 80
5588 0 79
5589 0 80
5590 0 79
5591 0 79
5592 0 79
5593 0 79
5594 0 78
5595 0 80
5596 0 79
5597 0 80
5598 0 79
5599 0 80
5600 0 79
5601 0 79
5602 0 79
5603 0 79
5604 0 78
5605 0 79
5606 0 79
5607 0 79
5608 0 78
5609 0 79
5610 0 79
5611 0 79
5612 0 79
5613 0 79
5614 0 78
5615 0 79
5616 0 79
5617 0 79
5618 0 78
5619 0 80
5620 0 78
5621 0 79
5622 0 79
5623 0 79
5624 0 81
5625 0 80
5626 0 81
5627 0 80
5628 0 80
5629 0 80
5630 0 80
5631 0 79
5632 0 81
5633 0 80
5634 0 81
5635 0 80
5636 0 81
5637 0 80
5638 0 80
5639 0 80
5640 0 80
5641 0 79
5642 0 81
5643 0 80
5644 0 80
5645 0 80
5646 0 81
5647 0 81
5648 0 80
5649 0 80
5650 0 80
5651 0 80
5652 0 80
5653 0 80
5654 0 80
5655 0 80
5656 0 80
5657 0 79
5658 0 79
5659 0 79
5660 0 81
5661 0 81
5662 0 81
5663 0 80
5664 0 81
5665 0 81
5666 0 80
5667 0 80
5668 0 80
5669 0 80
5670 0 80
5671 0 80
5672 0 79
5673 0 81
5674 0 80
5675 0 81
5676 0 80
5677 0 80
5678 0 80
5679 0 80
5680 0 79
5681 0 81
5682 0 80
5683 0 81
5684 0 80
5685 0 81
5686 0 80
5687 0 80
5688 0 80
5689 0 80
5690 0 79
5691 0 81
5692 0 80
5693 0 80
5694 0 80
5695 0 81
5696 0 81
5697 0 80
5698 0 80
5699 0 80
5700 0 80
5701 0 80
5702 0 80
5703 0 80
5704 0 80
5705 0 80
5706 0 79
5707 0 79
5708 0 79
5709 0 80
5710 0 80
5711 0 80
5712 0 79
5713 0 80
5714 0 80
5715 0 80
5716 0 79
5717 0 80
5718 0 79
5719 0 80
5720 0 80
5721 0 79
5722 0 80
5723 0 79
5724 0 80
5725 0 79
5726 0 79
5727 0 79
5728 0 79
5729 0 78
5730 0 80
5731 0 80
5732 0 80
5733 0 79
5734 0 80
5735 0 80
5736 0 80
5737 0 80
5738 0 80
5739 0 80
5740 0 80
5741 0 80
5742 0 79
5743 0 80
5744 0 79
5745 0 80
5746 0 79
5747 0 79
5748 0 79
5749 0 79
5750 0 78
5751 0 80
5752 0 79
5753 0 80
5754 0 79
5755 0 80
5756 0 79
5757 0 79
5758 0 79
5759 0 79
5760 0 78
5761 0 80
5762 0 79
5763 0 80
5764 0 79
5765 0 79
5766 0 79
5767 0 79
5768 0 78
5769 0 80
5770 0 79
5771 0 80
5772 0 79
5773 0 80
5774 0 79
5775 0 79
5776 0 79
5777 0 79
5778 0 78
5779 0 79
5780 0 79
5781 0 79
5782 0 78
5783 0 79
5784 0 79
5785 0 80
5786 0 78
5787 0 80
5788 0 78
5789 0 80
5790 0 78
5791 0 80
5792 0 78
5793 0 78
5794 0 79
5795 0 79
5796 0 78
5797 0 81
5798 0 81
5799 0 81
5800 0 80
5801 0 81
5802 0 81
5803 0 81
5804 0 80
5805 0 81
5806 0 80
5807 0 80
5808 0 80
5809 0 80
5810 0 81
5811 0 80
5812 0 81
5813 0 80
5814 0 80
5815 0 80
5816 0 80
5817 0 79
5818 0 81
5819 0 81
5820 0 81
5821 0 80
5822 0 81
5823 0 81
5824 0 81
5825 0 80
5826 0 81
5827 0 80
5828 0 80
5829 0 80
5830 0 80
5831 0 81
5832 0 80
5833 0 81
5834 0 80
5835 0 80
5836 0 80
5837 0 80
5838 0 79
5839 0 80
5840 0 80
5841 0 81
5842 0 80
5843 0 81
5844 0 80
5845 0 80
5846 0 80
5847 0 80
5848 0 79
5849 0 80
5850 0 80
5851 0 80
5852 0 79
5853 0 80
5854 0 80
5855 0 80
5856 0 80
5857 0 80
5858 0 79
5859 0 80
5860 0 80
5861 0 80
5862 0 79
5863 0 80
5864 0 79
5865 0 79
5866 0 79
5867 0 80
5868 0 81
5869 0 80
5870 0 81
5871 0 80
5872 0 80
5873 0 80
5874 0 80
5875 0 79
5876 0 81
5877 0 80
5878 0 81
5879 0 80
5880 0 81
5881 0 80
5882 0 80
5883 0 80
5884 0 80
5885 0 79
5886 0 80
5887 0 80
5888 0 80
5889 0 79
5890 0 80
5891 0 80
5892 0 80
5893 0 79
5894 0 80
5895 0 79
5896 0 80
5897 0 79
5898 0 80
5899 0 79
5900 0 79
5901 0 80
5902 0 80
5903 0 79
5904 0 81
5905 0 81
5906 0 81
5907 0 80
5908 0 81
5909 0 81
5910 0 81
5911 0 80
5912 0 81
5913 0 80
5914 0 80
5915 0 80
5916 0 80
5917 0 81
5918 0 80
5919 0 81
5920 0 80
5921 0 80
5922 0 80
5923 0 80
5924 0 80
5925 0 81
5926 0 81
5927 0 81
5928 0 80
5929 0 81
5930 0 81
5931 0 81
5932 0 80
5933 0 81
5934 0 80
5935 0 80
5936 0 80
5937 0 80
5938 0 81
5939 0 80
5940 0 81
5941 0 80
5942 0 80
5943 0 80
5944 0 80
5945 0 79
5946 0 80
5947 0 80
5948 0 81
5949 0 80
5950 0 81
5951 0 80
5952 0 80
5953 0 80
5954 0 80
5955 0 79
5956 0 80
5957 0 80
5958 0 80
5959 0 79
5960 0 80
5961 0 80
5962 0 80
5963 0 80
5964 0 80
5965 0 79
5966 0 80
5967 0 80
5968 0 80
5969 0 79
5970 0 80
5971 0 79
5972 0 79
5973 0 79
5974 0 80
5975 0 81
5976 0 80
5977 0 81
5978 0 80
5979 0 80
5980 0 80
5981 0 80
5982 0 79
5983 0 81
5984 0 80
5985 0 81
5986 0 80
5987 0 81
5988 0 80
5989 0 80
5990 0 80
5991 0 80
5992 0 79
5993 0 80
5994 0 80
5995 0 80
5996 0 79
5997 0 80
5998 0 80
5999 0 80
6000 0 80
6001 0 80
6002 0 80
6003 0 80
6004 0 80
6005 0 80
6006 0 80
6007 0 80
6008 0 79
6009 0 79
6010 0 79
6011 0 80
6012 0 80
6013 0 80
6014 0 79
6015 0 80
6016 0 80
6017 0 80
6018 0 79
6019 0 80
6020 0 79
6021 0 80
6022 0 80
6023 0 79
6024 0 81
6025 0 80
6026 0 81
6027 0 80
6028 0 80
6029 0 80
6030 0 80
6031 0 79
6032 0 81
6033 0 80
6034 0 81
6035 0 80
6036 0 81
6037 0 80
6038 0 80
6039 0 80
6040 0 80
6041 0 79
6042 0 81
6043 0 80
6044 0 80
6045 0 80
6046 0 81
6047 0 81
6048 0 80
6049 0 80
6050 0 80
6051 0 80
6052 0 80
6053 0 80
6054 0 80
6055 0 80
6056 0 80
6057 0 79
6058 0 79
6059 0 79
6060 0 80
6061 0 80
6062 0 80
6063 0 79
6064 0 80
6065 0 80
6066 0 80
6067 0 80
6068 0 80
6069 0 80
6070 0 80
6071 0 80
6072 0 79
6073 0 80
6074 0 80
6075 0 80
6076 0 80
6077 0 79
6078 0 79
6079 0 79
6080 0 78
6081 0 80
6082 0 80
6083 0 80
6084 0 79
6085 0 80
6086 0 80
6087 0 80
6088 0 80
6089 0 80
6090 0 80
6091 0 80
6092 0 80
6093 0 79
6094 0 80
6095 0 80
6096 0 80
6097 0 79
6098 0 80
6099 0 80
6100 0 80
6101 0 80
6102 0 80
6103 0 80
6104 0 80
6105 0 80
6106 0 79
6107 0 80
6108 0 80
6109 0 80
6110 0 80
6111 0 79
6112 0 79
6113 0 79
6114 0 78
6115 0 80
6116 0 80
6117 0 80
6118 0 79
6119 0 80
6120 0 80
6121 0 80
6122 0 80
6123 0 80
6124 0 80
6125 0 80
6126 0 80
6127 0 79
6128 0 80
6129 0 79
6130 0 80
6131 0 79
6132 0 79
6133 0 79
6134 0 79
6135 0 78
6136 0 80
6137 0 79
6138 0 80
6139 0 79
6140 0 80
6141 0 79
6142 0 79
6143 0 79
6144 0 79
6145 0 78
6146 0 79
6147 0 79
6148 0 79
6149 0 78
6150 0 79
6151 0 79
6152 0 79
6153 0 79
6154 0 79
6155 0 78
6156 0 79
6157 0 79
6158 0 79
6159 0 78
6160 0 80
6161 0 78
6162 0 79
6163 0 79
6164 0 79
6165 0 81
6166 0 80
6167 0 81
6168 0 80
6169 0 80
6170 0 80
6171 0 80
6172 0 79
6173 0 80
6174 0 80
6175 0 81
6176 0 80
6177 0 81
6178 0 80
6179 0 80
6180 0 80
6181 0 80
6182 0 79
6183 0 80
6184 0 80
6185 0 80
6186 0 79
6187 0 80
6188 0 81
6189 0 80
6190 0 79
6191 0 80
6192 0 79
6193 0 80
6194 0 79
6195 0 80
6196 0 79
6197 0 79
6198 0 79
6199 0 79
6200 0 79
6201 0 80
6202 0 81
6203 0 81
6204 0 79
6205 0 80
6206 0 81
6207 0 80
6208 0 79
6209 0 80
6210 0 79
6211 0 79
6212 0 79
6213 0 79
6214 0 81
6215 0 80
6216 0 81
6217 0 80
6218 0 80
6219 0 80
6220 0 80
6221 0 79
6222 0 80
6223 0 80
6224 0 81
6225 0 80
6226 0 81
6227 0 80
6228 0 80
6229 0 80
6230 0 80
6231 0 79
6232 0 80
6233 0 80
6234 0 80
6235 0 79
6236 0 80
6237 0 81
6238 0 80
6239 0 79
6240 0 80
6241 0 79
6242 0 80
6243 0 79
6244 0 80
6245 0 79
6246 0 79
6247 0 79
6248 0 79
6249 0 79
6250 0 80
6251 0 80
6252 0 80
6253 0 79
6254 0 80
6255 0 80
6256 0 80
6257 0 79
6258 0 80
6259 0 79
6260 0 79
6261 0 79
6262 0 79
6263 0 80
6264 0 79
6265 0 80
6266 0 79
6267 0 79
6268 0 79
6269 0 79
6270 0 78
6271 0 80
6272 0 80
6273 0 80
6274 0 79
6275 0 80
6276 0 80
6277 0 80
6278 0 80
6279 0 80
6280 0 80
6281 0 79
6282 0 79
6283 0 79
6284 0 80
6285 0 79
6286 0 80
6287 0 79
6288 0 79
6289 0 80
6290 0 80
6291 0 78
6292 0 80
6293 0 80
6294 0 80
6295 0 79
6296 0 80
6297 0 79
6298 0 79
6299 0 80
6300 0 80
6301 0 78
6302 0 80
6303 0 79
6304 0 80
6305 0 79
6306 0 79
6307 0 80
6308 0 80
6309 0 78
6310 0 80
6311 0 80
6312 0 80
6313 0 79
6314 0 80
6315 0 79
6316 0 79
6317 0 80
6318 0 80
6319 0 78
6320 0 79
6321 0 80
6322 0 80
6323 0 78
6324 0 79
6325 0 80
6326 0 79
6327 0 78
6328 0 79
6329 0 78
6330 0 79
6331 0 78
6332 0 79
6333 0 78
6334 0 78
6335 0 79
6336 0 79
6337 0 78
6338 0 80
6339 0 80
6340 0 80
6341 0 79
6342 0 80
6343 0 80
6344 0 80
6345 0 80
6346 0 80
6347 0 80
6348 0 79
6349 0 79
6350 0 79
6351 0 80
6352 0 80
6353 0 80
6354 0 80
6355 0 79
6356 0 79
6357 0 79
6358 0 78
6359 0 80
6360 0 80
6361 0 80
6362 0 79
6363 0 80
6364 0 80
6365 0 80
6366 0 80
6367 0 80
6368 0 80
6369 0 79
6370 0 79
6371 0 79
6372 0 80
6373 0 79
6374 0 80
6375 0 79
6376 0 79
6377 0 79
6378 0 79
6379 0 78
6380 0 79
6381 0 79
6382 0 80
6383 0 79
6384 0 80
6385 0 79
6386 0 79
6387 0 79
6388 0 79
6389 0 78
6390 0 79
6391 0 80
6392 0 80
6393 0 78
6394 0 79
6395 0 80
6396 0 79
6397 0 80
6398 0 80
6399 0 78
6400 0 79
6401 0 80
6402 0 79
6403 0 78
6404 0 79
6405 0 78
6406 0 78
6407 0 78
6408 0 78
6409 0 81
6410 0 80
6411 0 81
6412 0 80
6413 0 80
6414 0 80
6415 0 80
6416 0 80
6417 0 80
6418 0 80
6419 0 81
6420 0 80
6421 0 81
6422 0 80
6423 0 80
6424 0 80
6425 0 80
6426 0 80
6427 0 80
6428 0 80
6429 0 80
6430 0 79
6431 0 80
6432 0 81
6433 0 80
6434 0 79
6435 0 80
6436 0 79
6437 0 80
6438 0 79
6439 0 80
6440 0 79
6441 0 79
6442 0 79
6443 0 79
6444 0 79
6445 0 80
6446 0 81
6447 0 81
6448 0 79
6449 0 80
6450 0 81
6451 0 80
6452 0 79
6453 0 80
6454 0 79
6455 0 79
6456 0 79
6457 0 79
6458 0 81
6459 0 80
6460 0 81
6461 0 80
6462 0 80
6463 0 80
6464 0 80
6465 0 80
6466 0 80
6467 0 80
6468 0 81
6469 0 80
6470 0 81
6471 0 80
6472 0 80
6473 0 80
6474 0 80
6475 0 80
6476 0 80
6477 0 80
6478 0 80
6479 0 79
6480 0 80
6481 0 81
6482 0 80
6483 0 79
6484 0 80
6485 0 79
6486 0 80
6487 0 79
6488 0 80
6489 0 79
6490 0 79
6491 0 79
6492 0 79
6493 0 79
6494 0 80
6495 0 81
6496 0 81
6497 0 79
6498 0 80
6499 0 81
6500 0 80
6501 0 79
6502 0 80
6503 0 79
6504 0 80
6505 0 80
6506 0 80
6507 0 80
6508 0 79
6509 0 80
6510 0 79
6511 0 79
6512 0 80
6513 0 80
6514 0 78
6515 0 80
6516 0 81
6517 0 81
6518 0 79
6519 0 80
6520 0 81
6521 0 81
6522 0 80
6523 0 81
6524 0 80
6525 0 80
6526 0 80
6527 0 80
6528 0 80
6529 0 79
6530 0 80
6531 0 79
6532 0 79
6533 0 80
6534 0 80
6535 0 78
6536 0 80
6537 0 80
6538 0 80
6539 0 79
6540 0 80
6541 0 79
6542 0 79
6543 0 80
6544 0 80
6545 0 78
6546 0 80
6547 0 79
6548 0 80
6549 0 79
6550 0 79
6551 0 80
6552 0 80
6553 0 78
6554 0 80
6555 0 80
6556 0 80
6557 0 79
6558 0 80
6559 0 79
6560 0 79
6561 0 80
6562 0 80
6563 0 78
6564 0 79
6565 0 80
6566 0 80
6567 0 78
6568 0 79
6569 0 80
6570 0 79
6571 0 78
6572 0 79
6573 0 78
6574 0 79
6575 0 78
6576 0 79
6577 0 78
6578 0 78
6579 0 79
6580 0 79
6581 0 78
6582 0 80
6583 0 80
6584 0 80
6585 0 79
6586 0 80
6587 0 80
6588 0 80
6589 0 79
6590 0 80
6591 0 79
6592 0 79
6593 0 79
6594 0 79
6595 0 80
6596 0 79
6597 0 80
6598 0 79
6599 0 79
6600 0 79
6601 0 79
6602 0 79
6603 0 80
6604 0 80
6605 0 80
6606 0 80
6607 0 80
6608 0 80
6609 0 80
6610 0 79
6611 0 80
6612 0 79
6613 0 79
6614 0 79
6615 0 79
6616 0 80
6617 0 79
6618 0 80
6619 0 79
6620 0 79
6621 0 80
6622 0 80
6623 0 79
6624 0 79
6625 0 79
6626 0 80
6627 0 79
6628 0 80
6629 0 79
6630 0 80
6631 0 80
6632 0 80
6633 0 79
6634 0 79
6635 0 80
6636 0 80
6637 0 78
6638 0 79
6639 0 80
6640 0 79
6641 0 80
6642 0 80
6643 0 78
6644 0 79
6645 0 80
6646 0 79
6647 0 78
6648 0 79
6649 0 78
6650 0 78
6651 0 78
6652 0 78
6653 0 80
6654 0 79
6655 0 80
6656 0 79
6657 0 80
6658 0 80
6659 0 80
6660 0 79
6661 0 80
6662 0 80
6663 0 80
6664 0 79
6665 0 80
6666 0 79
6667 0 80
6668 0 80
6669 0 80
6670 0 79
6671 0 79
6672 0 79
6673 0 79
6674 0 78
6675 0 79
6676 0 80
6677 0 79
6678 0 78
6679 0 79
6680 0 78
6681 0 79
6682 0 78
6683 0 79
6684 0 78
6685 0 78
6686 0 78
6687 0 78
6688 0 78
6689 0 80
6690 0 80
6691 0 80
6692 0 79
6693 0 80
6694 0 80
6695 0 80
6696 0 79
6697 0 80
6698 0 79
6699 0 79
6700 0 79
6701 0 79
6702 0 80
6703 0 79
6704 0 80
6705 0 79
6706 0 79
6707 0 79
6708 0 79
6709 0 79
6710 0 80
6711 0 80
6712 0 80
6713 0 80
6714 0 80
6715 0 80
6716 0 80
6717 0 79
6718 0 80
6719 0 79
6720 0 79
6721 0 79
6722 0 79
6723 0 80
6724 0 79
6725 0 80
6726 0 79
6727 0 79
6728 0 80
6729 0 80
6730 0 79
6731 0 79
6732 0 79
6733 0 80
6734 0 79
6735 0 80
6736 0 79
6737 0 80
6738 0 80
6739 0 80
6740 0 79
6741 0 79
6742 0 80
6743 0 80
6744 0 78
6745 0 79
6746 0 80
6747 0 79
6748 0 80
6749 0 80
6750 0 78
6751 0 79
6752 0 80
6753 0 79
6754 0 78
6755 0 79
6756 0 78
6757 0 78
6758 0 78
6759 0 78
6760 0 80
6761 0 80
6762 0 80
6763 0 79
6764 0 80
6765 0 80
6766 0 80
6767 0 79
6768 0 80
6769 0 79
6770 0 79
6771 0 79
6772 0 79
6773 0 80
6774 0 79
6775 0 80
6776 0 79
6777 0 79
6778 0 79
6779 0 79
6780 0 79
6781 0 80
6782 0 80
6783 0 80
6784 0 80
6785 0 80
6786 0 80
6787 0 80
6788 0 79
6789 0 80
6790 0 79
6791 0 79
6792 0 79
6793 0 79
6794 0 80
6795 0 79
6796 0 80
6797 0 79
6798 0 79
6799 0 80
6800 0 80
6801 0 79
6802 0 79
6803 0 79
6804 0 80
6805 0 79
6806 0 80
6807 0 79
6808 0 80
6809 0 80
6810 0 80
6811 0 79
6812 0 79
6813 0 80
6814 0 80
6815 0 78
6816 0 79
6817 0 80
6818 0 79
6819 0 80
6820 0 80
6821 0 78
6822 0 79
6823 0 80
6824 0 79
6825 0 78
6826 0 79
6827 0 78
6828 0 78
6829 0 78
6830 0 78
6831 0 80
6832 0 79
6833 0 80
6834 0 79
6835 0 80
6836 0 80
6837 0 80
6838 0 79
6839 0 80
6840 0 80
6841 0 80
6842 0 79
6843 0 80
6844 0 79
6845 0 80
6846 0 80
6847 0 80
6848 0 79
6849 0 79
6850 0 79
6851 0 79
6852 0 78
6853 0 79
6854 0 80
6855 0 79
6856 0 78
6857 0 79
6858 0 78
6859 0 79
6860 0 78
6861 0 79
6862 0 78
6863 0 78
6864 0 78
6865 0 78
6866 0 78
6867 0 80
6868 0 80
6869 0 80
6870 0 79
6871 0 80
6872 0 80
6873 0 80
6874 0 79
6875 0 80
6876 0 79
6877 0 79
6878 0 79
6879 0 79
6880 0 80
6881 0 79
6882 0 80
6883 0 79
6884 0 79
6885 0 79
6886 0 79
6887 0 79
6888 0 80
6889 0 80
6890 0 80
6891 0 80
6892 0 80
6893 0 80
6894 0 80
6895 0 79
6896 0 80
6897 0 79
6898 0 79
6899 0 79
6900 0 79
6901 0 80
6902 0 79
6903 0 80
6904 0 79
6905 0 79
6906 0 80
6907 0 80
6908 0 79
6909 0 79
6910 0 79
6911 0 80
6912 0 79
6913 0 80
6914 0 79
6915 0 80
6916 0 80
6917 0 80
6918 0 79
6919 0 79
6920 0 80
6921 0 80
6922 0 78
6923 0 79
6924 0 80
6925 0 79
6926 0 80
6927 0 80
6928 0 78
6929 0 79
6930 0 80
6931 0 79
6932 0 78
6933 0 79
6934 0 78
6935 0 78
6936 0 78
6937 0 78
6938 0 80
6939 0 79
6940 0 80
6941 0 79
6942 0 79
6943 0 79
6944 0 79
6945 0 79
6946 0 79
6947 0 79
6948 0 80
6949 0 79
6950 0 80
6951 0 79
6952 0 79
6953 0 79
6954 0 79
6955 0 79
6956 0 79
6957 0 79
6958 0 79
6959 0 78
6960 0 79
6961 0 80
6962 0 79
6963 0 78
6964 0 79
6965 0 78
6966 0 79
6967 0 78
6968 0 79
6969 0 78
6970 0 78
6971 0 78
6972 0 78
6973 0 78
6974 0 79
6975 0 80
6976 0 80
6977 0 78
6978 0 79
6979 0 80
6980 0 79
6981 0 78
6982 0 79
6983 0 78
6984 0 78
6985 0 78
6986 0 78
6987 0 80
6988 0 80
6989 0 80
6990 0 80
6991 0 79
6992 0 79
6993 0 79
6994 0 79
6995 0 79
6996 0 79
6997 0 80
6998 0 80
6999 0 80
7000 0 80
7001 0 79
7002 0 79
7003 0 79
7004 0 79
7005 0 79
7006 0 79
7007 0 79
7008 0 78
7009 0 79
7010 0 80
7011 0 79
7012 0 78
7013 0 79
7014 0 78
7015 0 79
7016 0 78
7017 0 79
7018 0 78
7019 0 78
7020 0 78
7021 0 78
7022 0 78
7023 0 79
7024 0 79
7025 0 79
7026 0 79
7027 0 80
7028 0 79
7029 0 79
7030 0 79
7031 0 79
7032 0 79
7033 0 78
7034 0 78
7035 0 78
7036 0 79
7037 0 79
7038 0 79
7039 0 79
7040 0 78
7041 0 78
7042 0 78
7043 0 78
7044 0 79
7045 0 79
7046 0 79
7047 0 79
7048 0 80
7049 0 79
7050 0 79
7051 0 79
7052 0 79
7053 0 79
7054 0 78
7055 0 78
7056 0 78
7057 0 79
7058 0 79
7059 0 79
7060 0 79
7061 0 80
7062 0 79
7063 0 79
7064 0 79
7065 0 79
7066 0 79
7067 0 78
7068 0 78
7069 0 78
7070 0 79
7071 0 79
7072 0 79
7073 0 79
7074 0 78
7075 0 78
7076 0 78
7077 0 78
7078 0 79
7079 0 79
7080 0 79
7081 0 79
7082 0 80
7083 0 79
7084 0 79
7085 0 79
7086 0 79
7087 0 79
7088 0 78
7089 0 78
7090 0 78
7091 0 79
7092 0 79
7093 0 79
7094 0 79
7095 0 78
7096 0 78
7097 0 78
7098 0 78
7099 0 78
7100 0 78
7101 0 80
7102 0 79
7103 0 80
7104 0 79
7105 0 78
7106 0 78
7107 0 78
7108 0 78
7109 0 79
7110 0 79
7111 0 79
7112 0 78
7113 0 79
7114 0 79
7115 0 79
7116 0 79
7117 0 79
7118 0 78
7119 0 79
7120 0 79
7121 0 79
7122 0 78
7123 0 79
7124 0 78
7125 0 78
7126 0 78
7127 0 78
