0 0 16
1 0 16
2 0 16
3 0 16
4 0 16
5 0 15
6 0 16
7 0 16
8 0 15
9 0 15
10 0 16
11 0 16
12 0 16
13 0 16
14 0 16
15 0 15
16 0 16
17 0 16
18 0 15
19 0 15
20 0 15
21 0 16
22 0 16
23 0 15
24 0 15
25 0 15
26 0 16
27 0 15
28 0 15
29 0 16
30 0 15
31 0 15
32 0 15
33 0 15
34 0 16
35 0 16
36 0 15
37 0 15
38 0 15
39 0 16
40 0 16
41 0 15
42 0 15
43 0 15
44 0 15
45 0 15
46 0 15
47 0 15
48 0 15
49 0 15
50 0 15
51 0 15
52 0 16
53 0 16
54 0 16
55 0 16
56 0 16
57 0 15
58 0 16
59 0 16
60 0 15
61 0 15
62 0 16
63 0 16
64 0 16
65 0 16
66 0 16
67 0 15
68 0 16
69 0 16
70 0 16
71 0 16
72 0 15
73 0 16
74 0 16
75 0 16
76 0 16
77 0 15
78 0 16
79 0 15
80 0 15
81 0 16
82 0 15
83 0 15
84 0 15
85 0 15
86 0 16
87 0 16
88 0 15
89 0 15
90 0 15
91 0 16
92 0 16
93 0 15
94 0 15
95 0 16
96 0 16
97 0 16
98 0 15
99 0 15
100 0 15
101 0 15
102 0 15
103 0 15
104 0 16
105 0 16
106 0 16
107 0 15
108 0 15
109 0 14
110 0 16
111 0 16
112 0 15
113 0 15
114 0 15
115 0 16
116 0 16
117 0 15
118 0 15
119 0 16
120 0 16
121 0 16
122 0 15
123 0 15
124 0 15
125 0 15
126 0 15
127 0 15
128 0 15
129 0 15
130 0 15
131 0 15
132 0 15
133 0 14
134 0 16
135 0 16
136 0 14
137 0 14
138 0 15
139 0 15
140 0 15
141 0 15
142 0 15
143 0 14
144 0 15
145 0 15
146 0 15
147 0 15
148 0 15
149 0 14
150 0 16
151 0 16
152 0 14
153 0 14
154 0 15
155 0 15
156 0 15
157 0 15
158 0 15
159 0 14
160 0 15
161 0 15
162 0 14
163 0 14
164 0 14
165 0 15
166 0 15
167 0 14
168 0 14
169 0 15
170 0 15
171 0 15
172 0 15
173 0 15
174 0 15
175 0 15
176 0 15
177 0 14
178 0 16
179 0 16
180 0 15
181 0 15
182 0 15
183 0 16
184 0 16
185 0 15
186 0 15
187 0 16
188 0 16
189 0 16
190 0 15
191 0 15
192 0 15
193 0 15
194 0 15
195 0 15
196 0 16
197 0 16
198 0 16
199 0 15
200 0 15
201 0 14
202 0 16
203 0 16
204 0 15
205 0 15
206 0 15
207 0 16
208 0 16
209 0 15
210 0 15
211 0 16
212 0 16
213 0 16
214 0 15
215 0 15
216 0 15
217 0 15
218 0 15
219 0 15
220 0 15
221 0 15
222 0 15
223 0 15
224 0 15
225 0 14
226 0 15
227 0 15
228 0 14
229 0 14
230 0 15
231 0 15
232 0 15
233 0 15
234 0 15
235 0 14
236 0 15
237 0 15
238 0 14
239 0 14
240 0 14
241 0 15
242 0 15
243 0 14
244 0 14
245 0 15
246 0 15
247 0 14
248 0 14
249 0 14
250 0 15
251 0 15
252 0 14
253 0 14
254 0 14
255 0 14
256 0 14
257 0 15
258 0 15
259 0 15
260 0 15
261 0 14
262 0 14
263 0 16
264 0 16
265 0 16
266 0 16
267 0 16
268 0 15
269 0 16
270 0 16
271 0 15
272 0 15
273 0 16
274 0 16
275 0 16
276 0 16
277 0 16
278 0 15
279 0 16
280 0 16
281 0 15
282 0 15
283 0 15
284 0 16
285 0 16
286 0 15
287 0 15
288 0 15
289 0 16
290 0 15
291 0 15
292 0 16
293 0 15
294 0 15
295 0 15
296 0 15
297 0 16
298 0 16
299 0 15
300 0 15
301 0 15
302 0 16
303 0 16
304 0 15
305 0 15
306 0 15
307 0 15
308 0 15
309 0 15
310 0 15
311 0 15
312 0 15
313 0 15
314 0 15
315 0 16
316 0 16
317 0 16
318 0 16
319 0 16
320 0 15
321 0 16
322 0 16
323 0 15
324 0 15
325 0 16
326 0 16
327 0 16
328 0 16
329 0 16
330 0 15
331 0 16
332 0 16
333 0 16
334 0 16
335 0 15
336 0 16
337 0 16
338 0 16
339 0 16
340 0 15
341 0 16
342 0 15
343 0 15
344 0 16
345 0 15
346 0 15
347 0 15
348 0 15
349 0 16
350 0 16
351 0 15
352 0 15
353 0 15
354 0 16
355 0 16
356 0 15
357 0 15
358 0 16
359 0 16
360 0 16
361 0 16
362 0 16
363 0 16
364 0 16
365 0 15
366 0 15
367 0 16
368 0 16
369 0 16
370 0 15
371 0 15
372 0 14
373 0 16
374 0 16
375 0 15
376 0 15
377 0 15
378 0 16
379 0 16
380 0 15
381 0 15
382 0 16
383 0 16
384 0 16
385 0 16
386 0 16
387 0 16
388 0 16
389 0 15
390 0 15
391 0 15
392 0 15
393 0 15
394 0 15
395 0 15
396 0 14
397 0 16
398 0 16
399 0 14
400 0 14
401 0 15
402 0 15
403 0 15
404 0 15
405 0 15
406 0 14
407 0 15
408 0 15
409 0 15
410 0 15
411 0 15
412 0 14
413 0 16
414 0 16
415 0 14
416 0 14
417 0 15
418 0 15
419 0 15
420 0 15
421 0 15
422 0 14
423 0 15
424 0 15
425 0 14
426 0 14
427 0 14
428 0 15
429 0 15
430 0 14
431 0 14
432 0 15
433 0 15
434 0 15
435 0 15
436 0 15
437 0 15
438 0 15
439 0 15
440 0 14
441 0 16
442 0 16
443 0 15
444 0 15
445 0 15
446 0 16
447 0 16
448 0 15
449 0 15
450 0 16
451 0 16
452 0 16
453 0 15
454 0 15
455 0 15
456 0 15
457 0 15
458 0 15
459 0 16
460 0 16
461 0 16
462 0 15
463 0 15
464 0 14
465 0 16
466 0 16
467 0 15
468 0 15
469 0 15
470 0 16
471 0 16
472 0 15
473 0 15
474 0 16
475 0 16
476 0 16
477 0 15
478 0 15
479 0 15
480 0 15
481 0 15
482 0 15
483 0 16
484 0 16
485 0 16
486 0 16
487 0 16
488 0 15
489 0 16
490 0 16
491 0 15
492 0 15
493 0 16
494 0 16
495 0 16
496 0 16
497 0 16
498 0 15
499 0 15
500 0 15
501 0 15
502 0 15
503 0 14
504 0 15
505 0 15
506 0 15
507 0 15
508 0 15
509 0 15
510 0 15
511 0 15
512 0 14
513 0 15
514 0 15
515 0 15
516 0 15
517 0 15
518 0 15
519 0 15
520 0 15
521 0 15
522 0 15
523 0 15
524 0 15
525 0 15
526 0 16
527 0 16
528 0 16
529 0 16
530 0 16
531 0 15
532 0 16
533 0 16
534 0 15
535 0 15
536 0 16
537 0 16
538 0 16
539 0 16
540 0 16
541 0 15
542 0 15
543 0 15
544 0 14
545 0 14
546 0 14
547 0 15
548 0 15
549 0 14
550 0 14
551 0 15
552 0 15
553 0 15
554 0 15
555 0 15
556 0 15
557 0 14
558 0 14
559 0 13
560 0 16
561 0 16
562 0 15
563 0 15
564 0 15
565 0 16
566 0 16
567 0 15
568 0 15
569 0 16
570 0 16
571 0 16
572 0 15
573 0 15
574 0 15
575 0 15
576 0 15
577 0 15
578 0 16
579 0 16
580 0 16
581 0 15
582 0 15
583 0 14
584 0 16
585 0 16
586 0 15
587 0 15
588 0 15
589 0 16
590 0 16
591 0 15
592 0 15
593 0 16
594 0 16
595 0 16
596 0 15
597 0 15
598 0 15
599 0 15
600 0 15
601 0 15
602 0 16
603 0 16
604 0 16
605 0 16
606 0 16
607 0 15
608 0 16
609 0 16
610 0 15
611 0 15
612 0 16
613 0 16
614 0 16
615 0 16
616 0 16
617 0 15
618 0 15
619 0 15
620 0 15
621 0 15
622 0 14
623 0 15
624 0 15
625 0 15
626 0 15
627 0 15
628 0 15
629 0 15
630 0 15
631 0 14
632 0 15
633 0 15
634 0 15
635 0 15
636 0 15
637 0 15
638 0 15
639 0 15
640 0 15
641 0 15
642 0 15
643 0 15
644 0 15
645 0 15
646 0 15
647 0 16
648 0 15
649 0 15
650 0 14
651 0 15
652 0 15
653 0 14
654 0 14
655 0 15
656 0 15
657 0 16
658 0 15
659 0 15
660 0 14
661 0 15
662 0 15
663 0 15
664 0 15
665 0 14
666 0 15
667 0 15
668 0 15
669 0 15
670 0 15
671 0 15
672 0 15
673 0 15
674 0 15
675 0 15
676 0 14
677 0 14
678 0 13
679 0 16
680 0 16
681 0 15
682 0 15
683 0 15
684 0 16
685 0 16
686 0 15
687 0 15
688 0 14
689 0 14
690 0 15
691 0 14
692 0 14
693 0 14
694 0 14
695 0 13
696 0 13
697 0 15
698 0 15
699 0 16
700 0 15
701 0 15
702 0 14
703 0 15
704 0 15
705 0 14
706 0 14
707 0 15
708 0 15
709 0 16
710 0 15
711 0 15
712 0 14
713 0 15
714 0 15
715 0 15
716 0 15
717 0 14
718 0 15
719 0 15
720 0 15
721 0 15
722 0 15
723 0 15
724 0 15
725 0 15
726 0 15
727 0 15
728 0 14
729 0 14
730 0 13
731 0 15
732 0 15
733 0 16
734 0 15
735 0 15
736 0 14
737 0 15
738 0 15
739 0 14
740 0 14
741 0 15
742 0 15
743 0 16
744 0 15
745 0 15
746 0 14
747 0 15
748 0 15
749 0 15
750 0 15
751 0 14
752 0 15
753 0 15
754 0 15
755 0 15
756 0 15
757 0 15
758 0 15
759 0 15
760 0 15
761 0 15
762 0 14
763 0 14
764 0 13
765 0 16
766 0 16
767 0 15
768 0 15
769 0 15
770 0 16
771 0 16
772 0 15
773 0 15
774 0 14
775 0 14
776 0 15
777 0 14
778 0 14
779 0 14
780 0 14
781 0 13
782 0 13
783 0 15
784 0 15
785 0 16
786 0 15
787 0 15
788 0 14
789 0 15
790 0 15
791 0 14
792 0 14
793 0 15
794 0 15
795 0 16
796 0 15
797 0 15
798 0 14
799 0 15
800 0 15
801 0 15
802 0 15
803 0 14
804 0 15
805 0 15
806 0 15
807 0 15
808 0 15
809 0 15
810 0 15
811 0 15
812 0 15
813 0 15
814 0 14
815 0 14
816 0 13
817 0 15
818 0 15
819 0 14
820 0 14
821 0 14
822 0 15
823 0 15
824 0 14
825 0 14
826 0 15
827 0 15
828 0 15
829 0 14
830 0 14
831 0 14
832 0 14
833 0 14
834 0 14
835 0 15
836 0 15
837 0 15
838 0 14
839 0 14
840 0 13
841 0 15
842 0 15
843 0 14
844 0 14
845 0 14
846 0 15
847 0 15
848 0 14
849 0 14
850 0 15
851 0 15
852 0 15
853 0 14
854 0 14
855 0 14
856 0 14
857 0 14
858 0 14
859 0 15
860 0 15
861 0 15
862 0 15
863 0 15
864 0 14
865 0 15
866 0 15
867 0 14
868 0 14
869 0 15
870 0 15
871 0 15
872 0 15
873 0 15
874 0 14
875 0 15
876 0 15
877 0 15
878 0 15
879 0 15
880 0 14
881 0 15
882 0 15
883 0 14
884 0 14
885 0 15
886 0 15
887 0 15
888 0 15
889 0 15
890 0 14
891 0 15
892 0 15
893 0 13
894 0 13
895 0 14
896 0 15
897 0 15
898 0 13
899 0 13
900 0 15
901 0 15
902 0 15
903 0 15
904 0 15
905 0 15
906 0 14
907 0 14
908 0 14
909 0 16
910 0 16
911 0 16
912 0 16
913 0 15
914 0 16
915 0 16
916 0 16
917 0 16
918 0 16
919 0 16
920 0 16
921 0 15
922 0 15
923 0 15
924 0 15
925 0 15
926 0 15
927 0 16
928 0 16
929 0 16
930 0 15
931 0 15
932 0 14
933 0 16
934 0 16
935 0 16
936 0 16
937 0 15
938 0 16
939 0 16
940 0 16
941 0 16
942 0 16
943 0 16
944 0 16
945 0 15
946 0 15
947 0 15
948 0 15
949 0 15
950 0 15
951 0 16
952 0 16
953 0 16
954 0 16
955 0 16
956 0 15
957 0 16
958 0 16
959 0 15
960 0 15
961 0 16
962 0 16
963 0 16
964 0 16
965 0 16
966 0 15
967 0 15
968 0 15
969 0 15
970 0 15
971 0 14
972 0 15
973 0 15
974 0 15
975 0 15
976 0 15
977 0 15
978 0 15
979 0 15
980 0 14
981 0 15
982 0 15
983 0 15
984 0 15
985 0 15
986 0 15
987 0 15
988 0 15
989 0 15
990 0 15
991 0 15
992 0 15
993 0 15
994 0 16
995 0 16
996 0 16
997 0 16
998 0 16
999 0 15
1000 0 16
1001 0 16
1002 0 15
1003 0 15
1004 0 16
1005 0 16
1006 0 16
1007 0 16
1008 0 16
1009 0 15
1010 0 15
1011 0 15
1012 0 15
1013 0 15
1014 0 14
1015 0 15
1016 0 15
1017 0 15
1018 0 15
1019 0 15
1020 0 15
1021 0 15
1022 0 15
1023 0 15
1024 0 15
1025 0 14
1026 0 14
1027 0 13
1028 0 16
1029 0 16
1030 0 16
1031 0 16
1032 0 15
1033 0 16
1034 0 16
1035 0 16
1036 0 16
1037 0 16
1038 0 16
1039 0 16
1040 0 15
1041 0 15
1042 0 15
1043 0 15
1044 0 15
1045 0 15
1046 0 16
1047 0 16
1048 0 16
1049 0 15
1050 0 15
1051 0 14
1052 0 16
1053 0 16
1054 0 16
1055 0 16
1056 0 15
1057 0 16
1058 0 16
1059 0 16
1060 0 16
1061 0 16
1062 0 16
1063 0 16
1064 0 15
1065 0 15
1066 0 15
1067 0 15
1068 0 15
1069 0 15
1070 0 16
1071 0 16
1072 0 16
1073 0 16
1074 0 16
1075 0 15
1076 0 16
1077 0 16
1078 0 15
1079 0 15
1080 0 16
1081 0 16
1082 0 16
1083 0 16
1084 0 16
1085 0 15
1086 0 15
1087 0 15
1088 0 15
1089 0 15
1090 0 14
1091 0 15
1092 0 15
1093 0 15
1094 0 15
1095 0 15
1096 0 15
1097 0 15
1098 0 15
1099 0 14
1100 0 15
1101 0 15
1102 0 15
1103 0 15
1104 0 15
1105 0 15
1106 0 15
1107 0 15
1108 0 15
1109 0 15
1110 0 15
1111 0 15
1112 0 15
1113 0 15
1114 0 15
1115 0 15
1116 0 15
1117 0 15
1118 0 14
1119 0 15
1120 0 15
1121 0 14
1122 0 14
1123 0 15
1124 0 15
1125 0 15
1126 0 15
1127 0 15
1128 0 14
1129 0 15
1130 0 15
1131 0 14
1132 0 14
1133 0 14
1134 0 15
1135 0 15
1136 0 14
1137 0 14
1138 0 14
1139 0 15
1140 0 14
1141 0 14
1142 0 15
1143 0 14
1144 0 14
1145 0 14
1146 0 14
1147 0 15
1148 0 15
1149 0 14
1150 0 14
1151 0 14
1152 0 15
1153 0 15
1154 0 14
1155 0 14
1156 0 14
1157 0 14
1158 0 14
1159 0 14
1160 0 14
1161 0 14
1162 0 14
1163 0 14
1164 0 14
1165 0 15
1166 0 15
1167 0 15
1168 0 15
1169 0 15
1170 0 14
1171 0 15
1172 0 15
1173 0 14
1174 0 14
1175 0 15
1176 0 15
1177 0 15
1178 0 15
1179 0 15
1180 0 14
1181 0 15
1182 0 15
1183 0 15
1184 0 15
1185 0 14
1186 0 15
1187 0 15
1188 0 15
1189 0 15
1190 0 14
1191 0 15
1192 0 14
1193 0 14
1194 0 15
1195 0 14
1196 0 14
1197 0 14
1198 0 14
1199 0 15
1200 0 15
1201 0 14
1202 0 14
1203 0 14
1204 0 15
1205 0 15
1206 0 14
1207 0 14
1208 0 15
1209 0 15
1210 0 15
1211 0 14
1212 0 14
1213 0 14
1214 0 14
1215 0 14
1216 0 14
1217 0 15
1218 0 15
1219 0 15
1220 0 14
1221 0 14
1222 0 13
1223 0 15
1224 0 15
1225 0 14
1226 0 14
1227 0 14
1228 0 15
1229 0 15
1230 0 14
1231 0 14
1232 0 15
1233 0 15
1234 0 15
1235 0 14
1236 0 14
1237 0 14
1238 0 14
1239 0 14
1240 0 14
1241 0 15
1242 0 15
1243 0 14
1244 0 14
1245 0 14
1246 0 15
1247 0 15
1248 0 14
1249 0 14
1250 0 15
1251 0 15
1252 0 15
1253 0 14
1254 0 14
1255 0 14
1256 0 14
1257 0 14
1258 0 14
1259 0 15
1260 0 15
1261 0 15
1262 0 14
1263 0 14
1264 0 13
1265 0 15
1266 0 15
1267 0 14
1268 0 14
1269 0 14
1270 0 15
1271 0 15
1272 0 14
1273 0 14
1274 0 15
1275 0 15
1276 0 15
1277 0 14
1278 0 14
1279 0 14
1280 0 14
1281 0 14
1282 0 14
1283 0 14
1284 0 14
1285 0 14
1286 0 14
1287 0 14
1288 0 13
1289 0 14
1290 0 14
1291 0 13
1292 0 13
1293 0 14
1294 0 14
1295 0 14
1296 0 14
1297 0 14
1298 0 13
1299 0 15
1300 0 15
1301 0 13
1302 0 13
1303 0 14
1304 0 15
1305 0 15
1306 0 13
1307 0 13
1308 0 15
1309 0 15
1310 0 13
1311 0 13
1312 0 14
1313 0 15
1314 0 15
1315 0 13
1316 0 13
1317 0 13
1318 0 13
1319 0 13
1320 0 14
1321 0 14
1322 0 14
1323 0 14
1324 0 14
1325 0 14
1326 0 16
1327 0 16
1328 0 16
1329 0 16
1330 0 16
1331 0 15
1332 0 16
1333 0 16
1334 0 15
1335 0 15
1336 0 16
1337 0 16
1338 0 16
1339 0 16
1340 0 16
1341 0 15
1342 0 16
1343 0 16
1344 0 15
1345 0 15
1346 0 15
1347 0 16
1348 0 16
1349 0 15
1350 0 15
1351 0 15
1352 0 16
1353 0 15
1354 0 15
1355 0 16
1356 0 15
1357 0 15
1358 0 15
1359 0 15
1360 0 16
1361 0 16
1362 0 15
1363 0 15
1364 0 15
1365 0 16
1366 0 16
1367 0 15
1368 0 15
1369 0 15
1370 0 15
1371 0 15
1372 0 15
1373 0 15
1374 0 15
1375 0 15
1376 0 15
1377 0 15
1378 0 16
1379 0 16
1380 0 16
1381 0 16
1382 0 16
1383 0 15
1384 0 16
1385 0 16
1386 0 15
1387 0 15
1388 0 16
1389 0 16
1390 0 16
1391 0 16
1392 0 16
1393 0 15
1394 0 16
1395 0 16
1396 0 16
1397 0 16
1398 0 15
1399 0 16
1400 0 16
1401 0 16
1402 0 16
1403 0 15
1404 0 16
1405 0 15
1406 0 15
1407 0 16
1408 0 15
1409 0 15
1410 0 15
1411 0 15
1412 0 16
1413 0 16
1414 0 15
1415 0 15
1416 0 15
1417 0 16
1418 0 16
1419 0 15
1420 0 15
1421 0 16
1422 0 16
1423 0 16
1424 0 15
1425 0 15
1426 0 15
1427 0 15
1428 0 15
1429 0 15
1430 0 16
1431 0 16
1432 0 16
1433 0 15
1434 0 15
1435 0 14
1436 0 16
1437 0 16
1438 0 15
1439 0 15
1440 0 15
1441 0 16
1442 0 16
1443 0 15
1444 0 15
1445 0 16
1446 0 16
1447 0 16
1448 0 15
1449 0 15
1450 0 15
1451 0 15
1452 0 15
1453 0 15
1454 0 15
1455 0 15
1456 0 15
1457 0 15
1458 0 15
1459 0 14
1460 0 16
1461 0 16
1462 0 14
1463 0 14
1464 0 15
1465 0 15
1466 0 15
1467 0 15
1468 0 15
1469 0 14
1470 0 15
1471 0 15
1472 0 15
1473 0 15
1474 0 15
1475 0 14
1476 0 16
1477 0 16
1478 0 14
1479 0 14
1480 0 15
1481 0 15
1482 0 15
1483 0 15
1484 0 15
1485 0 14
1486 0 15
1487 0 15
1488 0 14
1489 0 14
1490 0 14
1491 0 15
1492 0 15
1493 0 14
1494 0 14
1495 0 15
1496 0 15
1497 0 15
1498 0 15
1499 0 15
1500 0 15
1501 0 15
1502 0 15
1503 0 14
1504 0 16
1505 0 16
1506 0 15
1507 0 15
1508 0 15
1509 0 16
1510 0 16
1511 0 15
1512 0 15
1513 0 16
1514 0 16
1515 0 16
1516 0 15
1517 0 15
1518 0 15
1519 0 15
1520 0 15
1521 0 15
1522 0 16
1523 0 16
1524 0 16
1525 0 15
1526 0 15
1527 0 14
1528 0 16
1529 0 16
1530 0 15
1531 0 15
1532 0 15
1533 0 16
1534 0 16
1535 0 15
1536 0 15
1537 0 16
1538 0 16
1539 0 16
1540 0 15
1541 0 15
1542 0 15
1543 0 15
1544 0 15
1545 0 15
1546 0 15
1547 0 15
1548 0 15
1549 0 15
1550 0 15
1551 0 14
1552 0 15
1553 0 15
1554 0 14
1555 0 14
1556 0 15
1557 0 15
1558 0 15
1559 0 15
1560 0 15
1561 0 14
1562 0 15
1563 0 15
1564 0 14
1565 0 14
1566 0 14
1567 0 15
1568 0 15
1569 0 14
1570 0 14
1571 0 15
1572 0 15
1573 0 14
1574 0 14
1575 0 14
1576 0 15
1577 0 15
1578 0 14
1579 0 14
1580 0 14
1581 0 14
1582 0 14
1583 0 15
1584 0 15
1585 0 15
1586 0 15
1587 0 14
1588 0 14
1589 0 16
1590 0 16
1591 0 16
1592 0 16
1593 0 16
1594 0 15
1595 0 16
1596 0 16
1597 0 15
1598 0 15
1599 0 16
1600 0 16
1601 0 16
1602 0 16
1603 0 16
1604 0 15
1605 0 16
1606 0 16
1607 0 15
1608 0 15
1609 0 15
1610 0 16
1611 0 16
1612 0 15
1613 0 15
1614 0 15
1615 0 16
1616 0 15
1617 0 15
1618 0 16
1619 0 15
1620 0 15
1621 0 15
1622 0 15
1623 0 16
1624 0 16
1625 0 15
1626 0 15
1627 0 15
1628 0 16
1629 0 16
1630 0 15
1631 0 15
1632 0 15
1633 0 15
1634 0 15
1635 0 15
1636 0 15
1637 0 15
1638 0 15
1639 0 15
1640 0 15
1641 0 16
1642 0 16
1643 0 16
1644 0 16
1645 0 16
1646 0 15
1647 0 16
1648 0 16
1649 0 15
1650 0 15
1651 0 16
1652 0 16
1653 0 16
1654 0 16
1655 0 16
1656 0 15
1657 0 16
1658 0 16
1659 0 16
1660 0 16
1661 0 15
1662 0 16
1663 0 16
1664 0 16
1665 0 16
1666 0 15
1667 0 16
1668 0 15
1669 0 15
1670 0 16
1671 0 15
1672 0 15
1673 0 15
1674 0 15
1675 0 16
1676 0 16
1677 0 15
1678 0 15
1679 0 15
1680 0 16
1681 0 16
1682 0 15
1683 0 15
1684 0 16
1685 0 16
1686 0 16
1687 0 16
1688 0 16
1689 0 16
1690 0 16
1691 0 15
1692 0 15
1693 0 16
1694 0 16
1695 0 16
1696 0 15
1697 0 15
1698 0 14
1699 0 16
1700 0 16
1701 0 15
1702 0 15
1703 0 15
1704 0 16
1705 0 16
1706 0 15
1707 0 15
1708 0 16
1709 0 16
1710 0 16
1711 0 16
1712 0 16
1713 0 16
1714 0 16
1715 0 15
1716 0 15
1717 0 15
1718 0 15
1719 0 15
1720 0 15
1721 0 15
1722 0 14
1723 0 16
1724 0 16
1725 0 14
1726 0 14
1727 0 15
1728 0 15
1729 0 15
1730 0 15
1731 0 15
1732 0 14
1733 0 15
1734 0 15
1735 0 15
1736 0 15
1737 0 15
1738 0 14
1739 0 16
1740 0 16
1741 0 14
1742 0 14
1743 0 15
1744 0 15
1745 0 15
1746 0 15
1747 0 15
1748 0 14
1749 0 15
1750 0 15
1751 0 14
1752 0 14
1753 0 14
1754 0 15
1755 0 15
1756 0 14
1757 0 14
1758 0 15
1759 0 15
1760 0 15
1761 0 15
1762 0 15
1763 0 15
1764 0 15
1765 0 15
1766 0 14
1767 0 16
1768 0 16
1769 0 15
1770 0 15
1771 0 15
1772 0 16
1773 0 16
1774 0 15
1775 0 15
1776 0 16
1777 0 16
1778 0 16
1779 0 15
1780 0 15
1781 0 15
1782 0 15
1783 0 15
1784 0 15
1785 0 16
1786 0 16
1787 0 16
1788 0 15
1789 0 15
1790 0 14
1791 0 16
1792 0 16
1793 0 15
1794 0 15
1795 0 15
1796 0 16
1797 0 16
1798 0 15
1799 0 15
1800 0 16
1801 0 16
1802 0 16
1803 0 15
1804 0 15
1805 0 15
1806 0 15
1807 0 15
1808 0 15
1809 0 16
1810 0 16
1811 0 16
1812 0 16
1813 0 16
1814 0 15
1815 0 16
1816 0 16
1817 0 15
1818 0 15
1819 0 16
1820 0 16
1821 0 16
1822 0 16
1823 0 16
1824 0 15
1825 0 16
1826 0 16
1827 0 15
1828 0 15
1829 0 15
1830 0 16
1831 0 16
1832 0 15
1833 0 15
1834 0 16
1835 0 16
1836 0 15
1837 0 15
1838 0 15
1839 0 16
1840 0 16
1841 0 15
1842 0 15
1843 0 15
1844 0 15
1845 0 15
1846 0 15
1847 0 15
1848 0 15
1849 0 15
1850 0 15
1851 0 15
1852 0 16
1853 0 16
1854 0 16
1855 0 16
1856 0 16
1857 0 15
1858 0 16
1859 0 16
1860 0 15
1861 0 15
1862 0 16
1863 0 16
1864 0 16
1865 0 16
1866 0 16
1867 0 15
1868 0 15
1869 0 15
1870 0 14
1871 0 14
1872 0 14
1873 0 15
1874 0 15
1875 0 14
1876 0 14
1877 0 15
1878 0 15
1879 0 15
1880 0 15
1881 0 15
1882 0 15
1883 0 14
1884 0 14
1885 0 13
1886 0 16
1887 0 16
1888 0 15
1889 0 15
1890 0 15
1891 0 16
1892 0 16
1893 0 15
1894 0 15
1895 0 16
1896 0 16
1897 0 16
1898 0 15
1899 0 15
1900 0 15
1901 0 15
1902 0 15
1903 0 15
1904 0 16
1905 0 16
1906 0 16
1907 0 15
1908 0 15
1909 0 14
1910 0 16
1911 0 16
1912 0 15
1913 0 15
1914 0 15
1915 0 16
1916 0 16
1917 0 15
1918 0 15
1919 0 16
1920 0 16
1921 0 16
1922 0 15
1923 0 15
1924 0 15
1925 0 15
1926 0 15
1927 0 15
1928 0 16
1929 0 16
1930 0 16
1931 0 16
1932 0 16
1933 0 15
1934 0 16
1935 0 16
1936 0 15
1937 0 15
1938 0 16
1939 0 16
1940 0 16
1941 0 16
1942 0 16
1943 0 15
1944 0 16
1945 0 16
1946 0 15
1947 0 15
1948 0 15
1949 0 16
1950 0 16
1951 0 15
1952 0 15
1953 0 16
1954 0 16
1955 0 15
1956 0 15
1957 0 15
1958 0 16
1959 0 16
1960 0 15
1961 0 15
1962 0 15
1963 0 15
1964 0 15
1965 0 15
1966 0 15
1967 0 15
1968 0 15
1969 0 15
1970 0 15
1971 0 15
1972 0 15
1973 0 16
1974 0 15
1975 0 15
1976 0 14
1977 0 15
1978 0 15
1979 0 14
1980 0 14
1981 0 15
1982 0 15
1983 0 16
1984 0 15
1985 0 15
1986 0 14
1987 0 15
1988 0 15
1989 0 15
1990 0 15
1991 0 14
1992 0 15
1993 0 15
1994 0 15
1995 0 15
1996 0 15
1997 0 15
1998 0 15
1999 0 15
2000 0 15
2001 0 15
2002 0 14
2003 0 14
2004 0 13
2005 0 16
2006 0 16
2007 0 15
2008 0 15
2009 0 15
2010 0 16
2011 0 16
2012 0 15
2013 0 15
2014 0 14
2015 0 14
2016 0 15
2017 0 14
2018 0 14
2019 0 14
2020 0 14
2021 0 13
2022 0 13
2023 0 15
2024 0 15
2025 0 16
2026 0 15
2027 0 15
2028 0 14
2029 0 15
2030 0 15
2031 0 14
2032 0 14
2033 0 15
2034 0 15
2035 0 16
2036 0 15
2037 0 15
2038 0 14
2039 0 15
2040 0 15
2041 0 15
2042 0 15
2043 0 14
2044 0 15
2045 0 15
2046 0 15
2047 0 15
2048 0 15
2049 0 15
2050 0 15
2051 0 15
2052 0 15
2053 0 15
2054 0 14
2055 0 14
2056 0 13
2057 0 15
2058 0 15
2059 0 16
2060 0 15
2061 0 15
2062 0 14
2063 0 15
2064 0 15
2065 0 14
2066 0 14
2067 0 15
2068 0 15
2069 0 16
2070 0 15
2071 0 15
2072 0 14
2073 0 15
2074 0 15
2075 0 15
2076 0 15
2077 0 14
2078 0 15
2079 0 15
2080 0 15
2081 0 15
2082 0 15
2083 0 15
2084 0 15
2085 0 15
2086 0 15
2087 0 15
2088 0 14
2089 0 14
2090 0 13
2091 0 16
2092 0 16
2093 0 15
2094 0 15
2095 0 15
2096 0 16
2097 0 16
2098 0 15
2099 0 15
2100 0 14
2101 0 14
2102 0 15
2103 0 14
2104 0 14
2105 0 14
2106 0 14
2107 0 13
2108 0 13
2109 0 15
2110 0 15
2111 0 16
2112 0 15
2113 0 15
2114 0 14
2115 0 15
2116 0 15
2117 0 14
2118 0 14
2119 0 15
2120 0 15
2121 0 16
2122 0 15
2123 0 15
2124 0 14
2125 0 15
2126 0 15
2127 0 15
2128 0 15
2129 0 14
2130 0 15
2131 0 15
2132 0 15
2133 0 15
2134 0 15
2135 0 15
2136 0 15
2137 0 15
2138 0 15
2139 0 15
2140 0 14
2141 0 14
2142 0 13
2143 0 15
2144 0 15
2145 0 14
2146 0 14
2147 0 14
2148 0 15
2149 0 15
2150 0 14
2151 0 14
2152 0 15
2153 0 15
2154 0 15
2155 0 14
2156 0 14
2157 0 14
2158 0 14
2159 0 14
2160 0 14
2161 0 15
2162 0 15
2163 0 15
2164 0 14
2165 0 14
2166 0 13
2167 0 15
2168 0 15
2169 0 14
2170 0 14
2171 0 14
2172 0 15
2173 0 15
2174 0 14
2175 0 14
2176 0 15
2177 0 15
2178 0 15
2179 0 14
2180 0 14
2181 0 14
2182 0 14
2183 0 14
2184 0 14
2185 0 15
2186 0 15
2187 0 15
2188 0 15
2189 0 15
2190 0 14
2191 0 15
2192 0 15
2193 0 14
2194 0 14
2195 0 15
2196 0 15
2197 0 15
2198 0 15
2199 0 15
2200 0 14
2201 0 15
2202 0 15
2203 0 15
2204 0 15
2205 0 15
2206 0 14
2207 0 15
2208 0 15
2209 0 14
2210 0 14
2211 0 15
2212 0 15
2213 0 15
2214 0 15
2215 0 15
2216 0 14
2217 0 15
2218 0 15
2219 0 13
2220 0 13
2221 0 14
2222 0 15
2223 0 15
2224 0 13
2225 0 13
2226 0 15
2227 0 15
2228 0 15
2229 0 15
2230 0 15
2231 0 15
2232 0 14
2233 0 14
2234 0 14
2235 0 16
2236 0 16
2237 0 16
2238 0 15
2239 0 16
2240 0 15
2241 0 16
2242 0 16
2243 0 16
2244 0 15
2245 0 16
2246 0 15
2247 0 15
2248 0 16
2249 0 15
2250 0 15
2251 0 15
2252 0 15
2253 0 15
2254 0 15
2255 0 15
2256 0 16
2257 0 15
2258 0 15
2259 0 16
2260 0 15
2261 0 15
2262 0 15
2263 0 15
2264 0 15
2265 0 15
2266 0 16
2267 0 16
2268 0 16
2269 0 15
2270 0 16
2271 0 15
2272 0 16
2273 0 16
2274 0 16
2275 0 15
2276 0 16
2277 0 16
2278 0 15
2279 0 16
2280 0 16
2281 0 15
2282 0 15
2283 0 15
2284 0 15
2285 0 15
2286 0 15
2287 0 16
2288 0 15
2289 0 15
2290 0 16
2291 0 15
2292 0 16
2293 0 16
2294 0 15
2295 0 15
2296 0 15
2297 0 16
2298 0 16
2299 0 15
2300 0 14
2301 0 16
2302 0 15
2303 0 15
2304 0 16
2305 0 15
2306 0 16
2307 0 16
2308 0 15
2309 0 15
2310 0 15
2311 0 15
2312 0 15
2313 0 15
2314 0 14
2315 0 16
2316 0 14
2317 0 15
2318 0 15
2319 0 15
2320 0 14
2321 0 15
2322 0 15
2323 0 15
2324 0 14
2325 0 16
2326 0 14
2327 0 15
2328 0 15
2329 0 15
2330 0 14
2331 0 15
2332 0 14
2333 0 14
2334 0 15
2335 0 14
2336 0 15
2337 0 15
2338 0 15
2339 0 15
2340 0 15
2341 0 14
2342 0 16
2343 0 15
2344 0 15
2345 0 16
2346 0 15
2347 0 16
2348 0 16
2349 0 15
2350 0 15
2351 0 15
2352 0 16
2353 0 16
2354 0 15
2355 0 14
2356 0 16
2357 0 15
2358 0 15
2359 0 16
2360 0 15
2361 0 16
2362 0 16
2363 0 15
2364 0 15
2365 0 15
2366 0 15
2367 0 15
2368 0 15
2369 0 14
2370 0 15
2371 0 14
2372 0 15
2373 0 15
2374 0 15
2375 0 14
2376 0 15
2377 0 14
2378 0 14
2379 0 15
2380 0 14
2381 0 15
2382 0 14
2383 0 14
2384 0 15
2385 0 14
2386 0 14
2387 0 14
2388 0 15
2389 0 15
2390 0 14
2391 0 16
2392 0 16
2393 0 16
2394 0 15
2395 0 16
2396 0 15
2397 0 16
2398 0 16
2399 0 16
2400 0 15
2401 0 16
2402 0 15
2403 0 15
2404 0 16
2405 0 15
2406 0 15
2407 0 15
2408 0 15
2409 0 15
2410 0 15
2411 0 15
2412 0 16
2413 0 15
2414 0 15
2415 0 16
2416 0 15
2417 0 15
2418 0 15
2419 0 15
2420 0 15
2421 0 15
2422 0 16
2423 0 16
2424 0 16
2425 0 15
2426 0 16
2427 0 15
2428 0 16
2429 0 16
2430 0 16
2431 0 15
2432 0 16
2433 0 16
2434 0 15
2435 0 16
2436 0 16
2437 0 15
2438 0 15
2439 0 15
2440 0 15
2441 0 15
2442 0 15
2443 0 16
2444 0 15
2445 0 15
2446 0 16
2447 0 15
2448 0 16
2449 0 16
2450 0 16
2451 0 16
2452 0 15
2453 0 16
2454 0 16
2455 0 15
2456 0 14
2457 0 16
2458 0 15
2459 0 15
2460 0 16
2461 0 15
2462 0 16
2463 0 16
2464 0 16
2465 0 16
2466 0 15
2467 0 15
2468 0 15
2469 0 15
2470 0 14
2471 0 16
2472 0 14
2473 0 15
2474 0 15
2475 0 15
2476 0 14
2477 0 15
2478 0 15
2479 0 15
2480 0 14
2481 0 16
2482 0 14
2483 0 15
2484 0 15
2485 0 15
2486 0 14
2487 0 15
2488 0 14
2489 0 14
2490 0 15
2491 0 14
2492 0 15
2493 0 15
2494 0 15
2495 0 15
2496 0 15
2497 0 14
2498 0 16
2499 0 15
2500 0 15
2501 0 16
2502 0 15
2503 0 16
2504 0 16
2505 0 15
2506 0 15
2507 0 15
2508 0 16
2509 0 16
2510 0 15
2511 0 14
2512 0 16
2513 0 15
2514 0 15
2515 0 16
2516 0 15
2517 0 16
2518 0 16
2519 0 15
2520 0 15
2521 0 15
2522 0 16
2523 0 16
2524 0 16
2525 0 15
2526 0 16
2527 0 15
2528 0 16
2529 0 16
2530 0 16
2531 0 15
2532 0 15
2533 0 15
2534 0 14
2535 0 15
2536 0 15
2537 0 15
2538 0 15
2539 0 14
2540 0 15
2541 0 15
2542 0 15
2543 0 15
2544 0 15
2545 0 15
2546 0 15
2547 0 16
2548 0 16
2549 0 16
2550 0 15
2551 0 16
2552 0 15
2553 0 16
2554 0 16
2555 0 16
2556 0 15
2557 0 15
2558 0 14
2559 0 14
2560 0 15
2561 0 14
2562 0 15
2563 0 15
2564 0 15
2565 0 15
2566 0 14
2567 0 13
2568 0 16
2569 0 15
2570 0 15
2571 0 16
2572 0 15
2573 0 16
2574 0 16
2575 0 15
2576 0 15
2577 0 15
2578 0 16
2579 0 16
2580 0 15
2581 0 14
2582 0 16
2583 0 15
2584 0 15
2585 0 16
2586 0 15
2587 0 16
2588 0 16
2589 0 15
2590 0 15
2591 0 15
2592 0 16
2593 0 16
2594 0 16
2595 0 15
2596 0 16
2597 0 15
2598 0 16
2599 0 16
2600 0 16
2601 0 15
2602 0 15
2603 0 15
2604 0 14
2605 0 15
2606 0 15
2607 0 15
2608 0 15
2609 0 14
2610 0 15
2611 0 15
2612 0 15
2613 0 15
2614 0 15
2615 0 15
2616 0 15
2617 0 15
2618 0 16
2619 0 15
2620 0 14
2621 0 15
2622 0 14
2623 0 15
2624 0 16
2625 0 15
2626 0 14
2627 0 15
2628 0 15
2629 0 14
2630 0 15
2631 0 15
2632 0 15
2633 0 15
2634 0 15
2635 0 15
2636 0 14
2637 0 13
2638 0 16
2639 0 15
2640 0 15
2641 0 16
2642 0 15
2643 0 14
2644 0 15
2645 0 14
2646 0 14
2647 0 13
2648 0 15
2649 0 16
2650 0 15
2651 0 14
2652 0 15
2653 0 14
2654 0 15
2655 0 16
2656 0 15
2657 0 14
2658 0 15
2659 0 15
2660 0 14
2661 0 15
2662 0 15
2663 0 15
2664 0 15
2665 0 15
2666 0 15
2667 0 14
2668 0 13
2669 0 15
2670 0 16
2671 0 15
2672 0 14
2673 0 15
2674 0 14
2675 0 15
2676 0 16
2677 0 15
2678 0 14
2679 0 15
2680 0 15
2681 0 14
2682 0 15
2683 0 15
2684 0 15
2685 0 15
2686 0 15
2687 0 15
2688 0 14
2689 0 13
2690 0 16
2691 0 15
2692 0 15
2693 0 16
2694 0 15
2695 0 14
2696 0 15
2697 0 14
2698 0 14
2699 0 13
2700 0 15
2701 0 16
2702 0 15
2703 0 14
2704 0 15
2705 0 14
2706 0 15
2707 0 16
2708 0 15
2709 0 14
2710 0 15
2711 0 15
2712 0 14
2713 0 15
2714 0 15
2715 0 15
2716 0 15
2717 0 15
2718 0 15
2719 0 14
2720 0 13
2721 0 15
2722 0 14
2723 0 14
2724 0 15
2725 0 14
2726 0 15
2727 0 15
2728 0 14
2729 0 14
2730 0 14
2731 0 15
2732 0 15
2733 0 14
2734 0 13
2735 0 15
2736 0 14
2737 0 14
2738 0 15
2739 0 14
2740 0 15
2741 0 15
2742 0 14
2743 0 14
2744 0 14
2745 0 15
2746 0 15
2747 0 15
2748 0 14
2749 0 15
2750 0 14
2751 0 15
2752 0 15
2753 0 15
2754 0 14
2755 0 15
2756 0 15
2757 0 15
2758 0 14
2759 0 15
2760 0 14
2761 0 15
2762 0 15
2763 0 15
2764 0 14
2765 0 15
2766 0 13
2767 0 14
2768 0 15
2769 0 13
2770 0 15
2771 0 15
2772 0 15
2773 0 15
2774 0 14
2775 0 14
2776 0 16
2777 0 16
2778 0 15
2779 0 16
2780 0 16
2781 0 16
2782 0 16
2783 0 15
2784 0 15
2785 0 15
2786 0 16
2787 0 16
2788 0 15
2789 0 14
2790 0 16
2791 0 16
2792 0 15
2793 0 16
2794 0 16
2795 0 16
2796 0 16
2797 0 15
2798 0 15
2799 0 15
2800 0 16
2801 0 16
2802 0 16
2803 0 15
2804 0 16
2805 0 15
2806 0 16
2807 0 16
2808 0 16
2809 0 15
2810 0 15
2811 0 15
2812 0 14
2813 0 15
2814 0 15
2815 0 15
2816 0 15
2817 0 14
2818 0 15
2819 0 15
2820 0 15
2821 0 15
2822 0 15
2823 0 15
2824 0 15
2825 0 16
2826 0 16
2827 0 16
2828 0 15
2829 0 16
2830 0 15
2831 0 16
2832 0 16
2833 0 16
2834 0 15
2835 0 15
2836 0 15
2837 0 14
2838 0 15
2839 0 15
2840 0 15
2841 0 15
2842 0 15
2843 0 15
2844 0 14
2845 0 13
2846 0 16
2847 0 16
2848 0 15
2849 0 16
2850 0 16
2851 0 16
2852 0 16
2853 0 15
2854 0 15
2855 0 15
2856 0 16
2857 0 16
2858 0 15
2859 0 14
2860 0 16
2861 0 16
2862 0 15
2863 0 16
2864 0 16
2865 0 16
2866 0 16
2867 0 15
2868 0 15
2869 0 15
2870 0 16
2871 0 16
2872 0 16
2873 0 15
2874 0 16
2875 0 15
2876 0 16
2877 0 16
2878 0 16
2879 0 15
2880 0 15
2881 0 15
2882 0 14
2883 0 15
2884 0 15
2885 0 15
2886 0 15
2887 0 14
2888 0 15
2889 0 15
2890 0 15
2891 0 15
2892 0 15
2893 0 15
2894 0 15
2895 0 15
2896 0 15
2897 0 15
2898 0 14
2899 0 15
2900 0 14
2901 0 15
2902 0 15
2903 0 15
2904 0 14
2905 0 15
2906 0 14
2907 0 14
2908 0 15
2909 0 14
2910 0 14
2911 0 14
2912 0 14
2913 0 14
2914 0 14
2915 0 14
2916 0 15
2917 0 14
2918 0 14
2919 0 15
2920 0 14
2921 0 14
2922 0 14
2923 0 14
2924 0 14
2925 0 14
2926 0 15
2927 0 15
2928 0 15
2929 0 14
2930 0 15
2931 0 14
2932 0 15
2933 0 15
2934 0 15
2935 0 14
2936 0 15
2937 0 15
2938 0 14
2939 0 15
2940 0 15
2941 0 14
2942 0 14
2943 0 14
2944 0 14
2945 0 14
2946 0 14
2947 0 15
2948 0 14
2949 0 14
2950 0 15
2951 0 14
2952 0 15
2953 0 15
2954 0 14
2955 0 14
2956 0 14
2957 0 15
2958 0 15
2959 0 14
2960 0 13
2961 0 15
2962 0 14
2963 0 14
2964 0 15
2965 0 14
2966 0 15
2967 0 15
2968 0 14
2969 0 14
2970 0 14
2971 0 15
2972 0 14
2973 0 14
2974 0 15
2975 0 14
2976 0 15
2977 0 15
2978 0 14
2979 0 14
2980 0 14
2981 0 15
2982 0 15
2983 0 14
2984 0 13
2985 0 15
2986 0 14
2987 0 14
2988 0 15
2989 0 14
2990 0 15
2991 0 15
2992 0 14
2993 0 14
2994 0 14
2995 0 14
2996 0 14
2997 0 14
2998 0 13
2999 0 14
3000 0 13
3001 0 14
3002 0 14
3003 0 14
3004 0 13
3005 0 15
3006 0 13
3007 0 14
3008 0 15
3009 0 13
3010 0 15
3011 0 13
3012 0 14
3013 0 15
3014 0 13
3015 0 13
3016 0 13
3017 0 14
3018 0 14
3019 0 14
3020 0 16
3021 0 16
3022 0 16
3023 0 15
3024 0 16
3025 0 15
3026 0 16
3027 0 16
3028 0 16
3029 0 15
3030 0 16
3031 0 15
3032 0 15
3033 0 16
3034 0 15
3035 0 15
3036 0 15
3037 0 15
3038 0 15
3039 0 15
3040 0 15
3041 0 16
3042 0 15
3043 0 15
3044 0 16
3045 0 15
3046 0 15
3047 0 15
3048 0 15
3049 0 15
3050 0 15
3051 0 16
3052 0 16
3053 0 16
3054 0 15
3055 0 16
3056 0 15
3057 0 16
3058 0 16
3059 0 16
3060 0 15
3061 0 16
3062 0 16
3063 0 15
3064 0 16
3065 0 16
3066 0 15
3067 0 15
3068 0 15
3069 0 15
3070 0 15
3071 0 15
3072 0 16
3073 0 15
3074 0 15
3075 0 16
3076 0 15
3077 0 16
3078 0 16
3079 0 15
3080 0 15
3081 0 15
3082 0 16
3083 0 16
3084 0 15
3085 0 14
3086 0 16
3087 0 15
3088 0 15
3089 0 16
3090 0 15
3091 0 16
3092 0 16
3093 0 15
3094 0 15
3095 0 15
3096 0 15
3097 0 15
3098 0 15
3099 0 14
3100 0 16
3101 0 14
3102 0 15
3103 0 15
3104 0 15
3105 0 14
3106 0 15
3107 0 15
3108 0 15
3109 0 14
3110 0 16
3111 0 14
3112 0 15
3113 0 15
3114 0 15
3115 0 14
3116 0 15
3117 0 14
3118 0 14
3119 0 15
3120 0 14
3121 0 15
3122 0 15
3123 0 15
3124 0 15
3125 0 15
3126 0 14
3127 0 16
3128 0 15
3129 0 15
3130 0 16
3131 0 15
3132 0 16
3133 0 16
3134 0 15
3135 0 15
3136 0 15
3137 0 16
3138 0 16
3139 0 15
3140 0 14
3141 0 16
3142 0 15
3143 0 15
3144 0 16
3145 0 15
3146 0 16
3147 0 16
3148 0 15
3149 0 15
3150 0 15
3151 0 15
3152 0 15
3153 0 15
3154 0 14
3155 0 15
3156 0 14
3157 0 15
3158 0 15
3159 0 15
3160 0 14
3161 0 15
3162 0 14
3163 0 14
3164 0 15
3165 0 14
3166 0 15
3167 0 14
3168 0 14
3169 0 15
3170 0 14
3171 0 14
3172 0 14
3173 0 15
3174 0 15
3175 0 14
3176 0 16
3177 0 16
3178 0 16
3179 0 15
3180 0 16
3181 0 15
3182 0 16
3183 0 16
3184 0 16
3185 0 15
3186 0 16
3187 0 15
3188 0 15
3189 0 16
3190 0 15
3191 0 15
3192 0 15
3193 0 15
3194 0 15
3195 0 15
3196 0 15
3197 0 16
3198 0 15
3199 0 15
3200 0 16
3201 0 15
3202 0 15
3203 0 15
3204 0 15
3205 0 15
3206 0 15
3207 0 16
3208 0 16
3209 0 16
3210 0 15
3211 0 16
3212 0 15
3213 0 16
3214 0 16
3215 0 16
3216 0 15
3217 0 16
3218 0 16
3219 0 15
3220 0 16
3221 0 16
3222 0 15
3223 0 15
3224 0 15
3225 0 15
3226 0 15
3227 0 15
3228 0 16
3229 0 15
3230 0 15
3231 0 16
3232 0 15
3233 0 16
3234 0 16
3235 0 16
3236 0 16
3237 0 15
3238 0 16
3239 0 16
3240 0 15
3241 0 14
3242 0 16
3243 0 15
3244 0 15
3245 0 16
3246 0 15
3247 0 16
3248 0 16
3249 0 16
3250 0 16
3251 0 15
3252 0 15
3253 0 15
3254 0 15
3255 0 14
3256 0 16
3257 0 14
3258 0 15
3259 0 15
3260 0 15
3261 0 14
3262 0 15
3263 0 15
3264 0 15
3265 0 14
3266 0 16
3267 0 14
3268 0 15
3269 0 15
3270 0 15
3271 0 14
3272 0 15
3273 0 14
3274 0 14
3275 0 15
3276 0 14
3277 0 15
3278 0 15
3279 0 15
3280 0 15
3281 0 15
3282 0 14
3283 0 16
3284 0 15
3285 0 15
3286 0 16
3287 0 15
3288 0 16
3289 0 16
3290 0 15
3291 0 15
3292 0 15
3293 0 16
3294 0 16
3295 0 15
3296 0 14
3297 0 16
3298 0 15
3299 0 15
3300 0 16
3301 0 15
3302 0 16
3303 0 16
3304 0 15
3305 0 15
3306 0 15
3307 0 16
3308 0 16
3309 0 16
3310 0 15
3311 0 16
3312 0 15
3313 0 16
3314 0 16
3315 0 16
3316 0 15
3317 0 16
3318 0 15
3319 0 15
3320 0 16
3321 0 15
3322 0 16
3323 0 15
3324 0 15
3325 0 16
3326 0 15
3327 0 15
3328 0 15
3329 0 15
3330 0 15
3331 0 15
3332 0 16
3333 0 16
3334 0 16
3335 0 15
3336 0 16
3337 0 15
3338 0 16
3339 0 16
3340 0 16
3341 0 15
3342 0 15
3343 0 14
3344 0 14
3345 0 15
3346 0 14
3347 0 15
3348 0 15
3349 0 15
3350 0 15
3351 0 14
3352 0 13
3353 0 16
3354 0 15
3355 0 15
3356 0 16
3357 0 15
3358 0 16
3359 0 16
3360 0 15
3361 0 15
3362 0 15
3363 0 16
3364 0 16
3365 0 15
3366 0 14
3367 0 16
3368 0 15
3369 0 15
3370 0 16
3371 0 15
3372 0 16
3373 0 16
3374 0 15
3375 0 15
3376 0 15
3377 0 16
3378 0 16
3379 0 16
3380 0 15
3381 0 16
3382 0 15
3383 0 16
3384 0 16
3385 0 16
3386 0 15
3387 0 16
3388 0 15
3389 0 15
3390 0 16
3391 0 15
3392 0 16
3393 0 15
3394 0 15
3395 0 16
3396 0 15
3397 0 15
3398 0 15
3399 0 15
3400 0 15
3401 0 15
3402 0 15
3403 0 16
3404 0 15
3405 0 14
3406 0 15
3407 0 14
3408 0 15
3409 0 16
3410 0 15
3411 0 14
3412 0 15
3413 0 15
3414 0 14
3415 0 15
3416 0 15
3417 0 15
3418 0 15
3419 0 15
3420 0 15
3421 0 14
3422 0 13
3423 0 16
3424 0 15
3425 0 15
3426 0 16
3427 0 15
3428 0 14
3429 0 15
3430 0 14
3431 0 14
3432 0 13
3433 0 15
3434 0 16
3435 0 15
3436 0 14
3437 0 15
3438 0 14
3439 0 15
3440 0 16
3441 0 15
3442 0 14
3443 0 15
3444 0 15
3445 0 14
3446 0 15
3447 0 15
3448 0 15
3449 0 15
3450 0 15
3451 0 15
3452 0 14
3453 0 13
3454 0 15
3455 0 16
3456 0 15
3457 0 14
3458 0 15
3459 0 14
3460 0 15
3461 0 16
3462 0 15
3463 0 14
3464 0 15
3465 0 15
3466 0 14
3467 0 15
3468 0 15
3469 0 15
3470 0 15
3471 0 15
3472 0 15
3473 0 14
3474 0 13
3475 0 16
3476 0 15
3477 0 15
3478 0 16
3479 0 15
3480 0 14
3481 0 15
3482 0 14
3483 0 14
3484 0 13
3485 0 15
3486 0 16
3487 0 15
3488 0 14
3489 0 15
3490 0 14
3491 0 15
3492 0 16
3493 0 15
3494 0 14
3495 0 15
3496 0 15
3497 0 14
3498 0 15
3499 0 15
3500 0 15
3501 0 15
3502 0 15
3503 0 15
3504 0 14
3505 0 13
3506 0 15
3507 0 14
3508 0 14
3509 0 15
3510 0 14
3511 0 15
3512 0 15
3513 0 14
3514 0 14
3515 0 14
3516 0 15
3517 0 15
3518 0 14
3519 0 13
3520 0 15
3521 0 14
3522 0 14
3523 0 15
3524 0 14
3525 0 15
3526 0 15
3527 0 14
3528 0 14
3529 0 14
3530 0 15
3531 0 15
3532 0 15
3533 0 14
3534 0 15
3535 0 14
3536 0 15
3537 0 15
3538 0 15
3539 0 14
3540 0 15
3541 0 15
3542 0 15
3543 0 14
3544 0 15
3545 0 14
3546 0 15
3547 0 15
3548 0 15
3549 0 14
3550 0 15
3551 0 13
3552 0 14
3553 0 15
3554 0 13
3555 0 15
3556 0 15
3557 0 15
3558 0 15
3559 0 14
3560 0 14
3561 0 16
3562 0 15
3563 0 16
3564 0 15
3565 0 15
3566 0 15
3567 0 15
3568 0 15
3569 0 15
3570 0 15
3571 0 15
3572 0 16
3573 0 15
3574 0 16
3575 0 16
3576 0 16
3577 0 15
3578 0 15
3579 0 15
3580 0 15
3581 0 16
3582 0 15
3583 0 16
3584 0 15
3585 0 15
3586 0 16
3587 0 15
3588 0 15
3589 0 14
3590 0 15
3591 0 15
3592 0 14
3593 0 15
3594 0 14
3595 0 14
3596 0 15
3597 0 15
3598 0 15
3599 0 15
3600 0 16
3601 0 15
3602 0 16
3603 0 15
3604 0 15
3605 0 16
3606 0 15
3607 0 15
3608 0 14
3609 0 15
3610 0 14
3611 0 14
3612 0 14
3613 0 14
3614 0 14
3615 0 14
3616 0 16
3617 0 15
3618 0 16
3619 0 15
3620 0 15
3621 0 15
3622 0 15
3623 0 15
3624 0 15
3625 0 15
3626 0 15
3627 0 16
3628 0 15
3629 0 16
3630 0 16
3631 0 16
3632 0 15
3633 0 15
3634 0 15
3635 0 15
3636 0 16
3637 0 15
3638 0 16
3639 0 15
3640 0 15
3641 0 16
3642 0 15
3643 0 15
3644 0 14
3645 0 15
3646 0 15
3647 0 14
3648 0 15
3649 0 14
3650 0 14
3651 0 15
3652 0 15
3653 0 15
3654 0 15
3655 0 16
3656 0 15
3657 0 16
3658 0 15
3659 0 15
3660 0 16
3661 0 15
3662 0 16
3663 0 15
3664 0 16
3665 0 15
3666 0 15
3667 0 15
3668 0 15
3669 0 15
3670 0 15
3671 0 16
3672 0 15
3673 0 16
3674 0 14
3675 0 14
3676 0 15
3677 0 15
3678 0 15
3679 0 15
3680 0 16
3681 0 15
3682 0 16
3683 0 15
3684 0 15
3685 0 16
3686 0 15
3687 0 16
3688 0 15
3689 0 16
3690 0 15
3691 0 15
3692 0 15
3693 0 15
3694 0 15
3695 0 15
3696 0 15
3697 0 14
3698 0 15
3699 0 15
3700 0 15
3701 0 15
3702 0 15
3703 0 15
3704 0 15
3705 0 14
3706 0 13
3707 0 15
3708 0 14
3709 0 15
3710 0 15
3711 0 15
3712 0 15
3713 0 15
3714 0 15
3715 0 14
3716 0 15
3717 0 15
3718 0 15
3719 0 15
3720 0 15
3721 0 15
3722 0 15
3723 0 14
3724 0 13
3725 0 15
3726 0 14
3727 0 15
3728 0 15
3729 0 15
3730 0 15
3731 0 15
3732 0 14
3733 0 14
3734 0 15
3735 0 14
3736 0 15
3737 0 14
3738 0 14
3739 0 15
3740 0 14
3741 0 15
3742 0 14
3743 0 15
3744 0 15
3745 0 14
3746 0 15
3747 0 13
3748 0 13
3749 0 15
3750 0 15
3751 0 16
3752 0 16
3753 0 16
3754 0 15
3755 0 16
3756 0 16
3757 0 16
3758 0 16
3759 0 15
3760 0 16
3761 0 15
3762 0 16
3763 0 15
3764 0 15
3765 0 15
3766 0 15
3767 0 15
3768 0 15
3769 0 16
3770 0 15
3771 0 16
3772 0 15
3773 0 15
3774 0 15
3775 0 15
3776 0 16
3777 0 16
3778 0 16
3779 0 15
3780 0 16
3781 0 16
3782 0 16
3783 0 16
3784 0 15
3785 0 16
3786 0 15
3787 0 16
3788 0 15
3789 0 15
3790 0 15
3791 0 15
3792 0 15
3793 0 15
3794 0 15
3795 0 14
3796 0 15
3797 0 14
3798 0 14
3799 0 14
3800 0 14
3801 0 14
3802 0 14
3803 0 14
3804 0 14
3805 0 15
3806 0 14
3807 0 15
3808 0 15
3809 0 15
3810 0 14
3811 0 14
3812 0 14
3813 0 14
3814 0 15
3815 0 14
3816 0 15
3817 0 14
3818 0 14
3819 0 15
3820 0 14
3821 0 14
3822 0 14
3823 0 15
3824 0 14
3825 0 15
3826 0 14
3827 0 14
3828 0 15
3829 0 14
3830 0 14
3831 0 13
3832 0 14
3833 0 13
3834 0 13
3835 0 13
3836 0 13
3837 0 13
3838 0 14
3839 0 16
3840 0 15
3841 0 16
3842 0 15
3843 0 15
3844 0 15
3845 0 15
3846 0 15
3847 0 15
3848 0 15
3849 0 15
3850 0 16
3851 0 15
3852 0 16
3853 0 16
3854 0 16
3855 0 15
3856 0 15
3857 0 15
3858 0 15
3859 0 16
3860 0 15
3861 0 16
3862 0 15
3863 0 15
3864 0 16
3865 0 15
3866 0 15
3867 0 14
3868 0 15
3869 0 15
3870 0 14
3871 0 15
3872 0 14
3873 0 14
3874 0 15
3875 0 15
3876 0 15
3877 0 15
3878 0 16
3879 0 15
3880 0 16
3881 0 15
3882 0 15
3883 0 16
3884 0 15
3885 0 15
3886 0 14
3887 0 15
3888 0 14
3889 0 14
3890 0 14
3891 0 14
3892 0 14
3893 0 14
3894 0 16
3895 0 15
3896 0 16
3897 0 15
3898 0 15
3899 0 15
3900 0 15
3901 0 15
3902 0 15
3903 0 15
3904 0 15
3905 0 16
3906 0 15
3907 0 16
3908 0 16
3909 0 16
3910 0 15
3911 0 15
3912 0 15
3913 0 15
3914 0 16
3915 0 15
3916 0 16
3917 0 15
3918 0 15
3919 0 16
3920 0 15
3921 0 15
3922 0 14
3923 0 15
3924 0 15
3925 0 14
3926 0 15
3927 0 14
3928 0 14
3929 0 15
3930 0 15
3931 0 15
3932 0 15
3933 0 16
3934 0 15
3935 0 16
3936 0 15
3937 0 15
3938 0 16
3939 0 15
3940 0 16
3941 0 15
3942 0 16
3943 0 15
3944 0 15
3945 0 15
3946 0 15
3947 0 15
3948 0 15
3949 0 16
3950 0 15
3951 0 16
3952 0 14
3953 0 14
3954 0 15
3955 0 15
3956 0 15
3957 0 15
3958 0 16
3959 0 15
3960 0 16
3961 0 15
3962 0 15
3963 0 16
3964 0 15
3965 0 16
3966 0 15
3967 0 16
3968 0 15
3969 0 15
3970 0 15
3971 0 15
3972 0 15
3973 0 15
3974 0 15
3975 0 14
3976 0 15
3977 0 15
3978 0 15
3979 0 15
3980 0 15
3981 0 15
3982 0 15
3983 0 14
3984 0 13
3985 0 15
3986 0 14
3987 0 15
3988 0 15
3989 0 15
3990 0 15
3991 0 15
3992 0 15
3993 0 14
3994 0 15
3995 0 15
3996 0 15
3997 0 15
3998 0 15
3999 0 15
4000 0 15
4001 0 14
4002 0 13
4003 0 15
4004 0 14
4005 0 15
4006 0 15
4007 0 15
4008 0 15
4009 0 15
4010 0 14
4011 0 14
4012 0 15
4013 0 14
4014 0 15
4015 0 14
4016 0 14
4017 0 15
4018 0 14
4019 0 15
4020 0 14
4021 0 15
4022 0 15
4023 0 14
4024 0 15
4025 0 13
4026 0 13
4027 0 15
4028 0 15
4029 0 15
4030 0 15
4031 0 16
4032 0 15
4033 0 15
4034 0 14
4035 0 15
4036 0 15
4037 0 14
4038 0 14
4039 0 15
4040 0 15
4041 0 16
4042 0 15
4043 0 15
4044 0 14
4045 0 15
4046 0 15
4047 0 15
4048 0 15
4049 0 14
4050 0 15
4051 0 15
4052 0 15
4053 0 15
4054 0 15
4055 0 15
4056 0 15
4057 0 15
4058 0 15
4059 0 15
4060 0 14
4061 0 14
4062 0 13
4063 0 16
4064 0 16
4065 0 15
4066 0 15
4067 0 15
4068 0 16
4069 0 16
4070 0 15
4071 0 15
4072 0 14
4073 0 14
4074 0 15
4075 0 14
4076 0 14
4077 0 14
4078 0 14
4079 0 13
4080 0 13
4081 0 15
4082 0 15
4083 0 16
4084 0 15
4085 0 15
4086 0 14
4087 0 15
4088 0 15
4089 0 14
4090 0 14
4091 0 15
4092 0 15
4093 0 16
4094 0 15
4095 0 15
4096 0 14
4097 0 15
4098 0 15
4099 0 15
4100 0 15
4101 0 14
4102 0 15
4103 0 15
4104 0 15
4105 0 15
4106 0 15
4107 0 15
4108 0 15
4109 0 15
4110 0 15
4111 0 15
4112 0 14
4113 0 14
4114 0 13
4115 0 15
4116 0 15
4117 0 16
4118 0 15
4119 0 15
4120 0 14
4121 0 15
4122 0 15
4123 0 14
4124 0 14
4125 0 15
4126 0 15
4127 0 16
4128 0 15
4129 0 15
4130 0 14
4131 0 15
4132 0 15
4133 0 15
4134 0 15
4135 0 14
4136 0 15
4137 0 15
4138 0 15
4139 0 15
4140 0 15
4141 0 15
4142 0 15
4143 0 15
4144 0 15
4145 0 15
4146 0 14
4147 0 14
4148 0 13
4149 0 16
4150 0 16
4151 0 15
4152 0 15
4153 0 15
4154 0 16
4155 0 16
4156 0 15
4157 0 15
4158 0 14
4159 0 14
4160 0 15
4161 0 14
4162 0 14
4163 0 14
4164 0 14
4165 0 13
4166 0 13
4167 0 15
4168 0 15
4169 0 16
4170 0 15
4171 0 15
4172 0 14
4173 0 15
4174 0 15
4175 0 14
4176 0 14
4177 0 15
4178 0 15
4179 0 16
4180 0 15
4181 0 15
4182 0 14
4183 0 15
4184 0 15
4185 0 15
4186 0 15
4187 0 14
4188 0 15
4189 0 15
4190 0 15
4191 0 15
4192 0 15
4193 0 15
4194 0 15
4195 0 15
4196 0 15
4197 0 15
4198 0 14
4199 0 14
4200 0 13
4201 0 15
4202 0 15
4203 0 14
4204 0 14
4205 0 14
4206 0 15
4207 0 15
4208 0 14
4209 0 14
4210 0 15
4211 0 15
4212 0 15
4213 0 14
4214 0 14
4215 0 14
4216 0 14
4217 0 14
4218 0 14
4219 0 15
4220 0 15
4221 0 15
4222 0 14
4223 0 14
4224 0 13
4225 0 15
4226 0 15
4227 0 14
4228 0 14
4229 0 14
4230 0 15
4231 0 15
4232 0 14
4233 0 14
4234 0 15
4235 0 15
4236 0 15
4237 0 14
4238 0 14
4239 0 14
4240 0 14
4241 0 14
4242 0 14
4243 0 15
4244 0 15
4245 0 15
4246 0 15
4247 0 15
4248 0 14
4249 0 15
4250 0 15
4251 0 14
4252 0 14
4253 0 15
4254 0 15
4255 0 15
4256 0 15
4257 0 15
4258 0 14
4259 0 15
4260 0 15
4261 0 15
4262 0 15
4263 0 15
4264 0 14
4265 0 15
4266 0 15
4267 0 14
4268 0 14
4269 0 15
4270 0 15
4271 0 15
4272 0 15
4273 0 15
4274 0 14
4275 0 15
4276 0 15
4277 0 13
4278 0 13
4279 0 14
4280 0 15
4281 0 15
4282 0 13
4283 0 13
4284 0 15
4285 0 15
4286 0 15
4287 0 15
4288 0 15
4289 0 15
4290 0 14
4291 0 14
4292 0 14
4293 0 16
4294 0 15
4295 0 16
4296 0 15
4297 0 15
4298 0 16
4299 0 16
4300 0 15
4301 0 15
4302 0 15
4303 0 15
4304 0 16
4305 0 15
4306 0 16
4307 0 16
4308 0 16
4309 0 16
4310 0 16
4311 0 15
4312 0 15
4313 0 16
4314 0 15
4315 0 16
4316 0 15
4317 0 15
4318 0 16
4319 0 15
4320 0 15
4321 0 14
4322 0 15
4323 0 15
4324 0 14
4325 0 15
4326 0 14
4327 0 14
4328 0 15
4329 0 15
4330 0 15
4331 0 15
4332 0 16
4333 0 15
4334 0 16
4335 0 15
4336 0 15
4337 0 16
4338 0 15
4339 0 15
4340 0 14
4341 0 15
4342 0 14
4343 0 14
4344 0 14
4345 0 14
4346 0 14
4347 0 14
4348 0 16
4349 0 15
4350 0 16
4351 0 15
4352 0 15
4353 0 16
4354 0 16
4355 0 15
4356 0 15
4357 0 15
4358 0 15
4359 0 16
4360 0 15
4361 0 16
4362 0 16
4363 0 16
4364 0 16
4365 0 16
4366 0 15
4367 0 15
4368 0 16
4369 0 15
4370 0 16
4371 0 15
4372 0 15
4373 0 16
4374 0 15
4375 0 15
4376 0 14
4377 0 15
4378 0 15
4379 0 14
4380 0 15
4381 0 14
4382 0 14
4383 0 15
4384 0 15
4385 0 15
4386 0 15
4387 0 16
4388 0 15
4389 0 16
4390 0 15
4391 0 15
4392 0 16
4393 0 15
4394 0 16
4395 0 15
4396 0 16
4397 0 15
4398 0 15
4399 0 15
4400 0 15
4401 0 15
4402 0 15
4403 0 16
4404 0 15
4405 0 16
4406 0 14
4407 0 14
4408 0 15
4409 0 15
4410 0 15
4411 0 15
4412 0 16
4413 0 15
4414 0 16
4415 0 15
4416 0 15
4417 0 16
4418 0 15
4419 0 16
4420 0 15
4421 0 16
4422 0 15
4423 0 15
4424 0 15
4425 0 15
4426 0 15
4427 0 15
4428 0 15
4429 0 14
4430 0 15
4431 0 15
4432 0 15
4433 0 15
4434 0 15
4435 0 15
4436 0 15
4437 0 14
4438 0 13
4439 0 15
4440 0 14
4441 0 15
4442 0 15
4443 0 15
4444 0 15
4445 0 15
4446 0 15
4447 0 14
4448 0 15
4449 0 15
4450 0 15
4451 0 15
4452 0 15
4453 0 15
4454 0 15
4455 0 14
4456 0 13
4457 0 15
4458 0 14
4459 0 15
4460 0 15
4461 0 15
4462 0 15
4463 0 15
4464 0 14
4465 0 14
4466 0 15
4467 0 14
4468 0 15
4469 0 14
4470 0 14
4471 0 15
4472 0 14
4473 0 15
4474 0 14
4475 0 15
4476 0 15
4477 0 14
4478 0 15
4479 0 13
4480 0 13
4481 0 15
4482 0 15
4483 0 16
4484 0 16
4485 0 16
4486 0 15
4487 0 16
4488 0 16
4489 0 16
4490 0 16
4491 0 15
4492 0 16
4493 0 15
4494 0 16
4495 0 15
4496 0 15
4497 0 15
4498 0 15
4499 0 15
4500 0 15
4501 0 16
4502 0 15
4503 0 16
4504 0 15
4505 0 15
4506 0 15
4507 0 15
4508 0 16
4509 0 16
4510 0 16
4511 0 15
4512 0 16
4513 0 16
4514 0 16
4515 0 16
4516 0 15
4517 0 16
4518 0 15
4519 0 16
4520 0 15
4521 0 15
4522 0 15
4523 0 15
4524 0 15
4525 0 15
4526 0 15
4527 0 14
4528 0 15
4529 0 14
4530 0 14
4531 0 15
4532 0 15
4533 0 14
4534 0 14
4535 0 14
4536 0 14
4537 0 15
4538 0 14
4539 0 15
4540 0 15
4541 0 15
4542 0 15
4543 0 15
4544 0 14
4545 0 14
4546 0 15
4547 0 14
4548 0 15
4549 0 14
4550 0 14
4551 0 15
4552 0 14
4553 0 14
4554 0 14
4555 0 15
4556 0 14
4557 0 15
4558 0 14
4559 0 14
4560 0 15
4561 0 14
4562 0 14
4563 0 13
4564 0 14
4565 0 13
4566 0 13
4567 0 13
4568 0 13
4569 0 13
4570 0 14
4571 0 16
4572 0 15
4573 0 16
4574 0 15
4575 0 15
4576 0 16
4577 0 16
4578 0 15
4579 0 15
4580 0 15
4581 0 15
4582 0 16
4583 0 15
4584 0 16
4585 0 16
4586 0 16
4587 0 16
4588 0 16
4589 0 15
4590 0 15
4591 0 16
4592 0 15
4593 0 16
4594 0 15
4595 0 15
4596 0 16
4597 0 15
4598 0 15
4599 0 14
4600 0 15
4601 0 15
4602 0 14
4603 0 15
4604 0 14
4605 0 14
4606 0 15
4607 0 15
4608 0 15
4609 0 15
4610 0 16
4611 0 15
4612 0 16
4613 0 15
4614 0 15
4615 0 16
4616 0 15
4617 0 15
4618 0 14
4619 0 15
4620 0 14
4621 0 14
4622 0 14
4623 0 14
4624 0 14
4625 0 14
4626 0 16
4627 0 15
4628 0 16
4629 0 15
4630 0 15
4631 0 16
4632 0 16
4633 0 15
4634 0 15
4635 0 15
4636 0 15
4637 0 16
4638 0 15
4639 0 16
4640 0 16
4641 0 16
4642 0 16
4643 0 16
4644 0 15
4645 0 15
4646 0 16
4647 0 15
4648 0 16
4649 0 15
4650 0 15
4651 0 16
4652 0 15
4653 0 15
4654 0 14
4655 0 15
4656 0 15
4657 0 14
4658 0 15
4659 0 14
4660 0 14
4661 0 15
4662 0 15
4663 0 15
4664 0 15
4665 0 16
4666 0 15
4667 0 16
4668 0 15
4669 0 15
4670 0 16
4671 0 15
4672 0 16
4673 0 15
4674 0 16
4675 0 15
4676 0 15
4677 0 15
4678 0 15
4679 0 15
4680 0 15
4681 0 16
4682 0 15
4683 0 16
4684 0 14
4685 0 14
4686 0 15
4687 0 15
4688 0 15
4689 0 15
4690 0 16
4691 0 15
4692 0 16
4693 0 15
4694 0 15
4695 0 16
4696 0 15
4697 0 16
4698 0 15
4699 0 16
4700 0 15
4701 0 15
4702 0 15
4703 0 15
4704 0 15
4705 0 15
4706 0 15
4707 0 14
4708 0 15
4709 0 15
4710 0 15
4711 0 15
4712 0 15
4713 0 15
4714 0 15
4715 0 14
4716 0 13
4717 0 15
4718 0 14
4719 0 15
4720 0 15
4721 0 15
4722 0 15
4723 0 15
4724 0 15
4725 0 14
4726 0 15
4727 0 15
4728 0 15
4729 0 15
4730 0 15
4731 0 15
4732 0 15
4733 0 14
4734 0 13
4735 0 15
4736 0 14
4737 0 15
4738 0 15
4739 0 15
4740 0 15
4741 0 15
4742 0 14
4743 0 14
4744 0 15
4745 0 14
4746 0 15
4747 0 14
4748 0 14
4749 0 15
4750 0 14
4751 0 15
4752 0 14
4753 0 15
4754 0 15
4755 0 14
4756 0 15
4757 0 13
4758 0 13
4759 0 15
4760 0 15
4761 0 15
4762 0 15
4763 0 15
4764 0 15
4765 0 15
4766 0 15
4767 0 15
4768 0 15
4769 0 15
4770 0 15
4771 0 14
4772 0 15
4773 0 14
4774 0 14
4775 0 14
4776 0 14
4777 0 14
4778 0 14
4779 0 15
4780 0 14
4781 0 15
4782 0 14
4783 0 14
4784 0 14
4785 0 14
4786 0 15
4787 0 15
4788 0 15
4789 0 15
4790 0 15
4791 0 15
4792 0 15
4793 0 15
4794 0 15
4795 0 15
4796 0 14
4797 0 15
4798 0 14
4799 0 14
4800 0 14
4801 0 14
4802 0 14
4803 0 14
4804 0 15
4805 0 14
4806 0 15
4807 0 15
4808 0 15
4809 0 14
4810 0 14
4811 0 15
4812 0 15
4813 0 14
4814 0 13
4815 0 15
4816 0 14
4817 0 15
4818 0 15
4819 0 15
4820 0 14
4821 0 14
4822 0 14
4823 0 14
4824 0 14
4825 0 13
4826 0 15
4827 0 14
4828 0 14
4829 0 14
4830 0 13
4831 0 14
4832 0 14
4833 0 14
4834 0 13
4835 0 15
4836 0 14
4837 0 14
4838 0 14
4839 0 13
4840 0 14
4841 0 13
4842 0 14
4843 0 14
4844 0 14
4845 0 14
4846 0 14
4847 0 14
4848 0 14
4849 0 15
4850 0 14
4851 0 15
4852 0 15
4853 0 15
4854 0 14
4855 0 14
4856 0 15
4857 0 15
4858 0 14
4859 0 13
4860 0 15
4861 0 14
4862 0 15
4863 0 15
4864 0 15
4865 0 14
4866 0 14
4867 0 14
4868 0 14
4869 0 14
4870 0 14
4871 0 14
4872 0 14
4873 0 14
4874 0 14
4875 0 14
4876 0 14
4877 0 13
4878 0 14
4879 0 14
4880 0 13
4881 0 14
4882 0 13
4883 0 13
4884 0 14
4885 0 14
4886 0 15
4887 0 15
4888 0 15
4889 0 15
4890 0 15
4891 0 15
4892 0 15
4893 0 15
4894 0 15
4895 0 15
4896 0 14
4897 0 15
4898 0 14
4899 0 14
4900 0 14
4901 0 14
4902 0 14
4903 0 14
4904 0 15
4905 0 14
4906 0 15
4907 0 14
4908 0 14
4909 0 14
4910 0 14
4911 0 15
4912 0 15
4913 0 15
4914 0 15
4915 0 15
4916 0 15
4917 0 15
4918 0 15
4919 0 15
4920 0 15
4921 0 14
4922 0 15
4923 0 14
4924 0 14
4925 0 14
4926 0 14
4927 0 14
4928 0 14
4929 0 15
4930 0 14
4931 0 15
4932 0 15
4933 0 15
4934 0 15
4935 0 15
4936 0 15
4937 0 15
4938 0 14
4939 0 13
4940 0 15
4941 0 14
4942 0 15
4943 0 15
4944 0 15
4945 0 15
4946 0 15
4947 0 14
4948 0 14
4949 0 14
4950 0 13
4951 0 15
4952 0 14
4953 0 14
4954 0 14
4955 0 13
4956 0 14
4957 0 14
4958 0 14
4959 0 13
4960 0 15
4961 0 14
4962 0 14
4963 0 14
4964 0 13
4965 0 14
4966 0 13
4967 0 14
4968 0 14
4969 0 14
4970 0 14
4971 0 14
4972 0 14
4973 0 14
4974 0 15
4975 0 15
4976 0 15
4977 0 15
4978 0 15
4979 0 14
4980 0 14
4981 0 15
4982 0 15
4983 0 14
4984 0 14
4985 0 15
4986 0 15
4987 0 15
4988 0 15
4989 0 15
4990 0 14
4991 0 14
4992 0 15
4993 0 15
4994 0 15
4995 0 15
4996 0 15
4997 0 15
4998 0 15
4999 0 15
5000 0 15
5001 0 14
5002 0 13
5003 0 14
5004 0 14
5005 0 13
5006 0 14
5007 0 14
5008 0 14
5009 0 14
5010 0 14
5011 0 15
5012 0 15
5013 0 15
5014 0 15
5015 0 15
5016 0 15
5017 0 15
5018 0 15
5019 0 15
5020 0 14
5021 0 14
5022 0 14
5023 0 14
5024 0 14
5025 0 14
5026 0 14
5027 0 13
5028 0 14
5029 0 15
5030 0 15
5031 0 15
5032 0 15
5033 0 15
5034 0 14
5035 0 14
5036 0 15
5037 0 15
5038 0 14
5039 0 14
5040 0 15
5041 0 15
5042 0 15
5043 0 15
5044 0 15
5045 0 14
5046 0 14
5047 0 15
5048 0 15
5049 0 15
5050 0 15
5051 0 15
5052 0 15
5053 0 15
5054 0 15
5055 0 15
5056 0 14
5057 0 13
5058 0 14
5059 0 14
5060 0 13
5061 0 14
5062 0 14
5063 0 14
5064 0 14
5065 0 14
5066 0 15
5067 0 15
5068 0 15
5069 0 15
5070 0 15
5071 0 14
5072 0 14
5073 0 15
5074 0 15
5075 0 14
5076 0 14
5077 0 15
5078 0 15
5079 0 15
5080 0 15
5081 0 15
5082 0 14
5083 0 14
5084 0 15
5085 0 15
5086 0 15
5087 0 15
5088 0 15
5089 0 15
5090 0 15
5091 0 15
5092 0 15
5093 0 14
5094 0 13
5095 0 14
5096 0 14
5097 0 13
5098 0 14
5099 0 14
5100 0 14
5101 0 14
5102 0 14
5103 0 15
5104 0 15
5105 0 15
5106 0 15
5107 0 15
5108 0 15
5109 0 15
5110 0 15
5111 0 15
5112 0 14
5113 0 14
5114 0 14
5115 0 14
5116 0 14
5117 0 14
5118 0 14
5119 0 13
5120 0 14
5121 0 15
5122 0 15
5123 0 15
5124 0 15
5125 0 15
5126 0 14
5127 0 14
5128 0 15
5129 0 15
5130 0 14
5131 0 14
5132 0 15
5133 0 15
5134 0 15
5135 0 15
5136 0 15
5137 0 14
5138 0 14
5139 0 15
5140 0 15
5141 0 15
5142 0 15
5143 0 15
5144 0 15
5145 0 15
5146 0 15
5147 0 15
5148 0 14
5149 0 13
5150 0 14
5151 0 14
5152 0 13
5153 0 14
5154 0 14
5155 0 14
5156 0 14
5157 0 14
5158 0 15
5159 0 15
5160 0 14
5161 0 14
5162 0 14
5163 0 15
5164 0 15
5165 0 14
5166 0 14
5167 0 14
5168 0 13
5169 0 14
5170 0 13
5171 0 13
5172 0 13
5173 0 13
5174 0 13
5175 0 14
5176 0 14
5177 0 13
5178 0 14
5179 0 14
5180 0 14
5181 0 13
5182 0 13
5183 0 15
5184 0 15
5185 0 14
5186 0 14
5187 0 14
5188 0 15
5189 0 15
5190 0 14
5191 0 14
5192 0 14
5193 0 13
5194 0 14
5195 0 13
5196 0 13
5197 0 13
5198 0 13
5199 0 13
5200 0 14
5201 0 15
5202 0 14
5203 0 15
5204 0 15
5205 0 15
5206 0 13
5207 0 13
5208 0 15
5209 0 15
5210 0 14
5211 0 14
5212 0 15
5213 0 14
5214 0 15
5215 0 15
5216 0 15
5217 0 13
5218 0 13
5219 0 15
5220 0 14
5221 0 15
5222 0 15
5223 0 15
5224 0 13
5225 0 13
5226 0 15
5227 0 15
5228 0 14
5229 0 14
5230 0 15
5231 0 14
5232 0 15
5233 0 15
5234 0 15
5235 0 13
5236 0 13
5237 0 14
5238 0 14
5239 0 13
5240 0 14
5241 0 13
5242 0 14
5243 0 14
5244 0 13
5245 0 14
5246 0 14
5247 0 14
5248 0 14
5249 0 14
5250 0 14
5251 0 14
5252 0 14
5253 0 14
5254 0 14
5255 0 14
5256 0 16
5257 0 16
5258 0 16
5259 0 15
5260 0 16
5261 0 16
5262 0 16
5263 0 15
5264 0 16
5265 0 15
5266 0 16
5267 0 16
5268 0 15
5269 0 16
5270 0 15
5271 0 16
5272 0 15
5273 0 15
5274 0 15
5275 0 15
5276 0 15
5277 0 16
5278 0 16
5279 0 16
5280 0 15
5281 0 16
5282 0 16
5283 0 16
5284 0 16
5285 0 16
5286 0 16
5287 0 16
5288 0 16
5289 0 15
5290 0 16
5291 0 15
5292 0 16
5293 0 15
5294 0 16
5295 0 15
5296 0 15
5297 0 15
5298 0 16
5299 0 15
5300 0 16
5301 0 15
5302 0 16
5303 0 15
5304 0 16
5305 0 15
5306 0 15
5307 0 15
5308 0 15
5309 0 15
5310 0 16
5311 0 14
5312 0 15
5313 0 15
5314 0 15
5315 0 15
5316 0 16
5317 0 14
5318 0 15
5319 0 15
5320 0 15
5321 0 14
5322 0 15
5323 0 14
5324 0 15
5325 0 15
5326 0 15
5327 0 16
5328 0 15
5329 0 16
5330 0 15
5331 0 16
5332 0 15
5333 0 15
5334 0 15
5335 0 16
5336 0 15
5337 0 16
5338 0 15
5339 0 16
5340 0 15
5341 0 16
5342 0 15
5343 0 15
5344 0 15
5345 0 15
5346 0 15
5347 0 15
5348 0 14
5349 0 15
5350 0 15
5351 0 15
5352 0 14
5353 0 15
5354 0 14
5355 0 15
5356 0 14
5357 0 15
5358 0 14
5359 0 14
5360 0 15
5361 0 15
5362 0 14
5363 0 16
5364 0 16
5365 0 16
5366 0 15
5367 0 16
5368 0 16
5369 0 16
5370 0 15
5371 0 16
5372 0 15
5373 0 16
5374 0 16
5375 0 15
5376 0 16
5377 0 15
5378 0 16
5379 0 15
5380 0 15
5381 0 15
5382 0 15
5383 0 15
5384 0 16
5385 0 16
5386 0 16
5387 0 15
5388 0 16
5389 0 16
5390 0 16
5391 0 16
5392 0 16
5393 0 16
5394 0 16
5395 0 16
5396 0 15
5397 0 16
5398 0 15
5399 0 16
5400 0 15
5401 0 16
5402 0 16
5403 0 16
5404 0 15
5405 0 16
5406 0 15
5407 0 16
5408 0 15
5409 0 16
5410 0 15
5411 0 16
5412 0 16
5413 0 16
5414 0 15
5415 0 15
5416 0 15
5417 0 16
5418 0 14
5419 0 15
5420 0 15
5421 0 15
5422 0 15
5423 0 16
5424 0 14
5425 0 15
5426 0 15
5427 0 15
5428 0 14
5429 0 15
5430 0 14
5431 0 15
5432 0 15
5433 0 15
5434 0 16
5435 0 15
5436 0 16
5437 0 15
5438 0 16
5439 0 15
5440 0 15
5441 0 15
5442 0 16
5443 0 15
5444 0 16
5445 0 15
5446 0 16
5447 0 15
5448 0 16
5449 0 15
5450 0 15
5451 0 15
5452 0 16
5453 0 16
5454 0 16
5455 0 15
5456 0 16
5457 0 16
5458 0 15
5459 0 15
5460 0 15
5461 0 15
5462 0 15
5463 0 15
5464 0 15
5465 0 15
5466 0 15
5467 0 15
5468 0 15
5469 0 15
5470 0 16
5471 0 16
5472 0 16
5473 0 15
5474 0 16
5475 0 16
5476 0 15
5477 0 14
5478 0 15
5479 0 14
5480 0 15
5481 0 15
5482 0 14
5483 0 16
5484 0 15
5485 0 16
5486 0 15
5487 0 16
5488 0 15
5489 0 15
5490 0 15
5491 0 16
5492 0 15
5493 0 16
5494 0 15
5495 0 16
5496 0 15
5497 0 16
5498 0 15
5499 0 15
5500 0 15
5501 0 16
5502 0 16
5503 0 16
5504 0 15
5505 0 16
5506 0 16
5507 0 15
5508 0 15
5509 0 15
5510 0 15
5511 0 15
5512 0 15
5513 0 15
5514 0 15
5515 0 15
5516 0 15
5517 0 15
5518 0 15
5519 0 15
5520 0 15
5521 0 15
5522 0 14
5523 0 15
5524 0 15
5525 0 15
5526 0 15
5527 0 15
5528 0 15
5529 0 15
5530 0 15
5531 0 14
5532 0 16
5533 0 15
5534 0 16
5535 0 15
5536 0 14
5537 0 14
5538 0 14
5539 0 13
5540 0 15
5541 0 15
5542 0 15
5543 0 14
5544 0 15
5545 0 15
5546 0 15
5547 0 15
5548 0 15
5549 0 15
5550 0 15
5551 0 15
5552 0 14
5553 0 15
5554 0 15
5555 0 15
5556 0 14
5557 0 15
5558 0 15
5559 0 15
5560 0 15
5561 0 15
5562 0 15
5563 0 15
5564 0 15
5565 0 14
5566 0 16
5567 0 15
5568 0 16
5569 0 15
5570 0 14
5571 0 14
5572 0 14
5573 0 13
5574 0 15
5575 0 15
5576 0 15
5577 0 14
5578 0 15
5579 0 15
5580 0 15
5581 0 15
5582 0 15
5583 0 15
5584 0 15
5585 0 15
5586 0 14
5587 0 15
5588 0 14
5589 0 15
5590 0 14
5591 0 15
5592 0 14
5593 0 14
5594 0 14
5595 0 15
5596 0 14
5597 0 15
5598 0 14
5599 0 15
5600 0 14
5601 0 15
5602 0 14
5603 0 14
5604 0 14
5605 0 15
5606 0 15
5607 0 15
5608 0 14
5609 0 15
5610 0 15
5611 0 15
5612 0 15
5613 0 15
5614 0 14
5615 0 15
5616 0 15
5617 0 15
5618 0 13
5619 0 15
5620 0 13
5621 0 15
5622 0 15
5623 0 14
5624 0 16
5625 0 16
5626 0 16
5627 0 16
5628 0 16
5629 0 15
5630 0 15
5631 0 15
5632 0 16
5633 0 15
5634 0 16
5635 0 16
5636 0 16
5637 0 16
5638 0 16
5639 0 15
5640 0 15
5641 0 15
5642 0 16
5643 0 16
5644 0 16
5645 0 15
5646 0 16
5647 0 16
5648 0 15
5649 0 15
5650 0 15
5651 0 15
5652 0 15
5653 0 15
5654 0 15
5655 0 15
5656 0 15
5657 0 15
5658 0 15
5659 0 15
5660 0 16
5661 0 16
5662 0 16
5663 0 15
5664 0 16
5665 0 16
5666 0 15
5667 0 15
5668 0 15
5669 0 15
5670 0 15
5671 0 15
5672 0 14
5673 0 16
5674 0 16
5675 0 16
5676 0 16
5677 0 16
5678 0 15
5679 0 15
5680 0 15
5681 0 16
5682 0 15
5683 0 16
5684 0 16
5685 0 16
5686 0 16
5687 0 16
5688 0 15
5689 0 15
5690 0 15
5691 0 16
5692 0 16
5693 0 16
5694 0 15
5695 0 16
5696 0 16
5697 0 15
5698 0 15
5699 0 15
5700 0 15
5701 0 15
5702 0 15
5703 0 15
5704 0 15
5705 0 15
5706 0 15
5707 0 15
5708 0 15
5709 0 15
5710 0 15
5711 0 15
5712 0 14
5713 0 15
5714 0 15
5715 0 15
5716 0 14
5717 0 15
5718 0 14
5719 0 15
5720 0 15
5721 0 14
5722 0 15
5723 0 14
5724 0 15
5725 0 14
5726 0 14
5727 0 14
5728 0 14
5729 0 14
5730 0 15
5731 0 15
5732 0 15
5733 0 14
5734 0 15
5735 0 15
5736 0 15
5737 0 15
5738 0 15
5739 0 15
5740 0 15
5741 0 15
5742 0 14
5743 0 15
5744 0 14
5745 0 15
5746 0 14
5747 0 15
5748 0 14
5749 0 14
5750 0 14
5751 0 15
5752 0 14
5753 0 15
5754 0 14
5755 0 15
5756 0 14
5757 0 15
5758 0 14
5759 0 14
5760 0 14
5761 0 15
5762 0 14
5763 0 15
5764 0 14
5765 0 15
5766 0 14
5767 0 14
5768 0 14
5769 0 15
5770 0 14
5771 0 15
5772 0 14
5773 0 15
5774 0 14
5775 0 15
5776 0 14
5777 0 14
5778 0 14
5779 0 14
5780 0 14
5781 0 14
5782 0 13
5783 0 14
5784 0 14
5785 0 15
5786 0 13
5787 0 15
5788 0 13
5789 0 15
5790 0 13
5791 0 15
5792 0 13
5793 0 13
5794 0 14
5795 0 14
5796 0 14
5797 0 16
5798 0 16
5799 0 16
5800 0 15
5801 0 16
5802 0 16
5803 0 16
5804 0 15
5805 0 16
5806 0 15
5807 0 16
5808 0 16
5809 0 15
5810 0 16
5811 0 15
5812 0 16
5813 0 15
5814 0 15
5815 0 15
5816 0 15
5817 0 15
5818 0 16
5819 0 16
5820 0 16
5821 0 15
5822 0 16
5823 0 16
5824 0 16
5825 0 16
5826 0 16
5827 0 16
5828 0 16
5829 0 16
5830 0 15
5831 0 16
5832 0 15
5833 0 16
5834 0 15
5835 0 16
5836 0 15
5837 0 15
5838 0 15
5839 0 16
5840 0 15
5841 0 16
5842 0 15
5843 0 16
5844 0 15
5845 0 16
5846 0 15
5847 0 15
5848 0 15
5849 0 15
5850 0 15
5851 0 16
5852 0 14
5853 0 15
5854 0 15
5855 0 15
5856 0 15
5857 0 16
5858 0 14
5859 0 15
5860 0 15
5861 0 15
5862 0 14
5863 0 15
5864 0 14
5865 0 15
5866 0 15
5867 0 15
5868 0 16
5869 0 15
5870 0 16
5871 0 15
5872 0 16
5873 0 15
5874 0 15
5875 0 15
5876 0 16
5877 0 15
5878 0 16
5879 0 15
5880 0 16
5881 0 15
5882 0 16
5883 0 15
5884 0 15
5885 0 15
5886 0 15
5887 0 15
5888 0 15
5889 0 14
5890 0 15
5891 0 15
5892 0 15
5893 0 14
5894 0 15
5895 0 14
5896 0 15
5897 0 14
5898 0 15
5899 0 14
5900 0 14
5901 0 15
5902 0 15
5903 0 14
5904 0 16
5905 0 16
5906 0 16
5907 0 15
5908 0 16
5909 0 16
5910 0 16
5911 0 15
5912 0 16
5913 0 15
5914 0 16
5915 0 16
5916 0 15
5917 0 16
5918 0 15
5919 0 16
5920 0 15
5921 0 15
5922 0 15
5923 0 15
5924 0 15
5925 0 16
5926 0 16
5927 0 16
5928 0 15
5929 0 16
5930 0 16
5931 0 16
5932 0 16
5933 0 16
5934 0 16
5935 0 16
5936 0 16
5937 0 15
5938 0 16
5939 0 15
5940 0 16
5941 0 15
5942 0 16
5943 0 16
5944 0 16
5945 0 15
5946 0 16
5947 0 15
5948 0 16
5949 0 15
5950 0 16
5951 0 15
5952 0 16
5953 0 16
5954 0 16
5955 0 15
5956 0 15
5957 0 15
5958 0 16
5959 0 14
5960 0 15
5961 0 15
5962 0 15
5963 0 15
5964 0 16
5965 0 14
5966 0 15
5967 0 15
5968 0 15
5969 0 14
5970 0 15
5971 0 14
5972 0 15
5973 0 15
5974 0 15
5975 0 16
5976 0 15
5977 0 16
5978 0 15
5979 0 16
5980 0 15
5981 0 15
5982 0 15
5983 0 16
5984 0 15
5985 0 16
5986 0 15
5987 0 16
5988 0 15
5989 0 16
5990 0 15
5991 0 15
5992 0 15
5993 0 16
5994 0 16
5995 0 16
5996 0 15
5997 0 16
5998 0 16
5999 0 16
6000 0 15
6001 0 16
6002 0 15
6003 0 16
6004 0 15
6005 0 16
6006 0 15
6007 0 15
6008 0 15
6009 0 15
6010 0 15
6011 0 16
6012 0 16
6013 0 16
6014 0 15
6015 0 16
6016 0 16
6017 0 15
6018 0 14
6019 0 15
6020 0 14
6021 0 15
6022 0 15
6023 0 14
6024 0 16
6025 0 15
6026 0 16
6027 0 15
6028 0 16
6029 0 15
6030 0 15
6031 0 15
6032 0 16
6033 0 15
6034 0 16
6035 0 15
6036 0 16
6037 0 15
6038 0 16
6039 0 15
6040 0 15
6041 0 15
6042 0 16
6043 0 16
6044 0 16
6045 0 15
6046 0 16
6047 0 16
6048 0 16
6049 0 15
6050 0 16
6051 0 15
6052 0 16
6053 0 15
6054 0 16
6055 0 15
6056 0 15
6057 0 15
6058 0 15
6059 0 15
6060 0 15
6061 0 15
6062 0 15
6063 0 14
6064 0 15
6065 0 15
6066 0 15
6067 0 15
6068 0 15
6069 0 15
6070 0 15
6071 0 15
6072 0 14
6073 0 16
6074 0 15
6075 0 16
6076 0 15
6077 0 14
6078 0 14
6079 0 14
6080 0 13
6081 0 15
6082 0 15
6083 0 15
6084 0 14
6085 0 15
6086 0 15
6087 0 15
6088 0 15
6089 0 15
6090 0 15
6091 0 15
6092 0 15
6093 0 14
6094 0 15
6095 0 15
6096 0 15
6097 0 14
6098 0 15
6099 0 15
6100 0 15
6101 0 15
6102 0 15
6103 0 15
6104 0 15
6105 0 15
6106 0 14
6107 0 16
6108 0 15
6109 0 16
6110 0 15
6111 0 14
6112 0 14
6113 0 14
6114 0 13
6115 0 15
6116 0 15
6117 0 15
6118 0 14
6119 0 15
6120 0 15
6121 0 15
6122 0 15
6123 0 15
6124 0 15
6125 0 15
6126 0 15
6127 0 14
6128 0 15
6129 0 14
6130 0 15
6131 0 14
6132 0 15
6133 0 14
6134 0 14
6135 0 14
6136 0 15
6137 0 14
6138 0 15
6139 0 14
6140 0 15
6141 0 14
6142 0 15
6143 0 14
6144 0 14
6145 0 14
6146 0 15
6147 0 15
6148 0 15
6149 0 14
6150 0 15
6151 0 15
6152 0 15
6153 0 15
6154 0 15
6155 0 14
6156 0 15
6157 0 15
6158 0 15
6159 0 13
6160 0 15
6161 0 13
6162 0 15
6163 0 15
6164 0 14
6165 0 16
6166 0 15
6167 0 16
6168 0 15
6169 0 15
6170 0 15
6171 0 15
6172 0 15
6173 0 15
6174 0 15
6175 0 16
6176 0 15
6177 0 16
6178 0 15
6179 0 15
6180 0 15
6181 0 15
6182 0 15
6183 0 15
6184 0 16
6185 0 16
6186 0 14
6187 0 15
6188 0 16
6189 0 15
6190 0 14
6191 0 15
6192 0 14
6193 0 15
6194 0 14
6195 0 15
6196 0 14
6197 0 14
6198 0 15
6199 0 15
6200 0 14
6201 0 15
6202 0 16
6203 0 16
6204 0 14
6205 0 15
6206 0 16
6207 0 15
6208 0 14
6209 0 15
6210 0 14
6211 0 14
6212 0 14
6213 0 14
6214 0 16
6215 0 15
6216 0 16
6217 0 15
6218 0 15
6219 0 15
6220 0 15
6221 0 15
6222 0 15
6223 0 15
6224 0 16
6225 0 15
6226 0 16
6227 0 15
6228 0 15
6229 0 15
6230 0 15
6231 0 15
6232 0 15
6233 0 16
6234 0 16
6235 0 14
6236 0 15
6237 0 16
6238 0 15
6239 0 14
6240 0 15
6241 0 14
6242 0 15
6243 0 14
6244 0 15
6245 0 14
6246 0 14
6247 0 15
6248 0 15
6249 0 14
6250 0 15
6251 0 16
6252 0 16
6253 0 14
6254 0 15
6255 0 16
6256 0 16
6257 0 15
6258 0 16
6259 0 15
6260 0 14
6261 0 14
6262 0 15
6263 0 16
6264 0 15
6265 0 16
6266 0 15
6267 0 14
6268 0 15
6269 0 15
6270 0 13
6271 0 15
6272 0 16
6273 0 16
6274 0 14
6275 0 15
6276 0 16
6277 0 16
6278 0 15
6279 0 16
6280 0 15
6281 0 14
6282 0 14
6283 0 15
6284 0 16
6285 0 14
6286 0 16
6287 0 14
6288 0 14
6289 0 15
6290 0 15
6291 0 13
6292 0 15
6293 0 15
6294 0 16
6295 0 14
6296 0 16
6297 0 14
6298 0 14
6299 0 15
6300 0 15
6301 0 13
6302 0 16
6303 0 14
6304 0 16
6305 0 14
6306 0 14
6307 0 15
6308 0 15
6309 0 13
6310 0 15
6311 0 15
6312 0 16
6313 0 14
6314 0 16
6315 0 14
6316 0 14
6317 0 15
6318 0 15
6319 0 13
6320 0 14
6321 0 15
6322 0 15
6323 0 13
6324 0 14
6325 0 15
6326 0 15
6327 0 14
6328 0 15
6329 0 14
6330 0 15
6331 0 14
6332 0 15
6333 0 14
6334 0 14
6335 0 15
6336 0 15
6337 0 14
6338 0 15
6339 0 16
6340 0 16
6341 0 14
6342 0 15
6343 0 16
6344 0 16
6345 0 15
6346 0 16
6347 0 15
6348 0 14
6349 0 14
6350 0 15
6351 0 16
6352 0 15
6353 0 16
6354 0 15
6355 0 14
6356 0 15
6357 0 15
6358 0 13
6359 0 15
6360 0 16
6361 0 16
6362 0 14
6363 0 15
6364 0 16
6365 0 16
6366 0 15
6367 0 16
6368 0 15
6369 0 14
6370 0 14
6371 0 15
6372 0 15
6373 0 14
6374 0 15
6375 0 14
6376 0 14
6377 0 14
6378 0 14
6379 0 14
6380 0 14
6381 0 14
6382 0 15
6383 0 14
6384 0 15
6385 0 14
6386 0 14
6387 0 14
6388 0 14
6389 0 14
6390 0 14
6391 0 15
6392 0 15
6393 0 13
6394 0 14
6395 0 15
6396 0 14
6397 0 15
6398 0 15
6399 0 13
6400 0 14
6401 0 15
6402 0 14
6403 0 13
6404 0 14
6405 0 13
6406 0 14
6407 0 14
6408 0 13
6409 0 16
6410 0 15
6411 0 16
6412 0 15
6413 0 15
6414 0 15
6415 0 15
6416 0 15
6417 0 15
6418 0 15
6419 0 16
6420 0 15
6421 0 16
6422 0 15
6423 0 15
6424 0 15
6425 0 15
6426 0 15
6427 0 15
6428 0 16
6429 0 16
6430 0 14
6431 0 15
6432 0 16
6433 0 15
6434 0 14
6435 0 15
6436 0 14
6437 0 15
6438 0 14
6439 0 15
6440 0 14
6441 0 14
6442 0 15
6443 0 15
6444 0 14
6445 0 15
6446 0 16
6447 0 16
6448 0 14
6449 0 15
6450 0 16
6451 0 15
6452 0 14
6453 0 15
6454 0 14
6455 0 14
6456 0 14
6457 0 14
6458 0 16
6459 0 15
6460 0 16
6461 0 15
6462 0 15
6463 0 15
6464 0 15
6465 0 15
6466 0 15
6467 0 15
6468 0 16
6469 0 15
6470 0 16
6471 0 15
6472 0 15
6473 0 15
6474 0 15
6475 0 15
6476 0 15
6477 0 16
6478 0 16
6479 0 14
6480 0 15
6481 0 16
6482 0 15
6483 0 14
6484 0 15
6485 0 14
6486 0 15
6487 0 14
6488 0 15
6489 0 14
6490 0 14
6491 0 15
6492 0 15
6493 0 14
6494 0 15
6495 0 16
6496 0 16
6497 0 14
6498 0 15
6499 0 16
6500 0 16
6501 0 15
6502 0 16
6503 0 15
6504 0 15
6505 0 15
6506 0 15
6507 0 16
6508 0 15
6509 0 16
6510 0 15
6511 0 14
6512 0 15
6513 0 15
6514 0 13
6515 0 15
6516 0 16
6517 0 16
6518 0 14
6519 0 15
6520 0 16
6521 0 16
6522 0 15
6523 0 16
6524 0 15
6525 0 15
6526 0 15
6527 0 15
6528 0 16
6529 0 14
6530 0 16
6531 0 14
6532 0 14
6533 0 15
6534 0 15
6535 0 13
6536 0 15
6537 0 15
6538 0 16
6539 0 14
6540 0 16
6541 0 14
6542 0 14
6543 0 15
6544 0 15
6545 0 13
6546 0 16
6547 0 14
6548 0 16
6549 0 14
6550 0 14
6551 0 15
6552 0 15
6553 0 13
6554 0 15
6555 0 15
6556 0 16
6557 0 14
6558 0 16
6559 0 14
6560 0 14
6561 0 15
6562 0 15
6563 0 13
6564 0 14
6565 0 15
6566 0 15
6567 0 13
6568 0 14
6569 0 15
6570 0 15
6571 0 14
6572 0 15
6573 0 14
6574 0 15
6575 0 14
6576 0 15
6577 0 14
6578 0 14
6579 0 15
6580 0 15
6581 0 14
6582 0 15
6583 0 15
6584 0 15
6585 0 15
6586 0 15
6587 0 16
6588 0 15
6589 0 15
6590 0 15
6591 0 15
6592 0 14
6593 0 14
6594 0 14
6595 0 15
6596 0 15
6597 0 15
6598 0 15
6599 0 14
6600 0 14
6601 0 14
6602 0 14
6603 0 15
6604 0 15
6605 0 15
6606 0 15
6607 0 15
6608 0 16
6609 0 15
6610 0 15
6611 0 15
6612 0 15
6613 0 14
6614 0 14
6615 0 14
6616 0 15
6617 0 15
6618 0 15
6619 0 15
6620 0 15
6621 0 15
6622 0 15
6623 0 15
6624 0 15
6625 0 14
6626 0 15
6627 0 15
6628 0 15
6629 0 15
6630 0 15
6631 0 15
6632 0 15
6633 0 15
6634 0 14
6635 0 15
6636 0 15
6637 0 13
6638 0 14
6639 0 15
6640 0 14
6641 0 15
6642 0 15
6643 0 13
6644 0 14
6645 0 15
6646 0 14
6647 0 14
6648 0 14
6649 0 14
6650 0 14
6651 0 14
6652 0 13
6653 0 16
6654 0 15
6655 0 16
6656 0 15
6657 0 15
6658 0 15
6659 0 15
6660 0 15
6661 0 15
6662 0 15
6663 0 16
6664 0 15
6665 0 16
6666 0 15
6667 0 15
6668 0 15
6669 0 15
6670 0 15
6671 0 14
6672 0 14
6673 0 14
6674 0 14
6675 0 14
6676 0 15
6677 0 14
6678 0 14
6679 0 14
6680 0 14
6681 0 14
6682 0 14
6683 0 14
6684 0 14
6685 0 13
6686 0 13
6687 0 13
6688 0 14
6689 0 15
6690 0 15
6691 0 15
6692 0 15
6693 0 15
6694 0 16
6695 0 15
6696 0 15
6697 0 15
6698 0 15
6699 0 14
6700 0 14
6701 0 14
6702 0 15
6703 0 15
6704 0 15
6705 0 15
6706 0 14
6707 0 14
6708 0 14
6709 0 14
6710 0 15
6711 0 15
6712 0 15
6713 0 15
6714 0 15
6715 0 16
6716 0 15
6717 0 15
6718 0 15
6719 0 15
6720 0 14
6721 0 14
6722 0 14
6723 0 15
6724 0 15
6725 0 15
6726 0 15
6727 0 15
6728 0 15
6729 0 15
6730 0 15
6731 0 15
6732 0 14
6733 0 15
6734 0 15
6735 0 15
6736 0 15
6737 0 15
6738 0 15
6739 0 15
6740 0 15
6741 0 14
6742 0 15
6743 0 15
6744 0 13
6745 0 14
6746 0 15
6747 0 14
6748 0 15
6749 0 15
6750 0 13
6751 0 14
6752 0 15
6753 0 14
6754 0 14
6755 0 14
6756 0 14
6757 0 14
6758 0 14
6759 0 13
6760 0 15
6761 0 15
6762 0 15
6763 0 15
6764 0 15
6765 0 16
6766 0 15
6767 0 15
6768 0 15
6769 0 15
6770 0 14
6771 0 14
6772 0 14
6773 0 15
6774 0 15
6775 0 15
6776 0 15
6777 0 14
6778 0 14
6779 0 14
6780 0 14
6781 0 15
6782 0 15
6783 0 15
6784 0 15
6785 0 15
6786 0 16
6787 0 15
6788 0 15
6789 0 15
6790 0 15
6791 0 14
6792 0 14
6793 0 14
6794 0 15
6795 0 15
6796 0 15
6797 0 15
6798 0 15
6799 0 15
6800 0 15
6801 0 15
6802 0 15
6803 0 14
6804 0 15
6805 0 15
6806 0 15
6807 0 15
6808 0 15
6809 0 15
6810 0 15
6811 0 15
6812 0 14
6813 0 15
6814 0 15
6815 0 13
6816 0 14
6817 0 15
6818 0 14
6819 0 15
6820 0 15
6821 0 13
6822 0 14
6823 0 15
6824 0 14
6825 0 14
6826 0 14
6827 0 14
6828 0 14
6829 0 14
6830 0 13
6831 0 16
6832 0 15
6833 0 16
6834 0 15
6835 0 15
6836 0 15
6837 0 15
6838 0 15
6839 0 15
6840 0 15
6841 0 16
6842 0 15
6843 0 16
6844 0 15
6845 0 15
6846 0 15
6847 0 15
6848 0 15
6849 0 14
6850 0 14
6851 0 14
6852 0 14
6853 0 14
6854 0 15
6855 0 14
6856 0 14
6857 0 14
6858 0 14
6859 0 14
6860 0 14
6861 0 14
6862 0 14
6863 0 13
6864 0 13
6865 0 13
6866 0 14
6867 0 15
6868 0 15
6869 0 15
6870 0 15
6871 0 15
6872 0 16
6873 0 15
6874 0 15
6875 0 15
6876 0 15
6877 0 14
6878 0 14
6879 0 14
6880 0 15
6881 0 15
6882 0 15
6883 0 15
6884 0 14
6885 0 14
6886 0 14
6887 0 14
6888 0 15
6889 0 15
6890 0 15
6891 0 15
6892 0 15
6893 0 16
6894 0 15
6895 0 15
6896 0 15
6897 0 15
6898 0 14
6899 0 14
6900 0 14
6901 0 15
6902 0 15
6903 0 15
6904 0 15
6905 0 15
6906 0 15
6907 0 15
6908 0 15
6909 0 15
6910 0 14
6911 0 15
6912 0 15
6913 0 15
6914 0 15
6915 0 15
6916 0 15
6917 0 15
6918 0 15
6919 0 14
6920 0 15
6921 0 15
6922 0 13
6923 0 14
6924 0 15
6925 0 14
6926 0 15
6927 0 15
6928 0 13
6929 0 14
6930 0 15
6931 0 14
6932 0 14
6933 0 14
6934 0 14
6935 0 14
6936 0 14
6937 0 13
6938 0 15
6939 0 15
6940 0 15
6941 0 15
6942 0 14
6943 0 14
6944 0 14
6945 0 14
6946 0 14
6947 0 14
6948 0 15
6949 0 15
6950 0 15
6951 0 15
6952 0 14
6953 0 14
6954 0 14
6955 0 14
6956 0 14
6957 0 15
6958 0 15
6959 0 13
6960 0 14
6961 0 15
6962 0 14
6963 0 13
6964 0 14
6965 0 13
6966 0 14
6967 0 13
6968 0 14
6969 0 13
6970 0 13
6971 0 14
6972 0 14
6973 0 14
6974 0 14
6975 0 15
6976 0 15
6977 0 13
6978 0 14
6979 0 15
6980 0 14
6981 0 14
6982 0 14
6983 0 14
6984 0 13
6985 0 13
6986 0 13
6987 0 15
6988 0 15
6989 0 15
6990 0 15
6991 0 14
6992 0 14
6993 0 14
6994 0 14
6995 0 14
6996 0 14
6997 0 15
6998 0 15
6999 0 15
7000 0 15
7001 0 14
7002 0 14
7003 0 14
7004 0 14
7005 0 14
7006 0 15
7007 0 15
7008 0 13
7009 0 14
7010 0 15
7011 0 14
7012 0 13
7013 0 14
7014 0 13
7015 0 14
7016 0 13
7017 0 14
7018 0 13
7019 0 13
7020 0 14
7021 0 14
7022 0 14
7023 0 15
7024 0 15
7025 0 15
7026 0 14
7027 0 15
7028 0 15
7029 0 15
7030 0 15
7031 0 15
7032 0 15
7033 0 13
7034 0 13
7035 0 14
7036 0 15
7037 0 15
7038 0 15
7039 0 15
7040 0 14
7041 0 14
7042 0 14
7043 0 14
7044 0 15
7045 0 15
7046 0 15
7047 0 14
7048 0 15
7049 0 15
7050 0 15
7051 0 15
7052 0 15
7053 0 15
7054 0 13
7055 0 13
7056 0 14
7057 0 15
7058 0 15
7059 0 15
7060 0 14
7061 0 15
7062 0 15
7063 0 15
7064 0 15
7065 0 15
7066 0 15
7067 0 13
7068 0 13
7069 0 14
7070 0 15
7071 0 15
7072 0 15
7073 0 15
7074 0 14
7075 0 14
7076 0 14
7077 0 14
7078 0 15
7079 0 15
7080 0 15
7081 0 14
7082 0 15
7083 0 15
7084 0 15
7085 0 15
7086 0 15
7087 0 15
7088 0 13
7089 0 13
7090 0 14
7091 0 15
7092 0 14
7093 0 15
7094 0 14
7095 0 13
7096 0 13
7097 0 13
7098 0 14
7099 0 13
7100 0 14
7101 0 15
7102 0 14
7103 0 15
7104 0 14
7105 0 13
7106 0 13
7107 0 13
7108 0 14
7109 0 14
7110 0 15
7111 0 15
7112 0 14
7113 0 14
7114 0 15
7115 0 14
7116 0 15
7117 0 15
7118 0 14
7119 0 14
7120 0 15
7121 0 14
7122 0 14
7123 0 14
7124 0 14
7125 0 14
7126 0 14
7127 0 14
