0 0 26
1 0 26
2 0 26
3 0 26
4 0 26
5 0 25
6 0 26
7 0 26
8 0 25
9 0 25
10 0 26
11 0 26
12 0 26
13 0 26
14 0 26
15 0 25
16 0 26
17 0 26
18 0 25
19 0 25
20 0 25
21 0 26
22 0 26
23 0 25
24 0 25
25 0 25
26 0 25
27 0 25
28 0 25
29 0 25
30 0 25
31 0 25
32 0 25
33 0 24
34 0 26
35 0 26
36 0 25
37 0 25
38 0 25
39 0 26
40 0 26
41 0 25
42 0 25
43 0 25
44 0 25
45 0 25
46 0 25
47 0 25
48 0 25
49 0 25
50 0 24
51 0 24
52 0 26
53 0 26
54 0 26
55 0 26
56 0 26
57 0 25
58 0 26
59 0 26
60 0 25
61 0 25
62 0 26
63 0 26
64 0 26
65 0 26
66 0 26
67 0 25
68 0 26
69 0 26
70 0 25
71 0 25
72 0 25
73 0 26
74 0 26
75 0 25
76 0 25
77 0 25
78 0 25
79 0 25
80 0 25
81 0 25
82 0 25
83 0 25
84 0 25
85 0 24
86 0 26
87 0 26
88 0 24
89 0 24
90 0 25
91 0 26
92 0 26
93 0 24
94 0 24
95 0 25
96 0 25
97 0 25
98 0 25
99 0 25
100 0 25
101 0 25
102 0 24
103 0 24
104 0 25
105 0 25
106 0 25
107 0 25
108 0 25
109 0 24
110 0 26
111 0 26
112 0 24
113 0 24
114 0 25
115 0 26
116 0 26
117 0 24
118 0 24
119 0 25
120 0 25
121 0 26
122 0 25
123 0 25
124 0 25
125 0 25
126 0 24
127 0 24
128 0 24
129 0 24
130 0 24
131 0 25
132 0 25
133 0 24
134 0 25
135 0 25
136 0 23
137 0 23
138 0 24
139 0 24
140 0 24
141 0 25
142 0 25
143 0 24
144 0 24
145 0 24
146 0 24
147 0 25
148 0 25
149 0 24
150 0 25
151 0 25
152 0 23
153 0 23
154 0 24
155 0 24
156 0 24
157 0 25
158 0 25
159 0 24
160 0 25
161 0 25
162 0 23
163 0 23
164 0 24
165 0 25
166 0 25
167 0 23
168 0 23
169 0 24
170 0 24
171 0 24
172 0 24
173 0 24
174 0 24
175 0 24
176 0 24
177 0 24
178 0 26
179 0 26
180 0 24
181 0 24
182 0 25
183 0 26
184 0 26
185 0 24
186 0 24
187 0 25
188 0 25
189 0 26
190 0 25
191 0 25
192 0 25
193 0 25
194 0 24
195 0 24
196 0 26
197 0 26
198 0 26
199 0 25
200 0 25
201 0 24
202 0 26
203 0 26
204 0 24
205 0 24
206 0 25
207 0 26
208 0 26
209 0 24
210 0 24
211 0 25
212 0 25
213 0 26
214 0 25
215 0 25
216 0 25
217 0 25
218 0 24
219 0 24
220 0 25
221 0 25
222 0 25
223 0 25
224 0 25
225 0 24
226 0 25
227 0 25
228 0 24
229 0 24
230 0 25
231 0 25
232 0 25
233 0 25
234 0 25
235 0 24
236 0 25
237 0 25
238 0 24
239 0 24
240 0 24
241 0 25
242 0 25
243 0 24
244 0 24
245 0 25
246 0 25
247 0 24
248 0 24
249 0 24
250 0 25
251 0 25
252 0 24
253 0 24
254 0 24
255 0 24
256 0 24
257 0 24
258 0 24
259 0 24
260 0 24
261 0 24
262 0 24
263 0 26
264 0 26
265 0 26
266 0 26
267 0 26
268 0 25
269 0 26
270 0 26
271 0 25
272 0 25
273 0 26
274 0 26
275 0 26
276 0 26
277 0 26
278 0 25
279 0 26
280 0 26
281 0 25
282 0 25
283 0 25
284 0 26
285 0 26
286 0 25
287 0 25
288 0 25
289 0 25
290 0 25
291 0 25
292 0 25
293 0 25
294 0 25
295 0 25
296 0 24
297 0 26
298 0 26
299 0 25
300 0 25
301 0 25
302 0 26
303 0 26
304 0 25
305 0 25
306 0 25
307 0 25
308 0 25
309 0 25
310 0 25
311 0 25
312 0 25
313 0 24
314 0 24
315 0 26
316 0 26
317 0 26
318 0 26
319 0 26
320 0 25
321 0 26
322 0 26
323 0 25
324 0 25
325 0 26
326 0 26
327 0 26
328 0 26
329 0 26
330 0 25
331 0 26
332 0 26
333 0 25
334 0 25
335 0 25
336 0 26
337 0 26
338 0 25
339 0 25
340 0 25
341 0 25
342 0 25
343 0 25
344 0 25
345 0 25
346 0 25
347 0 25
348 0 24
349 0 26
350 0 26
351 0 24
352 0 24
353 0 25
354 0 26
355 0 26
356 0 24
357 0 24
358 0 25
359 0 25
360 0 25
361 0 25
362 0 25
363 0 25
364 0 25
365 0 24
366 0 24
367 0 25
368 0 25
369 0 25
370 0 25
371 0 25
372 0 24
373 0 26
374 0 26
375 0 24
376 0 24
377 0 25
378 0 26
379 0 26
380 0 24
381 0 24
382 0 25
383 0 25
384 0 26
385 0 25
386 0 25
387 0 25
388 0 25
389 0 24
390 0 24
391 0 24
392 0 24
393 0 24
394 0 25
395 0 25
396 0 24
397 0 25
398 0 25
399 0 23
400 0 23
401 0 24
402 0 24
403 0 24
404 0 25
405 0 25
406 0 24
407 0 24
408 0 24
409 0 24
410 0 25
411 0 25
412 0 24
413 0 25
414 0 25
415 0 23
416 0 23
417 0 24
418 0 24
419 0 24
420 0 25
421 0 25
422 0 24
423 0 25
424 0 25
425 0 23
426 0 23
427 0 24
428 0 25
429 0 25
430 0 23
431 0 23
432 0 24
433 0 24
434 0 24
435 0 24
436 0 24
437 0 24
438 0 24
439 0 24
440 0 24
441 0 26
442 0 26
443 0 25
444 0 25
445 0 25
446 0 26
447 0 26
448 0 25
449 0 25
450 0 25
451 0 25
452 0 25
453 0 24
454 0 24
455 0 24
456 0 24
457 0 24
458 0 24
459 0 25
460 0 26
461 0 25
462 0 25
463 0 25
464 0 24
465 0 26
466 0 26
467 0 25
468 0 25
469 0 25
470 0 26
471 0 26
472 0 25
473 0 25
474 0 25
475 0 25
476 0 25
477 0 24
478 0 24
479 0 24
480 0 24
481 0 24
482 0 24
483 0 25
484 0 25
485 0 25
486 0 25
487 0 25
488 0 24
489 0 25
490 0 25
491 0 24
492 0 24
493 0 25
494 0 25
495 0 25
496 0 25
497 0 25
498 0 24
499 0 25
500 0 25
501 0 25
502 0 25
503 0 24
504 0 25
505 0 25
506 0 25
507 0 25
508 0 25
509 0 25
510 0 25
511 0 25
512 0 24
513 0 25
514 0 25
515 0 25
516 0 25
517 0 24
518 0 25
519 0 24
520 0 24
521 0 24
522 0 24
523 0 24
524 0 24
525 0 24
526 0 25
527 0 25
528 0 25
529 0 25
530 0 25
531 0 24
532 0 25
533 0 25
534 0 24
535 0 24
536 0 25
537 0 25
538 0 25
539 0 25
540 0 25
541 0 24
542 0 25
543 0 25
544 0 24
545 0 24
546 0 24
547 0 25
548 0 25
549 0 24
550 0 24
551 0 24
552 0 25
553 0 24
554 0 24
555 0 25
556 0 24
557 0 24
558 0 24
559 0 23
560 0 26
561 0 26
562 0 25
563 0 25
564 0 25
565 0 26
566 0 26
567 0 25
568 0 25
569 0 25
570 0 25
571 0 25
572 0 24
573 0 24
574 0 24
575 0 24
576 0 24
577 0 24
578 0 25
579 0 26
580 0 25
581 0 25
582 0 25
583 0 24
584 0 26
585 0 26
586 0 25
587 0 25
588 0 25
589 0 26
590 0 26
591 0 25
592 0 25
593 0 25
594 0 25
595 0 25
596 0 24
597 0 24
598 0 24
599 0 24
600 0 24
601 0 24
602 0 25
603 0 26
604 0 25
605 0 25
606 0 25
607 0 25
608 0 25
609 0 25
610 0 25
611 0 25
612 0 25
613 0 26
614 0 25
615 0 26
616 0 26
617 0 25
618 0 25
619 0 25
620 0 25
621 0 25
622 0 24
623 0 25
624 0 25
625 0 25
626 0 25
627 0 25
628 0 25
629 0 25
630 0 25
631 0 24
632 0 25
633 0 25
634 0 25
635 0 25
636 0 24
637 0 25
638 0 24
639 0 24
640 0 24
641 0 24
642 0 24
643 0 24
644 0 24
645 0 25
646 0 25
647 0 25
648 0 24
649 0 24
650 0 23
651 0 24
652 0 24
653 0 24
654 0 24
655 0 25
656 0 25
657 0 25
658 0 24
659 0 24
660 0 23
661 0 25
662 0 25
663 0 25
664 0 25
665 0 24
666 0 25
667 0 25
668 0 25
669 0 25
670 0 25
671 0 25
672 0 25
673 0 25
674 0 25
675 0 25
676 0 24
677 0 24
678 0 23
679 0 25
680 0 25
681 0 25
682 0 25
683 0 25
684 0 25
685 0 25
686 0 25
687 0 25
688 0 24
689 0 24
690 0 25
691 0 23
692 0 23
693 0 23
694 0 23
695 0 23
696 0 23
697 0 25
698 0 25
699 0 25
700 0 24
701 0 24
702 0 23
703 0 24
704 0 24
705 0 24
706 0 24
707 0 25
708 0 25
709 0 25
710 0 24
711 0 24
712 0 23
713 0 25
714 0 25
715 0 25
716 0 25
717 0 24
718 0 25
719 0 25
720 0 25
721 0 25
722 0 25
723 0 25
724 0 25
725 0 25
726 0 25
727 0 25
728 0 24
729 0 24
730 0 23
731 0 25
732 0 25
733 0 25
734 0 24
735 0 24
736 0 23
737 0 24
738 0 24
739 0 24
740 0 24
741 0 25
742 0 25
743 0 25
744 0 24
745 0 24
746 0 23
747 0 25
748 0 25
749 0 25
750 0 25
751 0 24
752 0 25
753 0 25
754 0 25
755 0 25
756 0 25
757 0 25
758 0 25
759 0 25
760 0 25
761 0 25
762 0 24
763 0 24
764 0 23
765 0 25
766 0 25
767 0 25
768 0 25
769 0 25
770 0 25
771 0 25
772 0 25
773 0 25
774 0 24
775 0 24
776 0 25
777 0 23
778 0 23
779 0 23
780 0 23
781 0 23
782 0 23
783 0 25
784 0 25
785 0 25
786 0 24
787 0 24
788 0 23
789 0 24
790 0 24
791 0 24
792 0 24
793 0 25
794 0 25
795 0 25
796 0 24
797 0 24
798 0 23
799 0 25
800 0 25
801 0 25
802 0 25
803 0 24
804 0 25
805 0 25
806 0 25
807 0 25
808 0 25
809 0 25
810 0 25
811 0 25
812 0 25
813 0 25
814 0 24
815 0 24
816 0 23
817 0 25
818 0 25
819 0 24
820 0 24
821 0 24
822 0 25
823 0 25
824 0 24
825 0 24
826 0 24
827 0 24
828 0 25
829 0 23
830 0 23
831 0 23
832 0 23
833 0 23
834 0 23
835 0 25
836 0 25
837 0 25
838 0 24
839 0 24
840 0 23
841 0 25
842 0 25
843 0 24
844 0 24
845 0 24
846 0 25
847 0 25
848 0 24
849 0 24
850 0 24
851 0 24
852 0 25
853 0 23
854 0 23
855 0 23
856 0 23
857 0 23
858 0 23
859 0 24
860 0 24
861 0 24
862 0 24
863 0 24
864 0 23
865 0 24
866 0 24
867 0 23
868 0 23
869 0 24
870 0 24
871 0 24
872 0 24
873 0 24
874 0 23
875 0 24
876 0 24
877 0 24
878 0 24
879 0 24
880 0 23
881 0 24
882 0 24
883 0 23
884 0 23
885 0 24
886 0 24
887 0 24
888 0 24
889 0 24
890 0 23
891 0 24
892 0 24
893 0 23
894 0 23
895 0 23
896 0 24
897 0 24
898 0 23
899 0 23
900 0 24
901 0 24
902 0 24
903 0 24
904 0 24
905 0 24
906 0 24
907 0 24
908 0 23
909 0 26
910 0 26
911 0 25
912 0 25
913 0 25
914 0 26
915 0 26
916 0 25
917 0 25
918 0 25
919 0 25
920 0 25
921 0 24
922 0 24
923 0 24
924 0 24
925 0 24
926 0 24
927 0 25
928 0 26
929 0 25
930 0 25
931 0 25
932 0 24
933 0 26
934 0 26
935 0 25
936 0 25
937 0 25
938 0 26
939 0 26
940 0 25
941 0 25
942 0 25
943 0 25
944 0 25
945 0 24
946 0 24
947 0 24
948 0 24
949 0 24
950 0 24
951 0 25
952 0 26
953 0 25
954 0 25
955 0 25
956 0 25
957 0 25
958 0 25
959 0 25
960 0 25
961 0 25
962 0 26
963 0 25
964 0 26
965 0 26
966 0 25
967 0 25
968 0 25
969 0 25
970 0 25
971 0 24
972 0 25
973 0 25
974 0 25
975 0 25
976 0 25
977 0 25
978 0 25
979 0 25
980 0 24
981 0 25
982 0 25
983 0 25
984 0 25
985 0 24
986 0 25
987 0 24
988 0 24
989 0 24
990 0 24
991 0 24
992 0 24
993 0 24
994 0 25
995 0 26
996 0 25
997 0 26
998 0 26
999 0 25
1000 0 26
1001 0 26
1002 0 25
1003 0 25
1004 0 25
1005 0 26
1006 0 25
1007 0 26
1008 0 26
1009 0 25
1010 0 25
1011 0 25
1012 0 25
1013 0 25
1014 0 24
1015 0 25
1016 0 25
1017 0 25
1018 0 25
1019 0 24
1020 0 25
1021 0 24
1022 0 24
1023 0 25
1024 0 24
1025 0 24
1026 0 24
1027 0 23
1028 0 26
1029 0 26
1030 0 25
1031 0 25
1032 0 25
1033 0 26
1034 0 26
1035 0 25
1036 0 25
1037 0 25
1038 0 25
1039 0 25
1040 0 24
1041 0 24
1042 0 24
1043 0 24
1044 0 24
1045 0 24
1046 0 25
1047 0 26
1048 0 25
1049 0 25
1050 0 25
1051 0 24
1052 0 26
1053 0 26
1054 0 25
1055 0 25
1056 0 25
1057 0 26
1058 0 26
1059 0 25
1060 0 25
1061 0 25
1062 0 25
1063 0 25
1064 0 24
1065 0 24
1066 0 24
1067 0 24
1068 0 24
1069 0 24
1070 0 25
1071 0 26
1072 0 25
1073 0 25
1074 0 25
1075 0 25
1076 0 25
1077 0 25
1078 0 25
1079 0 25
1080 0 25
1081 0 26
1082 0 25
1083 0 26
1084 0 26
1085 0 25
1086 0 25
1087 0 25
1088 0 25
1089 0 25
1090 0 24
1091 0 25
1092 0 25
1093 0 25
1094 0 25
1095 0 25
1096 0 25
1097 0 25
1098 0 25
1099 0 24
1100 0 25
1101 0 25
1102 0 25
1103 0 25
1104 0 24
1105 0 25
1106 0 24
1107 0 24
1108 0 24
1109 0 24
1110 0 24
1111 0 24
1112 0 24
1113 0 25
1114 0 25
1115 0 25
1116 0 25
1117 0 25
1118 0 24
1119 0 25
1120 0 25
1121 0 24
1122 0 24
1123 0 25
1124 0 25
1125 0 25
1126 0 25
1127 0 25
1128 0 24
1129 0 25
1130 0 25
1131 0 24
1132 0 24
1133 0 24
1134 0 25
1135 0 25
1136 0 24
1137 0 24
1138 0 24
1139 0 25
1140 0 24
1141 0 24
1142 0 25
1143 0 24
1144 0 24
1145 0 24
1146 0 23
1147 0 25
1148 0 25
1149 0 24
1150 0 24
1151 0 24
1152 0 25
1153 0 25
1154 0 24
1155 0 24
1156 0 24
1157 0 24
1158 0 24
1159 0 24
1160 0 24
1161 0 24
1162 0 24
1163 0 23
1164 0 23
1165 0 25
1166 0 25
1167 0 25
1168 0 25
1169 0 25
1170 0 24
1171 0 25
1172 0 25
1173 0 24
1174 0 24
1175 0 25
1176 0 25
1177 0 25
1178 0 25
1179 0 25
1180 0 24
1181 0 25
1182 0 25
1183 0 25
1184 0 25
1185 0 24
1186 0 25
1187 0 25
1188 0 25
1189 0 25
1190 0 24
1191 0 25
1192 0 24
1193 0 24
1194 0 25
1195 0 24
1196 0 24
1197 0 24
1198 0 23
1199 0 25
1200 0 25
1201 0 23
1202 0 23
1203 0 24
1204 0 25
1205 0 25
1206 0 23
1207 0 23
1208 0 24
1209 0 24
1210 0 25
1211 0 24
1212 0 24
1213 0 24
1214 0 24
1215 0 23
1216 0 23
1217 0 25
1218 0 25
1219 0 25
1220 0 24
1221 0 24
1222 0 23
1223 0 25
1224 0 25
1225 0 23
1226 0 23
1227 0 24
1228 0 25
1229 0 25
1230 0 23
1231 0 23
1232 0 24
1233 0 24
1234 0 25
1235 0 24
1236 0 24
1237 0 24
1238 0 24
1239 0 23
1240 0 23
1241 0 25
1242 0 25
1243 0 23
1244 0 23
1245 0 24
1246 0 25
1247 0 25
1248 0 23
1249 0 23
1250 0 24
1251 0 24
1252 0 25
1253 0 24
1254 0 24
1255 0 24
1256 0 24
1257 0 23
1258 0 23
1259 0 25
1260 0 25
1261 0 25
1262 0 24
1263 0 24
1264 0 23
1265 0 25
1266 0 25
1267 0 23
1268 0 23
1269 0 24
1270 0 25
1271 0 25
1272 0 23
1273 0 23
1274 0 24
1275 0 24
1276 0 25
1277 0 24
1278 0 24
1279 0 24
1280 0 24
1281 0 23
1282 0 23
1283 0 24
1284 0 24
1285 0 24
1286 0 24
1287 0 24
1288 0 23
1289 0 24
1290 0 24
1291 0 23
1292 0 23
1293 0 24
1294 0 24
1295 0 24
1296 0 24
1297 0 24
1298 0 23
1299 0 24
1300 0 24
1301 0 23
1302 0 23
1303 0 23
1304 0 24
1305 0 24
1306 0 23
1307 0 23
1308 0 24
1309 0 24
1310 0 23
1311 0 23
1312 0 23
1313 0 24
1314 0 24
1315 0 23
1316 0 23
1317 0 23
1318 0 23
1319 0 23
1320 0 24
1321 0 24
1322 0 24
1323 0 24
1324 0 23
1325 0 23
1326 0 26
1327 0 26
1328 0 26
1329 0 26
1330 0 26
1331 0 25
1332 0 26
1333 0 26
1334 0 25
1335 0 25
1336 0 26
1337 0 26
1338 0 26
1339 0 26
1340 0 26
1341 0 25
1342 0 26
1343 0 26
1344 0 25
1345 0 25
1346 0 25
1347 0 26
1348 0 26
1349 0 25
1350 0 25
1351 0 25
1352 0 25
1353 0 25
1354 0 25
1355 0 25
1356 0 25
1357 0 25
1358 0 25
1359 0 24
1360 0 26
1361 0 26
1362 0 25
1363 0 25
1364 0 25
1365 0 26
1366 0 26
1367 0 25
1368 0 25
1369 0 25
1370 0 25
1371 0 25
1372 0 25
1373 0 25
1374 0 25
1375 0 25
1376 0 24
1377 0 24
1378 0 26
1379 0 26
1380 0 26
1381 0 26
1382 0 26
1383 0 25
1384 0 26
1385 0 26
1386 0 25
1387 0 25
1388 0 26
1389 0 26
1390 0 26
1391 0 26
1392 0 26
1393 0 25
1394 0 26
1395 0 26
1396 0 25
1397 0 25
1398 0 25
1399 0 26
1400 0 26
1401 0 25
1402 0 25
1403 0 25
1404 0 25
1405 0 25
1406 0 25
1407 0 25
1408 0 25
1409 0 25
1410 0 25
1411 0 24
1412 0 26
1413 0 26
1414 0 24
1415 0 24
1416 0 25
1417 0 26
1418 0 26
1419 0 24
1420 0 24
1421 0 25
1422 0 25
1423 0 25
1424 0 25
1425 0 25
1426 0 25
1427 0 25
1428 0 24
1429 0 24
1430 0 25
1431 0 25
1432 0 25
1433 0 25
1434 0 25
1435 0 24
1436 0 26
1437 0 26
1438 0 24
1439 0 24
1440 0 25
1441 0 26
1442 0 26
1443 0 24
1444 0 24
1445 0 25
1446 0 25
1447 0 26
1448 0 25
1449 0 25
1450 0 25
1451 0 25
1452 0 24
1453 0 24
1454 0 24
1455 0 24
1456 0 24
1457 0 25
1458 0 25
1459 0 24
1460 0 25
1461 0 25
1462 0 23
1463 0 23
1464 0 24
1465 0 24
1466 0 24
1467 0 25
1468 0 25
1469 0 24
1470 0 24
1471 0 24
1472 0 24
1473 0 25
1474 0 25
1475 0 24
1476 0 25
1477 0 25
1478 0 23
1479 0 23
1480 0 24
1481 0 24
1482 0 24
1483 0 25
1484 0 25
1485 0 24
1486 0 25
1487 0 25
1488 0 23
1489 0 23
1490 0 24
1491 0 25
1492 0 25
1493 0 23
1494 0 23
1495 0 24
1496 0 24
1497 0 24
1498 0 24
1499 0 24
1500 0 24
1501 0 24
1502 0 24
1503 0 24
1504 0 26
1505 0 26
1506 0 24
1507 0 24
1508 0 25
1509 0 26
1510 0 26
1511 0 24
1512 0 24
1513 0 25
1514 0 25
1515 0 26
1516 0 25
1517 0 25
1518 0 25
1519 0 25
1520 0 24
1521 0 24
1522 0 26
1523 0 26
1524 0 26
1525 0 25
1526 0 25
1527 0 24
1528 0 26
1529 0 26
1530 0 24
1531 0 24
1532 0 25
1533 0 26
1534 0 26
1535 0 24
1536 0 24
1537 0 25
1538 0 25
1539 0 26
1540 0 25
1541 0 25
1542 0 25
1543 0 25
1544 0 24
1545 0 24
1546 0 25
1547 0 25
1548 0 25
1549 0 25
1550 0 25
1551 0 24
1552 0 25
1553 0 25
1554 0 24
1555 0 24
1556 0 25
1557 0 25
1558 0 25
1559 0 25
1560 0 25
1561 0 24
1562 0 25
1563 0 25
1564 0 24
1565 0 24
1566 0 24
1567 0 25
1568 0 25
1569 0 24
1570 0 24
1571 0 25
1572 0 25
1573 0 24
1574 0 24
1575 0 24
1576 0 25
1577 0 25
1578 0 24
1579 0 24
1580 0 24
1581 0 24
1582 0 24
1583 0 24
1584 0 24
1585 0 24
1586 0 24
1587 0 24
1588 0 24
1589 0 26
1590 0 26
1591 0 26
1592 0 26
1593 0 26
1594 0 25
1595 0 26
1596 0 26
1597 0 25
1598 0 25
1599 0 26
1600 0 26
1601 0 26
1602 0 26
1603 0 26
1604 0 25
1605 0 26
1606 0 26
1607 0 25
1608 0 25
1609 0 25
1610 0 26
1611 0 26
1612 0 25
1613 0 25
1614 0 25
1615 0 25
1616 0 25
1617 0 25
1618 0 25
1619 0 25
1620 0 25
1621 0 25
1622 0 24
1623 0 26
1624 0 26
1625 0 25
1626 0 25
1627 0 25
1628 0 26
1629 0 26
1630 0 25
1631 0 25
1632 0 25
1633 0 25
1634 0 25
1635 0 25
1636 0 25
1637 0 25
1638 0 25
1639 0 24
1640 0 24
1641 0 26
1642 0 26
1643 0 26
1644 0 26
1645 0 26
1646 0 25
1647 0 26
1648 0 26
1649 0 25
1650 0 25
1651 0 26
1652 0 26
1653 0 26
1654 0 26
1655 0 26
1656 0 25
1657 0 26
1658 0 26
1659 0 25
1660 0 25
1661 0 25
1662 0 26
1663 0 26
1664 0 25
1665 0 25
1666 0 25
1667 0 25
1668 0 25
1669 0 25
1670 0 25
1671 0 25
1672 0 25
1673 0 25
1674 0 24
1675 0 26
1676 0 26
1677 0 24
1678 0 24
1679 0 25
1680 0 26
1681 0 26
1682 0 24
1683 0 24
1684 0 25
1685 0 25
1686 0 25
1687 0 25
1688 0 25
1689 0 25
1690 0 25
1691 0 24
1692 0 24
1693 0 25
1694 0 25
1695 0 25
1696 0 25
1697 0 25
1698 0 24
1699 0 26
1700 0 26
1701 0 24
1702 0 24
1703 0 25
1704 0 26
1705 0 26
1706 0 24
1707 0 24
1708 0 25
1709 0 25
1710 0 26
1711 0 25
1712 0 25
1713 0 25
1714 0 25
1715 0 24
1716 0 24
1717 0 24
1718 0 24
1719 0 24
1720 0 25
1721 0 25
1722 0 24
1723 0 25
1724 0 25
1725 0 23
1726 0 23
1727 0 24
1728 0 24
1729 0 24
1730 0 25
1731 0 25
1732 0 24
1733 0 24
1734 0 24
1735 0 24
1736 0 25
1737 0 25
1738 0 24
1739 0 25
1740 0 25
1741 0 23
1742 0 23
1743 0 24
1744 0 24
1745 0 24
1746 0 25
1747 0 25
1748 0 24
1749 0 25
1750 0 25
1751 0 23
1752 0 23
1753 0 24
1754 0 25
1755 0 25
1756 0 23
1757 0 23
1758 0 24
1759 0 24
1760 0 24
1761 0 24
1762 0 24
1763 0 24
1764 0 24
1765 0 24
1766 0 24
1767 0 26
1768 0 26
1769 0 25
1770 0 25
1771 0 25
1772 0 26
1773 0 26
1774 0 25
1775 0 25
1776 0 25
1777 0 25
1778 0 26
1779 0 24
1780 0 24
1781 0 24
1782 0 24
1783 0 24
1784 0 24
1785 0 26
1786 0 26
1787 0 26
1788 0 25
1789 0 25
1790 0 24
1791 0 26
1792 0 26
1793 0 25
1794 0 25
1795 0 25
1796 0 26
1797 0 26
1798 0 25
1799 0 25
1800 0 25
1801 0 25
1802 0 26
1803 0 24
1804 0 24
1805 0 24
1806 0 24
1807 0 24
1808 0 24
1809 0 25
1810 0 25
1811 0 25
1812 0 25
1813 0 25
1814 0 24
1815 0 25
1816 0 25
1817 0 24
1818 0 24
1819 0 25
1820 0 25
1821 0 25
1822 0 25
1823 0 25
1824 0 24
1825 0 25
1826 0 25
1827 0 25
1828 0 25
1829 0 25
1830 0 25
1831 0 25
1832 0 25
1833 0 25
1834 0 25
1835 0 25
1836 0 25
1837 0 25
1838 0 25
1839 0 25
1840 0 25
1841 0 25
1842 0 25
1843 0 25
1844 0 25
1845 0 25
1846 0 24
1847 0 24
1848 0 24
1849 0 24
1850 0 24
1851 0 24
1852 0 25
1853 0 25
1854 0 25
1855 0 25
1856 0 25
1857 0 24
1858 0 25
1859 0 25
1860 0 24
1861 0 24
1862 0 25
1863 0 25
1864 0 25
1865 0 25
1866 0 25
1867 0 24
1868 0 25
1869 0 25
1870 0 24
1871 0 24
1872 0 24
1873 0 25
1874 0 25
1875 0 24
1876 0 24
1877 0 25
1878 0 25
1879 0 25
1880 0 25
1881 0 25
1882 0 25
1883 0 24
1884 0 24
1885 0 23
1886 0 26
1887 0 26
1888 0 25
1889 0 25
1890 0 25
1891 0 26
1892 0 26
1893 0 25
1894 0 25
1895 0 25
1896 0 25
1897 0 26
1898 0 24
1899 0 24
1900 0 24
1901 0 24
1902 0 24
1903 0 24
1904 0 26
1905 0 26
1906 0 26
1907 0 25
1908 0 25
1909 0 24
1910 0 26
1911 0 26
1912 0 25
1913 0 25
1914 0 25
1915 0 26
1916 0 26
1917 0 25
1918 0 25
1919 0 25
1920 0 25
1921 0 26
1922 0 24
1923 0 24
1924 0 24
1925 0 24
1926 0 24
1927 0 24
1928 0 26
1929 0 26
1930 0 26
1931 0 25
1932 0 25
1933 0 25
1934 0 25
1935 0 25
1936 0 25
1937 0 25
1938 0 26
1939 0 26
1940 0 26
1941 0 26
1942 0 26
1943 0 25
1944 0 25
1945 0 25
1946 0 25
1947 0 25
1948 0 25
1949 0 25
1950 0 25
1951 0 25
1952 0 25
1953 0 25
1954 0 25
1955 0 25
1956 0 25
1957 0 25
1958 0 25
1959 0 25
1960 0 25
1961 0 25
1962 0 25
1963 0 25
1964 0 25
1965 0 24
1966 0 24
1967 0 24
1968 0 24
1969 0 24
1970 0 24
1971 0 25
1972 0 25
1973 0 25
1974 0 24
1975 0 24
1976 0 23
1977 0 24
1978 0 24
1979 0 24
1980 0 24
1981 0 25
1982 0 25
1983 0 25
1984 0 24
1985 0 24
1986 0 23
1987 0 25
1988 0 25
1989 0 25
1990 0 25
1991 0 24
1992 0 25
1993 0 25
1994 0 25
1995 0 25
1996 0 25
1997 0 25
1998 0 25
1999 0 25
2000 0 25
2001 0 25
2002 0 24
2003 0 24
2004 0 23
2005 0 25
2006 0 25
2007 0 25
2008 0 25
2009 0 25
2010 0 25
2011 0 25
2012 0 25
2013 0 25
2014 0 24
2015 0 24
2016 0 25
2017 0 23
2018 0 23
2019 0 23
2020 0 23
2021 0 23
2022 0 23
2023 0 25
2024 0 25
2025 0 25
2026 0 24
2027 0 24
2028 0 23
2029 0 24
2030 0 24
2031 0 24
2032 0 24
2033 0 25
2034 0 25
2035 0 25
2036 0 24
2037 0 24
2038 0 23
2039 0 25
2040 0 25
2041 0 25
2042 0 25
2043 0 24
2044 0 25
2045 0 25
2046 0 25
2047 0 25
2048 0 25
2049 0 25
2050 0 25
2051 0 25
2052 0 25
2053 0 25
2054 0 24
2055 0 24
2056 0 23
2057 0 25
2058 0 25
2059 0 25
2060 0 24
2061 0 24
2062 0 23
2063 0 24
2064 0 24
2065 0 24
2066 0 24
2067 0 25
2068 0 25
2069 0 25
2070 0 24
2071 0 24
2072 0 23
2073 0 25
2074 0 25
2075 0 25
2076 0 25
2077 0 24
2078 0 25
2079 0 25
2080 0 25
2081 0 25
2082 0 25
2083 0 25
2084 0 25
2085 0 25
2086 0 25
2087 0 25
2088 0 24
2089 0 24
2090 0 23
2091 0 25
2092 0 25
2093 0 25
2094 0 25
2095 0 25
2096 0 25
2097 0 25
2098 0 25
2099 0 25
2100 0 24
2101 0 24
2102 0 25
2103 0 23
2104 0 23
2105 0 23
2106 0 23
2107 0 23
2108 0 23
2109 0 25
2110 0 25
2111 0 25
2112 0 24
2113 0 24
2114 0 23
2115 0 24
2116 0 24
2117 0 24
2118 0 24
2119 0 25
2120 0 25
2121 0 25
2122 0 24
2123 0 24
2124 0 23
2125 0 25
2126 0 25
2127 0 25
2128 0 25
2129 0 24
2130 0 25
2131 0 25
2132 0 25
2133 0 25
2134 0 25
2135 0 25
2136 0 25
2137 0 25
2138 0 25
2139 0 25
2140 0 24
2141 0 24
2142 0 23
2143 0 25
2144 0 25
2145 0 24
2146 0 24
2147 0 24
2148 0 25
2149 0 25
2150 0 24
2151 0 24
2152 0 24
2153 0 24
2154 0 25
2155 0 23
2156 0 23
2157 0 23
2158 0 23
2159 0 23
2160 0 23
2161 0 25
2162 0 25
2163 0 25
2164 0 24
2165 0 24
2166 0 23
2167 0 25
2168 0 25
2169 0 24
2170 0 24
2171 0 24
2172 0 25
2173 0 25
2174 0 24
2175 0 24
2176 0 24
2177 0 24
2178 0 25
2179 0 23
2180 0 23
2181 0 23
2182 0 23
2183 0 23
2184 0 23
2185 0 24
2186 0 24
2187 0 24
2188 0 24
2189 0 24
2190 0 23
2191 0 24
2192 0 24
2193 0 23
2194 0 23
2195 0 24
2196 0 24
2197 0 24
2198 0 24
2199 0 24
2200 0 23
2201 0 24
2202 0 24
2203 0 24
2204 0 24
2205 0 24
2206 0 23
2207 0 24
2208 0 24
2209 0 23
2210 0 23
2211 0 24
2212 0 24
2213 0 24
2214 0 24
2215 0 24
2216 0 23
2217 0 24
2218 0 24
2219 0 23
2220 0 23
2221 0 23
2222 0 24
2223 0 24
2224 0 23
2225 0 23
2226 0 24
2227 0 24
2228 0 24
2229 0 24
2230 0 24
2231 0 24
2232 0 24
2233 0 24
2234 0 23
2235 0 26
2236 0 26
2237 0 26
2238 0 25
2239 0 26
2240 0 25
2241 0 26
2242 0 26
2243 0 26
2244 0 25
2245 0 26
2246 0 25
2247 0 25
2248 0 26
2249 0 25
2250 0 25
2251 0 25
2252 0 25
2253 0 25
2254 0 25
2255 0 24
2256 0 26
2257 0 25
2258 0 25
2259 0 26
2260 0 25
2261 0 25
2262 0 25
2263 0 25
2264 0 25
2265 0 24
2266 0 26
2267 0 26
2268 0 26
2269 0 25
2270 0 26
2271 0 25
2272 0 26
2273 0 26
2274 0 26
2275 0 25
2276 0 26
2277 0 25
2278 0 25
2279 0 26
2280 0 25
2281 0 25
2282 0 25
2283 0 25
2284 0 25
2285 0 25
2286 0 24
2287 0 26
2288 0 24
2289 0 25
2290 0 26
2291 0 24
2292 0 25
2293 0 25
2294 0 25
2295 0 25
2296 0 24
2297 0 25
2298 0 25
2299 0 25
2300 0 24
2301 0 26
2302 0 24
2303 0 25
2304 0 26
2305 0 24
2306 0 25
2307 0 26
2308 0 25
2309 0 25
2310 0 24
2311 0 24
2312 0 24
2313 0 25
2314 0 24
2315 0 25
2316 0 23
2317 0 24
2318 0 24
2319 0 25
2320 0 24
2321 0 24
2322 0 24
2323 0 25
2324 0 24
2325 0 25
2326 0 23
2327 0 24
2328 0 24
2329 0 25
2330 0 24
2331 0 25
2332 0 23
2333 0 24
2334 0 25
2335 0 23
2336 0 24
2337 0 24
2338 0 24
2339 0 24
2340 0 24
2341 0 24
2342 0 26
2343 0 24
2344 0 25
2345 0 26
2346 0 24
2347 0 25
2348 0 26
2349 0 25
2350 0 25
2351 0 24
2352 0 26
2353 0 26
2354 0 25
2355 0 24
2356 0 26
2357 0 24
2358 0 25
2359 0 26
2360 0 24
2361 0 25
2362 0 26
2363 0 25
2364 0 25
2365 0 24
2366 0 25
2367 0 25
2368 0 25
2369 0 24
2370 0 25
2371 0 24
2372 0 25
2373 0 25
2374 0 25
2375 0 24
2376 0 25
2377 0 24
2378 0 24
2379 0 25
2380 0 24
2381 0 25
2382 0 24
2383 0 24
2384 0 25
2385 0 24
2386 0 24
2387 0 24
2388 0 24
2389 0 24
2390 0 24
2391 0 26
2392 0 26
2393 0 26
2394 0 25
2395 0 26
2396 0 25
2397 0 26
2398 0 26
2399 0 26
2400 0 25
2401 0 26
2402 0 25
2403 0 25
2404 0 26
2405 0 25
2406 0 25
2407 0 25
2408 0 25
2409 0 25
2410 0 25
2411 0 24
2412 0 26
2413 0 25
2414 0 25
2415 0 26
2416 0 25
2417 0 25
2418 0 25
2419 0 25
2420 0 25
2421 0 24
2422 0 26
2423 0 26
2424 0 26
2425 0 25
2426 0 26
2427 0 25
2428 0 26
2429 0 26
2430 0 26
2431 0 25
2432 0 26
2433 0 25
2434 0 25
2435 0 26
2436 0 25
2437 0 25
2438 0 25
2439 0 25
2440 0 25
2441 0 25
2442 0 24
2443 0 26
2444 0 24
2445 0 25
2446 0 26
2447 0 24
2448 0 25
2449 0 25
2450 0 25
2451 0 25
2452 0 24
2453 0 25
2454 0 25
2455 0 25
2456 0 24
2457 0 26
2458 0 24
2459 0 25
2460 0 26
2461 0 24
2462 0 25
2463 0 26
2464 0 25
2465 0 25
2466 0 24
2467 0 24
2468 0 24
2469 0 25
2470 0 24
2471 0 25
2472 0 23
2473 0 24
2474 0 24
2475 0 25
2476 0 24
2477 0 24
2478 0 24
2479 0 25
2480 0 24
2481 0 25
2482 0 23
2483 0 24
2484 0 24
2485 0 25
2486 0 24
2487 0 25
2488 0 23
2489 0 24
2490 0 25
2491 0 23
2492 0 24
2493 0 24
2494 0 24
2495 0 24
2496 0 24
2497 0 24
2498 0 26
2499 0 25
2500 0 25
2501 0 26
2502 0 25
2503 0 25
2504 0 25
2505 0 24
2506 0 24
2507 0 24
2508 0 25
2509 0 25
2510 0 25
2511 0 24
2512 0 26
2513 0 25
2514 0 25
2515 0 26
2516 0 25
2517 0 25
2518 0 25
2519 0 24
2520 0 24
2521 0 24
2522 0 25
2523 0 25
2524 0 25
2525 0 24
2526 0 25
2527 0 24
2528 0 25
2529 0 25
2530 0 25
2531 0 24
2532 0 25
2533 0 25
2534 0 24
2535 0 25
2536 0 25
2537 0 25
2538 0 25
2539 0 24
2540 0 25
2541 0 25
2542 0 24
2543 0 24
2544 0 24
2545 0 24
2546 0 24
2547 0 25
2548 0 25
2549 0 25
2550 0 24
2551 0 25
2552 0 24
2553 0 25
2554 0 25
2555 0 25
2556 0 24
2557 0 25
2558 0 24
2559 0 24
2560 0 25
2561 0 24
2562 0 24
2563 0 24
2564 0 24
2565 0 24
2566 0 24
2567 0 23
2568 0 26
2569 0 25
2570 0 25
2571 0 26
2572 0 25
2573 0 25
2574 0 25
2575 0 24
2576 0 24
2577 0 24
2578 0 25
2579 0 25
2580 0 25
2581 0 24
2582 0 26
2583 0 25
2584 0 25
2585 0 26
2586 0 25
2587 0 25
2588 0 25
2589 0 24
2590 0 24
2591 0 24
2592 0 25
2593 0 25
2594 0 25
2595 0 25
2596 0 25
2597 0 25
2598 0 25
2599 0 25
2600 0 26
2601 0 25
2602 0 25
2603 0 25
2604 0 24
2605 0 25
2606 0 25
2607 0 25
2608 0 25
2609 0 24
2610 0 25
2611 0 25
2612 0 24
2613 0 24
2614 0 24
2615 0 24
2616 0 24
2617 0 25
2618 0 25
2619 0 24
2620 0 23
2621 0 24
2622 0 24
2623 0 25
2624 0 25
2625 0 24
2626 0 23
2627 0 25
2628 0 25
2629 0 24
2630 0 25
2631 0 25
2632 0 25
2633 0 25
2634 0 25
2635 0 25
2636 0 24
2637 0 23
2638 0 25
2639 0 25
2640 0 25
2641 0 25
2642 0 25
2643 0 24
2644 0 25
2645 0 23
2646 0 23
2647 0 23
2648 0 25
2649 0 25
2650 0 24
2651 0 23
2652 0 24
2653 0 24
2654 0 25
2655 0 25
2656 0 24
2657 0 23
2658 0 25
2659 0 25
2660 0 24
2661 0 25
2662 0 25
2663 0 25
2664 0 25
2665 0 25
2666 0 25
2667 0 24
2668 0 23
2669 0 25
2670 0 25
2671 0 24
2672 0 23
2673 0 24
2674 0 24
2675 0 25
2676 0 25
2677 0 24
2678 0 23
2679 0 25
2680 0 25
2681 0 24
2682 0 25
2683 0 25
2684 0 25
2685 0 25
2686 0 25
2687 0 25
2688 0 24
2689 0 23
2690 0 25
2691 0 25
2692 0 25
2693 0 25
2694 0 25
2695 0 24
2696 0 25
2697 0 23
2698 0 23
2699 0 23
2700 0 25
2701 0 25
2702 0 24
2703 0 23
2704 0 24
2705 0 24
2706 0 25
2707 0 25
2708 0 24
2709 0 23
2710 0 25
2711 0 25
2712 0 24
2713 0 25
2714 0 25
2715 0 25
2716 0 25
2717 0 25
2718 0 25
2719 0 24
2720 0 23
2721 0 25
2722 0 24
2723 0 24
2724 0 25
2725 0 24
2726 0 24
2727 0 25
2728 0 23
2729 0 23
2730 0 23
2731 0 25
2732 0 25
2733 0 24
2734 0 23
2735 0 25
2736 0 24
2737 0 24
2738 0 25
2739 0 24
2740 0 24
2741 0 25
2742 0 23
2743 0 23
2744 0 23
2745 0 24
2746 0 24
2747 0 24
2748 0 23
2749 0 24
2750 0 23
2751 0 24
2752 0 24
2753 0 24
2754 0 23
2755 0 24
2756 0 24
2757 0 24
2758 0 23
2759 0 24
2760 0 23
2761 0 24
2762 0 24
2763 0 24
2764 0 23
2765 0 24
2766 0 23
2767 0 23
2768 0 24
2769 0 23
2770 0 24
2771 0 24
2772 0 24
2773 0 24
2774 0 24
2775 0 23
2776 0 26
2777 0 25
2778 0 25
2779 0 26
2780 0 25
2781 0 25
2782 0 25
2783 0 24
2784 0 24
2785 0 24
2786 0 25
2787 0 25
2788 0 25
2789 0 24
2790 0 26
2791 0 25
2792 0 25
2793 0 26
2794 0 25
2795 0 25
2796 0 25
2797 0 24
2798 0 24
2799 0 24
2800 0 25
2801 0 25
2802 0 25
2803 0 25
2804 0 25
2805 0 25
2806 0 25
2807 0 25
2808 0 26
2809 0 25
2810 0 25
2811 0 25
2812 0 24
2813 0 25
2814 0 25
2815 0 25
2816 0 25
2817 0 24
2818 0 25
2819 0 25
2820 0 24
2821 0 24
2822 0 24
2823 0 24
2824 0 24
2825 0 25
2826 0 25
2827 0 26
2828 0 25
2829 0 26
2830 0 25
2831 0 25
2832 0 25
2833 0 26
2834 0 25
2835 0 25
2836 0 25
2837 0 24
2838 0 25
2839 0 25
2840 0 24
2841 0 24
2842 0 24
2843 0 24
2844 0 24
2845 0 23
2846 0 26
2847 0 25
2848 0 25
2849 0 26
2850 0 25
2851 0 25
2852 0 25
2853 0 24
2854 0 24
2855 0 24
2856 0 25
2857 0 25
2858 0 25
2859 0 24
2860 0 26
2861 0 25
2862 0 25
2863 0 26
2864 0 25
2865 0 25
2866 0 25
2867 0 24
2868 0 24
2869 0 24
2870 0 25
2871 0 25
2872 0 25
2873 0 25
2874 0 25
2875 0 25
2876 0 25
2877 0 25
2878 0 26
2879 0 25
2880 0 25
2881 0 25
2882 0 24
2883 0 25
2884 0 25
2885 0 25
2886 0 25
2887 0 24
2888 0 25
2889 0 25
2890 0 24
2891 0 24
2892 0 24
2893 0 24
2894 0 24
2895 0 25
2896 0 25
2897 0 25
2898 0 24
2899 0 25
2900 0 24
2901 0 25
2902 0 25
2903 0 25
2904 0 24
2905 0 25
2906 0 24
2907 0 24
2908 0 25
2909 0 24
2910 0 24
2911 0 24
2912 0 24
2913 0 24
2914 0 24
2915 0 23
2916 0 25
2917 0 24
2918 0 24
2919 0 25
2920 0 24
2921 0 24
2922 0 24
2923 0 24
2924 0 24
2925 0 23
2926 0 25
2927 0 25
2928 0 25
2929 0 24
2930 0 25
2931 0 24
2932 0 25
2933 0 25
2934 0 25
2935 0 24
2936 0 25
2937 0 25
2938 0 24
2939 0 25
2940 0 25
2941 0 24
2942 0 24
2943 0 24
2944 0 24
2945 0 24
2946 0 23
2947 0 25
2948 0 23
2949 0 24
2950 0 25
2951 0 23
2952 0 24
2953 0 25
2954 0 24
2955 0 24
2956 0 23
2957 0 25
2958 0 25
2959 0 24
2960 0 23
2961 0 25
2962 0 23
2963 0 24
2964 0 25
2965 0 23
2966 0 24
2967 0 25
2968 0 24
2969 0 24
2970 0 23
2971 0 25
2972 0 23
2973 0 24
2974 0 25
2975 0 23
2976 0 24
2977 0 25
2978 0 24
2979 0 24
2980 0 23
2981 0 25
2982 0 25
2983 0 24
2984 0 23
2985 0 25
2986 0 23
2987 0 24
2988 0 25
2989 0 23
2990 0 24
2991 0 25
2992 0 24
2993 0 24
2994 0 23
2995 0 24
2996 0 24
2997 0 24
2998 0 23
2999 0 24
3000 0 23
3001 0 24
3002 0 24
3003 0 24
3004 0 23
3005 0 24
3006 0 23
3007 0 23
3008 0 24
3009 0 23
3010 0 24
3011 0 23
3012 0 23
3013 0 24
3014 0 23
3015 0 23
3016 0 23
3017 0 24
3018 0 24
3019 0 23
3020 0 26
3021 0 26
3022 0 26
3023 0 25
3024 0 26
3025 0 25
3026 0 26
3027 0 26
3028 0 26
3029 0 25
3030 0 26
3031 0 25
3032 0 25
3033 0 26
3034 0 25
3035 0 25
3036 0 25
3037 0 25
3038 0 25
3039 0 25
3040 0 24
3041 0 26
3042 0 25
3043 0 25
3044 0 26
3045 0 25
3046 0 25
3047 0 25
3048 0 25
3049 0 25
3050 0 24
3051 0 26
3052 0 26
3053 0 26
3054 0 25
3055 0 26
3056 0 25
3057 0 26
3058 0 26
3059 0 26
3060 0 25
3061 0 26
3062 0 25
3063 0 25
3064 0 26
3065 0 25
3066 0 25
3067 0 25
3068 0 25
3069 0 25
3070 0 25
3071 0 24
3072 0 26
3073 0 24
3074 0 25
3075 0 26
3076 0 24
3077 0 25
3078 0 25
3079 0 25
3080 0 25
3081 0 24
3082 0 25
3083 0 25
3084 0 25
3085 0 24
3086 0 26
3087 0 24
3088 0 25
3089 0 26
3090 0 24
3091 0 25
3092 0 26
3093 0 25
3094 0 25
3095 0 24
3096 0 24
3097 0 24
3098 0 25
3099 0 24
3100 0 25
3101 0 23
3102 0 24
3103 0 24
3104 0 25
3105 0 24
3106 0 24
3107 0 24
3108 0 25
3109 0 24
3110 0 25
3111 0 23
3112 0 24
3113 0 24
3114 0 25
3115 0 24
3116 0 25
3117 0 23
3118 0 24
3119 0 25
3120 0 23
3121 0 24
3122 0 24
3123 0 24
3124 0 24
3125 0 24
3126 0 24
3127 0 26
3128 0 24
3129 0 25
3130 0 26
3131 0 24
3132 0 25
3133 0 26
3134 0 25
3135 0 25
3136 0 24
3137 0 26
3138 0 26
3139 0 25
3140 0 24
3141 0 26
3142 0 24
3143 0 25
3144 0 26
3145 0 24
3146 0 25
3147 0 26
3148 0 25
3149 0 25
3150 0 24
3151 0 25
3152 0 25
3153 0 25
3154 0 24
3155 0 25
3156 0 24
3157 0 25
3158 0 25
3159 0 25
3160 0 24
3161 0 25
3162 0 24
3163 0 24
3164 0 25
3165 0 24
3166 0 25
3167 0 24
3168 0 24
3169 0 25
3170 0 24
3171 0 24
3172 0 24
3173 0 24
3174 0 24
3175 0 24
3176 0 26
3177 0 26
3178 0 26
3179 0 25
3180 0 26
3181 0 25
3182 0 26
3183 0 26
3184 0 26
3185 0 25
3186 0 26
3187 0 25
3188 0 25
3189 0 26
3190 0 25
3191 0 25
3192 0 25
3193 0 25
3194 0 25
3195 0 25
3196 0 24
3197 0 26
3198 0 25
3199 0 25
3200 0 26
3201 0 25
3202 0 25
3203 0 25
3204 0 25
3205 0 25
3206 0 24
3207 0 26
3208 0 26
3209 0 26
3210 0 25
3211 0 26
3212 0 25
3213 0 26
3214 0 26
3215 0 26
3216 0 25
3217 0 26
3218 0 25
3219 0 25
3220 0 26
3221 0 25
3222 0 25
3223 0 25
3224 0 25
3225 0 25
3226 0 25
3227 0 24
3228 0 26
3229 0 24
3230 0 25
3231 0 26
3232 0 24
3233 0 25
3234 0 25
3235 0 25
3236 0 25
3237 0 24
3238 0 25
3239 0 25
3240 0 25
3241 0 24
3242 0 26
3243 0 24
3244 0 25
3245 0 26
3246 0 24
3247 0 25
3248 0 26
3249 0 25
3250 0 25
3251 0 24
3252 0 24
3253 0 24
3254 0 25
3255 0 24
3256 0 25
3257 0 23
3258 0 24
3259 0 24
3260 0 25
3261 0 24
3262 0 24
3263 0 24
3264 0 25
3265 0 24
3266 0 25
3267 0 23
3268 0 24
3269 0 24
3270 0 25
3271 0 24
3272 0 25
3273 0 23
3274 0 24
3275 0 25
3276 0 23
3277 0 24
3278 0 24
3279 0 24
3280 0 24
3281 0 24
3282 0 24
3283 0 26
3284 0 25
3285 0 25
3286 0 26
3287 0 25
3288 0 25
3289 0 26
3290 0 24
3291 0 24
3292 0 24
3293 0 26
3294 0 26
3295 0 25
3296 0 24
3297 0 26
3298 0 25
3299 0 25
3300 0 26
3301 0 25
3302 0 25
3303 0 26
3304 0 24
3305 0 24
3306 0 24
3307 0 25
3308 0 25
3309 0 25
3310 0 24
3311 0 25
3312 0 24
3313 0 25
3314 0 25
3315 0 25
3316 0 24
3317 0 25
3318 0 25
3319 0 25
3320 0 25
3321 0 25
3322 0 25
3323 0 25
3324 0 25
3325 0 25
3326 0 25
3327 0 25
3328 0 25
3329 0 24
3330 0 24
3331 0 24
3332 0 25
3333 0 25
3334 0 25
3335 0 24
3336 0 25
3337 0 24
3338 0 25
3339 0 25
3340 0 25
3341 0 24
3342 0 25
3343 0 24
3344 0 24
3345 0 25
3346 0 24
3347 0 25
3348 0 25
3349 0 25
3350 0 25
3351 0 24
3352 0 23
3353 0 26
3354 0 25
3355 0 25
3356 0 26
3357 0 25
3358 0 25
3359 0 26
3360 0 24
3361 0 24
3362 0 24
3363 0 26
3364 0 26
3365 0 25
3366 0 24
3367 0 26
3368 0 25
3369 0 25
3370 0 26
3371 0 25
3372 0 25
3373 0 26
3374 0 24
3375 0 24
3376 0 24
3377 0 26
3378 0 26
3379 0 25
3380 0 25
3381 0 25
3382 0 25
3383 0 26
3384 0 26
3385 0 26
3386 0 25
3387 0 25
3388 0 25
3389 0 25
3390 0 25
3391 0 25
3392 0 25
3393 0 25
3394 0 25
3395 0 25
3396 0 25
3397 0 25
3398 0 25
3399 0 24
3400 0 24
3401 0 24
3402 0 25
3403 0 25
3404 0 24
3405 0 23
3406 0 24
3407 0 24
3408 0 25
3409 0 25
3410 0 24
3411 0 23
3412 0 25
3413 0 25
3414 0 24
3415 0 25
3416 0 25
3417 0 25
3418 0 25
3419 0 25
3420 0 25
3421 0 24
3422 0 23
3423 0 25
3424 0 25
3425 0 25
3426 0 25
3427 0 25
3428 0 24
3429 0 25
3430 0 23
3431 0 23
3432 0 23
3433 0 25
3434 0 25
3435 0 24
3436 0 23
3437 0 24
3438 0 24
3439 0 25
3440 0 25
3441 0 24
3442 0 23
3443 0 25
3444 0 25
3445 0 24
3446 0 25
3447 0 25
3448 0 25
3449 0 25
3450 0 25
3451 0 25
3452 0 24
3453 0 23
3454 0 25
3455 0 25
3456 0 24
3457 0 23
3458 0 24
3459 0 24
3460 0 25
3461 0 25
3462 0 24
3463 0 23
3464 0 25
3465 0 25
3466 0 24
3467 0 25
3468 0 25
3469 0 25
3470 0 25
3471 0 25
3472 0 25
3473 0 24
3474 0 23
3475 0 25
3476 0 25
3477 0 25
3478 0 25
3479 0 25
3480 0 24
3481 0 25
3482 0 23
3483 0 23
3484 0 23
3485 0 25
3486 0 25
3487 0 24
3488 0 23
3489 0 24
3490 0 24
3491 0 25
3492 0 25
3493 0 24
3494 0 23
3495 0 25
3496 0 25
3497 0 24
3498 0 25
3499 0 25
3500 0 25
3501 0 25
3502 0 25
3503 0 25
3504 0 24
3505 0 23
3506 0 25
3507 0 24
3508 0 24
3509 0 25
3510 0 24
3511 0 24
3512 0 25
3513 0 23
3514 0 23
3515 0 23
3516 0 25
3517 0 25
3518 0 24
3519 0 23
3520 0 25
3521 0 24
3522 0 24
3523 0 25
3524 0 24
3525 0 24
3526 0 25
3527 0 23
3528 0 23
3529 0 23
3530 0 24
3531 0 24
3532 0 24
3533 0 23
3534 0 24
3535 0 23
3536 0 24
3537 0 24
3538 0 24
3539 0 23
3540 0 24
3541 0 24
3542 0 24
3543 0 23
3544 0 24
3545 0 23
3546 0 24
3547 0 24
3548 0 24
3549 0 23
3550 0 24
3551 0 23
3552 0 23
3553 0 24
3554 0 23
3555 0 24
3556 0 24
3557 0 24
3558 0 24
3559 0 24
3560 0 23
3561 0 26
3562 0 25
3563 0 26
3564 0 25
3565 0 25
3566 0 25
3567 0 25
3568 0 25
3569 0 25
3570 0 25
3571 0 24
3572 0 26
3573 0 25
3574 0 26
3575 0 25
3576 0 25
3577 0 25
3578 0 25
3579 0 24
3580 0 24
3581 0 25
3582 0 24
3583 0 25
3584 0 24
3585 0 24
3586 0 25
3587 0 24
3588 0 24
3589 0 23
3590 0 24
3591 0 24
3592 0 23
3593 0 24
3594 0 23
3595 0 23
3596 0 24
3597 0 24
3598 0 24
3599 0 24
3600 0 25
3601 0 24
3602 0 26
3603 0 24
3604 0 24
3605 0 25
3606 0 24
3607 0 25
3608 0 24
3609 0 25
3610 0 24
3611 0 24
3612 0 24
3613 0 24
3614 0 24
3615 0 24
3616 0 26
3617 0 25
3618 0 26
3619 0 25
3620 0 25
3621 0 25
3622 0 25
3623 0 25
3624 0 25
3625 0 25
3626 0 24
3627 0 26
3628 0 25
3629 0 26
3630 0 25
3631 0 25
3632 0 25
3633 0 25
3634 0 24
3635 0 24
3636 0 25
3637 0 24
3638 0 25
3639 0 24
3640 0 24
3641 0 25
3642 0 24
3643 0 24
3644 0 23
3645 0 24
3646 0 24
3647 0 23
3648 0 24
3649 0 23
3650 0 23
3651 0 24
3652 0 24
3653 0 25
3654 0 25
3655 0 25
3656 0 24
3657 0 25
3658 0 25
3659 0 25
3660 0 25
3661 0 24
3662 0 25
3663 0 24
3664 0 25
3665 0 25
3666 0 25
3667 0 25
3668 0 25
3669 0 24
3670 0 24
3671 0 25
3672 0 24
3673 0 25
3674 0 24
3675 0 24
3676 0 24
3677 0 24
3678 0 25
3679 0 25
3680 0 25
3681 0 24
3682 0 25
3683 0 25
3684 0 25
3685 0 25
3686 0 24
3687 0 25
3688 0 25
3689 0 25
3690 0 25
3691 0 25
3692 0 25
3693 0 25
3694 0 24
3695 0 24
3696 0 25
3697 0 24
3698 0 25
3699 0 25
3700 0 25
3701 0 25
3702 0 25
3703 0 25
3704 0 25
3705 0 24
3706 0 23
3707 0 25
3708 0 24
3709 0 25
3710 0 25
3711 0 25
3712 0 25
3713 0 25
3714 0 25
3715 0 24
3716 0 25
3717 0 25
3718 0 25
3719 0 25
3720 0 25
3721 0 25
3722 0 25
3723 0 24
3724 0 23
3725 0 25
3726 0 24
3727 0 25
3728 0 25
3729 0 25
3730 0 25
3731 0 25
3732 0 24
3733 0 24
3734 0 24
3735 0 23
3736 0 25
3737 0 24
3738 0 24
3739 0 24
3740 0 23
3741 0 24
3742 0 23
3743 0 24
3744 0 24
3745 0 23
3746 0 24
3747 0 23
3748 0 23
3749 0 24
3750 0 24
3751 0 25
3752 0 25
3753 0 25
3754 0 24
3755 0 25
3756 0 25
3757 0 25
3758 0 25
3759 0 24
3760 0 25
3761 0 25
3762 0 25
3763 0 25
3764 0 25
3765 0 25
3766 0 25
3767 0 24
3768 0 24
3769 0 25
3770 0 25
3771 0 25
3772 0 25
3773 0 25
3774 0 24
3775 0 24
3776 0 25
3777 0 25
3778 0 25
3779 0 24
3780 0 25
3781 0 25
3782 0 25
3783 0 25
3784 0 24
3785 0 25
3786 0 25
3787 0 25
3788 0 25
3789 0 25
3790 0 25
3791 0 25
3792 0 24
3793 0 24
3794 0 25
3795 0 24
3796 0 25
3797 0 24
3798 0 24
3799 0 24
3800 0 24
3801 0 24
3802 0 24
3803 0 24
3804 0 23
3805 0 25
3806 0 24
3807 0 25
3808 0 25
3809 0 25
3810 0 24
3811 0 24
3812 0 23
3813 0 23
3814 0 24
3815 0 23
3816 0 25
3817 0 23
3818 0 23
3819 0 24
3820 0 23
3821 0 23
3822 0 23
3823 0 24
3824 0 23
3825 0 25
3826 0 23
3827 0 23
3828 0 24
3829 0 23
3830 0 24
3831 0 23
3832 0 24
3833 0 23
3834 0 23
3835 0 23
3836 0 23
3837 0 23
3838 0 23
3839 0 26
3840 0 25
3841 0 26
3842 0 25
3843 0 25
3844 0 25
3845 0 25
3846 0 25
3847 0 25
3848 0 25
3849 0 24
3850 0 26
3851 0 25
3852 0 26
3853 0 25
3854 0 25
3855 0 25
3856 0 25
3857 0 24
3858 0 24
3859 0 25
3860 0 24
3861 0 25
3862 0 24
3863 0 24
3864 0 25
3865 0 24
3866 0 24
3867 0 23
3868 0 24
3869 0 24
3870 0 23
3871 0 24
3872 0 23
3873 0 23
3874 0 24
3875 0 24
3876 0 24
3877 0 24
3878 0 25
3879 0 24
3880 0 26
3881 0 24
3882 0 24
3883 0 25
3884 0 24
3885 0 25
3886 0 24
3887 0 25
3888 0 24
3889 0 24
3890 0 24
3891 0 24
3892 0 24
3893 0 24
3894 0 26
3895 0 25
3896 0 26
3897 0 25
3898 0 25
3899 0 25
3900 0 25
3901 0 25
3902 0 25
3903 0 25
3904 0 24
3905 0 26
3906 0 25
3907 0 26
3908 0 25
3909 0 25
3910 0 25
3911 0 25
3912 0 24
3913 0 24
3914 0 25
3915 0 24
3916 0 25
3917 0 24
3918 0 24
3919 0 25
3920 0 24
3921 0 24
3922 0 23
3923 0 24
3924 0 24
3925 0 23
3926 0 24
3927 0 23
3928 0 23
3929 0 24
3930 0 24
3931 0 25
3932 0 25
3933 0 25
3934 0 24
3935 0 26
3936 0 25
3937 0 25
3938 0 25
3939 0 24
3940 0 25
3941 0 24
3942 0 25
3943 0 25
3944 0 25
3945 0 25
3946 0 25
3947 0 25
3948 0 24
3949 0 25
3950 0 24
3951 0 25
3952 0 24
3953 0 24
3954 0 25
3955 0 25
3956 0 25
3957 0 25
3958 0 25
3959 0 24
3960 0 26
3961 0 25
3962 0 25
3963 0 25
3964 0 24
3965 0 26
3966 0 25
3967 0 26
3968 0 25
3969 0 25
3970 0 25
3971 0 25
3972 0 25
3973 0 24
3974 0 25
3975 0 24
3976 0 25
3977 0 25
3978 0 25
3979 0 25
3980 0 25
3981 0 25
3982 0 25
3983 0 24
3984 0 23
3985 0 25
3986 0 24
3987 0 25
3988 0 25
3989 0 25
3990 0 25
3991 0 25
3992 0 25
3993 0 24
3994 0 25
3995 0 25
3996 0 25
3997 0 25
3998 0 25
3999 0 25
4000 0 25
4001 0 24
4002 0 23
4003 0 25
4004 0 24
4005 0 25
4006 0 25
4007 0 25
4008 0 25
4009 0 25
4010 0 24
4011 0 24
4012 0 24
4013 0 23
4014 0 25
4015 0 24
4016 0 24
4017 0 24
4018 0 23
4019 0 24
4020 0 23
4021 0 24
4022 0 24
4023 0 23
4024 0 24
4025 0 23
4026 0 23
4027 0 24
4028 0 24
4029 0 25
4030 0 25
4031 0 25
4032 0 24
4033 0 24
4034 0 23
4035 0 24
4036 0 24
4037 0 24
4038 0 24
4039 0 25
4040 0 25
4041 0 25
4042 0 24
4043 0 24
4044 0 23
4045 0 25
4046 0 25
4047 0 25
4048 0 25
4049 0 24
4050 0 25
4051 0 25
4052 0 25
4053 0 25
4054 0 25
4055 0 25
4056 0 25
4057 0 25
4058 0 25
4059 0 25
4060 0 24
4061 0 24
4062 0 23
4063 0 25
4064 0 25
4065 0 25
4066 0 25
4067 0 25
4068 0 25
4069 0 25
4070 0 25
4071 0 25
4072 0 24
4073 0 24
4074 0 25
4075 0 23
4076 0 23
4077 0 23
4078 0 23
4079 0 23
4080 0 23
4081 0 25
4082 0 25
4083 0 25
4084 0 24
4085 0 24
4086 0 23
4087 0 24
4088 0 24
4089 0 24
4090 0 24
4091 0 25
4092 0 25
4093 0 25
4094 0 24
4095 0 24
4096 0 23
4097 0 25
4098 0 25
4099 0 25
4100 0 25
4101 0 24
4102 0 25
4103 0 25
4104 0 25
4105 0 25
4106 0 25
4107 0 25
4108 0 25
4109 0 25
4110 0 25
4111 0 25
4112 0 24
4113 0 24
4114 0 23
4115 0 25
4116 0 25
4117 0 25
4118 0 24
4119 0 24
4120 0 23
4121 0 24
4122 0 24
4123 0 24
4124 0 24
4125 0 25
4126 0 25
4127 0 25
4128 0 24
4129 0 24
4130 0 23
4131 0 25
4132 0 25
4133 0 25
4134 0 25
4135 0 24
4136 0 25
4137 0 25
4138 0 25
4139 0 25
4140 0 25
4141 0 25
4142 0 25
4143 0 25
4144 0 25
4145 0 25
4146 0 24
4147 0 24
4148 0 23
4149 0 25
4150 0 25
4151 0 25
4152 0 25
4153 0 25
4154 0 25
4155 0 25
4156 0 25
4157 0 25
4158 0 24
4159 0 24
4160 0 25
4161 0 23
4162 0 23
4163 0 23
4164 0 23
4165 0 23
4166 0 23
4167 0 25
4168 0 25
4169 0 25
4170 0 24
4171 0 24
4172 0 23
4173 0 24
4174 0 24
4175 0 24
4176 0 24
4177 0 25
4178 0 25
4179 0 25
4180 0 24
4181 0 24
4182 0 23
4183 0 25
4184 0 25
4185 0 25
4186 0 25
4187 0 24
4188 0 25
4189 0 25
4190 0 25
4191 0 25
4192 0 25
4193 0 25
4194 0 25
4195 0 25
4196 0 25
4197 0 25
4198 0 24
4199 0 24
4200 0 23
4201 0 25
4202 0 25
4203 0 24
4204 0 24
4205 0 24
4206 0 25
4207 0 25
4208 0 24
4209 0 24
4210 0 24
4211 0 24
4212 0 25
4213 0 23
4214 0 23
4215 0 23
4216 0 23
4217 0 23
4218 0 23
4219 0 25
4220 0 25
4221 0 25
4222 0 24
4223 0 24
4224 0 23
4225 0 25
4226 0 25
4227 0 24
4228 0 24
4229 0 24
4230 0 25
4231 0 25
4232 0 24
4233 0 24
4234 0 24
4235 0 24
4236 0 25
4237 0 23
4238 0 23
4239 0 23
4240 0 23
4241 0 23
4242 0 23
4243 0 24
4244 0 24
4245 0 24
4246 0 24
4247 0 24
4248 0 23
4249 0 24
4250 0 24
4251 0 23
4252 0 23
4253 0 24
4254 0 24
4255 0 24
4256 0 24
4257 0 24
4258 0 23
4259 0 24
4260 0 24
4261 0 24
4262 0 24
4263 0 24
4264 0 23
4265 0 24
4266 0 24
4267 0 23
4268 0 23
4269 0 24
4270 0 24
4271 0 24
4272 0 24
4273 0 24
4274 0 23
4275 0 24
4276 0 24
4277 0 23
4278 0 23
4279 0 23
4280 0 24
4281 0 24
4282 0 23
4283 0 23
4284 0 24
4285 0 24
4286 0 24
4287 0 24
4288 0 24
4289 0 24
4290 0 24
4291 0 24
4292 0 23
4293 0 26
4294 0 25
4295 0 26
4296 0 25
4297 0 25
4298 0 25
4299 0 25
4300 0 25
4301 0 25
4302 0 25
4303 0 24
4304 0 26
4305 0 25
4306 0 26
4307 0 25
4308 0 25
4309 0 25
4310 0 25
4311 0 24
4312 0 24
4313 0 25
4314 0 24
4315 0 25
4316 0 24
4317 0 24
4318 0 25
4319 0 24
4320 0 24
4321 0 23
4322 0 24
4323 0 24
4324 0 23
4325 0 24
4326 0 23
4327 0 23
4328 0 24
4329 0 24
4330 0 24
4331 0 24
4332 0 25
4333 0 24
4334 0 26
4335 0 24
4336 0 24
4337 0 25
4338 0 24
4339 0 25
4340 0 24
4341 0 25
4342 0 24
4343 0 24
4344 0 24
4345 0 24
4346 0 24
4347 0 24
4348 0 26
4349 0 25
4350 0 26
4351 0 25
4352 0 25
4353 0 25
4354 0 25
4355 0 25
4356 0 25
4357 0 25
4358 0 24
4359 0 26
4360 0 25
4361 0 26
4362 0 25
4363 0 25
4364 0 25
4365 0 25
4366 0 24
4367 0 24
4368 0 25
4369 0 24
4370 0 25
4371 0 24
4372 0 24
4373 0 25
4374 0 24
4375 0 24
4376 0 23
4377 0 24
4378 0 24
4379 0 23
4380 0 24
4381 0 23
4382 0 23
4383 0 24
4384 0 24
4385 0 25
4386 0 25
4387 0 25
4388 0 24
4389 0 26
4390 0 25
4391 0 25
4392 0 25
4393 0 24
4394 0 25
4395 0 24
4396 0 25
4397 0 25
4398 0 25
4399 0 25
4400 0 25
4401 0 25
4402 0 24
4403 0 25
4404 0 24
4405 0 25
4406 0 24
4407 0 24
4408 0 25
4409 0 25
4410 0 25
4411 0 25
4412 0 25
4413 0 24
4414 0 26
4415 0 25
4416 0 25
4417 0 25
4418 0 24
4419 0 26
4420 0 25
4421 0 26
4422 0 25
4423 0 25
4424 0 25
4425 0 25
4426 0 25
4427 0 24
4428 0 25
4429 0 24
4430 0 25
4431 0 25
4432 0 25
4433 0 25
4434 0 25
4435 0 25
4436 0 25
4437 0 24
4438 0 23
4439 0 25
4440 0 24
4441 0 25
4442 0 25
4443 0 25
4444 0 25
4445 0 25
4446 0 25
4447 0 24
4448 0 25
4449 0 25
4450 0 25
4451 0 25
4452 0 25
4453 0 25
4454 0 25
4455 0 24
4456 0 23
4457 0 25
4458 0 24
4459 0 25
4460 0 25
4461 0 25
4462 0 25
4463 0 25
4464 0 24
4465 0 24
4466 0 24
4467 0 23
4468 0 25
4469 0 24
4470 0 24
4471 0 24
4472 0 23
4473 0 24
4474 0 23
4475 0 24
4476 0 24
4477 0 23
4478 0 24
4479 0 23
4480 0 23
4481 0 24
4482 0 24
4483 0 25
4484 0 25
4485 0 25
4486 0 24
4487 0 26
4488 0 25
4489 0 25
4490 0 25
4491 0 24
4492 0 26
4493 0 25
4494 0 26
4495 0 25
4496 0 25
4497 0 25
4498 0 25
4499 0 25
4500 0 24
4501 0 26
4502 0 25
4503 0 26
4504 0 25
4505 0 25
4506 0 25
4507 0 25
4508 0 25
4509 0 25
4510 0 25
4511 0 24
4512 0 26
4513 0 25
4514 0 25
4515 0 25
4516 0 24
4517 0 26
4518 0 25
4519 0 26
4520 0 25
4521 0 25
4522 0 25
4523 0 25
4524 0 25
4525 0 24
4526 0 25
4527 0 24
4528 0 25
4529 0 24
4530 0 24
4531 0 25
4532 0 25
4533 0 24
4534 0 24
4535 0 24
4536 0 23
4537 0 25
4538 0 24
4539 0 25
4540 0 25
4541 0 25
4542 0 25
4543 0 25
4544 0 23
4545 0 23
4546 0 24
4547 0 23
4548 0 25
4549 0 23
4550 0 23
4551 0 24
4552 0 23
4553 0 23
4554 0 23
4555 0 24
4556 0 23
4557 0 25
4558 0 23
4559 0 23
4560 0 24
4561 0 23
4562 0 24
4563 0 23
4564 0 24
4565 0 23
4566 0 23
4567 0 23
4568 0 23
4569 0 23
4570 0 23
4571 0 26
4572 0 25
4573 0 26
4574 0 25
4575 0 25
4576 0 25
4577 0 25
4578 0 25
4579 0 25
4580 0 25
4581 0 24
4582 0 26
4583 0 25
4584 0 26
4585 0 25
4586 0 25
4587 0 25
4588 0 25
4589 0 24
4590 0 24
4591 0 25
4592 0 24
4593 0 25
4594 0 24
4595 0 24
4596 0 25
4597 0 24
4598 0 24
4599 0 23
4600 0 24
4601 0 24
4602 0 23
4603 0 24
4604 0 23
4605 0 23
4606 0 24
4607 0 24
4608 0 24
4609 0 24
4610 0 25
4611 0 24
4612 0 26
4613 0 24
4614 0 24
4615 0 25
4616 0 24
4617 0 25
4618 0 24
4619 0 25
4620 0 24
4621 0 24
4622 0 24
4623 0 24
4624 0 24
4625 0 24
4626 0 26
4627 0 25
4628 0 26
4629 0 25
4630 0 25
4631 0 25
4632 0 25
4633 0 25
4634 0 25
4635 0 25
4636 0 24
4637 0 26
4638 0 25
4639 0 26
4640 0 25
4641 0 25
4642 0 25
4643 0 25
4644 0 24
4645 0 24
4646 0 25
4647 0 24
4648 0 25
4649 0 24
4650 0 24
4651 0 25
4652 0 24
4653 0 24
4654 0 23
4655 0 24
4656 0 24
4657 0 23
4658 0 24
4659 0 23
4660 0 23
4661 0 24
4662 0 24
4663 0 25
4664 0 25
4665 0 25
4666 0 24
4667 0 26
4668 0 25
4669 0 25
4670 0 25
4671 0 24
4672 0 25
4673 0 24
4674 0 25
4675 0 25
4676 0 25
4677 0 25
4678 0 25
4679 0 25
4680 0 24
4681 0 25
4682 0 24
4683 0 25
4684 0 24
4685 0 24
4686 0 25
4687 0 25
4688 0 25
4689 0 25
4690 0 25
4691 0 24
4692 0 26
4693 0 25
4694 0 25
4695 0 25
4696 0 24
4697 0 26
4698 0 25
4699 0 26
4700 0 25
4701 0 25
4702 0 25
4703 0 25
4704 0 25
4705 0 24
4706 0 25
4707 0 24
4708 0 25
4709 0 25
4710 0 25
4711 0 25
4712 0 25
4713 0 25
4714 0 25
4715 0 24
4716 0 23
4717 0 25
4718 0 24
4719 0 25
4720 0 25
4721 0 25
4722 0 25
4723 0 25
4724 0 25
4725 0 24
4726 0 25
4727 0 25
4728 0 25
4729 0 25
4730 0 25
4731 0 25
4732 0 25
4733 0 24
4734 0 23
4735 0 25
4736 0 24
4737 0 25
4738 0 25
4739 0 25
4740 0 25
4741 0 25
4742 0 24
4743 0 24
4744 0 24
4745 0 23
4746 0 25
4747 0 24
4748 0 24
4749 0 24
4750 0 23
4751 0 24
4752 0 23
4753 0 24
4754 0 24
4755 0 23
4756 0 24
4757 0 23
4758 0 23
4759 0 24
4760 0 24
4761 0 25
4762 0 25
4763 0 25
4764 0 24
4765 0 25
4766 0 25
4767 0 25
4768 0 25
4769 0 24
4770 0 25
4771 0 24
4772 0 25
4773 0 24
4774 0 24
4775 0 24
4776 0 24
4777 0 24
4778 0 24
4779 0 25
4780 0 24
4781 0 25
4782 0 24
4783 0 24
4784 0 24
4785 0 24
4786 0 25
4787 0 25
4788 0 25
4789 0 24
4790 0 25
4791 0 25
4792 0 25
4793 0 25
4794 0 24
4795 0 25
4796 0 24
4797 0 25
4798 0 24
4799 0 24
4800 0 24
4801 0 24
4802 0 24
4803 0 24
4804 0 25
4805 0 24
4806 0 25
4807 0 24
4808 0 24
4809 0 24
4810 0 24
4811 0 24
4812 0 24
4813 0 24
4814 0 23
4815 0 25
4816 0 24
4817 0 25
4818 0 25
4819 0 25
4820 0 24
4821 0 24
4822 0 23
4823 0 23
4824 0 24
4825 0 23
4826 0 25
4827 0 23
4828 0 23
4829 0 24
4830 0 23
4831 0 23
4832 0 23
4833 0 24
4834 0 23
4835 0 25
4836 0 23
4837 0 23
4838 0 24
4839 0 23
4840 0 24
4841 0 23
4842 0 24
4843 0 23
4844 0 23
4845 0 23
4846 0 23
4847 0 23
4848 0 23
4849 0 25
4850 0 24
4851 0 25
4852 0 25
4853 0 25
4854 0 24
4855 0 24
4856 0 25
4857 0 25
4858 0 24
4859 0 23
4860 0 25
4861 0 24
4862 0 25
4863 0 25
4864 0 25
4865 0 24
4866 0 24
4867 0 24
4868 0 24
4869 0 24
4870 0 23
4871 0 24
4872 0 24
4873 0 24
4874 0 24
4875 0 23
4876 0 24
4877 0 23
4878 0 24
4879 0 24
4880 0 23
4881 0 24
4882 0 23
4883 0 23
4884 0 23
4885 0 23
4886 0 25
4887 0 25
4888 0 25
4889 0 24
4890 0 25
4891 0 25
4892 0 25
4893 0 25
4894 0 24
4895 0 25
4896 0 24
4897 0 25
4898 0 24
4899 0 24
4900 0 24
4901 0 24
4902 0 24
4903 0 24
4904 0 25
4905 0 24
4906 0 25
4907 0 24
4908 0 24
4909 0 24
4910 0 24
4911 0 25
4912 0 25
4913 0 25
4914 0 24
4915 0 25
4916 0 25
4917 0 25
4918 0 25
4919 0 24
4920 0 25
4921 0 24
4922 0 25
4923 0 24
4924 0 24
4925 0 24
4926 0 24
4927 0 24
4928 0 24
4929 0 25
4930 0 24
4931 0 25
4932 0 24
4933 0 24
4934 0 25
4935 0 25
4936 0 24
4937 0 24
4938 0 24
4939 0 23
4940 0 25
4941 0 24
4942 0 25
4943 0 25
4944 0 25
4945 0 25
4946 0 25
4947 0 23
4948 0 23
4949 0 24
4950 0 23
4951 0 25
4952 0 23
4953 0 23
4954 0 24
4955 0 23
4956 0 23
4957 0 23
4958 0 24
4959 0 23
4960 0 25
4961 0 23
4962 0 23
4963 0 24
4964 0 23
4965 0 24
4966 0 23
4967 0 24
4968 0 23
4969 0 23
4970 0 23
4971 0 23
4972 0 23
4973 0 23
4974 0 25
4975 0 24
4976 0 25
4977 0 24
4978 0 24
4979 0 23
4980 0 23
4981 0 24
4982 0 24
4983 0 24
4984 0 24
4985 0 25
4986 0 24
4987 0 25
4988 0 24
4989 0 24
4990 0 23
4991 0 23
4992 0 24
4993 0 24
4994 0 24
4995 0 24
4996 0 24
4997 0 24
4998 0 24
4999 0 25
5000 0 24
5001 0 24
5002 0 23
5003 0 24
5004 0 24
5005 0 23
5006 0 24
5007 0 23
5008 0 23
5009 0 23
5010 0 23
5011 0 24
5012 0 24
5013 0 25
5014 0 24
5015 0 25
5016 0 24
5017 0 24
5018 0 25
5019 0 24
5020 0 24
5021 0 23
5022 0 24
5023 0 23
5024 0 23
5025 0 23
5026 0 23
5027 0 23
5028 0 23
5029 0 25
5030 0 24
5031 0 25
5032 0 24
5033 0 24
5034 0 23
5035 0 23
5036 0 24
5037 0 24
5038 0 24
5039 0 24
5040 0 25
5041 0 24
5042 0 25
5043 0 24
5044 0 24
5045 0 23
5046 0 23
5047 0 24
5048 0 24
5049 0 24
5050 0 24
5051 0 24
5052 0 24
5053 0 24
5054 0 25
5055 0 24
5056 0 24
5057 0 23
5058 0 24
5059 0 24
5060 0 23
5061 0 24
5062 0 23
5063 0 23
5064 0 23
5065 0 23
5066 0 25
5067 0 24
5068 0 25
5069 0 24
5070 0 24
5071 0 23
5072 0 23
5073 0 24
5074 0 24
5075 0 24
5076 0 24
5077 0 25
5078 0 24
5079 0 25
5080 0 24
5081 0 24
5082 0 23
5083 0 23
5084 0 24
5085 0 24
5086 0 24
5087 0 24
5088 0 24
5089 0 24
5090 0 24
5091 0 25
5092 0 24
5093 0 24
5094 0 23
5095 0 24
5096 0 24
5097 0 23
5098 0 24
5099 0 23
5100 0 23
5101 0 23
5102 0 23
5103 0 24
5104 0 24
5105 0 25
5106 0 24
5107 0 25
5108 0 24
5109 0 24
5110 0 25
5111 0 24
5112 0 24
5113 0 23
5114 0 24
5115 0 23
5116 0 23
5117 0 23
5118 0 23
5119 0 23
5120 0 23
5121 0 25
5122 0 24
5123 0 25
5124 0 24
5125 0 24
5126 0 23
5127 0 23
5128 0 24
5129 0 24
5130 0 24
5131 0 24
5132 0 25
5133 0 24
5134 0 25
5135 0 24
5136 0 24
5137 0 23
5138 0 23
5139 0 24
5140 0 24
5141 0 24
5142 0 24
5143 0 24
5144 0 24
5145 0 24
5146 0 25
5147 0 24
5148 0 24
5149 0 23
5150 0 24
5151 0 24
5152 0 23
5153 0 24
5154 0 23
5155 0 23
5156 0 23
5157 0 23
5158 0 24
5159 0 24
5160 0 24
5161 0 24
5162 0 24
5163 0 24
5164 0 24
5165 0 24
5166 0 24
5167 0 24
5168 0 23
5169 0 24
5170 0 23
5171 0 23
5172 0 23
5173 0 23
5174 0 23
5175 0 23
5176 0 24
5177 0 23
5178 0 24
5179 0 23
5180 0 23
5181 0 23
5182 0 23
5183 0 24
5184 0 24
5185 0 24
5186 0 24
5187 0 24
5188 0 24
5189 0 24
5190 0 24
5191 0 24
5192 0 24
5193 0 23
5194 0 24
5195 0 23
5196 0 23
5197 0 23
5198 0 23
5199 0 23
5200 0 23
5201 0 24
5202 0 24
5203 0 24
5204 0 24
5205 0 24
5206 0 23
5207 0 23
5208 0 24
5209 0 24
5210 0 23
5211 0 23
5212 0 24
5213 0 24
5214 0 24
5215 0 24
5216 0 24
5217 0 23
5218 0 23
5219 0 24
5220 0 24
5221 0 24
5222 0 24
5223 0 24
5224 0 23
5225 0 23
5226 0 24
5227 0 24
5228 0 23
5229 0 23
5230 0 24
5231 0 24
5232 0 24
5233 0 24
5234 0 24
5235 0 23
5236 0 23
5237 0 24
5238 0 24
5239 0 23
5240 0 23
5241 0 23
5242 0 24
5243 0 24
5244 0 23
5245 0 23
5246 0 24
5247 0 23
5248 0 24
5249 0 24
5250 0 23
5251 0 24
5252 0 23
5253 0 23
5254 0 23
5255 0 23
5256 0 26
5257 0 26
5258 0 26
5259 0 25
5260 0 26
5261 0 26
5262 0 26
5263 0 25
5264 0 26
5265 0 25
5266 0 25
5267 0 25
5268 0 25
5269 0 26
5270 0 25
5271 0 26
5272 0 25
5273 0 25
5274 0 25
5275 0 25
5276 0 24
5277 0 26
5278 0 26
5279 0 26
5280 0 25
5281 0 26
5282 0 26
5283 0 26
5284 0 25
5285 0 26
5286 0 25
5287 0 25
5288 0 25
5289 0 25
5290 0 26
5291 0 24
5292 0 26
5293 0 24
5294 0 25
5295 0 25
5296 0 25
5297 0 24
5298 0 25
5299 0 25
5300 0 26
5301 0 24
5302 0 26
5303 0 24
5304 0 25
5305 0 25
5306 0 25
5307 0 24
5308 0 24
5309 0 25
5310 0 25
5311 0 23
5312 0 24
5313 0 25
5314 0 24
5315 0 25
5316 0 25
5317 0 23
5318 0 24
5319 0 25
5320 0 25
5321 0 23
5322 0 25
5323 0 23
5324 0 24
5325 0 24
5326 0 24
5327 0 26
5328 0 24
5329 0 26
5330 0 24
5331 0 25
5332 0 25
5333 0 25
5334 0 24
5335 0 26
5336 0 25
5337 0 26
5338 0 24
5339 0 26
5340 0 24
5341 0 25
5342 0 25
5343 0 25
5344 0 24
5345 0 25
5346 0 25
5347 0 25
5348 0 24
5349 0 25
5350 0 25
5351 0 25
5352 0 24
5353 0 25
5354 0 24
5355 0 25
5356 0 24
5357 0 25
5358 0 24
5359 0 24
5360 0 24
5361 0 24
5362 0 24
5363 0 26
5364 0 26
5365 0 26
5366 0 25
5367 0 26
5368 0 26
5369 0 26
5370 0 25
5371 0 26
5372 0 25
5373 0 25
5374 0 25
5375 0 25
5376 0 26
5377 0 25
5378 0 26
5379 0 25
5380 0 25
5381 0 25
5382 0 25
5383 0 24
5384 0 26
5385 0 26
5386 0 26
5387 0 25
5388 0 26
5389 0 26
5390 0 26
5391 0 25
5392 0 26
5393 0 25
5394 0 25
5395 0 25
5396 0 25
5397 0 26
5398 0 24
5399 0 26
5400 0 24
5401 0 25
5402 0 25
5403 0 25
5404 0 24
5405 0 25
5406 0 25
5407 0 26
5408 0 24
5409 0 26
5410 0 24
5411 0 25
5412 0 25
5413 0 25
5414 0 24
5415 0 24
5416 0 25
5417 0 25
5418 0 23
5419 0 24
5420 0 25
5421 0 24
5422 0 25
5423 0 25
5424 0 23
5425 0 24
5426 0 25
5427 0 25
5428 0 23
5429 0 25
5430 0 23
5431 0 24
5432 0 24
5433 0 24
5434 0 26
5435 0 25
5436 0 26
5437 0 25
5438 0 25
5439 0 24
5440 0 24
5441 0 24
5442 0 26
5443 0 25
5444 0 26
5445 0 25
5446 0 26
5447 0 25
5448 0 25
5449 0 24
5450 0 24
5451 0 24
5452 0 25
5453 0 25
5454 0 25
5455 0 24
5456 0 25
5457 0 25
5458 0 25
5459 0 25
5460 0 25
5461 0 25
5462 0 25
5463 0 25
5464 0 25
5465 0 25
5466 0 25
5467 0 24
5468 0 24
5469 0 24
5470 0 25
5471 0 25
5472 0 25
5473 0 24
5474 0 25
5475 0 25
5476 0 25
5477 0 24
5478 0 25
5479 0 24
5480 0 25
5481 0 25
5482 0 24
5483 0 26
5484 0 25
5485 0 26
5486 0 25
5487 0 25
5488 0 24
5489 0 24
5490 0 24
5491 0 26
5492 0 25
5493 0 26
5494 0 25
5495 0 26
5496 0 25
5497 0 25
5498 0 24
5499 0 24
5500 0 24
5501 0 26
5502 0 25
5503 0 25
5504 0 25
5505 0 26
5506 0 26
5507 0 25
5508 0 25
5509 0 25
5510 0 25
5511 0 25
5512 0 25
5513 0 25
5514 0 25
5515 0 25
5516 0 24
5517 0 24
5518 0 24
5519 0 25
5520 0 24
5521 0 24
5522 0 24
5523 0 25
5524 0 24
5525 0 25
5526 0 25
5527 0 25
5528 0 25
5529 0 25
5530 0 25
5531 0 24
5532 0 25
5533 0 25
5534 0 25
5535 0 25
5536 0 24
5537 0 23
5538 0 23
5539 0 23
5540 0 25
5541 0 24
5542 0 24
5543 0 24
5544 0 25
5545 0 24
5546 0 25
5547 0 25
5548 0 25
5549 0 25
5550 0 25
5551 0 25
5552 0 24
5553 0 25
5554 0 24
5555 0 24
5556 0 24
5557 0 25
5558 0 24
5559 0 25
5560 0 25
5561 0 25
5562 0 25
5563 0 25
5564 0 25
5565 0 24
5566 0 25
5567 0 25
5568 0 25
5569 0 25
5570 0 24
5571 0 23
5572 0 23
5573 0 23
5574 0 25
5575 0 24
5576 0 24
5577 0 24
5578 0 25
5579 0 24
5580 0 25
5581 0 25
5582 0 25
5583 0 25
5584 0 25
5585 0 25
5586 0 24
5587 0 25
5588 0 24
5589 0 25
5590 0 24
5591 0 24
5592 0 23
5593 0 23
5594 0 23
5595 0 25
5596 0 24
5597 0 25
5598 0 24
5599 0 25
5600 0 24
5601 0 24
5602 0 23
5603 0 23
5604 0 23
5605 0 24
5606 0 24
5607 0 24
5608 0 23
5609 0 24
5610 0 24
5611 0 24
5612 0 24
5613 0 24
5614 0 23
5615 0 24
5616 0 24
5617 0 24
5618 0 23
5619 0 24
5620 0 23
5621 0 24
5622 0 24
5623 0 24
5624 0 26
5625 0 25
5626 0 26
5627 0 25
5628 0 25
5629 0 24
5630 0 24
5631 0 24
5632 0 26
5633 0 25
5634 0 26
5635 0 25
5636 0 26
5637 0 25
5638 0 25
5639 0 24
5640 0 24
5641 0 24
5642 0 26
5643 0 25
5644 0 25
5645 0 25
5646 0 26
5647 0 26
5648 0 25
5649 0 25
5650 0 25
5651 0 25
5652 0 25
5653 0 25
5654 0 25
5655 0 25
5656 0 25
5657 0 24
5658 0 24
5659 0 24
5660 0 26
5661 0 26
5662 0 26
5663 0 25
5664 0 26
5665 0 26
5666 0 25
5667 0 25
5668 0 25
5669 0 25
5670 0 25
5671 0 25
5672 0 24
5673 0 26
5674 0 25
5675 0 26
5676 0 25
5677 0 25
5678 0 24
5679 0 24
5680 0 24
5681 0 26
5682 0 25
5683 0 26
5684 0 25
5685 0 26
5686 0 25
5687 0 25
5688 0 24
5689 0 24
5690 0 24
5691 0 26
5692 0 25
5693 0 25
5694 0 25
5695 0 26
5696 0 26
5697 0 25
5698 0 25
5699 0 25
5700 0 25
5701 0 25
5702 0 25
5703 0 25
5704 0 25
5705 0 25
5706 0 24
5707 0 24
5708 0 24
5709 0 25
5710 0 25
5711 0 25
5712 0 24
5713 0 25
5714 0 25
5715 0 25
5716 0 24
5717 0 25
5718 0 24
5719 0 25
5720 0 25
5721 0 24
5722 0 25
5723 0 24
5724 0 25
5725 0 24
5726 0 24
5727 0 24
5728 0 24
5729 0 23
5730 0 25
5731 0 25
5732 0 25
5733 0 24
5734 0 25
5735 0 25
5736 0 25
5737 0 25
5738 0 25
5739 0 25
5740 0 25
5741 0 25
5742 0 24
5743 0 25
5744 0 23
5745 0 25
5746 0 23
5747 0 24
5748 0 24
5749 0 24
5750 0 23
5751 0 25
5752 0 24
5753 0 25
5754 0 23
5755 0 25
5756 0 23
5757 0 24
5758 0 24
5759 0 24
5760 0 23
5761 0 25
5762 0 23
5763 0 25
5764 0 23
5765 0 24
5766 0 24
5767 0 24
5768 0 23
5769 0 25
5770 0 24
5771 0 25
5772 0 23
5773 0 25
5774 0 23
5775 0 24
5776 0 24
5777 0 24
5778 0 23
5779 0 24
5780 0 24
5781 0 24
5782 0 23
5783 0 24
5784 0 24
5785 0 24
5786 0 23
5787 0 24
5788 0 23
5789 0 24
5790 0 23
5791 0 24
5792 0 23
5793 0 23
5794 0 24
5795 0 24
5796 0 23
5797 0 26
5798 0 26
5799 0 26
5800 0 25
5801 0 26
5802 0 26
5803 0 26
5804 0 25
5805 0 26
5806 0 25
5807 0 25
5808 0 25
5809 0 25
5810 0 26
5811 0 25
5812 0 26
5813 0 25
5814 0 25
5815 0 25
5816 0 25
5817 0 24
5818 0 26
5819 0 26
5820 0 26
5821 0 25
5822 0 26
5823 0 26
5824 0 26
5825 0 25
5826 0 26
5827 0 25
5828 0 25
5829 0 25
5830 0 25
5831 0 26
5832 0 24
5833 0 26
5834 0 24
5835 0 25
5836 0 25
5837 0 25
5838 0 24
5839 0 25
5840 0 25
5841 0 26
5842 0 24
5843 0 26
5844 0 24
5845 0 25
5846 0 25
5847 0 25
5848 0 24
5849 0 24
5850 0 25
5851 0 25
5852 0 23
5853 0 24
5854 0 25
5855 0 24
5856 0 25
5857 0 25
5858 0 23
5859 0 24
5860 0 25
5861 0 25
5862 0 23
5863 0 25
5864 0 23
5865 0 24
5866 0 24
5867 0 24
5868 0 26
5869 0 24
5870 0 26
5871 0 24
5872 0 25
5873 0 25
5874 0 25
5875 0 24
5876 0 26
5877 0 25
5878 0 26
5879 0 24
5880 0 26
5881 0 24
5882 0 25
5883 0 25
5884 0 25
5885 0 24
5886 0 25
5887 0 25
5888 0 25
5889 0 24
5890 0 25
5891 0 25
5892 0 25
5893 0 24
5894 0 25
5895 0 24
5896 0 25
5897 0 24
5898 0 25
5899 0 24
5900 0 24
5901 0 24
5902 0 24
5903 0 24
5904 0 26
5905 0 26
5906 0 26
5907 0 25
5908 0 26
5909 0 26
5910 0 26
5911 0 25
5912 0 26
5913 0 25
5914 0 25
5915 0 25
5916 0 25
5917 0 26
5918 0 25
5919 0 26
5920 0 25
5921 0 25
5922 0 25
5923 0 25
5924 0 24
5925 0 26
5926 0 26
5927 0 26
5928 0 25
5929 0 26
5930 0 26
5931 0 26
5932 0 25
5933 0 26
5934 0 25
5935 0 25
5936 0 25
5937 0 25
5938 0 26
5939 0 24
5940 0 26
5941 0 24
5942 0 25
5943 0 25
5944 0 25
5945 0 24
5946 0 25
5947 0 25
5948 0 26
5949 0 24
5950 0 26
5951 0 24
5952 0 25
5953 0 25
5954 0 25
5955 0 24
5956 0 24
5957 0 25
5958 0 25
5959 0 23
5960 0 24
5961 0 25
5962 0 24
5963 0 25
5964 0 25
5965 0 23
5966 0 24
5967 0 25
5968 0 25
5969 0 23
5970 0 25
5971 0 23
5972 0 24
5973 0 24
5974 0 24
5975 0 26
5976 0 25
5977 0 26
5978 0 25
5979 0 25
5980 0 24
5981 0 24
5982 0 24
5983 0 26
5984 0 25
5985 0 26
5986 0 25
5987 0 26
5988 0 25
5989 0 25
5990 0 24
5991 0 24
5992 0 24
5993 0 25
5994 0 25
5995 0 25
5996 0 24
5997 0 25
5998 0 25
5999 0 25
6000 0 25
6001 0 25
6002 0 25
6003 0 25
6004 0 25
6005 0 25
6006 0 25
6007 0 25
6008 0 24
6009 0 24
6010 0 24
6011 0 25
6012 0 25
6013 0 25
6014 0 24
6015 0 25
6016 0 25
6017 0 25
6018 0 24
6019 0 25
6020 0 24
6021 0 25
6022 0 25
6023 0 24
6024 0 26
6025 0 25
6026 0 26
6027 0 25
6028 0 25
6029 0 24
6030 0 24
6031 0 24
6032 0 26
6033 0 25
6034 0 26
6035 0 25
6036 0 26
6037 0 25
6038 0 25
6039 0 24
6040 0 24
6041 0 24
6042 0 26
6043 0 25
6044 0 25
6045 0 25
6046 0 26
6047 0 26
6048 0 25
6049 0 25
6050 0 25
6051 0 25
6052 0 25
6053 0 25
6054 0 25
6055 0 25
6056 0 25
6057 0 24
6058 0 24
6059 0 24
6060 0 25
6061 0 24
6062 0 24
6063 0 24
6064 0 25
6065 0 24
6066 0 25
6067 0 25
6068 0 25
6069 0 25
6070 0 25
6071 0 25
6072 0 24
6073 0 25
6074 0 25
6075 0 25
6076 0 25
6077 0 24
6078 0 23
6079 0 23
6080 0 23
6081 0 25
6082 0 24
6083 0 24
6084 0 24
6085 0 25
6086 0 24
6087 0 25
6088 0 25
6089 0 25
6090 0 25
6091 0 25
6092 0 25
6093 0 24
6094 0 25
6095 0 24
6096 0 24
6097 0 24
6098 0 25
6099 0 24
6100 0 25
6101 0 25
6102 0 25
6103 0 25
6104 0 25
6105 0 25
6106 0 24
6107 0 25
6108 0 25
6109 0 25
6110 0 25
6111 0 24
6112 0 23
6113 0 23
6114 0 23
6115 0 25
6116 0 24
6117 0 24
6118 0 24
6119 0 25
6120 0 24
6121 0 25
6122 0 25
6123 0 25
6124 0 25
6125 0 25
6126 0 25
6127 0 24
6128 0 25
6129 0 24
6130 0 25
6131 0 24
6132 0 24
6133 0 23
6134 0 23
6135 0 23
6136 0 25
6137 0 24
6138 0 25
6139 0 24
6140 0 25
6141 0 24
6142 0 24
6143 0 23
6144 0 23
6145 0 23
6146 0 24
6147 0 24
6148 0 24
6149 0 23
6150 0 24
6151 0 24
6152 0 24
6153 0 24
6154 0 24
6155 0 23
6156 0 24
6157 0 24
6158 0 24
6159 0 23
6160 0 24
6161 0 23
6162 0 24
6163 0 24
6164 0 24
6165 0 26
6166 0 25
6167 0 26
6168 0 25
6169 0 25
6170 0 25
6171 0 25
6172 0 24
6173 0 25
6174 0 25
6175 0 26
6176 0 25
6177 0 26
6178 0 25
6179 0 25
6180 0 25
6181 0 25
6182 0 24
6183 0 25
6184 0 25
6185 0 25
6186 0 24
6187 0 25
6188 0 26
6189 0 24
6190 0 24
6191 0 24
6192 0 24
6193 0 24
6194 0 24
6195 0 24
6196 0 24
6197 0 24
6198 0 24
6199 0 24
6200 0 24
6201 0 25
6202 0 26
6203 0 26
6204 0 24
6205 0 25
6206 0 26
6207 0 25
6208 0 24
6209 0 25
6210 0 24
6211 0 24
6212 0 24
6213 0 24
6214 0 26
6215 0 25
6216 0 26
6217 0 25
6218 0 25
6219 0 25
6220 0 25
6221 0 24
6222 0 25
6223 0 25
6224 0 26
6225 0 25
6226 0 26
6227 0 25
6228 0 25
6229 0 25
6230 0 25
6231 0 24
6232 0 25
6233 0 25
6234 0 25
6235 0 24
6236 0 25
6237 0 26
6238 0 24
6239 0 24
6240 0 24
6241 0 24
6242 0 24
6243 0 24
6244 0 24
6245 0 24
6246 0 24
6247 0 24
6248 0 24
6249 0 24
6250 0 25
6251 0 25
6252 0 25
6253 0 24
6254 0 25
6255 0 25
6256 0 25
6257 0 24
6258 0 25
6259 0 24
6260 0 24
6261 0 24
6262 0 24
6263 0 25
6264 0 24
6265 0 25
6266 0 24
6267 0 24
6268 0 24
6269 0 24
6270 0 23
6271 0 25
6272 0 25
6273 0 25
6274 0 24
6275 0 25
6276 0 25
6277 0 25
6278 0 25
6279 0 25
6280 0 25
6281 0 24
6282 0 24
6283 0 24
6284 0 25
6285 0 23
6286 0 25
6287 0 23
6288 0 24
6289 0 25
6290 0 25
6291 0 23
6292 0 25
6293 0 25
6294 0 25
6295 0 23
6296 0 25
6297 0 23
6298 0 24
6299 0 25
6300 0 25
6301 0 23
6302 0 25
6303 0 23
6304 0 25
6305 0 23
6306 0 24
6307 0 25
6308 0 25
6309 0 23
6310 0 25
6311 0 25
6312 0 25
6313 0 23
6314 0 25
6315 0 23
6316 0 24
6317 0 25
6318 0 25
6319 0 23
6320 0 24
6321 0 25
6322 0 25
6323 0 23
6324 0 24
6325 0 25
6326 0 24
6327 0 23
6328 0 24
6329 0 23
6330 0 24
6331 0 23
6332 0 24
6333 0 23
6334 0 23
6335 0 24
6336 0 24
6337 0 23
6338 0 25
6339 0 25
6340 0 25
6341 0 24
6342 0 25
6343 0 25
6344 0 25
6345 0 25
6346 0 25
6347 0 25
6348 0 24
6349 0 24
6350 0 24
6351 0 25
6352 0 25
6353 0 25
6354 0 25
6355 0 24
6356 0 24
6357 0 24
6358 0 23
6359 0 25
6360 0 25
6361 0 25
6362 0 24
6363 0 25
6364 0 25
6365 0 25
6366 0 25
6367 0 25
6368 0 25
6369 0 24
6370 0 24
6371 0 24
6372 0 25
6373 0 24
6374 0 25
6375 0 24
6376 0 24
6377 0 24
6378 0 24
6379 0 23
6380 0 24
6381 0 24
6382 0 25
6383 0 24
6384 0 25
6385 0 24
6386 0 24
6387 0 24
6388 0 24
6389 0 23
6390 0 24
6391 0 25
6392 0 25
6393 0 23
6394 0 24
6395 0 25
6396 0 24
6397 0 25
6398 0 25
6399 0 23
6400 0 24
6401 0 25
6402 0 24
6403 0 23
6404 0 24
6405 0 23
6406 0 23
6407 0 23
6408 0 23
6409 0 26
6410 0 25
6411 0 26
6412 0 25
6413 0 25
6414 0 25
6415 0 25
6416 0 24
6417 0 25
6418 0 25
6419 0 26
6420 0 25
6421 0 26
6422 0 25
6423 0 25
6424 0 25
6425 0 25
6426 0 24
6427 0 25
6428 0 25
6429 0 25
6430 0 24
6431 0 25
6432 0 26
6433 0 24
6434 0 24
6435 0 24
6436 0 24
6437 0 24
6438 0 24
6439 0 24
6440 0 24
6441 0 24
6442 0 24
6443 0 24
6444 0 24
6445 0 25
6446 0 26
6447 0 26
6448 0 24
6449 0 25
6450 0 26
6451 0 25
6452 0 24
6453 0 25
6454 0 24
6455 0 24
6456 0 24
6457 0 24
6458 0 26
6459 0 25
6460 0 26
6461 0 25
6462 0 25
6463 0 25
6464 0 25
6465 0 24
6466 0 25
6467 0 25
6468 0 26
6469 0 25
6470 0 26
6471 0 25
6472 0 25
6473 0 25
6474 0 25
6475 0 24
6476 0 25
6477 0 25
6478 0 25
6479 0 24
6480 0 25
6481 0 26
6482 0 24
6483 0 24
6484 0 24
6485 0 24
6486 0 24
6487 0 24
6488 0 24
6489 0 24
6490 0 24
6491 0 24
6492 0 24
6493 0 24
6494 0 25
6495 0 26
6496 0 26
6497 0 24
6498 0 25
6499 0 26
6500 0 25
6501 0 24
6502 0 25
6503 0 24
6504 0 25
6505 0 25
6506 0 25
6507 0 25
6508 0 24
6509 0 25
6510 0 24
6511 0 24
6512 0 25
6513 0 25
6514 0 23
6515 0 25
6516 0 26
6517 0 26
6518 0 24
6519 0 25
6520 0 26
6521 0 26
6522 0 25
6523 0 26
6524 0 25
6525 0 25
6526 0 25
6527 0 25
6528 0 25
6529 0 23
6530 0 25
6531 0 23
6532 0 24
6533 0 25
6534 0 25
6535 0 23
6536 0 25
6537 0 25
6538 0 25
6539 0 23
6540 0 25
6541 0 23
6542 0 24
6543 0 25
6544 0 25
6545 0 23
6546 0 25
6547 0 23
6548 0 25
6549 0 23
6550 0 24
6551 0 25
6552 0 25
6553 0 23
6554 0 25
6555 0 25
6556 0 25
6557 0 23
6558 0 25
6559 0 23
6560 0 24
6561 0 25
6562 0 25
6563 0 23
6564 0 24
6565 0 25
6566 0 25
6567 0 23
6568 0 24
6569 0 25
6570 0 24
6571 0 23
6572 0 24
6573 0 23
6574 0 24
6575 0 23
6576 0 24
6577 0 23
6578 0 23
6579 0 24
6580 0 24
6581 0 23
6582 0 25
6583 0 25
6584 0 25
6585 0 24
6586 0 25
6587 0 25
6588 0 24
6589 0 24
6590 0 24
6591 0 24
6592 0 23
6593 0 23
6594 0 23
6595 0 24
6596 0 24
6597 0 24
6598 0 24
6599 0 24
6600 0 24
6601 0 24
6602 0 24
6603 0 25
6604 0 25
6605 0 25
6606 0 24
6607 0 25
6608 0 25
6609 0 24
6610 0 24
6611 0 24
6612 0 24
6613 0 23
6614 0 23
6615 0 23
6616 0 25
6617 0 24
6618 0 25
6619 0 24
6620 0 24
6621 0 25
6622 0 25
6623 0 24
6624 0 24
6625 0 24
6626 0 25
6627 0 24
6628 0 25
6629 0 24
6630 0 25
6631 0 25
6632 0 25
6633 0 24
6634 0 24
6635 0 25
6636 0 25
6637 0 23
6638 0 24
6639 0 25
6640 0 24
6641 0 25
6642 0 25
6643 0 23
6644 0 24
6645 0 25
6646 0 24
6647 0 23
6648 0 24
6649 0 23
6650 0 23
6651 0 23
6652 0 23
6653 0 25
6654 0 24
6655 0 25
6656 0 24
6657 0 25
6658 0 25
6659 0 25
6660 0 24
6661 0 25
6662 0 25
6663 0 25
6664 0 24
6665 0 25
6666 0 24
6667 0 25
6668 0 25
6669 0 25
6670 0 24
6671 0 24
6672 0 24
6673 0 24
6674 0 23
6675 0 24
6676 0 25
6677 0 23
6678 0 23
6679 0 23
6680 0 23
6681 0 23
6682 0 23
6683 0 23
6684 0 23
6685 0 23
6686 0 23
6687 0 23
6688 0 23
6689 0 25
6690 0 25
6691 0 25
6692 0 24
6693 0 25
6694 0 25
6695 0 24
6696 0 24
6697 0 24
6698 0 24
6699 0 23
6700 0 23
6701 0 23
6702 0 24
6703 0 24
6704 0 24
6705 0 24
6706 0 24
6707 0 24
6708 0 24
6709 0 24
6710 0 25
6711 0 25
6712 0 25
6713 0 24
6714 0 25
6715 0 25
6716 0 24
6717 0 24
6718 0 24
6719 0 24
6720 0 23
6721 0 23
6722 0 23
6723 0 25
6724 0 24
6725 0 25
6726 0 24
6727 0 24
6728 0 25
6729 0 25
6730 0 24
6731 0 24
6732 0 24
6733 0 25
6734 0 24
6735 0 25
6736 0 24
6737 0 25
6738 0 25
6739 0 25
6740 0 24
6741 0 24
6742 0 25
6743 0 25
6744 0 23
6745 0 24
6746 0 25
6747 0 24
6748 0 25
6749 0 25
6750 0 23
6751 0 24
6752 0 25
6753 0 24
6754 0 23
6755 0 24
6756 0 23
6757 0 23
6758 0 23
6759 0 23
6760 0 25
6761 0 25
6762 0 25
6763 0 24
6764 0 25
6765 0 25
6766 0 24
6767 0 24
6768 0 24
6769 0 24
6770 0 23
6771 0 23
6772 0 23
6773 0 24
6774 0 24
6775 0 24
6776 0 24
6777 0 24
6778 0 24
6779 0 24
6780 0 24
6781 0 25
6782 0 25
6783 0 25
6784 0 24
6785 0 25
6786 0 25
6787 0 24
6788 0 24
6789 0 24
6790 0 24
6791 0 23
6792 0 23
6793 0 23
6794 0 25
6795 0 24
6796 0 25
6797 0 24
6798 0 24
6799 0 25
6800 0 25
6801 0 24
6802 0 24
6803 0 24
6804 0 25
6805 0 24
6806 0 25
6807 0 24
6808 0 25
6809 0 25
6810 0 25
6811 0 24
6812 0 24
6813 0 25
6814 0 25
6815 0 23
6816 0 24
6817 0 25
6818 0 24
6819 0 25
6820 0 25
6821 0 23
6822 0 24
6823 0 25
6824 0 24
6825 0 23
6826 0 24
6827 0 23
6828 0 23
6829 0 23
6830 0 23
6831 0 25
6832 0 24
6833 0 25
6834 0 24
6835 0 25
6836 0 25
6837 0 25
6838 0 24
6839 0 25
6840 0 25
6841 0 25
6842 0 24
6843 0 25
6844 0 24
6845 0 25
6846 0 25
6847 0 25
6848 0 24
6849 0 24
6850 0 24
6851 0 24
6852 0 23
6853 0 24
6854 0 25
6855 0 23
6856 0 23
6857 0 23
6858 0 23
6859 0 23
6860 0 23
6861 0 23
6862 0 23
6863 0 23
6864 0 23
6865 0 23
6866 0 23
6867 0 25
6868 0 25
6869 0 25
6870 0 24
6871 0 25
6872 0 25
6873 0 24
6874 0 24
6875 0 24
6876 0 24
6877 0 23
6878 0 23
6879 0 23
6880 0 24
6881 0 24
6882 0 24
6883 0 24
6884 0 24
6885 0 24
6886 0 24
6887 0 24
6888 0 25
6889 0 25
6890 0 25
6891 0 24
6892 0 25
6893 0 25
6894 0 24
6895 0 24
6896 0 24
6897 0 24
6898 0 23
6899 0 23
6900 0 23
6901 0 25
6902 0 24
6903 0 25
6904 0 24
6905 0 24
6906 0 25
6907 0 25
6908 0 24
6909 0 24
6910 0 24
6911 0 25
6912 0 24
6913 0 25
6914 0 24
6915 0 25
6916 0 25
6917 0 25
6918 0 24
6919 0 24
6920 0 25
6921 0 25
6922 0 23
6923 0 24
6924 0 25
6925 0 24
6926 0 25
6927 0 25
6928 0 23
6929 0 24
6930 0 25
6931 0 24
6932 0 23
6933 0 24
6934 0 23
6935 0 23
6936 0 23
6937 0 23
6938 0 25
6939 0 24
6940 0 25
6941 0 24
6942 0 24
6943 0 24
6944 0 24
6945 0 24
6946 0 24
6947 0 24
6948 0 25
6949 0 24
6950 0 25
6951 0 24
6952 0 24
6953 0 24
6954 0 24
6955 0 24
6956 0 24
6957 0 24
6958 0 24
6959 0 23
6960 0 24
6961 0 25
6962 0 23
6963 0 23
6964 0 23
6965 0 23
6966 0 23
6967 0 23
6968 0 23
6969 0 23
6970 0 23
6971 0 23
6972 0 23
6973 0 23
6974 0 24
6975 0 25
6976 0 25
6977 0 23
6978 0 24
6979 0 25
6980 0 24
6981 0 23
6982 0 24
6983 0 23
6984 0 23
6985 0 23
6986 0 23
6987 0 25
6988 0 24
6989 0 25
6990 0 24
6991 0 24
6992 0 24
6993 0 24
6994 0 24
6995 0 24
6996 0 24
6997 0 25
6998 0 24
6999 0 25
7000 0 24
7001 0 24
7002 0 24
7003 0 24
7004 0 24
7005 0 24
7006 0 24
7007 0 24
7008 0 23
7009 0 24
7010 0 25
7011 0 23
7012 0 23
7013 0 23
7014 0 23
7015 0 23
7016 0 23
7017 0 23
7018 0 23
7019 0 23
7020 0 23
7021 0 23
7022 0 23
7023 0 24
7024 0 24
7025 0 24
7026 0 24
7027 0 24
7028 0 24
7029 0 24
7030 0 24
7031 0 24
7032 0 24
7033 0 23
7034 0 23
7035 0 23
7036 0 24
7037 0 24
7038 0 24
7039 0 24
7040 0 23
7041 0 23
7042 0 23
7043 0 23
7044 0 24
7045 0 24
7046 0 24
7047 0 24
7048 0 24
7049 0 24
7050 0 24
7051 0 24
7052 0 24
7053 0 24
7054 0 23
7055 0 23
7056 0 23
7057 0 24
7058 0 24
7059 0 24
7060 0 24
7061 0 24
7062 0 24
7063 0 24
7064 0 24
7065 0 24
7066 0 24
7067 0 23
7068 0 23
7069 0 23
7070 0 24
7071 0 24
7072 0 24
7073 0 24
7074 0 23
7075 0 23
7076 0 23
7077 0 23
7078 0 24
7079 0 24
7080 0 24
7081 0 24
7082 0 24
7083 0 24
7084 0 24
7085 0 24
7086 0 24
7087 0 24
7088 0 23
7089 0 23
7090 0 23
7091 0 24
7092 0 24
7093 0 24
7094 0 24
7095 0 23
7096 0 23
7097 0 23
7098 0 23
7099 0 23
7100 0 23
7101 0 24
7102 0 24
7103 0 24
7104 0 24
7105 0 23
7106 0 23
7107 0 23
7108 0 23
7109 0 24
7110 0 24
7111 0 24
7112 0 23
7113 0 24
7114 0 24
7115 0 24
7116 0 24
7117 0 24
7118 0 23
7119 0 24
7120 0 24
7121 0 24
7122 0 23
7123 0 24
7124 0 23
7125 0 23
7126 0 23
7127 0 23
