0 0 30
1 0 30
2 0 30
3 0 30
4 0 30
5 0 29
6 0 30
7 0 30
8 0 29
9 0 29
10 0 30
11 0 30
12 0 30
13 0 30
14 0 30
15 0 29
16 0 30
17 0 30
18 0 29
19 0 29
20 0 29
21 0 30
22 0 30
23 0 29
24 0 29
25 0 29
26 0 29
27 0 29
28 0 29
29 0 29
30 0 29
31 0 29
32 0 30
33 0 29
34 0 30
35 0 30
36 0 29
37 0 29
38 0 30
39 0 30
40 0 30
41 0 29
42 0 29
43 0 29
44 0 29
45 0 30
46 0 29
47 0 29
48 0 29
49 0 29
50 0 29
51 0 29
52 0 30
53 0 31
54 0 30
55 0 30
56 0 30
57 0 29
58 0 30
59 0 30
60 0 30
61 0 30
62 0 30
63 0 31
64 0 30
65 0 30
66 0 30
67 0 29
68 0 30
69 0 31
70 0 29
71 0 29
72 0 29
73 0 30
74 0 31
75 0 29
76 0 29
77 0 29
78 0 29
79 0 29
80 0 29
81 0 29
82 0 29
83 0 29
84 0 30
85 0 29
86 0 30
87 0 30
88 0 29
89 0 29
90 0 29
91 0 30
92 0 31
93 0 29
94 0 29
95 0 30
96 0 30
97 0 30
98 0 29
99 0 29
100 0 29
101 0 29
102 0 29
103 0 29
104 0 30
105 0 30
106 0 30
107 0 29
108 0 29
109 0 28
110 0 30
111 0 30
112 0 29
113 0 29
114 0 29
115 0 30
116 0 31
117 0 29
118 0 29
119 0 30
120 0 30
121 0 30
122 0 29
123 0 29
124 0 29
125 0 29
126 0 29
127 0 29
128 0 29
129 0 29
130 0 29
131 0 29
132 0 29
133 0 28
134 0 29
135 0 29
136 0 28
137 0 28
138 0 29
139 0 29
140 0 29
141 0 29
142 0 29
143 0 28
144 0 29
145 0 29
146 0 29
147 0 29
148 0 29
149 0 28
150 0 29
151 0 29
152 0 28
153 0 28
154 0 29
155 0 29
156 0 29
157 0 29
158 0 29
159 0 28
160 0 29
161 0 29
162 0 28
163 0 28
164 0 28
165 0 30
166 0 30
167 0 28
168 0 28
169 0 29
170 0 29
171 0 29
172 0 29
173 0 29
174 0 29
175 0 29
176 0 29
177 0 29
178 0 30
179 0 31
180 0 29
181 0 29
182 0 29
183 0 30
184 0 31
185 0 29
186 0 29
187 0 30
188 0 30
189 0 30
190 0 29
191 0 29
192 0 29
193 0 29
194 0 29
195 0 29
196 0 30
197 0 31
198 0 30
199 0 30
200 0 30
201 0 29
202 0 30
203 0 31
204 0 29
205 0 29
206 0 29
207 0 30
208 0 31
209 0 29
210 0 29
211 0 30
212 0 30
213 0 30
214 0 29
215 0 29
216 0 29
217 0 29
218 0 29
219 0 29
220 0 29
221 0 29
222 0 29
223 0 29
224 0 29
225 0 29
226 0 29
227 0 29
228 0 28
229 0 28
230 0 29
231 0 29
232 0 29
233 0 30
234 0 30
235 0 29
236 0 29
237 0 29
238 0 28
239 0 28
240 0 29
241 0 29
242 0 29
243 0 28
244 0 28
245 0 29
246 0 29
247 0 28
248 0 28
249 0 29
250 0 29
251 0 29
252 0 28
253 0 28
254 0 28
255 0 28
256 0 29
257 0 29
258 0 29
259 0 29
260 0 29
261 0 29
262 0 29
263 0 30
264 0 30
265 0 31
266 0 30
267 0 30
268 0 29
269 0 31
270 0 31
271 0 29
272 0 29
273 0 30
274 0 30
275 0 31
276 0 30
277 0 30
278 0 29
279 0 30
280 0 30
281 0 29
282 0 29
283 0 29
284 0 30
285 0 30
286 0 29
287 0 29
288 0 29
289 0 29
290 0 29
291 0 29
292 0 29
293 0 29
294 0 29
295 0 30
296 0 29
297 0 30
298 0 30
299 0 29
300 0 29
301 0 30
302 0 30
303 0 30
304 0 29
305 0 29
306 0 29
307 0 29
308 0 30
309 0 30
310 0 30
311 0 30
312 0 30
313 0 29
314 0 29
315 0 31
316 0 31
317 0 31
318 0 30
319 0 30
320 0 29
321 0 31
322 0 31
323 0 30
324 0 30
325 0 31
326 0 31
327 0 31
328 0 30
329 0 30
330 0 29
331 0 30
332 0 31
333 0 29
334 0 29
335 0 29
336 0 30
337 0 31
338 0 29
339 0 29
340 0 29
341 0 29
342 0 29
343 0 29
344 0 29
345 0 29
346 0 29
347 0 30
348 0 29
349 0 30
350 0 30
351 0 29
352 0 29
353 0 29
354 0 31
355 0 31
356 0 29
357 0 29
358 0 30
359 0 30
360 0 30
361 0 29
362 0 29
363 0 29
364 0 29
365 0 29
366 0 29
367 0 30
368 0 30
369 0 30
370 0 29
371 0 29
372 0 28
373 0 30
374 0 30
375 0 29
376 0 29
377 0 29
378 0 31
379 0 31
380 0 29
381 0 29
382 0 30
383 0 30
384 0 31
385 0 29
386 0 29
387 0 29
388 0 29
389 0 29
390 0 29
391 0 29
392 0 29
393 0 29
394 0 29
395 0 29
396 0 28
397 0 29
398 0 29
399 0 28
400 0 28
401 0 29
402 0 29
403 0 29
404 0 29
405 0 29
406 0 28
407 0 29
408 0 29
409 0 29
410 0 29
411 0 29
412 0 28
413 0 29
414 0 29
415 0 28
416 0 28
417 0 29
418 0 29
419 0 29
420 0 29
421 0 29
422 0 28
423 0 29
424 0 29
425 0 28
426 0 28
427 0 28
428 0 30
429 0 30
430 0 28
431 0 28
432 0 29
433 0 29
434 0 29
435 0 29
436 0 29
437 0 29
438 0 29
439 0 29
440 0 29
441 0 30
442 0 30
443 0 29
444 0 29
445 0 29
446 0 30
447 0 30
448 0 29
449 0 29
450 0 30
451 0 30
452 0 30
453 0 29
454 0 29
455 0 29
456 0 29
457 0 29
458 0 29
459 0 30
460 0 30
461 0 30
462 0 29
463 0 29
464 0 28
465 0 30
466 0 30
467 0 29
468 0 29
469 0 29
470 0 31
471 0 31
472 0 29
473 0 29
474 0 30
475 0 30
476 0 30
477 0 29
478 0 29
479 0 29
480 0 29
481 0 29
482 0 29
483 0 30
484 0 30
485 0 30
486 0 30
487 0 30
488 0 29
489 0 30
490 0 30
491 0 29
492 0 29
493 0 30
494 0 30
495 0 30
496 0 30
497 0 30
498 0 29
499 0 29
500 0 29
501 0 29
502 0 29
503 0 29
504 0 29
505 0 29
506 0 29
507 0 29
508 0 29
509 0 29
510 0 29
511 0 29
512 0 29
513 0 29
514 0 29
515 0 29
516 0 29
517 0 29
518 0 29
519 0 29
520 0 29
521 0 29
522 0 29
523 0 29
524 0 29
525 0 29
526 0 30
527 0 30
528 0 30
529 0 30
530 0 30
531 0 29
532 0 30
533 0 30
534 0 29
535 0 29
536 0 30
537 0 30
538 0 30
539 0 30
540 0 30
541 0 29
542 0 29
543 0 29
544 0 29
545 0 29
546 0 29
547 0 29
548 0 29
549 0 29
550 0 29
551 0 29
552 0 29
553 0 29
554 0 29
555 0 29
556 0 29
557 0 28
558 0 28
559 0 28
560 0 30
561 0 30
562 0 29
563 0 29
564 0 29
565 0 30
566 0 30
567 0 29
568 0 29
569 0 30
570 0 30
571 0 30
572 0 29
573 0 29
574 0 29
575 0 29
576 0 29
577 0 29
578 0 30
579 0 30
580 0 30
581 0 29
582 0 29
583 0 28
584 0 30
585 0 30
586 0 29
587 0 29
588 0 29
589 0 31
590 0 31
591 0 29
592 0 29
593 0 30
594 0 30
595 0 30
596 0 29
597 0 29
598 0 29
599 0 29
600 0 29
601 0 29
602 0 30
603 0 30
604 0 30
605 0 30
606 0 30
607 0 29
608 0 30
609 0 30
610 0 29
611 0 29
612 0 30
613 0 30
614 0 30
615 0 30
616 0 30
617 0 29
618 0 29
619 0 29
620 0 29
621 0 29
622 0 29
623 0 29
624 0 29
625 0 29
626 0 29
627 0 29
628 0 29
629 0 29
630 0 29
631 0 29
632 0 29
633 0 29
634 0 29
635 0 29
636 0 29
637 0 29
638 0 29
639 0 29
640 0 29
641 0 29
642 0 29
643 0 29
644 0 29
645 0 29
646 0 29
647 0 29
648 0 29
649 0 29
650 0 28
651 0 29
652 0 29
653 0 28
654 0 28
655 0 29
656 0 29
657 0 29
658 0 29
659 0 29
660 0 28
661 0 29
662 0 29
663 0 29
664 0 29
665 0 29
666 0 29
667 0 29
668 0 29
669 0 29
670 0 29
671 0 29
672 0 29
673 0 29
674 0 29
675 0 29
676 0 28
677 0 28
678 0 28
679 0 29
680 0 29
681 0 29
682 0 29
683 0 30
684 0 29
685 0 29
686 0 29
687 0 29
688 0 29
689 0 29
690 0 30
691 0 28
692 0 28
693 0 28
694 0 28
695 0 28
696 0 28
697 0 29
698 0 29
699 0 29
700 0 29
701 0 29
702 0 28
703 0 29
704 0 29
705 0 28
706 0 28
707 0 29
708 0 29
709 0 29
710 0 29
711 0 29
712 0 28
713 0 29
714 0 29
715 0 29
716 0 29
717 0 29
718 0 29
719 0 29
720 0 29
721 0 29
722 0 29
723 0 29
724 0 29
725 0 29
726 0 29
727 0 29
728 0 28
729 0 28
730 0 28
731 0 29
732 0 29
733 0 29
734 0 29
735 0 29
736 0 28
737 0 29
738 0 29
739 0 28
740 0 28
741 0 29
742 0 29
743 0 29
744 0 29
745 0 29
746 0 28
747 0 29
748 0 29
749 0 29
750 0 29
751 0 29
752 0 29
753 0 29
754 0 29
755 0 29
756 0 29
757 0 29
758 0 29
759 0 29
760 0 29
761 0 29
762 0 28
763 0 28
764 0 28
765 0 29
766 0 29
767 0 29
768 0 29
769 0 30
770 0 29
771 0 29
772 0 29
773 0 29
774 0 29
775 0 29
776 0 30
777 0 28
778 0 28
779 0 28
780 0 28
781 0 28
782 0 28
783 0 29
784 0 29
785 0 29
786 0 29
787 0 29
788 0 28
789 0 29
790 0 29
791 0 28
792 0 28
793 0 29
794 0 29
795 0 29
796 0 29
797 0 29
798 0 28
799 0 29
800 0 29
801 0 29
802 0 29
803 0 29
804 0 29
805 0 29
806 0 29
807 0 29
808 0 29
809 0 29
810 0 29
811 0 29
812 0 29
813 0 29
814 0 28
815 0 28
816 0 28
817 0 29
818 0 29
819 0 28
820 0 28
821 0 29
822 0 29
823 0 29
824 0 28
825 0 28
826 0 29
827 0 29
828 0 29
829 0 28
830 0 28
831 0 28
832 0 28
833 0 28
834 0 28
835 0 29
836 0 29
837 0 29
838 0 28
839 0 28
840 0 28
841 0 30
842 0 30
843 0 28
844 0 28
845 0 29
846 0 30
847 0 30
848 0 28
849 0 28
850 0 29
851 0 29
852 0 30
853 0 28
854 0 28
855 0 28
856 0 28
857 0 28
858 0 28
859 0 29
860 0 29
861 0 29
862 0 29
863 0 29
864 0 28
865 0 29
866 0 29
867 0 28
868 0 28
869 0 29
870 0 29
871 0 29
872 0 29
873 0 29
874 0 28
875 0 29
876 0 29
877 0 29
878 0 29
879 0 29
880 0 28
881 0 29
882 0 29
883 0 28
884 0 28
885 0 29
886 0 29
887 0 29
888 0 29
889 0 29
890 0 28
891 0 29
892 0 29
893 0 28
894 0 28
895 0 28
896 0 29
897 0 29
898 0 28
899 0 28
900 0 29
901 0 29
902 0 29
903 0 29
904 0 29
905 0 29
906 0 29
907 0 29
908 0 28
909 0 30
910 0 30
911 0 29
912 0 29
913 0 29
914 0 31
915 0 31
916 0 29
917 0 29
918 0 30
919 0 30
920 0 30
921 0 29
922 0 29
923 0 29
924 0 29
925 0 29
926 0 29
927 0 30
928 0 31
929 0 30
930 0 29
931 0 29
932 0 28
933 0 30
934 0 30
935 0 29
936 0 29
937 0 29
938 0 31
939 0 31
940 0 29
941 0 29
942 0 30
943 0 30
944 0 30
945 0 29
946 0 29
947 0 29
948 0 29
949 0 29
950 0 29
951 0 30
952 0 30
953 0 30
954 0 30
955 0 30
956 0 29
957 0 30
958 0 30
959 0 29
960 0 29
961 0 30
962 0 30
963 0 30
964 0 30
965 0 30
966 0 29
967 0 29
968 0 29
969 0 29
970 0 29
971 0 29
972 0 29
973 0 29
974 0 29
975 0 29
976 0 29
977 0 29
978 0 29
979 0 29
980 0 29
981 0 29
982 0 29
983 0 29
984 0 29
985 0 29
986 0 29
987 0 29
988 0 29
989 0 29
990 0 29
991 0 29
992 0 29
993 0 29
994 0 30
995 0 31
996 0 30
997 0 30
998 0 30
999 0 29
1000 0 31
1001 0 31
1002 0 30
1003 0 30
1004 0 30
1005 0 31
1006 0 30
1007 0 30
1008 0 30
1009 0 29
1010 0 30
1011 0 30
1012 0 30
1013 0 30
1014 0 29
1015 0 30
1016 0 30
1017 0 30
1018 0 30
1019 0 29
1020 0 30
1021 0 29
1022 0 29
1023 0 30
1024 0 29
1025 0 29
1026 0 29
1027 0 28
1028 0 30
1029 0 30
1030 0 29
1031 0 29
1032 0 29
1033 0 31
1034 0 31
1035 0 29
1036 0 29
1037 0 30
1038 0 30
1039 0 30
1040 0 29
1041 0 29
1042 0 29
1043 0 29
1044 0 29
1045 0 29
1046 0 30
1047 0 31
1048 0 30
1049 0 29
1050 0 29
1051 0 28
1052 0 30
1053 0 30
1054 0 29
1055 0 29
1056 0 29
1057 0 31
1058 0 31
1059 0 29
1060 0 29
1061 0 30
1062 0 30
1063 0 30
1064 0 29
1065 0 29
1066 0 29
1067 0 29
1068 0 29
1069 0 29
1070 0 30
1071 0 30
1072 0 30
1073 0 30
1074 0 30
1075 0 29
1076 0 30
1077 0 30
1078 0 29
1079 0 29
1080 0 30
1081 0 30
1082 0 30
1083 0 30
1084 0 30
1085 0 29
1086 0 29
1087 0 29
1088 0 29
1089 0 29
1090 0 29
1091 0 29
1092 0 29
1093 0 29
1094 0 29
1095 0 29
1096 0 29
1097 0 29
1098 0 29
1099 0 29
1100 0 29
1101 0 29
1102 0 29
1103 0 29
1104 0 29
1105 0 29
1106 0 29
1107 0 29
1108 0 29
1109 0 29
1110 0 29
1111 0 29
1112 0 29
1113 0 29
1114 0 30
1115 0 29
1116 0 29
1117 0 29
1118 0 28
1119 0 29
1120 0 29
1121 0 29
1122 0 29
1123 0 29
1124 0 30
1125 0 29
1126 0 29
1127 0 29
1128 0 28
1129 0 29
1130 0 29
1131 0 29
1132 0 29
1133 0 29
1134 0 29
1135 0 29
1136 0 29
1137 0 29
1138 0 29
1139 0 30
1140 0 29
1141 0 29
1142 0 30
1143 0 29
1144 0 29
1145 0 29
1146 0 28
1147 0 29
1148 0 29
1149 0 29
1150 0 29
1151 0 29
1152 0 29
1153 0 29
1154 0 29
1155 0 29
1156 0 29
1157 0 29
1158 0 29
1159 0 28
1160 0 28
1161 0 28
1162 0 28
1163 0 28
1164 0 28
1165 0 29
1166 0 30
1167 0 29
1168 0 29
1169 0 29
1170 0 28
1171 0 29
1172 0 29
1173 0 29
1174 0 29
1175 0 29
1176 0 30
1177 0 29
1178 0 29
1179 0 29
1180 0 28
1181 0 30
1182 0 30
1183 0 30
1184 0 30
1185 0 29
1186 0 30
1187 0 30
1188 0 30
1189 0 30
1190 0 29
1191 0 30
1192 0 29
1193 0 29
1194 0 30
1195 0 29
1196 0 29
1197 0 29
1198 0 28
1199 0 29
1200 0 30
1201 0 28
1202 0 28
1203 0 28
1204 0 29
1205 0 30
1206 0 28
1207 0 28
1208 0 29
1209 0 29
1210 0 29
1211 0 28
1212 0 28
1213 0 28
1214 0 28
1215 0 28
1216 0 28
1217 0 29
1218 0 30
1219 0 29
1220 0 29
1221 0 29
1222 0 28
1223 0 29
1224 0 30
1225 0 28
1226 0 28
1227 0 28
1228 0 29
1229 0 30
1230 0 28
1231 0 28
1232 0 29
1233 0 29
1234 0 29
1235 0 28
1236 0 28
1237 0 28
1238 0 28
1239 0 28
1240 0 28
1241 0 29
1242 0 30
1243 0 28
1244 0 28
1245 0 28
1246 0 29
1247 0 30
1248 0 28
1249 0 28
1250 0 29
1251 0 29
1252 0 29
1253 0 28
1254 0 28
1255 0 28
1256 0 28
1257 0 28
1258 0 28
1259 0 29
1260 0 30
1261 0 29
1262 0 29
1263 0 29
1264 0 28
1265 0 29
1266 0 30
1267 0 28
1268 0 28
1269 0 28
1270 0 29
1271 0 30
1272 0 28
1273 0 28
1274 0 29
1275 0 29
1276 0 29
1277 0 28
1278 0 28
1279 0 28
1280 0 28
1281 0 28
1282 0 28
1283 0 28
1284 0 29
1285 0 28
1286 0 28
1287 0 28
1288 0 28
1289 0 28
1290 0 28
1291 0 28
1292 0 28
1293 0 28
1294 0 29
1295 0 28
1296 0 29
1297 0 29
1298 0 28
1299 0 29
1300 0 29
1301 0 28
1302 0 28
1303 0 28
1304 0 29
1305 0 29
1306 0 28
1307 0 28
1308 0 29
1309 0 29
1310 0 28
1311 0 28
1312 0 28
1313 0 29
1314 0 29
1315 0 28
1316 0 28
1317 0 28
1318 0 28
1319 0 28
1320 0 29
1321 0 29
1322 0 29
1323 0 29
1324 0 28
1325 0 28
1326 0 30
1327 0 30
1328 0 30
1329 0 30
1330 0 30
1331 0 30
1332 0 30
1333 0 30
1334 0 29
1335 0 29
1336 0 30
1337 0 30
1338 0 30
1339 0 31
1340 0 31
1341 0 30
1342 0 30
1343 0 31
1344 0 29
1345 0 29
1346 0 29
1347 0 30
1348 0 31
1349 0 29
1350 0 29
1351 0 29
1352 0 29
1353 0 29
1354 0 29
1355 0 29
1356 0 29
1357 0 29
1358 0 30
1359 0 29
1360 0 31
1361 0 31
1362 0 29
1363 0 29
1364 0 30
1365 0 31
1366 0 31
1367 0 29
1368 0 29
1369 0 29
1370 0 29
1371 0 30
1372 0 29
1373 0 29
1374 0 29
1375 0 29
1376 0 29
1377 0 29
1378 0 30
1379 0 31
1380 0 30
1381 0 30
1382 0 30
1383 0 30
1384 0 30
1385 0 30
1386 0 30
1387 0 30
1388 0 30
1389 0 31
1390 0 30
1391 0 31
1392 0 31
1393 0 30
1394 0 30
1395 0 31
1396 0 29
1397 0 29
1398 0 29
1399 0 30
1400 0 31
1401 0 29
1402 0 29
1403 0 29
1404 0 29
1405 0 29
1406 0 29
1407 0 29
1408 0 29
1409 0 29
1410 0 30
1411 0 29
1412 0 30
1413 0 30
1414 0 29
1415 0 29
1416 0 29
1417 0 30
1418 0 31
1419 0 29
1420 0 29
1421 0 30
1422 0 30
1423 0 30
1424 0 29
1425 0 29
1426 0 29
1427 0 29
1428 0 29
1429 0 29
1430 0 30
1431 0 30
1432 0 30
1433 0 29
1434 0 29
1435 0 28
1436 0 30
1437 0 30
1438 0 29
1439 0 29
1440 0 29
1441 0 30
1442 0 31
1443 0 29
1444 0 29
1445 0 30
1446 0 30
1447 0 30
1448 0 29
1449 0 29
1450 0 29
1451 0 29
1452 0 29
1453 0 29
1454 0 29
1455 0 29
1456 0 29
1457 0 29
1458 0 29
1459 0 28
1460 0 29
1461 0 29
1462 0 28
1463 0 28
1464 0 29
1465 0 29
1466 0 29
1467 0 29
1468 0 29
1469 0 28
1470 0 29
1471 0 29
1472 0 29
1473 0 29
1474 0 29
1475 0 28
1476 0 29
1477 0 29
1478 0 28
1479 0 28
1480 0 29
1481 0 29
1482 0 29
1483 0 29
1484 0 29
1485 0 28
1486 0 29
1487 0 29
1488 0 28
1489 0 28
1490 0 28
1491 0 30
1492 0 30
1493 0 28
1494 0 28
1495 0 29
1496 0 29
1497 0 29
1498 0 29
1499 0 29
1500 0 29
1501 0 29
1502 0 29
1503 0 29
1504 0 30
1505 0 31
1506 0 29
1507 0 29
1508 0 29
1509 0 30
1510 0 31
1511 0 29
1512 0 29
1513 0 30
1514 0 30
1515 0 30
1516 0 29
1517 0 29
1518 0 29
1519 0 29
1520 0 29
1521 0 29
1522 0 30
1523 0 31
1524 0 30
1525 0 30
1526 0 30
1527 0 29
1528 0 30
1529 0 31
1530 0 29
1531 0 29
1532 0 29
1533 0 30
1534 0 31
1535 0 29
1536 0 29
1537 0 30
1538 0 30
1539 0 30
1540 0 29
1541 0 29
1542 0 29
1543 0 29
1544 0 29
1545 0 29
1546 0 29
1547 0 29
1548 0 29
1549 0 29
1550 0 29
1551 0 29
1552 0 29
1553 0 29
1554 0 28
1555 0 28
1556 0 29
1557 0 29
1558 0 29
1559 0 30
1560 0 30
1561 0 29
1562 0 30
1563 0 30
1564 0 28
1565 0 28
1566 0 29
1567 0 30
1568 0 30
1569 0 28
1570 0 28
1571 0 30
1572 0 30
1573 0 28
1574 0 28
1575 0 29
1576 0 30
1577 0 30
1578 0 28
1579 0 28
1580 0 28
1581 0 28
1582 0 29
1583 0 29
1584 0 29
1585 0 29
1586 0 29
1587 0 29
1588 0 29
1589 0 30
1590 0 30
1591 0 31
1592 0 31
1593 0 31
1594 0 30
1595 0 31
1596 0 31
1597 0 29
1598 0 29
1599 0 30
1600 0 30
1601 0 31
1602 0 31
1603 0 31
1604 0 30
1605 0 30
1606 0 31
1607 0 29
1608 0 29
1609 0 29
1610 0 30
1611 0 31
1612 0 29
1613 0 29
1614 0 29
1615 0 29
1616 0 29
1617 0 29
1618 0 29
1619 0 29
1620 0 29
1621 0 30
1622 0 29
1623 0 31
1624 0 31
1625 0 29
1626 0 29
1627 0 30
1628 0 31
1629 0 31
1630 0 29
1631 0 29
1632 0 29
1633 0 29
1634 0 30
1635 0 30
1636 0 30
1637 0 30
1638 0 30
1639 0 29
1640 0 29
1641 0 31
1642 0 31
1643 0 31
1644 0 31
1645 0 31
1646 0 30
1647 0 31
1648 0 31
1649 0 30
1650 0 30
1651 0 31
1652 0 31
1653 0 31
1654 0 31
1655 0 31
1656 0 30
1657 0 30
1658 0 31
1659 0 29
1660 0 29
1661 0 29
1662 0 30
1663 0 31
1664 0 29
1665 0 29
1666 0 29
1667 0 29
1668 0 29
1669 0 29
1670 0 29
1671 0 29
1672 0 29
1673 0 30
1674 0 29
1675 0 30
1676 0 30
1677 0 29
1678 0 29
1679 0 29
1680 0 31
1681 0 31
1682 0 29
1683 0 29
1684 0 30
1685 0 30
1686 0 30
1687 0 29
1688 0 29
1689 0 29
1690 0 29
1691 0 29
1692 0 29
1693 0 30
1694 0 30
1695 0 30
1696 0 29
1697 0 29
1698 0 28
1699 0 30
1700 0 30
1701 0 29
1702 0 29
1703 0 29
1704 0 31
1705 0 31
1706 0 29
1707 0 29
1708 0 30
1709 0 30
1710 0 31
1711 0 29
1712 0 29
1713 0 29
1714 0 29
1715 0 29
1716 0 29
1717 0 29
1718 0 29
1719 0 29
1720 0 29
1721 0 29
1722 0 28
1723 0 29
1724 0 29
1725 0 28
1726 0 28
1727 0 29
1728 0 29
1729 0 29
1730 0 29
1731 0 29
1732 0 28
1733 0 29
1734 0 29
1735 0 29
1736 0 29
1737 0 29
1738 0 28
1739 0 29
1740 0 29
1741 0 28
1742 0 28
1743 0 29
1744 0 29
1745 0 29
1746 0 29
1747 0 29
1748 0 28
1749 0 29
1750 0 29
1751 0 28
1752 0 28
1753 0 28
1754 0 30
1755 0 30
1756 0 28
1757 0 28
1758 0 29
1759 0 29
1760 0 29
1761 0 29
1762 0 29
1763 0 29
1764 0 29
1765 0 29
1766 0 29
1767 0 30
1768 0 30
1769 0 29
1770 0 29
1771 0 30
1772 0 30
1773 0 30
1774 0 29
1775 0 29
1776 0 30
1777 0 30
1778 0 30
1779 0 29
1780 0 29
1781 0 29
1782 0 29
1783 0 29
1784 0 29
1785 0 30
1786 0 30
1787 0 30
1788 0 29
1789 0 29
1790 0 29
1791 0 31
1792 0 31
1793 0 29
1794 0 29
1795 0 30
1796 0 31
1797 0 31
1798 0 29
1799 0 29
1800 0 30
1801 0 30
1802 0 31
1803 0 29
1804 0 29
1805 0 29
1806 0 29
1807 0 29
1808 0 29
1809 0 30
1810 0 30
1811 0 30
1812 0 30
1813 0 30
1814 0 29
1815 0 30
1816 0 30
1817 0 29
1818 0 29
1819 0 30
1820 0 30
1821 0 30
1822 0 30
1823 0 30
1824 0 29
1825 0 29
1826 0 29
1827 0 29
1828 0 29
1829 0 30
1830 0 29
1831 0 29
1832 0 29
1833 0 29
1834 0 29
1835 0 29
1836 0 29
1837 0 29
1838 0 30
1839 0 29
1840 0 29
1841 0 29
1842 0 29
1843 0 29
1844 0 29
1845 0 30
1846 0 29
1847 0 29
1848 0 29
1849 0 29
1850 0 29
1851 0 29
1852 0 30
1853 0 30
1854 0 30
1855 0 30
1856 0 30
1857 0 29
1858 0 30
1859 0 30
1860 0 29
1861 0 29
1862 0 30
1863 0 30
1864 0 30
1865 0 30
1866 0 30
1867 0 29
1868 0 29
1869 0 29
1870 0 29
1871 0 29
1872 0 29
1873 0 29
1874 0 29
1875 0 29
1876 0 29
1877 0 29
1878 0 29
1879 0 29
1880 0 29
1881 0 29
1882 0 29
1883 0 28
1884 0 28
1885 0 28
1886 0 30
1887 0 30
1888 0 29
1889 0 29
1890 0 30
1891 0 30
1892 0 30
1893 0 29
1894 0 29
1895 0 30
1896 0 30
1897 0 30
1898 0 29
1899 0 29
1900 0 29
1901 0 29
1902 0 29
1903 0 29
1904 0 30
1905 0 30
1906 0 30
1907 0 29
1908 0 29
1909 0 29
1910 0 31
1911 0 31
1912 0 29
1913 0 29
1914 0 30
1915 0 31
1916 0 31
1917 0 29
1918 0 29
1919 0 30
1920 0 30
1921 0 31
1922 0 29
1923 0 29
1924 0 29
1925 0 29
1926 0 29
1927 0 29
1928 0 30
1929 0 30
1930 0 31
1931 0 30
1932 0 30
1933 0 30
1934 0 30
1935 0 30
1936 0 29
1937 0 29
1938 0 30
1939 0 30
1940 0 31
1941 0 31
1942 0 31
1943 0 30
1944 0 29
1945 0 29
1946 0 29
1947 0 29
1948 0 30
1949 0 29
1950 0 29
1951 0 29
1952 0 29
1953 0 29
1954 0 29
1955 0 29
1956 0 29
1957 0 30
1958 0 29
1959 0 29
1960 0 29
1961 0 29
1962 0 29
1963 0 29
1964 0 30
1965 0 29
1966 0 29
1967 0 29
1968 0 29
1969 0 29
1970 0 29
1971 0 29
1972 0 29
1973 0 29
1974 0 29
1975 0 29
1976 0 28
1977 0 29
1978 0 29
1979 0 28
1980 0 28
1981 0 29
1982 0 29
1983 0 29
1984 0 29
1985 0 29
1986 0 28
1987 0 29
1988 0 29
1989 0 29
1990 0 29
1991 0 29
1992 0 29
1993 0 29
1994 0 29
1995 0 29
1996 0 29
1997 0 29
1998 0 29
1999 0 29
2000 0 29
2001 0 29
2002 0 28
2003 0 28
2004 0 28
2005 0 29
2006 0 29
2007 0 29
2008 0 29
2009 0 30
2010 0 29
2011 0 29
2012 0 29
2013 0 29
2014 0 29
2015 0 29
2016 0 30
2017 0 28
2018 0 28
2019 0 28
2020 0 28
2021 0 28
2022 0 28
2023 0 29
2024 0 29
2025 0 29
2026 0 29
2027 0 29
2028 0 28
2029 0 29
2030 0 29
2031 0 28
2032 0 28
2033 0 29
2034 0 29
2035 0 29
2036 0 29
2037 0 29
2038 0 28
2039 0 29
2040 0 29
2041 0 29
2042 0 29
2043 0 29
2044 0 29
2045 0 29
2046 0 29
2047 0 29
2048 0 29
2049 0 29
2050 0 29
2051 0 29
2052 0 29
2053 0 29
2054 0 28
2055 0 28
2056 0 28
2057 0 29
2058 0 29
2059 0 29
2060 0 29
2061 0 29
2062 0 28
2063 0 29
2064 0 29
2065 0 28
2066 0 28
2067 0 29
2068 0 29
2069 0 29
2070 0 29
2071 0 29
2072 0 28
2073 0 29
2074 0 29
2075 0 29
2076 0 29
2077 0 29
2078 0 29
2079 0 29
2080 0 29
2081 0 29
2082 0 29
2083 0 29
2084 0 29
2085 0 29
2086 0 29
2087 0 29
2088 0 28
2089 0 28
2090 0 28
2091 0 29
2092 0 29
2093 0 29
2094 0 29
2095 0 30
2096 0 29
2097 0 29
2098 0 29
2099 0 29
2100 0 29
2101 0 29
2102 0 30
2103 0 28
2104 0 28
2105 0 28
2106 0 28
2107 0 28
2108 0 28
2109 0 29
2110 0 29
2111 0 29
2112 0 29
2113 0 29
2114 0 28
2115 0 29
2116 0 29
2117 0 28
2118 0 28
2119 0 29
2120 0 29
2121 0 29
2122 0 29
2123 0 29
2124 0 28
2125 0 29
2126 0 29
2127 0 29
2128 0 29
2129 0 29
2130 0 29
2131 0 29
2132 0 29
2133 0 29
2134 0 29
2135 0 29
2136 0 29
2137 0 29
2138 0 29
2139 0 29
2140 0 28
2141 0 28
2142 0 28
2143 0 29
2144 0 29
2145 0 28
2146 0 28
2147 0 29
2148 0 29
2149 0 29
2150 0 28
2151 0 28
2152 0 29
2153 0 29
2154 0 29
2155 0 28
2156 0 28
2157 0 28
2158 0 28
2159 0 28
2160 0 28
2161 0 29
2162 0 29
2163 0 29
2164 0 28
2165 0 28
2166 0 28
2167 0 30
2168 0 30
2169 0 28
2170 0 28
2171 0 29
2172 0 30
2173 0 30
2174 0 28
2175 0 28
2176 0 29
2177 0 29
2178 0 30
2179 0 28
2180 0 28
2181 0 28
2182 0 28
2183 0 28
2184 0 28
2185 0 29
2186 0 29
2187 0 29
2188 0 29
2189 0 29
2190 0 28
2191 0 29
2192 0 29
2193 0 28
2194 0 28
2195 0 29
2196 0 29
2197 0 29
2198 0 29
2199 0 29
2200 0 28
2201 0 29
2202 0 29
2203 0 29
2204 0 29
2205 0 29
2206 0 28
2207 0 29
2208 0 29
2209 0 28
2210 0 28
2211 0 29
2212 0 29
2213 0 29
2214 0 29
2215 0 29
2216 0 28
2217 0 29
2218 0 29
2219 0 28
2220 0 28
2221 0 28
2222 0 29
2223 0 29
2224 0 28
2225 0 28
2226 0 29
2227 0 29
2228 0 29
2229 0 29
2230 0 29
2231 0 29
2232 0 29
2233 0 29
2234 0 28
2235 0 30
2236 0 30
2237 0 30
2238 0 29
2239 0 30
2240 0 29
2241 0 30
2242 0 30
2243 0 30
2244 0 29
2245 0 30
2246 0 29
2247 0 29
2248 0 30
2249 0 29
2250 0 29
2251 0 29
2252 0 29
2253 0 29
2254 0 29
2255 0 29
2256 0 30
2257 0 29
2258 0 30
2259 0 30
2260 0 29
2261 0 29
2262 0 30
2263 0 29
2264 0 29
2265 0 29
2266 0 30
2267 0 30
2268 0 30
2269 0 29
2270 0 30
2271 0 30
2272 0 30
2273 0 30
2274 0 30
2275 0 29
2276 0 30
2277 0 29
2278 0 29
2279 0 30
2280 0 29
2281 0 29
2282 0 29
2283 0 29
2284 0 29
2285 0 29
2286 0 29
2287 0 30
2288 0 29
2289 0 29
2290 0 30
2291 0 29
2292 0 30
2293 0 30
2294 0 29
2295 0 29
2296 0 29
2297 0 30
2298 0 30
2299 0 29
2300 0 28
2301 0 30
2302 0 29
2303 0 29
2304 0 30
2305 0 29
2306 0 30
2307 0 30
2308 0 29
2309 0 29
2310 0 29
2311 0 29
2312 0 29
2313 0 29
2314 0 28
2315 0 29
2316 0 28
2317 0 29
2318 0 29
2319 0 29
2320 0 28
2321 0 29
2322 0 29
2323 0 29
2324 0 28
2325 0 29
2326 0 28
2327 0 29
2328 0 29
2329 0 29
2330 0 28
2331 0 29
2332 0 28
2333 0 28
2334 0 30
2335 0 28
2336 0 29
2337 0 29
2338 0 29
2339 0 29
2340 0 29
2341 0 29
2342 0 30
2343 0 29
2344 0 29
2345 0 30
2346 0 29
2347 0 30
2348 0 30
2349 0 29
2350 0 29
2351 0 29
2352 0 30
2353 0 30
2354 0 30
2355 0 29
2356 0 30
2357 0 29
2358 0 29
2359 0 30
2360 0 29
2361 0 30
2362 0 30
2363 0 29
2364 0 29
2365 0 29
2366 0 29
2367 0 29
2368 0 29
2369 0 29
2370 0 29
2371 0 28
2372 0 29
2373 0 29
2374 0 30
2375 0 29
2376 0 29
2377 0 28
2378 0 29
2379 0 29
2380 0 28
2381 0 29
2382 0 28
2383 0 29
2384 0 29
2385 0 28
2386 0 28
2387 0 29
2388 0 29
2389 0 29
2390 0 29
2391 0 30
2392 0 31
2393 0 30
2394 0 29
2395 0 31
2396 0 29
2397 0 30
2398 0 31
2399 0 30
2400 0 29
2401 0 30
2402 0 29
2403 0 29
2404 0 30
2405 0 29
2406 0 29
2407 0 29
2408 0 29
2409 0 29
2410 0 29
2411 0 29
2412 0 30
2413 0 29
2414 0 30
2415 0 30
2416 0 29
2417 0 29
2418 0 30
2419 0 30
2420 0 30
2421 0 29
2422 0 31
2423 0 31
2424 0 30
2425 0 29
2426 0 31
2427 0 30
2428 0 31
2429 0 31
2430 0 30
2431 0 29
2432 0 30
2433 0 29
2434 0 29
2435 0 30
2436 0 29
2437 0 29
2438 0 29
2439 0 29
2440 0 29
2441 0 29
2442 0 29
2443 0 30
2444 0 29
2445 0 29
2446 0 31
2447 0 29
2448 0 30
2449 0 30
2450 0 29
2451 0 29
2452 0 29
2453 0 30
2454 0 30
2455 0 29
2456 0 28
2457 0 30
2458 0 29
2459 0 29
2460 0 31
2461 0 29
2462 0 30
2463 0 31
2464 0 29
2465 0 29
2466 0 29
2467 0 29
2468 0 29
2469 0 29
2470 0 28
2471 0 29
2472 0 28
2473 0 29
2474 0 29
2475 0 29
2476 0 28
2477 0 29
2478 0 29
2479 0 29
2480 0 28
2481 0 29
2482 0 28
2483 0 29
2484 0 29
2485 0 29
2486 0 28
2487 0 29
2488 0 28
2489 0 28
2490 0 30
2491 0 28
2492 0 29
2493 0 29
2494 0 29
2495 0 29
2496 0 29
2497 0 29
2498 0 30
2499 0 29
2500 0 29
2501 0 30
2502 0 29
2503 0 30
2504 0 30
2505 0 29
2506 0 29
2507 0 29
2508 0 30
2509 0 30
2510 0 29
2511 0 28
2512 0 30
2513 0 29
2514 0 29
2515 0 31
2516 0 29
2517 0 30
2518 0 30
2519 0 29
2520 0 29
2521 0 29
2522 0 30
2523 0 30
2524 0 30
2525 0 29
2526 0 30
2527 0 29
2528 0 30
2529 0 30
2530 0 30
2531 0 29
2532 0 29
2533 0 29
2534 0 29
2535 0 29
2536 0 29
2537 0 29
2538 0 29
2539 0 29
2540 0 29
2541 0 29
2542 0 29
2543 0 29
2544 0 29
2545 0 29
2546 0 29
2547 0 30
2548 0 30
2549 0 30
2550 0 29
2551 0 30
2552 0 29
2553 0 30
2554 0 30
2555 0 30
2556 0 29
2557 0 29
2558 0 29
2559 0 29
2560 0 29
2561 0 29
2562 0 29
2563 0 29
2564 0 29
2565 0 29
2566 0 28
2567 0 28
2568 0 30
2569 0 29
2570 0 29
2571 0 30
2572 0 29
2573 0 30
2574 0 30
2575 0 29
2576 0 29
2577 0 29
2578 0 30
2579 0 30
2580 0 29
2581 0 28
2582 0 30
2583 0 29
2584 0 29
2585 0 31
2586 0 29
2587 0 30
2588 0 30
2589 0 29
2590 0 29
2591 0 29
2592 0 30
2593 0 30
2594 0 30
2595 0 29
2596 0 30
2597 0 29
2598 0 30
2599 0 30
2600 0 30
2601 0 29
2602 0 29
2603 0 29
2604 0 29
2605 0 29
2606 0 29
2607 0 29
2608 0 29
2609 0 29
2610 0 29
2611 0 29
2612 0 29
2613 0 29
2614 0 29
2615 0 29
2616 0 29
2617 0 29
2618 0 29
2619 0 29
2620 0 28
2621 0 29
2622 0 28
2623 0 29
2624 0 29
2625 0 29
2626 0 28
2627 0 29
2628 0 29
2629 0 29
2630 0 29
2631 0 29
2632 0 29
2633 0 29
2634 0 29
2635 0 29
2636 0 28
2637 0 28
2638 0 29
2639 0 29
2640 0 30
2641 0 29
2642 0 29
2643 0 29
2644 0 30
2645 0 28
2646 0 28
2647 0 28
2648 0 29
2649 0 29
2650 0 29
2651 0 28
2652 0 29
2653 0 28
2654 0 29
2655 0 29
2656 0 29
2657 0 28
2658 0 29
2659 0 29
2660 0 29
2661 0 29
2662 0 29
2663 0 29
2664 0 29
2665 0 29
2666 0 29
2667 0 28
2668 0 28
2669 0 29
2670 0 29
2671 0 29
2672 0 28
2673 0 29
2674 0 28
2675 0 29
2676 0 29
2677 0 29
2678 0 28
2679 0 29
2680 0 29
2681 0 29
2682 0 29
2683 0 29
2684 0 29
2685 0 29
2686 0 29
2687 0 29
2688 0 28
2689 0 28
2690 0 29
2691 0 29
2692 0 30
2693 0 29
2694 0 29
2695 0 29
2696 0 30
2697 0 28
2698 0 28
2699 0 28
2700 0 29
2701 0 29
2702 0 29
2703 0 28
2704 0 29
2705 0 28
2706 0 29
2707 0 29
2708 0 29
2709 0 28
2710 0 29
2711 0 29
2712 0 29
2713 0 29
2714 0 29
2715 0 29
2716 0 29
2717 0 29
2718 0 29
2719 0 28
2720 0 28
2721 0 29
2722 0 28
2723 0 29
2724 0 29
2725 0 28
2726 0 29
2727 0 29
2728 0 28
2729 0 28
2730 0 28
2731 0 29
2732 0 29
2733 0 28
2734 0 28
2735 0 30
2736 0 28
2737 0 29
2738 0 30
2739 0 28
2740 0 29
2741 0 30
2742 0 28
2743 0 28
2744 0 28
2745 0 29
2746 0 29
2747 0 29
2748 0 28
2749 0 29
2750 0 28
2751 0 29
2752 0 29
2753 0 29
2754 0 28
2755 0 29
2756 0 29
2757 0 29
2758 0 28
2759 0 29
2760 0 28
2761 0 29
2762 0 29
2763 0 29
2764 0 28
2765 0 29
2766 0 28
2767 0 28
2768 0 29
2769 0 28
2770 0 29
2771 0 29
2772 0 29
2773 0 29
2774 0 29
2775 0 28
2776 0 30
2777 0 29
2778 0 29
2779 0 31
2780 0 29
2781 0 30
2782 0 30
2783 0 29
2784 0 29
2785 0 29
2786 0 30
2787 0 30
2788 0 29
2789 0 28
2790 0 30
2791 0 29
2792 0 29
2793 0 31
2794 0 29
2795 0 30
2796 0 30
2797 0 29
2798 0 29
2799 0 29
2800 0 30
2801 0 30
2802 0 30
2803 0 29
2804 0 30
2805 0 29
2806 0 30
2807 0 30
2808 0 30
2809 0 29
2810 0 29
2811 0 29
2812 0 29
2813 0 29
2814 0 29
2815 0 29
2816 0 29
2817 0 29
2818 0 29
2819 0 29
2820 0 29
2821 0 29
2822 0 29
2823 0 29
2824 0 29
2825 0 30
2826 0 30
2827 0 30
2828 0 29
2829 0 31
2830 0 30
2831 0 30
2832 0 30
2833 0 30
2834 0 29
2835 0 30
2836 0 30
2837 0 29
2838 0 30
2839 0 30
2840 0 29
2841 0 29
2842 0 29
2843 0 29
2844 0 29
2845 0 28
2846 0 30
2847 0 29
2848 0 29
2849 0 31
2850 0 29
2851 0 30
2852 0 30
2853 0 29
2854 0 29
2855 0 29
2856 0 30
2857 0 30
2858 0 29
2859 0 28
2860 0 30
2861 0 29
2862 0 29
2863 0 31
2864 0 29
2865 0 30
2866 0 30
2867 0 29
2868 0 29
2869 0 29
2870 0 30
2871 0 30
2872 0 30
2873 0 29
2874 0 30
2875 0 29
2876 0 30
2877 0 30
2878 0 30
2879 0 29
2880 0 29
2881 0 29
2882 0 29
2883 0 29
2884 0 29
2885 0 29
2886 0 29
2887 0 29
2888 0 29
2889 0 29
2890 0 29
2891 0 29
2892 0 29
2893 0 29
2894 0 29
2895 0 29
2896 0 29
2897 0 29
2898 0 28
2899 0 29
2900 0 29
2901 0 29
2902 0 29
2903 0 29
2904 0 28
2905 0 29
2906 0 29
2907 0 29
2908 0 29
2909 0 29
2910 0 29
2911 0 29
2912 0 29
2913 0 29
2914 0 29
2915 0 28
2916 0 29
2917 0 29
2918 0 29
2919 0 29
2920 0 29
2921 0 29
2922 0 29
2923 0 28
2924 0 28
2925 0 28
2926 0 29
2927 0 29
2928 0 29
2929 0 28
2930 0 29
2931 0 29
2932 0 29
2933 0 29
2934 0 29
2935 0 28
2936 0 30
2937 0 30
2938 0 29
2939 0 30
2940 0 30
2941 0 29
2942 0 29
2943 0 29
2944 0 29
2945 0 29
2946 0 28
2947 0 29
2948 0 28
2949 0 28
2950 0 29
2951 0 28
2952 0 29
2953 0 29
2954 0 28
2955 0 28
2956 0 28
2957 0 29
2958 0 29
2959 0 29
2960 0 28
2961 0 29
2962 0 28
2963 0 28
2964 0 29
2965 0 28
2966 0 29
2967 0 29
2968 0 28
2969 0 28
2970 0 28
2971 0 29
2972 0 28
2973 0 28
2974 0 29
2975 0 28
2976 0 29
2977 0 29
2978 0 28
2979 0 28
2980 0 28
2981 0 29
2982 0 29
2983 0 29
2984 0 28
2985 0 29
2986 0 28
2987 0 28
2988 0 29
2989 0 28
2990 0 29
2991 0 29
2992 0 28
2993 0 28
2994 0 28
2995 0 28
2996 0 28
2997 0 28
2998 0 28
2999 0 28
3000 0 28
3001 0 28
3002 0 28
3003 0 29
3004 0 28
3005 0 29
3006 0 28
3007 0 28
3008 0 29
3009 0 28
3010 0 29
3011 0 28
3012 0 28
3013 0 29
3014 0 28
3015 0 28
3016 0 28
3017 0 29
3018 0 29
3019 0 28
3020 0 30
3021 0 30
3022 0 30
3023 0 30
3024 0 30
3025 0 29
3026 0 30
3027 0 30
3028 0 31
3029 0 30
3030 0 30
3031 0 29
3032 0 29
3033 0 30
3034 0 29
3035 0 29
3036 0 29
3037 0 29
3038 0 29
3039 0 29
3040 0 29
3041 0 31
3042 0 29
3043 0 30
3044 0 31
3045 0 29
3046 0 29
3047 0 30
3048 0 29
3049 0 29
3050 0 29
3051 0 30
3052 0 30
3053 0 30
3054 0 30
3055 0 30
3056 0 30
3057 0 30
3058 0 30
3059 0 31
3060 0 30
3061 0 30
3062 0 29
3063 0 29
3064 0 30
3065 0 29
3066 0 29
3067 0 29
3068 0 29
3069 0 29
3070 0 29
3071 0 29
3072 0 30
3073 0 29
3074 0 29
3075 0 30
3076 0 29
3077 0 30
3078 0 30
3079 0 29
3080 0 29
3081 0 29
3082 0 30
3083 0 30
3084 0 29
3085 0 28
3086 0 30
3087 0 29
3088 0 29
3089 0 30
3090 0 29
3091 0 30
3092 0 30
3093 0 29
3094 0 29
3095 0 29
3096 0 29
3097 0 29
3098 0 29
3099 0 28
3100 0 29
3101 0 28
3102 0 29
3103 0 29
3104 0 29
3105 0 28
3106 0 29
3107 0 29
3108 0 29
3109 0 28
3110 0 29
3111 0 28
3112 0 29
3113 0 29
3114 0 29
3115 0 28
3116 0 29
3117 0 28
3118 0 28
3119 0 30
3120 0 28
3121 0 29
3122 0 29
3123 0 29
3124 0 29
3125 0 29
3126 0 29
3127 0 30
3128 0 29
3129 0 29
3130 0 30
3131 0 29
3132 0 30
3133 0 30
3134 0 29
3135 0 29
3136 0 29
3137 0 30
3138 0 30
3139 0 30
3140 0 29
3141 0 30
3142 0 29
3143 0 29
3144 0 30
3145 0 29
3146 0 30
3147 0 30
3148 0 29
3149 0 29
3150 0 29
3151 0 29
3152 0 29
3153 0 29
3154 0 29
3155 0 29
3156 0 28
3157 0 29
3158 0 29
3159 0 30
3160 0 29
3161 0 30
3162 0 28
3163 0 29
3164 0 30
3165 0 28
3166 0 30
3167 0 28
3168 0 29
3169 0 30
3170 0 28
3171 0 28
3172 0 29
3173 0 29
3174 0 29
3175 0 29
3176 0 30
3177 0 31
3178 0 31
3179 0 30
3180 0 31
3181 0 29
3182 0 30
3183 0 31
3184 0 31
3185 0 30
3186 0 30
3187 0 29
3188 0 29
3189 0 30
3190 0 29
3191 0 29
3192 0 29
3193 0 29
3194 0 29
3195 0 29
3196 0 29
3197 0 31
3198 0 29
3199 0 30
3200 0 31
3201 0 29
3202 0 29
3203 0 30
3204 0 30
3205 0 30
3206 0 29
3207 0 31
3208 0 31
3209 0 31
3210 0 30
3211 0 31
3212 0 30
3213 0 31
3214 0 31
3215 0 31
3216 0 30
3217 0 30
3218 0 29
3219 0 29
3220 0 30
3221 0 29
3222 0 29
3223 0 29
3224 0 29
3225 0 29
3226 0 29
3227 0 29
3228 0 30
3229 0 29
3230 0 29
3231 0 31
3232 0 29
3233 0 30
3234 0 30
3235 0 29
3236 0 29
3237 0 29
3238 0 30
3239 0 30
3240 0 29
3241 0 28
3242 0 30
3243 0 29
3244 0 29
3245 0 31
3246 0 29
3247 0 30
3248 0 31
3249 0 29
3250 0 29
3251 0 29
3252 0 29
3253 0 29
3254 0 29
3255 0 28
3256 0 29
3257 0 28
3258 0 29
3259 0 29
3260 0 29
3261 0 28
3262 0 29
3263 0 29
3264 0 29
3265 0 28
3266 0 29
3267 0 28
3268 0 29
3269 0 29
3270 0 29
3271 0 28
3272 0 29
3273 0 28
3274 0 28
3275 0 30
3276 0 28
3277 0 29
3278 0 29
3279 0 29
3280 0 29
3281 0 29
3282 0 29
3283 0 30
3284 0 29
3285 0 30
3286 0 30
3287 0 29
3288 0 30
3289 0 30
3290 0 29
3291 0 29
3292 0 29
3293 0 30
3294 0 30
3295 0 29
3296 0 29
3297 0 31
3298 0 29
3299 0 30
3300 0 31
3301 0 29
3302 0 30
3303 0 31
3304 0 29
3305 0 29
3306 0 29
3307 0 30
3308 0 30
3309 0 30
3310 0 29
3311 0 30
3312 0 29
3313 0 30
3314 0 30
3315 0 30
3316 0 29
3317 0 29
3318 0 29
3319 0 30
3320 0 29
3321 0 29
3322 0 29
3323 0 29
3324 0 30
3325 0 29
3326 0 29
3327 0 29
3328 0 30
3329 0 29
3330 0 29
3331 0 29
3332 0 30
3333 0 30
3334 0 30
3335 0 29
3336 0 30
3337 0 29
3338 0 30
3339 0 30
3340 0 30
3341 0 29
3342 0 29
3343 0 29
3344 0 29
3345 0 29
3346 0 29
3347 0 29
3348 0 29
3349 0 29
3350 0 29
3351 0 28
3352 0 28
3353 0 30
3354 0 29
3355 0 30
3356 0 30
3357 0 29
3358 0 30
3359 0 30
3360 0 29
3361 0 29
3362 0 29
3363 0 30
3364 0 30
3365 0 29
3366 0 29
3367 0 31
3368 0 29
3369 0 30
3370 0 31
3371 0 29
3372 0 30
3373 0 31
3374 0 29
3375 0 29
3376 0 29
3377 0 30
3378 0 31
3379 0 30
3380 0 30
3381 0 30
3382 0 29
3383 0 30
3384 0 31
3385 0 31
3386 0 30
3387 0 29
3388 0 29
3389 0 30
3390 0 29
3391 0 29
3392 0 29
3393 0 29
3394 0 30
3395 0 29
3396 0 29
3397 0 29
3398 0 30
3399 0 29
3400 0 29
3401 0 29
3402 0 29
3403 0 29
3404 0 29
3405 0 28
3406 0 29
3407 0 28
3408 0 29
3409 0 29
3410 0 29
3411 0 28
3412 0 29
3413 0 29
3414 0 29
3415 0 29
3416 0 29
3417 0 29
3418 0 29
3419 0 29
3420 0 29
3421 0 28
3422 0 28
3423 0 29
3424 0 29
3425 0 30
3426 0 29
3427 0 29
3428 0 29
3429 0 30
3430 0 28
3431 0 28
3432 0 28
3433 0 29
3434 0 29
3435 0 29
3436 0 28
3437 0 29
3438 0 28
3439 0 29
3440 0 29
3441 0 29
3442 0 28
3443 0 29
3444 0 29
3445 0 29
3446 0 29
3447 0 29
3448 0 29
3449 0 29
3450 0 29
3451 0 29
3452 0 28
3453 0 28
3454 0 29
3455 0 29
3456 0 29
3457 0 28
3458 0 29
3459 0 28
3460 0 29
3461 0 29
3462 0 29
3463 0 28
3464 0 29
3465 0 29
3466 0 29
3467 0 29
3468 0 29
3469 0 29
3470 0 29
3471 0 29
3472 0 29
3473 0 28
3474 0 28
3475 0 29
3476 0 29
3477 0 30
3478 0 29
3479 0 29
3480 0 29
3481 0 30
3482 0 28
3483 0 28
3484 0 28
3485 0 29
3486 0 29
3487 0 29
3488 0 28
3489 0 29
3490 0 28
3491 0 29
3492 0 29
3493 0 29
3494 0 28
3495 0 29
3496 0 29
3497 0 29
3498 0 29
3499 0 29
3500 0 29
3501 0 29
3502 0 29
3503 0 29
3504 0 28
3505 0 28
3506 0 29
3507 0 28
3508 0 29
3509 0 29
3510 0 28
3511 0 29
3512 0 29
3513 0 28
3514 0 28
3515 0 28
3516 0 29
3517 0 29
3518 0 28
3519 0 28
3520 0 30
3521 0 28
3522 0 29
3523 0 30
3524 0 28
3525 0 29
3526 0 30
3527 0 28
3528 0 28
3529 0 28
3530 0 29
3531 0 29
3532 0 29
3533 0 28
3534 0 29
3535 0 28
3536 0 29
3537 0 29
3538 0 29
3539 0 28
3540 0 29
3541 0 29
3542 0 29
3543 0 28
3544 0 29
3545 0 28
3546 0 29
3547 0 29
3548 0 29
3549 0 28
3550 0 29
3551 0 28
3552 0 28
3553 0 29
3554 0 28
3555 0 29
3556 0 29
3557 0 29
3558 0 29
3559 0 29
3560 0 28
3561 0 30
3562 0 29
3563 0 30
3564 0 29
3565 0 29
3566 0 29
3567 0 29
3568 0 29
3569 0 29
3570 0 29
3571 0 29
3572 0 30
3573 0 30
3574 0 30
3575 0 29
3576 0 29
3577 0 29
3578 0 29
3579 0 29
3580 0 29
3581 0 30
3582 0 29
3583 0 30
3584 0 29
3585 0 29
3586 0 30
3587 0 29
3588 0 29
3589 0 28
3590 0 29
3591 0 29
3592 0 28
3593 0 29
3594 0 28
3595 0 28
3596 0 29
3597 0 29
3598 0 29
3599 0 29
3600 0 30
3601 0 29
3602 0 30
3603 0 29
3604 0 29
3605 0 30
3606 0 29
3607 0 29
3608 0 28
3609 0 29
3610 0 28
3611 0 28
3612 0 28
3613 0 28
3614 0 28
3615 0 29
3616 0 30
3617 0 29
3618 0 30
3619 0 29
3620 0 29
3621 0 29
3622 0 29
3623 0 29
3624 0 29
3625 0 29
3626 0 29
3627 0 31
3628 0 30
3629 0 31
3630 0 29
3631 0 29
3632 0 29
3633 0 29
3634 0 29
3635 0 29
3636 0 30
3637 0 29
3638 0 30
3639 0 29
3640 0 29
3641 0 30
3642 0 29
3643 0 29
3644 0 28
3645 0 29
3646 0 29
3647 0 28
3648 0 29
3649 0 28
3650 0 28
3651 0 29
3652 0 29
3653 0 29
3654 0 29
3655 0 30
3656 0 29
3657 0 30
3658 0 29
3659 0 29
3660 0 30
3661 0 29
3662 0 30
3663 0 29
3664 0 30
3665 0 29
3666 0 29
3667 0 29
3668 0 29
3669 0 29
3670 0 29
3671 0 30
3672 0 29
3673 0 30
3674 0 29
3675 0 29
3676 0 29
3677 0 29
3678 0 29
3679 0 29
3680 0 30
3681 0 29
3682 0 30
3683 0 29
3684 0 29
3685 0 30
3686 0 29
3687 0 30
3688 0 29
3689 0 30
3690 0 29
3691 0 29
3692 0 29
3693 0 29
3694 0 29
3695 0 29
3696 0 29
3697 0 28
3698 0 29
3699 0 29
3700 0 29
3701 0 29
3702 0 29
3703 0 29
3704 0 29
3705 0 29
3706 0 28
3707 0 29
3708 0 28
3709 0 29
3710 0 29
3711 0 29
3712 0 29
3713 0 29
3714 0 29
3715 0 28
3716 0 29
3717 0 29
3718 0 29
3719 0 29
3720 0 29
3721 0 29
3722 0 29
3723 0 29
3724 0 28
3725 0 29
3726 0 28
3727 0 29
3728 0 29
3729 0 29
3730 0 29
3731 0 29
3732 0 28
3733 0 28
3734 0 29
3735 0 28
3736 0 29
3737 0 28
3738 0 28
3739 0 29
3740 0 28
3741 0 29
3742 0 28
3743 0 29
3744 0 29
3745 0 28
3746 0 29
3747 0 28
3748 0 28
3749 0 29
3750 0 29
3751 0 29
3752 0 29
3753 0 30
3754 0 29
3755 0 30
3756 0 29
3757 0 29
3758 0 30
3759 0 29
3760 0 30
3761 0 29
3762 0 30
3763 0 29
3764 0 29
3765 0 29
3766 0 29
3767 0 29
3768 0 29
3769 0 30
3770 0 30
3771 0 30
3772 0 30
3773 0 30
3774 0 29
3775 0 29
3776 0 29
3777 0 29
3778 0 30
3779 0 29
3780 0 30
3781 0 29
3782 0 29
3783 0 30
3784 0 29
3785 0 30
3786 0 29
3787 0 30
3788 0 29
3789 0 29
3790 0 29
3791 0 29
3792 0 29
3793 0 29
3794 0 29
3795 0 29
3796 0 29
3797 0 29
3798 0 29
3799 0 29
3800 0 29
3801 0 29
3802 0 29
3803 0 29
3804 0 28
3805 0 29
3806 0 29
3807 0 29
3808 0 30
3809 0 30
3810 0 29
3811 0 29
3812 0 28
3813 0 28
3814 0 29
3815 0 28
3816 0 29
3817 0 28
3818 0 28
3819 0 29
3820 0 28
3821 0 28
3822 0 28
3823 0 29
3824 0 28
3825 0 29
3826 0 28
3827 0 28
3828 0 29
3829 0 28
3830 0 28
3831 0 28
3832 0 28
3833 0 28
3834 0 28
3835 0 28
3836 0 28
3837 0 28
3838 0 28
3839 0 30
3840 0 29
3841 0 30
3842 0 29
3843 0 29
3844 0 29
3845 0 29
3846 0 29
3847 0 29
3848 0 29
3849 0 29
3850 0 30
3851 0 30
3852 0 30
3853 0 29
3854 0 29
3855 0 29
3856 0 29
3857 0 29
3858 0 29
3859 0 30
3860 0 29
3861 0 30
3862 0 29
3863 0 29
3864 0 30
3865 0 29
3866 0 29
3867 0 28
3868 0 29
3869 0 29
3870 0 28
3871 0 29
3872 0 28
3873 0 28
3874 0 29
3875 0 29
3876 0 29
3877 0 29
3878 0 30
3879 0 29
3880 0 30
3881 0 29
3882 0 29
3883 0 30
3884 0 29
3885 0 29
3886 0 28
3887 0 29
3888 0 28
3889 0 28
3890 0 28
3891 0 28
3892 0 28
3893 0 29
3894 0 30
3895 0 29
3896 0 30
3897 0 29
3898 0 29
3899 0 29
3900 0 29
3901 0 29
3902 0 29
3903 0 29
3904 0 29
3905 0 31
3906 0 30
3907 0 31
3908 0 29
3909 0 29
3910 0 29
3911 0 29
3912 0 29
3913 0 29
3914 0 30
3915 0 29
3916 0 30
3917 0 29
3918 0 29
3919 0 30
3920 0 29
3921 0 29
3922 0 28
3923 0 29
3924 0 29
3925 0 28
3926 0 29
3927 0 28
3928 0 28
3929 0 29
3930 0 29
3931 0 29
3932 0 29
3933 0 30
3934 0 29
3935 0 30
3936 0 29
3937 0 29
3938 0 30
3939 0 29
3940 0 30
3941 0 29
3942 0 30
3943 0 29
3944 0 29
3945 0 29
3946 0 29
3947 0 29
3948 0 29
3949 0 30
3950 0 29
3951 0 30
3952 0 29
3953 0 29
3954 0 29
3955 0 29
3956 0 29
3957 0 29
3958 0 30
3959 0 29
3960 0 30
3961 0 29
3962 0 29
3963 0 30
3964 0 29
3965 0 30
3966 0 29
3967 0 30
3968 0 29
3969 0 29
3970 0 29
3971 0 29
3972 0 29
3973 0 29
3974 0 29
3975 0 28
3976 0 29
3977 0 29
3978 0 29
3979 0 29
3980 0 29
3981 0 29
3982 0 29
3983 0 29
3984 0 28
3985 0 29
3986 0 28
3987 0 29
3988 0 29
3989 0 29
3990 0 29
3991 0 29
3992 0 29
3993 0 28
3994 0 29
3995 0 29
3996 0 29
3997 0 29
3998 0 29
3999 0 29
4000 0 29
4001 0 29
4002 0 28
4003 0 29
4004 0 28
4005 0 29
4006 0 29
4007 0 29
4008 0 29
4009 0 29
4010 0 28
4011 0 28
4012 0 29
4013 0 28
4014 0 29
4015 0 28
4016 0 28
4017 0 29
4018 0 28
4019 0 29
4020 0 28
4021 0 29
4022 0 29
4023 0 28
4024 0 29
4025 0 28
4026 0 28
4027 0 29
4028 0 29
4029 0 29
4030 0 29
4031 0 29
4032 0 29
4033 0 29
4034 0 28
4035 0 29
4036 0 29
4037 0 28
4038 0 28
4039 0 29
4040 0 29
4041 0 29
4042 0 29
4043 0 29
4044 0 28
4045 0 29
4046 0 29
4047 0 29
4048 0 29
4049 0 29
4050 0 29
4051 0 29
4052 0 29
4053 0 29
4054 0 29
4055 0 29
4056 0 29
4057 0 29
4058 0 29
4059 0 29
4060 0 28
4061 0 28
4062 0 28
4063 0 29
4064 0 29
4065 0 29
4066 0 29
4067 0 30
4068 0 29
4069 0 29
4070 0 29
4071 0 29
4072 0 29
4073 0 29
4074 0 30
4075 0 28
4076 0 28
4077 0 28
4078 0 28
4079 0 28
4080 0 28
4081 0 29
4082 0 29
4083 0 29
4084 0 29
4085 0 29
4086 0 28
4087 0 29
4088 0 29
4089 0 28
4090 0 28
4091 0 29
4092 0 29
4093 0 29
4094 0 29
4095 0 29
4096 0 28
4097 0 29
4098 0 29
4099 0 29
4100 0 29
4101 0 29
4102 0 29
4103 0 29
4104 0 29
4105 0 29
4106 0 29
4107 0 29
4108 0 29
4109 0 29
4110 0 29
4111 0 29
4112 0 28
4113 0 28
4114 0 28
4115 0 29
4116 0 29
4117 0 29
4118 0 29
4119 0 29
4120 0 28
4121 0 29
4122 0 29
4123 0 28
4124 0 28
4125 0 29
4126 0 29
4127 0 29
4128 0 29
4129 0 29
4130 0 28
4131 0 29
4132 0 29
4133 0 29
4134 0 29
4135 0 29
4136 0 29
4137 0 29
4138 0 29
4139 0 29
4140 0 29
4141 0 29
4142 0 29
4143 0 29
4144 0 29
4145 0 29
4146 0 28
4147 0 28
4148 0 28
4149 0 29
4150 0 29
4151 0 29
4152 0 29
4153 0 30
4154 0 29
4155 0 29
4156 0 29
4157 0 29
4158 0 29
4159 0 29
4160 0 30
4161 0 28
4162 0 28
4163 0 28
4164 0 28
4165 0 28
4166 0 28
4167 0 29
4168 0 29
4169 0 29
4170 0 29
4171 0 29
4172 0 28
4173 0 29
4174 0 29
4175 0 28
4176 0 28
4177 0 29
4178 0 29
4179 0 29
4180 0 29
4181 0 29
4182 0 28
4183 0 29
4184 0 29
4185 0 29
4186 0 29
4187 0 29
4188 0 29
4189 0 29
4190 0 29
4191 0 29
4192 0 29
4193 0 29
4194 0 29
4195 0 29
4196 0 29
4197 0 29
4198 0 28
4199 0 28
4200 0 28
4201 0 29
4202 0 29
4203 0 28
4204 0 28
4205 0 29
4206 0 29
4207 0 29
4208 0 28
4209 0 28
4210 0 29
4211 0 29
4212 0 29
4213 0 28
4214 0 28
4215 0 28
4216 0 28
4217 0 28
4218 0 28
4219 0 29
4220 0 29
4221 0 29
4222 0 28
4223 0 28
4224 0 28
4225 0 30
4226 0 30
4227 0 28
4228 0 28
4229 0 29
4230 0 30
4231 0 30
4232 0 28
4233 0 28
4234 0 29
4235 0 29
4236 0 30
4237 0 28
4238 0 28
4239 0 28
4240 0 28
4241 0 28
4242 0 28
4243 0 29
4244 0 29
4245 0 29
4246 0 29
4247 0 29
4248 0 28
4249 0 29
4250 0 29
4251 0 28
4252 0 28
4253 0 29
4254 0 29
4255 0 29
4256 0 29
4257 0 29
4258 0 28
4259 0 29
4260 0 29
4261 0 29
4262 0 29
4263 0 29
4264 0 28
4265 0 29
4266 0 29
4267 0 28
4268 0 28
4269 0 29
4270 0 29
4271 0 29
4272 0 29
4273 0 29
4274 0 28
4275 0 29
4276 0 29
4277 0 28
4278 0 28
4279 0 28
4280 0 29
4281 0 29
4282 0 28
4283 0 28
4284 0 29
4285 0 29
4286 0 29
4287 0 29
4288 0 29
4289 0 29
4290 0 29
4291 0 29
4292 0 28
4293 0 30
4294 0 29
4295 0 30
4296 0 29
4297 0 29
4298 0 29
4299 0 29
4300 0 29
4301 0 29
4302 0 29
4303 0 29
4304 0 31
4305 0 30
4306 0 31
4307 0 29
4308 0 29
4309 0 29
4310 0 29
4311 0 29
4312 0 29
4313 0 30
4314 0 29
4315 0 30
4316 0 29
4317 0 29
4318 0 30
4319 0 29
4320 0 29
4321 0 28
4322 0 29
4323 0 29
4324 0 28
4325 0 29
4326 0 28
4327 0 28
4328 0 29
4329 0 29
4330 0 29
4331 0 29
4332 0 30
4333 0 29
4334 0 31
4335 0 29
4336 0 29
4337 0 30
4338 0 29
4339 0 29
4340 0 28
4341 0 29
4342 0 28
4343 0 28
4344 0 28
4345 0 28
4346 0 28
4347 0 29
4348 0 30
4349 0 29
4350 0 30
4351 0 29
4352 0 29
4353 0 29
4354 0 29
4355 0 29
4356 0 29
4357 0 29
4358 0 29
4359 0 31
4360 0 30
4361 0 31
4362 0 29
4363 0 29
4364 0 29
4365 0 29
4366 0 29
4367 0 29
4368 0 30
4369 0 29
4370 0 30
4371 0 29
4372 0 29
4373 0 30
4374 0 29
4375 0 29
4376 0 28
4377 0 29
4378 0 29
4379 0 28
4380 0 29
4381 0 28
4382 0 28
4383 0 29
4384 0 29
4385 0 29
4386 0 29
4387 0 30
4388 0 29
4389 0 30
4390 0 29
4391 0 29
4392 0 30
4393 0 29
4394 0 30
4395 0 29
4396 0 30
4397 0 29
4398 0 29
4399 0 29
4400 0 29
4401 0 29
4402 0 29
4403 0 30
4404 0 29
4405 0 30
4406 0 29
4407 0 29
4408 0 29
4409 0 29
4410 0 29
4411 0 29
4412 0 30
4413 0 29
4414 0 30
4415 0 29
4416 0 29
4417 0 30
4418 0 29
4419 0 30
4420 0 29
4421 0 30
4422 0 29
4423 0 29
4424 0 29
4425 0 29
4426 0 29
4427 0 29
4428 0 29
4429 0 28
4430 0 29
4431 0 29
4432 0 29
4433 0 29
4434 0 29
4435 0 29
4436 0 29
4437 0 29
4438 0 28
4439 0 29
4440 0 28
4441 0 29
4442 0 29
4443 0 29
4444 0 29
4445 0 29
4446 0 29
4447 0 28
4448 0 29
4449 0 29
4450 0 29
4451 0 29
4452 0 29
4453 0 29
4454 0 29
4455 0 29
4456 0 28
4457 0 29
4458 0 28
4459 0 29
4460 0 29
4461 0 29
4462 0 29
4463 0 29
4464 0 28
4465 0 28
4466 0 29
4467 0 28
4468 0 29
4469 0 28
4470 0 28
4471 0 29
4472 0 28
4473 0 29
4474 0 28
4475 0 29
4476 0 29
4477 0 28
4478 0 29
4479 0 28
4480 0 28
4481 0 29
4482 0 29
4483 0 29
4484 0 29
4485 0 30
4486 0 29
4487 0 31
4488 0 29
4489 0 29
4490 0 30
4491 0 29
4492 0 30
4493 0 29
4494 0 30
4495 0 29
4496 0 29
4497 0 29
4498 0 29
4499 0 29
4500 0 29
4501 0 31
4502 0 30
4503 0 31
4504 0 30
4505 0 30
4506 0 30
4507 0 30
4508 0 29
4509 0 29
4510 0 30
4511 0 29
4512 0 31
4513 0 29
4514 0 29
4515 0 30
4516 0 29
4517 0 30
4518 0 29
4519 0 30
4520 0 29
4521 0 29
4522 0 29
4523 0 29
4524 0 29
4525 0 29
4526 0 30
4527 0 29
4528 0 30
4529 0 29
4530 0 29
4531 0 30
4532 0 30
4533 0 29
4534 0 29
4535 0 29
4536 0 28
4537 0 30
4538 0 29
4539 0 30
4540 0 30
4541 0 30
4542 0 30
4543 0 30
4544 0 28
4545 0 28
4546 0 29
4547 0 28
4548 0 30
4549 0 28
4550 0 28
4551 0 29
4552 0 28
4553 0 28
4554 0 28
4555 0 29
4556 0 28
4557 0 30
4558 0 28
4559 0 28
4560 0 29
4561 0 28
4562 0 29
4563 0 28
4564 0 29
4565 0 28
4566 0 28
4567 0 28
4568 0 28
4569 0 28
4570 0 28
4571 0 30
4572 0 29
4573 0 30
4574 0 29
4575 0 29
4576 0 29
4577 0 29
4578 0 29
4579 0 29
4580 0 29
4581 0 29
4582 0 31
4583 0 30
4584 0 31
4585 0 29
4586 0 29
4587 0 29
4588 0 29
4589 0 29
4590 0 29
4591 0 30
4592 0 29
4593 0 30
4594 0 29
4595 0 29
4596 0 30
4597 0 29
4598 0 29
4599 0 28
4600 0 29
4601 0 29
4602 0 28
4603 0 29
4604 0 28
4605 0 28
4606 0 29
4607 0 29
4608 0 29
4609 0 29
4610 0 30
4611 0 29
4612 0 31
4613 0 29
4614 0 29
4615 0 30
4616 0 29
4617 0 29
4618 0 28
4619 0 29
4620 0 28
4621 0 28
4622 0 28
4623 0 28
4624 0 28
4625 0 29
4626 0 30
4627 0 29
4628 0 30
4629 0 29
4630 0 29
4631 0 29
4632 0 29
4633 0 29
4634 0 29
4635 0 29
4636 0 29
4637 0 31
4638 0 30
4639 0 31
4640 0 29
4641 0 29
4642 0 29
4643 0 29
4644 0 29
4645 0 29
4646 0 30
4647 0 29
4648 0 30
4649 0 29
4650 0 29
4651 0 30
4652 0 29
4653 0 29
4654 0 28
4655 0 29
4656 0 29
4657 0 28
4658 0 29
4659 0 28
4660 0 28
4661 0 29
4662 0 29
4663 0 29
4664 0 29
4665 0 30
4666 0 29
4667 0 30
4668 0 29
4669 0 29
4670 0 30
4671 0 29
4672 0 30
4673 0 29
4674 0 30
4675 0 29
4676 0 29
4677 0 29
4678 0 29
4679 0 29
4680 0 29
4681 0 30
4682 0 29
4683 0 30
4684 0 29
4685 0 29
4686 0 29
4687 0 29
4688 0 29
4689 0 29
4690 0 30
4691 0 29
4692 0 30
4693 0 29
4694 0 29
4695 0 30
4696 0 29
4697 0 30
4698 0 29
4699 0 30
4700 0 29
4701 0 29
4702 0 29
4703 0 29
4704 0 29
4705 0 29
4706 0 29
4707 0 28
4708 0 29
4709 0 29
4710 0 29
4711 0 29
4712 0 29
4713 0 29
4714 0 29
4715 0 29
4716 0 28
4717 0 29
4718 0 28
4719 0 29
4720 0 29
4721 0 29
4722 0 29
4723 0 29
4724 0 29
4725 0 28
4726 0 29
4727 0 29
4728 0 29
4729 0 29
4730 0 29
4731 0 29
4732 0 29
4733 0 29
4734 0 28
4735 0 29
4736 0 28
4737 0 29
4738 0 29
4739 0 29
4740 0 29
4741 0 29
4742 0 28
4743 0 28
4744 0 29
4745 0 28
4746 0 29
4747 0 28
4748 0 28
4749 0 29
4750 0 28
4751 0 29
4752 0 28
4753 0 29
4754 0 29
4755 0 28
4756 0 29
4757 0 28
4758 0 28
4759 0 29
4760 0 29
4761 0 29
4762 0 29
4763 0 29
4764 0 29
4765 0 30
4766 0 29
4767 0 29
4768 0 29
4769 0 29
4770 0 29
4771 0 28
4772 0 29
4773 0 28
4774 0 28
4775 0 28
4776 0 28
4777 0 28
4778 0 29
4779 0 29
4780 0 29
4781 0 29
4782 0 29
4783 0 29
4784 0 29
4785 0 29
4786 0 29
4787 0 29
4788 0 29
4789 0 29
4790 0 30
4791 0 29
4792 0 29
4793 0 29
4794 0 29
4795 0 29
4796 0 28
4797 0 29
4798 0 28
4799 0 28
4800 0 28
4801 0 28
4802 0 28
4803 0 29
4804 0 29
4805 0 28
4806 0 29
4807 0 29
4808 0 29
4809 0 29
4810 0 29
4811 0 29
4812 0 29
4813 0 29
4814 0 28
4815 0 29
4816 0 28
4817 0 29
4818 0 29
4819 0 29
4820 0 29
4821 0 29
4822 0 28
4823 0 28
4824 0 29
4825 0 28
4826 0 30
4827 0 28
4828 0 28
4829 0 29
4830 0 28
4831 0 28
4832 0 28
4833 0 29
4834 0 28
4835 0 30
4836 0 28
4837 0 28
4838 0 29
4839 0 28
4840 0 29
4841 0 28
4842 0 29
4843 0 28
4844 0 28
4845 0 28
4846 0 28
4847 0 28
4848 0 28
4849 0 29
4850 0 28
4851 0 29
4852 0 29
4853 0 29
4854 0 29
4855 0 29
4856 0 29
4857 0 29
4858 0 29
4859 0 28
4860 0 29
4861 0 28
4862 0 29
4863 0 29
4864 0 29
4865 0 29
4866 0 29
4867 0 28
4868 0 28
4869 0 29
4870 0 28
4871 0 29
4872 0 28
4873 0 28
4874 0 29
4875 0 28
4876 0 28
4877 0 28
4878 0 28
4879 0 28
4880 0 28
4881 0 28
4882 0 28
4883 0 28
4884 0 28
4885 0 28
4886 0 30
4887 0 30
4888 0 29
4889 0 29
4890 0 30
4891 0 30
4892 0 30
4893 0 29
4894 0 29
4895 0 29
4896 0 28
4897 0 29
4898 0 28
4899 0 28
4900 0 28
4901 0 28
4902 0 28
4903 0 29
4904 0 29
4905 0 29
4906 0 29
4907 0 29
4908 0 29
4909 0 29
4910 0 29
4911 0 30
4912 0 30
4913 0 29
4914 0 29
4915 0 30
4916 0 30
4917 0 30
4918 0 29
4919 0 29
4920 0 29
4921 0 28
4922 0 29
4923 0 28
4924 0 28
4925 0 28
4926 0 28
4927 0 28
4928 0 29
4929 0 30
4930 0 29
4931 0 30
4932 0 29
4933 0 29
4934 0 30
4935 0 30
4936 0 29
4937 0 29
4938 0 29
4939 0 28
4940 0 30
4941 0 29
4942 0 30
4943 0 30
4944 0 30
4945 0 30
4946 0 30
4947 0 28
4948 0 28
4949 0 29
4950 0 28
4951 0 30
4952 0 28
4953 0 28
4954 0 29
4955 0 28
4956 0 28
4957 0 28
4958 0 29
4959 0 28
4960 0 30
4961 0 28
4962 0 28
4963 0 29
4964 0 28
4965 0 29
4966 0 28
4967 0 29
4968 0 28
4969 0 28
4970 0 28
4971 0 28
4972 0 28
4973 0 28
4974 0 29
4975 0 29
4976 0 30
4977 0 29
4978 0 29
4979 0 28
4980 0 28
4981 0 29
4982 0 29
4983 0 28
4984 0 29
4985 0 29
4986 0 29
4987 0 30
4988 0 29
4989 0 29
4990 0 28
4991 0 28
4992 0 29
4993 0 29
4994 0 29
4995 0 29
4996 0 29
4997 0 29
4998 0 29
4999 0 29
5000 0 29
5001 0 28
5002 0 28
5003 0 28
5004 0 28
5005 0 28
5006 0 28
5007 0 28
5008 0 28
5009 0 28
5010 0 28
5011 0 29
5012 0 29
5013 0 29
5014 0 29
5015 0 30
5016 0 29
5017 0 29
5018 0 29
5019 0 29
5020 0 29
5021 0 28
5022 0 29
5023 0 28
5024 0 28
5025 0 28
5026 0 28
5027 0 28
5028 0 28
5029 0 29
5030 0 29
5031 0 30
5032 0 29
5033 0 29
5034 0 28
5035 0 28
5036 0 29
5037 0 29
5038 0 28
5039 0 29
5040 0 29
5041 0 29
5042 0 30
5043 0 29
5044 0 29
5045 0 28
5046 0 28
5047 0 29
5048 0 29
5049 0 29
5050 0 29
5051 0 29
5052 0 29
5053 0 29
5054 0 29
5055 0 29
5056 0 28
5057 0 28
5058 0 28
5059 0 28
5060 0 28
5061 0 28
5062 0 28
5063 0 28
5064 0 28
5065 0 28
5066 0 29
5067 0 29
5068 0 30
5069 0 29
5070 0 29
5071 0 28
5072 0 28
5073 0 29
5074 0 29
5075 0 28
5076 0 29
5077 0 29
5078 0 29
5079 0 30
5080 0 29
5081 0 29
5082 0 28
5083 0 28
5084 0 29
5085 0 29
5086 0 29
5087 0 29
5088 0 29
5089 0 29
5090 0 29
5091 0 29
5092 0 29
5093 0 28
5094 0 28
5095 0 28
5096 0 28
5097 0 28
5098 0 28
5099 0 28
5100 0 28
5101 0 28
5102 0 28
5103 0 29
5104 0 29
5105 0 29
5106 0 29
5107 0 30
5108 0 29
5109 0 29
5110 0 29
5111 0 29
5112 0 29
5113 0 28
5114 0 29
5115 0 28
5116 0 28
5117 0 28
5118 0 28
5119 0 28
5120 0 28
5121 0 29
5122 0 29
5123 0 30
5124 0 29
5125 0 29
5126 0 28
5127 0 28
5128 0 29
5129 0 29
5130 0 28
5131 0 29
5132 0 29
5133 0 29
5134 0 30
5135 0 29
5136 0 29
5137 0 28
5138 0 28
5139 0 29
5140 0 29
5141 0 29
5142 0 29
5143 0 29
5144 0 29
5145 0 29
5146 0 29
5147 0 29
5148 0 28
5149 0 28
5150 0 28
5151 0 28
5152 0 28
5153 0 28
5154 0 28
5155 0 28
5156 0 28
5157 0 28
5158 0 29
5159 0 29
5160 0 28
5161 0 29
5162 0 29
5163 0 29
5164 0 29
5165 0 28
5166 0 29
5167 0 28
5168 0 28
5169 0 28
5170 0 28
5171 0 28
5172 0 28
5173 0 28
5174 0 28
5175 0 28
5176 0 28
5177 0 28
5178 0 28
5179 0 28
5180 0 28
5181 0 28
5182 0 28
5183 0 29
5184 0 29
5185 0 28
5186 0 29
5187 0 29
5188 0 29
5189 0 29
5190 0 28
5191 0 29
5192 0 29
5193 0 28
5194 0 29
5195 0 28
5196 0 28
5197 0 28
5198 0 28
5199 0 28
5200 0 28
5201 0 29
5202 0 29
5203 0 29
5204 0 29
5205 0 29
5206 0 28
5207 0 28
5208 0 29
5209 0 29
5210 0 28
5211 0 28
5212 0 29
5213 0 29
5214 0 29
5215 0 29
5216 0 29
5217 0 28
5218 0 28
5219 0 29
5220 0 29
5221 0 29
5222 0 29
5223 0 29
5224 0 28
5225 0 28
5226 0 29
5227 0 29
5228 0 28
5229 0 28
5230 0 29
5231 0 29
5232 0 29
5233 0 29
5234 0 29
5235 0 28
5236 0 28
5237 0 29
5238 0 29
5239 0 28
5240 0 28
5241 0 28
5242 0 29
5243 0 29
5244 0 28
5245 0 28
5246 0 29
5247 0 28
5248 0 29
5249 0 29
5250 0 28
5251 0 29
5252 0 28
5253 0 28
5254 0 28
5255 0 28
5256 0 30
5257 0 30
5258 0 30
5259 0 29
5260 0 30
5261 0 30
5262 0 30
5263 0 29
5264 0 30
5265 0 29
5266 0 29
5267 0 29
5268 0 30
5269 0 30
5270 0 29
5271 0 30
5272 0 29
5273 0 29
5274 0 29
5275 0 29
5276 0 29
5277 0 31
5278 0 30
5279 0 30
5280 0 30
5281 0 31
5282 0 30
5283 0 31
5284 0 29
5285 0 31
5286 0 29
5287 0 29
5288 0 29
5289 0 30
5290 0 30
5291 0 29
5292 0 31
5293 0 29
5294 0 30
5295 0 29
5296 0 29
5297 0 29
5298 0 30
5299 0 29
5300 0 30
5301 0 29
5302 0 31
5303 0 29
5304 0 30
5305 0 29
5306 0 29
5307 0 29
5308 0 29
5309 0 29
5310 0 29
5311 0 28
5312 0 29
5313 0 29
5314 0 29
5315 0 29
5316 0 29
5317 0 28
5318 0 29
5319 0 29
5320 0 29
5321 0 28
5322 0 30
5323 0 28
5324 0 29
5325 0 29
5326 0 29
5327 0 31
5328 0 29
5329 0 31
5330 0 29
5331 0 30
5332 0 29
5333 0 29
5334 0 29
5335 0 31
5336 0 30
5337 0 31
5338 0 29
5339 0 31
5340 0 29
5341 0 30
5342 0 29
5343 0 29
5344 0 29
5345 0 29
5346 0 29
5347 0 29
5348 0 28
5349 0 29
5350 0 30
5351 0 29
5352 0 28
5353 0 29
5354 0 28
5355 0 29
5356 0 28
5357 0 29
5358 0 28
5359 0 28
5360 0 29
5361 0 29
5362 0 29
5363 0 30
5364 0 30
5365 0 31
5366 0 29
5367 0 30
5368 0 30
5369 0 30
5370 0 29
5371 0 30
5372 0 29
5373 0 29
5374 0 29
5375 0 30
5376 0 30
5377 0 29
5378 0 30
5379 0 29
5380 0 29
5381 0 30
5382 0 30
5383 0 29
5384 0 31
5385 0 30
5386 0 31
5387 0 30
5388 0 31
5389 0 30
5390 0 31
5391 0 29
5392 0 31
5393 0 29
5394 0 29
5395 0 29
5396 0 30
5397 0 30
5398 0 29
5399 0 31
5400 0 29
5401 0 30
5402 0 29
5403 0 29
5404 0 29
5405 0 30
5406 0 29
5407 0 30
5408 0 29
5409 0 31
5410 0 29
5411 0 30
5412 0 29
5413 0 29
5414 0 29
5415 0 29
5416 0 29
5417 0 29
5418 0 28
5419 0 29
5420 0 29
5421 0 29
5422 0 29
5423 0 29
5424 0 28
5425 0 29
5426 0 29
5427 0 29
5428 0 28
5429 0 30
5430 0 28
5431 0 29
5432 0 29
5433 0 29
5434 0 30
5435 0 29
5436 0 30
5437 0 29
5438 0 30
5439 0 29
5440 0 29
5441 0 29
5442 0 30
5443 0 29
5444 0 30
5445 0 29
5446 0 31
5447 0 29
5448 0 30
5449 0 29
5450 0 29
5451 0 29
5452 0 30
5453 0 30
5454 0 30
5455 0 29
5456 0 30
5457 0 30
5458 0 29
5459 0 29
5460 0 29
5461 0 29
5462 0 29
5463 0 29
5464 0 29
5465 0 29
5466 0 29
5467 0 29
5468 0 29
5469 0 29
5470 0 30
5471 0 30
5472 0 30
5473 0 29
5474 0 30
5475 0 30
5476 0 29
5477 0 29
5478 0 29
5479 0 29
5480 0 29
5481 0 29
5482 0 28
5483 0 30
5484 0 29
5485 0 30
5486 0 29
5487 0 30
5488 0 29
5489 0 29
5490 0 29
5491 0 30
5492 0 29
5493 0 30
5494 0 29
5495 0 31
5496 0 29
5497 0 30
5498 0 29
5499 0 29
5500 0 29
5501 0 30
5502 0 30
5503 0 30
5504 0 29
5505 0 30
5506 0 30
5507 0 29
5508 0 29
5509 0 29
5510 0 29
5511 0 29
5512 0 29
5513 0 29
5514 0 29
5515 0 29
5516 0 29
5517 0 29
5518 0 29
5519 0 29
5520 0 29
5521 0 29
5522 0 28
5523 0 29
5524 0 29
5525 0 29
5526 0 29
5527 0 29
5528 0 29
5529 0 29
5530 0 29
5531 0 28
5532 0 29
5533 0 29
5534 0 29
5535 0 29
5536 0 29
5537 0 28
5538 0 28
5539 0 28
5540 0 29
5541 0 29
5542 0 29
5543 0 28
5544 0 29
5545 0 29
5546 0 29
5547 0 29
5548 0 29
5549 0 29
5550 0 29
5551 0 29
5552 0 28
5553 0 29
5554 0 29
5555 0 29
5556 0 28
5557 0 29
5558 0 29
5559 0 29
5560 0 29
5561 0 29
5562 0 29
5563 0 29
5564 0 29
5565 0 28
5566 0 29
5567 0 29
5568 0 29
5569 0 29
5570 0 29
5571 0 28
5572 0 28
5573 0 28
5574 0 29
5575 0 29
5576 0 29
5577 0 28
5578 0 29
5579 0 29
5580 0 29
5581 0 29
5582 0 29
5583 0 29
5584 0 29
5585 0 29
5586 0 28
5587 0 29
5588 0 28
5589 0 29
5590 0 28
5591 0 29
5592 0 28
5593 0 28
5594 0 28
5595 0 29
5596 0 28
5597 0 30
5598 0 28
5599 0 30
5600 0 28
5601 0 29
5602 0 28
5603 0 28
5604 0 28
5605 0 29
5606 0 29
5607 0 29
5608 0 28
5609 0 29
5610 0 29
5611 0 29
5612 0 29
5613 0 29
5614 0 28
5615 0 29
5616 0 29
5617 0 29
5618 0 28
5619 0 29
5620 0 28
5621 0 29
5622 0 29
5623 0 29
5624 0 30
5625 0 29
5626 0 31
5627 0 29
5628 0 30
5629 0 29
5630 0 29
5631 0 29
5632 0 31
5633 0 29
5634 0 30
5635 0 29
5636 0 31
5637 0 29
5638 0 30
5639 0 29
5640 0 29
5641 0 29
5642 0 30
5643 0 30
5644 0 30
5645 0 29
5646 0 30
5647 0 30
5648 0 29
5649 0 29
5650 0 29
5651 0 29
5652 0 29
5653 0 29
5654 0 29
5655 0 29
5656 0 29
5657 0 29
5658 0 29
5659 0 29
5660 0 31
5661 0 30
5662 0 31
5663 0 30
5664 0 31
5665 0 30
5666 0 30
5667 0 30
5668 0 30
5669 0 30
5670 0 30
5671 0 30
5672 0 29
5673 0 30
5674 0 29
5675 0 31
5676 0 29
5677 0 30
5678 0 29
5679 0 29
5680 0 29
5681 0 31
5682 0 29
5683 0 30
5684 0 29
5685 0 31
5686 0 29
5687 0 30
5688 0 29
5689 0 29
5690 0 29
5691 0 30
5692 0 30
5693 0 30
5694 0 29
5695 0 30
5696 0 30
5697 0 29
5698 0 29
5699 0 29
5700 0 29
5701 0 29
5702 0 29
5703 0 29
5704 0 29
5705 0 29
5706 0 29
5707 0 29
5708 0 29
5709 0 30
5710 0 29
5711 0 29
5712 0 29
5713 0 30
5714 0 29
5715 0 29
5716 0 29
5717 0 29
5718 0 29
5719 0 30
5720 0 30
5721 0 29
5722 0 29
5723 0 29
5724 0 29
5725 0 29
5726 0 29
5727 0 28
5728 0 28
5729 0 28
5730 0 30
5731 0 29
5732 0 29
5733 0 29
5734 0 30
5735 0 29
5736 0 30
5737 0 30
5738 0 30
5739 0 30
5740 0 30
5741 0 30
5742 0 29
5743 0 30
5744 0 28
5745 0 30
5746 0 28
5747 0 29
5748 0 28
5749 0 28
5750 0 28
5751 0 30
5752 0 29
5753 0 30
5754 0 28
5755 0 30
5756 0 28
5757 0 29
5758 0 28
5759 0 28
5760 0 28
5761 0 30
5762 0 28
5763 0 30
5764 0 28
5765 0 29
5766 0 28
5767 0 28
5768 0 28
5769 0 30
5770 0 29
5771 0 30
5772 0 28
5773 0 30
5774 0 28
5775 0 29
5776 0 28
5777 0 28
5778 0 28
5779 0 29
5780 0 28
5781 0 28
5782 0 28
5783 0 29
5784 0 29
5785 0 29
5786 0 28
5787 0 29
5788 0 28
5789 0 29
5790 0 28
5791 0 29
5792 0 28
5793 0 28
5794 0 29
5795 0 29
5796 0 28
5797 0 30
5798 0 30
5799 0 30
5800 0 29
5801 0 30
5802 0 31
5803 0 31
5804 0 29
5805 0 31
5806 0 29
5807 0 29
5808 0 29
5809 0 30
5810 0 31
5811 0 29
5812 0 31
5813 0 29
5814 0 29
5815 0 29
5816 0 29
5817 0 29
5818 0 31
5819 0 30
5820 0 30
5821 0 30
5822 0 31
5823 0 31
5824 0 31
5825 0 29
5826 0 31
5827 0 29
5828 0 29
5829 0 29
5830 0 30
5831 0 30
5832 0 29
5833 0 31
5834 0 29
5835 0 30
5836 0 29
5837 0 29
5838 0 29
5839 0 30
5840 0 29
5841 0 30
5842 0 29
5843 0 31
5844 0 29
5845 0 30
5846 0 29
5847 0 29
5848 0 29
5849 0 29
5850 0 29
5851 0 29
5852 0 28
5853 0 29
5854 0 29
5855 0 29
5856 0 29
5857 0 29
5858 0 28
5859 0 29
5860 0 29
5861 0 29
5862 0 28
5863 0 30
5864 0 28
5865 0 29
5866 0 29
5867 0 29
5868 0 31
5869 0 29
5870 0 31
5871 0 29
5872 0 30
5873 0 29
5874 0 29
5875 0 29
5876 0 31
5877 0 30
5878 0 31
5879 0 29
5880 0 31
5881 0 29
5882 0 30
5883 0 29
5884 0 29
5885 0 29
5886 0 29
5887 0 29
5888 0 29
5889 0 28
5890 0 29
5891 0 30
5892 0 30
5893 0 28
5894 0 30
5895 0 28
5896 0 30
5897 0 28
5898 0 30
5899 0 28
5900 0 28
5901 0 29
5902 0 29
5903 0 29
5904 0 30
5905 0 31
5906 0 31
5907 0 29
5908 0 30
5909 0 31
5910 0 31
5911 0 29
5912 0 31
5913 0 29
5914 0 29
5915 0 29
5916 0 30
5917 0 31
5918 0 29
5919 0 31
5920 0 29
5921 0 29
5922 0 30
5923 0 30
5924 0 29
5925 0 31
5926 0 31
5927 0 31
5928 0 30
5929 0 31
5930 0 31
5931 0 31
5932 0 29
5933 0 31
5934 0 29
5935 0 29
5936 0 29
5937 0 30
5938 0 30
5939 0 29
5940 0 31
5941 0 29
5942 0 30
5943 0 29
5944 0 29
5945 0 29
5946 0 30
5947 0 29
5948 0 30
5949 0 29
5950 0 31
5951 0 29
5952 0 30
5953 0 29
5954 0 29
5955 0 29
5956 0 29
5957 0 29
5958 0 29
5959 0 28
5960 0 29
5961 0 29
5962 0 29
5963 0 29
5964 0 29
5965 0 28
5966 0 29
5967 0 29
5968 0 29
5969 0 28
5970 0 30
5971 0 28
5972 0 29
5973 0 29
5974 0 29
5975 0 30
5976 0 29
5977 0 30
5978 0 29
5979 0 30
5980 0 29
5981 0 29
5982 0 29
5983 0 30
5984 0 29
5985 0 31
5986 0 29
5987 0 31
5988 0 29
5989 0 30
5990 0 29
5991 0 29
5992 0 29
5993 0 30
5994 0 30
5995 0 30
5996 0 29
5997 0 30
5998 0 30
5999 0 29
6000 0 29
6001 0 29
6002 0 29
6003 0 29
6004 0 29
6005 0 29
6006 0 29
6007 0 29
6008 0 29
6009 0 29
6010 0 29
6011 0 30
6012 0 30
6013 0 30
6014 0 29
6015 0 30
6016 0 30
6017 0 29
6018 0 29
6019 0 29
6020 0 29
6021 0 29
6022 0 29
6023 0 28
6024 0 30
6025 0 29
6026 0 30
6027 0 29
6028 0 30
6029 0 29
6030 0 29
6031 0 29
6032 0 30
6033 0 29
6034 0 31
6035 0 29
6036 0 31
6037 0 29
6038 0 30
6039 0 29
6040 0 29
6041 0 29
6042 0 30
6043 0 30
6044 0 30
6045 0 29
6046 0 30
6047 0 31
6048 0 29
6049 0 29
6050 0 29
6051 0 29
6052 0 29
6053 0 29
6054 0 29
6055 0 29
6056 0 29
6057 0 29
6058 0 29
6059 0 29
6060 0 29
6061 0 29
6062 0 29
6063 0 28
6064 0 29
6065 0 29
6066 0 29
6067 0 29
6068 0 29
6069 0 29
6070 0 29
6071 0 29
6072 0 28
6073 0 29
6074 0 29
6075 0 29
6076 0 29
6077 0 29
6078 0 28
6079 0 28
6080 0 28
6081 0 29
6082 0 29
6083 0 29
6084 0 28
6085 0 29
6086 0 29
6087 0 29
6088 0 29
6089 0 29
6090 0 29
6091 0 29
6092 0 29
6093 0 28
6094 0 29
6095 0 29
6096 0 29
6097 0 28
6098 0 29
6099 0 29
6100 0 29
6101 0 29
6102 0 29
6103 0 29
6104 0 29
6105 0 29
6106 0 28
6107 0 29
6108 0 29
6109 0 29
6110 0 29
6111 0 29
6112 0 28
6113 0 28
6114 0 28
6115 0 29
6116 0 29
6117 0 29
6118 0 28
6119 0 29
6120 0 29
6121 0 29
6122 0 29
6123 0 29
6124 0 29
6125 0 29
6126 0 29
6127 0 28
6128 0 29
6129 0 28
6130 0 29
6131 0 28
6132 0 29
6133 0 28
6134 0 28
6135 0 28
6136 0 29
6137 0 28
6138 0 30
6139 0 28
6140 0 30
6141 0 28
6142 0 29
6143 0 28
6144 0 28
6145 0 28
6146 0 29
6147 0 29
6148 0 29
6149 0 28
6150 0 29
6151 0 29
6152 0 29
6153 0 29
6154 0 29
6155 0 28
6156 0 29
6157 0 29
6158 0 29
6159 0 28
6160 0 29
6161 0 28
6162 0 29
6163 0 29
6164 0 29
6165 0 30
6166 0 29
6167 0 30
6168 0 29
6169 0 29
6170 0 29
6171 0 29
6172 0 29
6173 0 30
6174 0 30
6175 0 30
6176 0 29
6177 0 30
6178 0 29
6179 0 29
6180 0 29
6181 0 29
6182 0 29
6183 0 29
6184 0 30
6185 0 30
6186 0 28
6187 0 29
6188 0 30
6189 0 29
6190 0 28
6191 0 29
6192 0 28
6193 0 29
6194 0 28
6195 0 29
6196 0 28
6197 0 28
6198 0 29
6199 0 29
6200 0 29
6201 0 29
6202 0 30
6203 0 30
6204 0 29
6205 0 29
6206 0 30
6207 0 29
6208 0 29
6209 0 29
6210 0 29
6211 0 29
6212 0 29
6213 0 29
6214 0 31
6215 0 29
6216 0 31
6217 0 29
6218 0 29
6219 0 29
6220 0 29
6221 0 29
6222 0 30
6223 0 30
6224 0 31
6225 0 29
6226 0 31
6227 0 29
6228 0 29
6229 0 29
6230 0 29
6231 0 29
6232 0 29
6233 0 30
6234 0 30
6235 0 28
6236 0 29
6237 0 31
6238 0 29
6239 0 28
6240 0 29
6241 0 28
6242 0 29
6243 0 28
6244 0 29
6245 0 28
6246 0 28
6247 0 29
6248 0 29
6249 0 29
6250 0 29
6251 0 30
6252 0 30
6253 0 28
6254 0 29
6255 0 30
6256 0 30
6257 0 29
6258 0 30
6259 0 29
6260 0 29
6261 0 29
6262 0 29
6263 0 30
6264 0 29
6265 0 30
6266 0 29
6267 0 29
6268 0 29
6269 0 29
6270 0 28
6271 0 29
6272 0 30
6273 0 30
6274 0 28
6275 0 29
6276 0 30
6277 0 30
6278 0 29
6279 0 30
6280 0 29
6281 0 29
6282 0 29
6283 0 29
6284 0 29
6285 0 28
6286 0 29
6287 0 28
6288 0 29
6289 0 29
6290 0 29
6291 0 28
6292 0 30
6293 0 30
6294 0 29
6295 0 28
6296 0 29
6297 0 28
6298 0 29
6299 0 29
6300 0 29
6301 0 28
6302 0 29
6303 0 28
6304 0 29
6305 0 28
6306 0 29
6307 0 29
6308 0 29
6309 0 28
6310 0 30
6311 0 30
6312 0 29
6313 0 28
6314 0 29
6315 0 28
6316 0 29
6317 0 29
6318 0 29
6319 0 28
6320 0 29
6321 0 29
6322 0 29
6323 0 28
6324 0 29
6325 0 30
6326 0 29
6327 0 28
6328 0 29
6329 0 28
6330 0 29
6331 0 28
6332 0 29
6333 0 28
6334 0 28
6335 0 29
6336 0 29
6337 0 28
6338 0 29
6339 0 30
6340 0 30
6341 0 28
6342 0 29
6343 0 30
6344 0 30
6345 0 29
6346 0 30
6347 0 29
6348 0 29
6349 0 29
6350 0 29
6351 0 30
6352 0 29
6353 0 30
6354 0 29
6355 0 29
6356 0 29
6357 0 29
6358 0 28
6359 0 29
6360 0 30
6361 0 30
6362 0 28
6363 0 29
6364 0 30
6365 0 30
6366 0 29
6367 0 30
6368 0 29
6369 0 29
6370 0 29
6371 0 29
6372 0 29
6373 0 28
6374 0 29
6375 0 28
6376 0 29
6377 0 29
6378 0 29
6379 0 28
6380 0 29
6381 0 29
6382 0 29
6383 0 28
6384 0 29
6385 0 28
6386 0 29
6387 0 29
6388 0 29
6389 0 28
6390 0 28
6391 0 29
6392 0 29
6393 0 28
6394 0 28
6395 0 29
6396 0 28
6397 0 29
6398 0 29
6399 0 28
6400 0 28
6401 0 29
6402 0 28
6403 0 28
6404 0 28
6405 0 28
6406 0 28
6407 0 28
6408 0 28
6409 0 30
6410 0 30
6411 0 30
6412 0 30
6413 0 29
6414 0 29
6415 0 29
6416 0 29
6417 0 30
6418 0 30
6419 0 30
6420 0 30
6421 0 30
6422 0 30
6423 0 29
6424 0 29
6425 0 29
6426 0 29
6427 0 29
6428 0 30
6429 0 30
6430 0 28
6431 0 29
6432 0 30
6433 0 29
6434 0 28
6435 0 29
6436 0 28
6437 0 29
6438 0 28
6439 0 29
6440 0 28
6441 0 28
6442 0 29
6443 0 29
6444 0 29
6445 0 29
6446 0 30
6447 0 30
6448 0 29
6449 0 29
6450 0 30
6451 0 29
6452 0 29
6453 0 29
6454 0 29
6455 0 29
6456 0 29
6457 0 29
6458 0 31
6459 0 30
6460 0 31
6461 0 30
6462 0 29
6463 0 29
6464 0 29
6465 0 29
6466 0 30
6467 0 30
6468 0 31
6469 0 30
6470 0 31
6471 0 30
6472 0 29
6473 0 29
6474 0 29
6475 0 29
6476 0 29
6477 0 30
6478 0 30
6479 0 28
6480 0 29
6481 0 31
6482 0 29
6483 0 28
6484 0 29
6485 0 28
6486 0 29
6487 0 28
6488 0 29
6489 0 28
6490 0 28
6491 0 29
6492 0 29
6493 0 29
6494 0 30
6495 0 30
6496 0 30
6497 0 29
6498 0 30
6499 0 31
6500 0 30
6501 0 29
6502 0 30
6503 0 29
6504 0 30
6505 0 30
6506 0 30
6507 0 30
6508 0 29
6509 0 30
6510 0 29
6511 0 29
6512 0 29
6513 0 29
6514 0 28
6515 0 30
6516 0 30
6517 0 30
6518 0 29
6519 0 30
6520 0 31
6521 0 31
6522 0 30
6523 0 31
6524 0 30
6525 0 30
6526 0 30
6527 0 30
6528 0 29
6529 0 28
6530 0 29
6531 0 28
6532 0 29
6533 0 29
6534 0 29
6535 0 28
6536 0 30
6537 0 30
6538 0 29
6539 0 28
6540 0 29
6541 0 28
6542 0 29
6543 0 29
6544 0 29
6545 0 28
6546 0 29
6547 0 28
6548 0 29
6549 0 28
6550 0 29
6551 0 29
6552 0 29
6553 0 28
6554 0 30
6555 0 30
6556 0 29
6557 0 28
6558 0 29
6559 0 28
6560 0 29
6561 0 29
6562 0 29
6563 0 28
6564 0 29
6565 0 29
6566 0 29
6567 0 28
6568 0 29
6569 0 30
6570 0 29
6571 0 28
6572 0 29
6573 0 28
6574 0 29
6575 0 28
6576 0 29
6577 0 28
6578 0 28
6579 0 29
6580 0 29
6581 0 28
6582 0 29
6583 0 29
6584 0 29
6585 0 29
6586 0 30
6587 0 29
6588 0 29
6589 0 29
6590 0 29
6591 0 29
6592 0 28
6593 0 28
6594 0 28
6595 0 29
6596 0 29
6597 0 29
6598 0 29
6599 0 28
6600 0 28
6601 0 28
6602 0 29
6603 0 29
6604 0 29
6605 0 29
6606 0 29
6607 0 30
6608 0 29
6609 0 29
6610 0 29
6611 0 29
6612 0 29
6613 0 28
6614 0 28
6615 0 28
6616 0 29
6617 0 29
6618 0 29
6619 0 29
6620 0 29
6621 0 29
6622 0 29
6623 0 29
6624 0 29
6625 0 29
6626 0 29
6627 0 29
6628 0 29
6629 0 29
6630 0 29
6631 0 29
6632 0 29
6633 0 29
6634 0 28
6635 0 29
6636 0 29
6637 0 28
6638 0 28
6639 0 29
6640 0 28
6641 0 29
6642 0 29
6643 0 28
6644 0 28
6645 0 29
6646 0 28
6647 0 28
6648 0 28
6649 0 28
6650 0 28
6651 0 28
6652 0 28
6653 0 29
6654 0 29
6655 0 29
6656 0 29
6657 0 29
6658 0 29
6659 0 29
6660 0 29
6661 0 30
6662 0 30
6663 0 29
6664 0 29
6665 0 29
6666 0 29
6667 0 29
6668 0 29
6669 0 29
6670 0 29
6671 0 29
6672 0 29
6673 0 29
6674 0 28
6675 0 29
6676 0 30
6677 0 28
6678 0 28
6679 0 28
6680 0 28
6681 0 28
6682 0 28
6683 0 28
6684 0 28
6685 0 28
6686 0 28
6687 0 28
6688 0 28
6689 0 29
6690 0 29
6691 0 29
6692 0 29
6693 0 30
6694 0 29
6695 0 29
6696 0 29
6697 0 29
6698 0 29
6699 0 28
6700 0 28
6701 0 28
6702 0 29
6703 0 29
6704 0 29
6705 0 29
6706 0 28
6707 0 28
6708 0 28
6709 0 29
6710 0 29
6711 0 29
6712 0 29
6713 0 29
6714 0 30
6715 0 29
6716 0 29
6717 0 29
6718 0 29
6719 0 29
6720 0 28
6721 0 28
6722 0 28
6723 0 29
6724 0 29
6725 0 29
6726 0 29
6727 0 29
6728 0 29
6729 0 29
6730 0 29
6731 0 29
6732 0 29
6733 0 29
6734 0 29
6735 0 29
6736 0 29
6737 0 29
6738 0 29
6739 0 29
6740 0 29
6741 0 28
6742 0 29
6743 0 29
6744 0 28
6745 0 28
6746 0 29
6747 0 28
6748 0 29
6749 0 29
6750 0 28
6751 0 28
6752 0 29
6753 0 28
6754 0 28
6755 0 28
6756 0 28
6757 0 28
6758 0 28
6759 0 28
6760 0 29
6761 0 29
6762 0 29
6763 0 29
6764 0 30
6765 0 29
6766 0 29
6767 0 29
6768 0 29
6769 0 29
6770 0 28
6771 0 28
6772 0 28
6773 0 29
6774 0 29
6775 0 29
6776 0 29
6777 0 28
6778 0 28
6779 0 28
6780 0 29
6781 0 29
6782 0 29
6783 0 29
6784 0 29
6785 0 30
6786 0 29
6787 0 29
6788 0 29
6789 0 29
6790 0 29
6791 0 28
6792 0 28
6793 0 28
6794 0 29
6795 0 29
6796 0 29
6797 0 29
6798 0 29
6799 0 29
6800 0 29
6801 0 29
6802 0 29
6803 0 29
6804 0 29
6805 0 29
6806 0 29
6807 0 29
6808 0 29
6809 0 29
6810 0 29
6811 0 29
6812 0 28
6813 0 29
6814 0 29
6815 0 28
6816 0 28
6817 0 29
6818 0 28
6819 0 29
6820 0 29
6821 0 28
6822 0 28
6823 0 29
6824 0 28
6825 0 28
6826 0 28
6827 0 28
6828 0 28
6829 0 28
6830 0 28
6831 0 29
6832 0 29
6833 0 29
6834 0 29
6835 0 29
6836 0 29
6837 0 29
6838 0 29
6839 0 30
6840 0 30
6841 0 29
6842 0 29
6843 0 29
6844 0 29
6845 0 29
6846 0 29
6847 0 29
6848 0 29
6849 0 29
6850 0 29
6851 0 29
6852 0 28
6853 0 29
6854 0 30
6855 0 28
6856 0 28
6857 0 28
6858 0 28
6859 0 28
6860 0 28
6861 0 28
6862 0 28
6863 0 28
6864 0 28
6865 0 28
6866 0 28
6867 0 29
6868 0 29
6869 0 29
6870 0 29
6871 0 30
6872 0 29
6873 0 29
6874 0 29
6875 0 29
6876 0 29
6877 0 28
6878 0 28
6879 0 28
6880 0 29
6881 0 29
6882 0 29
6883 0 29
6884 0 28
6885 0 28
6886 0 28
6887 0 29
6888 0 29
6889 0 29
6890 0 29
6891 0 29
6892 0 30
6893 0 29
6894 0 29
6895 0 29
6896 0 29
6897 0 29
6898 0 28
6899 0 28
6900 0 28
6901 0 29
6902 0 29
6903 0 29
6904 0 29
6905 0 29
6906 0 29
6907 0 29
6908 0 29
6909 0 29
6910 0 29
6911 0 29
6912 0 29
6913 0 29
6914 0 29
6915 0 29
6916 0 29
6917 0 29
6918 0 29
6919 0 28
6920 0 29
6921 0 29
6922 0 28
6923 0 28
6924 0 29
6925 0 28
6926 0 29
6927 0 29
6928 0 28
6929 0 28
6930 0 29
6931 0 28
6932 0 28
6933 0 28
6934 0 28
6935 0 28
6936 0 28
6937 0 28
6938 0 29
6939 0 29
6940 0 29
6941 0 29
6942 0 28
6943 0 28
6944 0 28
6945 0 29
6946 0 29
6947 0 29
6948 0 29
6949 0 29
6950 0 29
6951 0 29
6952 0 28
6953 0 28
6954 0 28
6955 0 29
6956 0 28
6957 0 29
6958 0 29
6959 0 28
6960 0 28
6961 0 29
6962 0 28
6963 0 28
6964 0 28
6965 0 28
6966 0 28
6967 0 28
6968 0 28
6969 0 28
6970 0 28
6971 0 28
6972 0 28
6973 0 28
6974 0 28
6975 0 29
6976 0 29
6977 0 28
6978 0 28
6979 0 29
6980 0 28
6981 0 28
6982 0 28
6983 0 28
6984 0 28
6985 0 28
6986 0 28
6987 0 30
6988 0 29
6989 0 30
6990 0 29
6991 0 28
6992 0 28
6993 0 28
6994 0 29
6995 0 29
6996 0 29
6997 0 30
6998 0 29
6999 0 30
7000 0 29
7001 0 28
7002 0 28
7003 0 28
7004 0 29
7005 0 29
7006 0 29
7007 0 29
7008 0 28
7009 0 29
7010 0 30
7011 0 28
7012 0 28
7013 0 28
7014 0 28
7015 0 28
7016 0 28
7017 0 28
7018 0 28
7019 0 28
7020 0 28
7021 0 28
7022 0 28
7023 0 29
7024 0 29
7025 0 29
7026 0 29
7027 0 29
7028 0 29
7029 0 29
7030 0 29
7031 0 29
7032 0 29
7033 0 28
7034 0 28
7035 0 28
7036 0 29
7037 0 29
7038 0 29
7039 0 29
7040 0 28
7041 0 28
7042 0 28
7043 0 28
7044 0 29
7045 0 29
7046 0 29
7047 0 29
7048 0 29
7049 0 29
7050 0 29
7051 0 29
7052 0 29
7053 0 29
7054 0 28
7055 0 28
7056 0 28
7057 0 29
7058 0 29
7059 0 29
7060 0 29
7061 0 29
7062 0 29
7063 0 29
7064 0 29
7065 0 29
7066 0 29
7067 0 28
7068 0 28
7069 0 28
7070 0 29
7071 0 29
7072 0 29
7073 0 29
7074 0 28
7075 0 28
7076 0 28
7077 0 28
7078 0 29
7079 0 29
7080 0 29
7081 0 29
7082 0 29
7083 0 29
7084 0 29
7085 0 29
7086 0 29
7087 0 29
7088 0 28
7089 0 28
7090 0 28
7091 0 29
7092 0 29
7093 0 29
7094 0 29
7095 0 28
7096 0 28
7097 0 28
7098 0 28
7099 0 28
7100 0 28
7101 0 29
7102 0 29
7103 0 29
7104 0 29
7105 0 28
7106 0 28
7107 0 28
7108 0 28
7109 0 29
7110 0 29
7111 0 29
7112 0 28
7113 0 29
7114 0 29
7115 0 29
7116 0 29
7117 0 29
7118 0 28
7119 0 29
7120 0 29
7121 0 29
7122 0 28
7123 0 29
7124 0 28
7125 0 28
7126 0 28
7127 0 28
