0 0 33
1 0 33
2 0 33
3 0 33
4 0 33
5 0 32
6 0 33
7 0 33
8 0 32
9 0 32
10 0 33
11 0 33
12 0 33
13 0 33
14 0 33
15 0 32
16 0 33
17 0 33
18 0 32
19 0 32
20 0 32
21 0 33
22 0 33
23 0 32
24 0 32
25 0 32
26 0 32
27 0 32
28 0 32
29 0 32
30 0 32
31 0 32
32 0 32
33 0 31
34 0 33
35 0 33
36 0 32
37 0 32
38 0 32
39 0 33
40 0 33
41 0 32
42 0 32
43 0 32
44 0 32
45 0 32
46 0 32
47 0 32
48 0 32
49 0 32
50 0 31
51 0 31
52 0 33
53 0 33
54 0 33
55 0 33
56 0 33
57 0 32
58 0 33
59 0 33
60 0 32
61 0 32
62 0 33
63 0 33
64 0 33
65 0 33
66 0 33
67 0 32
68 0 33
69 0 33
70 0 32
71 0 32
72 0 32
73 0 33
74 0 33
75 0 32
76 0 32
77 0 32
78 0 32
79 0 32
80 0 32
81 0 32
82 0 32
83 0 32
84 0 32
85 0 31
86 0 33
87 0 33
88 0 32
89 0 32
90 0 32
91 0 33
92 0 33
93 0 32
94 0 32
95 0 32
96 0 32
97 0 32
98 0 32
99 0 32
100 0 32
101 0 32
102 0 31
103 0 31
104 0 32
105 0 32
106 0 32
107 0 32
108 0 32
109 0 31
110 0 33
111 0 33
112 0 32
113 0 32
114 0 32
115 0 33
116 0 33
117 0 32
118 0 32
119 0 32
120 0 32
121 0 33
122 0 32
123 0 32
124 0 32
125 0 32
126 0 31
127 0 31
128 0 32
129 0 32
130 0 32
131 0 32
132 0 32
133 0 31
134 0 32
135 0 32
136 0 31
137 0 31
138 0 32
139 0 32
140 0 32
141 0 32
142 0 32
143 0 31
144 0 32
145 0 32
146 0 32
147 0 32
148 0 32
149 0 31
150 0 32
151 0 32
152 0 31
153 0 31
154 0 32
155 0 32
156 0 32
157 0 32
158 0 32
159 0 31
160 0 32
161 0 32
162 0 31
163 0 31
164 0 31
165 0 32
166 0 32
167 0 31
168 0 31
169 0 31
170 0 31
171 0 31
172 0 31
173 0 31
174 0 31
175 0 31
176 0 32
177 0 31
178 0 33
179 0 33
180 0 32
181 0 32
182 0 32
183 0 33
184 0 33
185 0 32
186 0 32
187 0 32
188 0 32
189 0 33
190 0 32
191 0 32
192 0 32
193 0 32
194 0 31
195 0 31
196 0 33
197 0 33
198 0 33
199 0 32
200 0 32
201 0 31
202 0 33
203 0 33
204 0 32
205 0 32
206 0 32
207 0 33
208 0 33
209 0 32
210 0 32
211 0 32
212 0 32
213 0 33
214 0 32
215 0 32
216 0 32
217 0 32
218 0 31
219 0 31
220 0 32
221 0 32
222 0 32
223 0 32
224 0 32
225 0 31
226 0 32
227 0 32
228 0 31
229 0 31
230 0 32
231 0 32
232 0 32
233 0 32
234 0 32
235 0 31
236 0 32
237 0 32
238 0 31
239 0 31
240 0 31
241 0 32
242 0 32
243 0 31
244 0 31
245 0 32
246 0 32
247 0 31
248 0 31
249 0 31
250 0 32
251 0 32
252 0 31
253 0 31
254 0 31
255 0 31
256 0 31
257 0 31
258 0 31
259 0 31
260 0 31
261 0 31
262 0 31
263 0 33
264 0 33
265 0 33
266 0 33
267 0 33
268 0 32
269 0 33
270 0 33
271 0 32
272 0 32
273 0 33
274 0 33
275 0 33
276 0 33
277 0 33
278 0 32
279 0 33
280 0 33
281 0 32
282 0 32
283 0 32
284 0 33
285 0 33
286 0 32
287 0 32
288 0 32
289 0 32
290 0 32
291 0 32
292 0 32
293 0 32
294 0 32
295 0 32
296 0 31
297 0 33
298 0 33
299 0 32
300 0 32
301 0 32
302 0 33
303 0 33
304 0 32
305 0 32
306 0 32
307 0 32
308 0 32
309 0 32
310 0 32
311 0 32
312 0 32
313 0 32
314 0 32
315 0 33
316 0 33
317 0 33
318 0 33
319 0 33
320 0 32
321 0 33
322 0 33
323 0 32
324 0 32
325 0 33
326 0 33
327 0 33
328 0 33
329 0 33
330 0 32
331 0 33
332 0 33
333 0 32
334 0 32
335 0 32
336 0 33
337 0 33
338 0 32
339 0 32
340 0 32
341 0 32
342 0 32
343 0 32
344 0 32
345 0 32
346 0 32
347 0 32
348 0 31
349 0 33
350 0 33
351 0 32
352 0 32
353 0 32
354 0 33
355 0 33
356 0 32
357 0 32
358 0 32
359 0 32
360 0 32
361 0 32
362 0 32
363 0 32
364 0 32
365 0 31
366 0 31
367 0 32
368 0 32
369 0 32
370 0 32
371 0 32
372 0 31
373 0 33
374 0 33
375 0 32
376 0 32
377 0 32
378 0 33
379 0 33
380 0 32
381 0 32
382 0 32
383 0 32
384 0 33
385 0 32
386 0 32
387 0 32
388 0 32
389 0 31
390 0 31
391 0 32
392 0 32
393 0 32
394 0 32
395 0 32
396 0 31
397 0 32
398 0 32
399 0 31
400 0 31
401 0 32
402 0 32
403 0 32
404 0 32
405 0 32
406 0 31
407 0 32
408 0 32
409 0 32
410 0 32
411 0 32
412 0 31
413 0 32
414 0 32
415 0 31
416 0 31
417 0 32
418 0 32
419 0 32
420 0 32
421 0 32
422 0 31
423 0 32
424 0 32
425 0 31
426 0 31
427 0 31
428 0 32
429 0 32
430 0 31
431 0 31
432 0 31
433 0 31
434 0 31
435 0 31
436 0 31
437 0 31
438 0 31
439 0 32
440 0 31
441 0 33
442 0 33
443 0 32
444 0 32
445 0 32
446 0 33
447 0 33
448 0 32
449 0 32
450 0 32
451 0 32
452 0 32
453 0 32
454 0 32
455 0 32
456 0 32
457 0 31
458 0 31
459 0 32
460 0 33
461 0 32
462 0 32
463 0 32
464 0 31
465 0 33
466 0 33
467 0 32
468 0 32
469 0 32
470 0 33
471 0 33
472 0 32
473 0 32
474 0 32
475 0 32
476 0 32
477 0 32
478 0 32
479 0 32
480 0 32
481 0 31
482 0 31
483 0 32
484 0 32
485 0 32
486 0 32
487 0 32
488 0 31
489 0 32
490 0 32
491 0 31
492 0 31
493 0 32
494 0 32
495 0 32
496 0 32
497 0 32
498 0 31
499 0 32
500 0 32
501 0 32
502 0 32
503 0 31
504 0 32
505 0 32
506 0 32
507 0 32
508 0 32
509 0 32
510 0 32
511 0 32
512 0 31
513 0 32
514 0 32
515 0 32
516 0 32
517 0 31
518 0 32
519 0 31
520 0 31
521 0 31
522 0 31
523 0 31
524 0 31
525 0 31
526 0 32
527 0 32
528 0 32
529 0 32
530 0 32
531 0 31
532 0 32
533 0 32
534 0 31
535 0 31
536 0 32
537 0 32
538 0 32
539 0 32
540 0 32
541 0 31
542 0 32
543 0 32
544 0 31
545 0 31
546 0 31
547 0 32
548 0 32
549 0 31
550 0 31
551 0 31
552 0 32
553 0 31
554 0 31
555 0 32
556 0 31
557 0 31
558 0 31
559 0 30
560 0 33
561 0 33
562 0 32
563 0 32
564 0 32
565 0 33
566 0 33
567 0 32
568 0 32
569 0 32
570 0 32
571 0 32
572 0 32
573 0 32
574 0 32
575 0 32
576 0 31
577 0 31
578 0 32
579 0 33
580 0 32
581 0 32
582 0 32
583 0 31
584 0 33
585 0 33
586 0 32
587 0 32
588 0 32
589 0 33
590 0 33
591 0 32
592 0 32
593 0 32
594 0 32
595 0 32
596 0 32
597 0 32
598 0 32
599 0 32
600 0 31
601 0 31
602 0 32
603 0 33
604 0 32
605 0 32
606 0 32
607 0 32
608 0 32
609 0 32
610 0 32
611 0 32
612 0 32
613 0 33
614 0 32
615 0 33
616 0 33
617 0 32
618 0 32
619 0 32
620 0 32
621 0 32
622 0 31
623 0 32
624 0 32
625 0 32
626 0 32
627 0 32
628 0 32
629 0 32
630 0 32
631 0 31
632 0 32
633 0 32
634 0 32
635 0 32
636 0 31
637 0 32
638 0 31
639 0 31
640 0 31
641 0 31
642 0 31
643 0 31
644 0 31
645 0 32
646 0 32
647 0 32
648 0 32
649 0 32
650 0 31
651 0 32
652 0 32
653 0 31
654 0 31
655 0 32
656 0 32
657 0 32
658 0 32
659 0 32
660 0 31
661 0 32
662 0 32
663 0 32
664 0 32
665 0 31
666 0 32
667 0 32
668 0 32
669 0 32
670 0 32
671 0 32
672 0 32
673 0 32
674 0 32
675 0 32
676 0 31
677 0 31
678 0 30
679 0 32
680 0 32
681 0 32
682 0 32
683 0 32
684 0 32
685 0 32
686 0 32
687 0 32
688 0 31
689 0 31
690 0 32
691 0 31
692 0 31
693 0 31
694 0 31
695 0 30
696 0 30
697 0 32
698 0 32
699 0 32
700 0 32
701 0 32
702 0 31
703 0 32
704 0 32
705 0 31
706 0 31
707 0 32
708 0 32
709 0 32
710 0 32
711 0 32
712 0 31
713 0 32
714 0 32
715 0 32
716 0 32
717 0 31
718 0 32
719 0 32
720 0 32
721 0 32
722 0 32
723 0 32
724 0 32
725 0 32
726 0 32
727 0 32
728 0 31
729 0 31
730 0 30
731 0 32
732 0 32
733 0 32
734 0 32
735 0 32
736 0 31
737 0 32
738 0 32
739 0 31
740 0 31
741 0 32
742 0 32
743 0 32
744 0 32
745 0 32
746 0 31
747 0 32
748 0 32
749 0 32
750 0 32
751 0 31
752 0 32
753 0 32
754 0 32
755 0 32
756 0 32
757 0 32
758 0 32
759 0 32
760 0 32
761 0 32
762 0 31
763 0 31
764 0 30
765 0 32
766 0 32
767 0 32
768 0 32
769 0 32
770 0 32
771 0 32
772 0 32
773 0 32
774 0 31
775 0 31
776 0 32
777 0 31
778 0 31
779 0 31
780 0 31
781 0 30
782 0 30
783 0 32
784 0 32
785 0 32
786 0 32
787 0 32
788 0 31
789 0 32
790 0 32
791 0 31
792 0 31
793 0 32
794 0 32
795 0 32
796 0 32
797 0 32
798 0 31
799 0 32
800 0 32
801 0 32
802 0 32
803 0 31
804 0 32
805 0 32
806 0 32
807 0 32
808 0 32
809 0 32
810 0 32
811 0 32
812 0 32
813 0 32
814 0 31
815 0 31
816 0 30
817 0 32
818 0 32
819 0 31
820 0 31
821 0 31
822 0 32
823 0 32
824 0 31
825 0 31
826 0 31
827 0 31
828 0 32
829 0 31
830 0 31
831 0 31
832 0 31
833 0 30
834 0 30
835 0 32
836 0 32
837 0 32
838 0 31
839 0 31
840 0 30
841 0 32
842 0 32
843 0 31
844 0 31
845 0 31
846 0 32
847 0 32
848 0 31
849 0 31
850 0 31
851 0 31
852 0 32
853 0 31
854 0 31
855 0 31
856 0 31
857 0 30
858 0 30
859 0 31
860 0 31
861 0 31
862 0 31
863 0 31
864 0 30
865 0 31
866 0 31
867 0 30
868 0 30
869 0 31
870 0 31
871 0 31
872 0 31
873 0 31
874 0 30
875 0 31
876 0 31
877 0 31
878 0 31
879 0 31
880 0 30
881 0 31
882 0 31
883 0 30
884 0 30
885 0 31
886 0 31
887 0 31
888 0 31
889 0 31
890 0 30
891 0 31
892 0 31
893 0 30
894 0 30
895 0 30
896 0 32
897 0 32
898 0 30
899 0 30
900 0 31
901 0 31
902 0 31
903 0 31
904 0 31
905 0 31
906 0 31
907 0 31
908 0 30
909 0 33
910 0 33
911 0 32
912 0 32
913 0 32
914 0 33
915 0 33
916 0 32
917 0 32
918 0 32
919 0 32
920 0 32
921 0 32
922 0 32
923 0 32
924 0 32
925 0 31
926 0 31
927 0 32
928 0 33
929 0 32
930 0 32
931 0 32
932 0 31
933 0 33
934 0 33
935 0 32
936 0 32
937 0 32
938 0 33
939 0 33
940 0 32
941 0 32
942 0 32
943 0 32
944 0 32
945 0 32
946 0 32
947 0 32
948 0 32
949 0 31
950 0 31
951 0 32
952 0 33
953 0 32
954 0 32
955 0 32
956 0 32
957 0 32
958 0 32
959 0 32
960 0 32
961 0 32
962 0 33
963 0 32
964 0 33
965 0 33
966 0 32
967 0 32
968 0 32
969 0 32
970 0 32
971 0 31
972 0 32
973 0 32
974 0 32
975 0 32
976 0 32
977 0 32
978 0 32
979 0 32
980 0 31
981 0 32
982 0 32
983 0 32
984 0 32
985 0 31
986 0 32
987 0 31
988 0 31
989 0 31
990 0 31
991 0 31
992 0 31
993 0 31
994 0 32
995 0 33
996 0 32
997 0 33
998 0 33
999 0 32
1000 0 33
1001 0 33
1002 0 32
1003 0 32
1004 0 32
1005 0 33
1006 0 32
1007 0 33
1008 0 33
1009 0 32
1010 0 32
1011 0 32
1012 0 32
1013 0 32
1014 0 31
1015 0 32
1016 0 32
1017 0 32
1018 0 32
1019 0 31
1020 0 32
1021 0 31
1022 0 31
1023 0 32
1024 0 31
1025 0 31
1026 0 31
1027 0 30
1028 0 33
1029 0 33
1030 0 32
1031 0 32
1032 0 32
1033 0 33
1034 0 33
1035 0 32
1036 0 32
1037 0 32
1038 0 32
1039 0 32
1040 0 32
1041 0 32
1042 0 32
1043 0 32
1044 0 31
1045 0 31
1046 0 32
1047 0 33
1048 0 32
1049 0 32
1050 0 32
1051 0 31
1052 0 33
1053 0 33
1054 0 32
1055 0 32
1056 0 32
1057 0 33
1058 0 33
1059 0 32
1060 0 32
1061 0 32
1062 0 32
1063 0 32
1064 0 32
1065 0 32
1066 0 32
1067 0 32
1068 0 31
1069 0 31
1070 0 32
1071 0 33
1072 0 32
1073 0 32
1074 0 32
1075 0 32
1076 0 32
1077 0 32
1078 0 32
1079 0 32
1080 0 32
1081 0 33
1082 0 32
1083 0 33
1084 0 33
1085 0 32
1086 0 32
1087 0 32
1088 0 32
1089 0 32
1090 0 31
1091 0 32
1092 0 32
1093 0 32
1094 0 32
1095 0 32
1096 0 32
1097 0 32
1098 0 32
1099 0 31
1100 0 32
1101 0 32
1102 0 32
1103 0 32
1104 0 31
1105 0 32
1106 0 31
1107 0 31
1108 0 31
1109 0 31
1110 0 31
1111 0 31
1112 0 31
1113 0 32
1114 0 32
1115 0 32
1116 0 32
1117 0 32
1118 0 31
1119 0 32
1120 0 32
1121 0 31
1122 0 31
1123 0 32
1124 0 32
1125 0 32
1126 0 32
1127 0 32
1128 0 31
1129 0 32
1130 0 32
1131 0 31
1132 0 31
1133 0 31
1134 0 32
1135 0 32
1136 0 31
1137 0 31
1138 0 31
1139 0 32
1140 0 31
1141 0 31
1142 0 32
1143 0 31
1144 0 31
1145 0 31
1146 0 30
1147 0 32
1148 0 32
1149 0 31
1150 0 31
1151 0 31
1152 0 32
1153 0 32
1154 0 31
1155 0 31
1156 0 31
1157 0 31
1158 0 31
1159 0 31
1160 0 31
1161 0 31
1162 0 31
1163 0 30
1164 0 30
1165 0 32
1166 0 32
1167 0 32
1168 0 32
1169 0 32
1170 0 31
1171 0 32
1172 0 32
1173 0 31
1174 0 31
1175 0 32
1176 0 32
1177 0 32
1178 0 32
1179 0 32
1180 0 31
1181 0 32
1182 0 32
1183 0 32
1184 0 32
1185 0 31
1186 0 32
1187 0 32
1188 0 32
1189 0 32
1190 0 31
1191 0 32
1192 0 31
1193 0 31
1194 0 32
1195 0 31
1196 0 31
1197 0 31
1198 0 30
1199 0 32
1200 0 32
1201 0 31
1202 0 31
1203 0 31
1204 0 32
1205 0 32
1206 0 31
1207 0 31
1208 0 31
1209 0 31
1210 0 32
1211 0 31
1212 0 31
1213 0 31
1214 0 31
1215 0 30
1216 0 30
1217 0 32
1218 0 32
1219 0 32
1220 0 31
1221 0 31
1222 0 30
1223 0 32
1224 0 32
1225 0 31
1226 0 31
1227 0 31
1228 0 32
1229 0 32
1230 0 31
1231 0 31
1232 0 31
1233 0 31
1234 0 32
1235 0 31
1236 0 31
1237 0 31
1238 0 31
1239 0 30
1240 0 30
1241 0 32
1242 0 32
1243 0 31
1244 0 31
1245 0 31
1246 0 32
1247 0 32
1248 0 31
1249 0 31
1250 0 31
1251 0 31
1252 0 32
1253 0 31
1254 0 31
1255 0 31
1256 0 31
1257 0 30
1258 0 30
1259 0 32
1260 0 32
1261 0 32
1262 0 31
1263 0 31
1264 0 30
1265 0 32
1266 0 32
1267 0 31
1268 0 31
1269 0 31
1270 0 32
1271 0 32
1272 0 31
1273 0 31
1274 0 31
1275 0 31
1276 0 32
1277 0 31
1278 0 31
1279 0 31
1280 0 31
1281 0 30
1282 0 30
1283 0 31
1284 0 31
1285 0 31
1286 0 31
1287 0 31
1288 0 30
1289 0 31
1290 0 31
1291 0 30
1292 0 30
1293 0 31
1294 0 31
1295 0 31
1296 0 31
1297 0 31
1298 0 30
1299 0 31
1300 0 32
1301 0 30
1302 0 30
1303 0 30
1304 0 31
1305 0 32
1306 0 30
1307 0 30
1308 0 31
1309 0 32
1310 0 30
1311 0 30
1312 0 30
1313 0 31
1314 0 32
1315 0 30
1316 0 30
1317 0 30
1318 0 30
1319 0 30
1320 0 31
1321 0 31
1322 0 31
1323 0 31
1324 0 30
1325 0 30
1326 0 33
1327 0 33
1328 0 33
1329 0 33
1330 0 33
1331 0 32
1332 0 33
1333 0 33
1334 0 32
1335 0 32
1336 0 33
1337 0 33
1338 0 33
1339 0 33
1340 0 33
1341 0 32
1342 0 33
1343 0 33
1344 0 32
1345 0 32
1346 0 32
1347 0 33
1348 0 33
1349 0 32
1350 0 32
1351 0 32
1352 0 32
1353 0 32
1354 0 32
1355 0 32
1356 0 32
1357 0 32
1358 0 32
1359 0 32
1360 0 33
1361 0 33
1362 0 32
1363 0 32
1364 0 32
1365 0 33
1366 0 33
1367 0 32
1368 0 32
1369 0 32
1370 0 32
1371 0 32
1372 0 32
1373 0 32
1374 0 32
1375 0 32
1376 0 31
1377 0 31
1378 0 33
1379 0 33
1380 0 33
1381 0 33
1382 0 33
1383 0 32
1384 0 33
1385 0 33
1386 0 32
1387 0 32
1388 0 33
1389 0 33
1390 0 33
1391 0 33
1392 0 33
1393 0 32
1394 0 33
1395 0 33
1396 0 32
1397 0 32
1398 0 32
1399 0 33
1400 0 33
1401 0 32
1402 0 32
1403 0 32
1404 0 32
1405 0 32
1406 0 32
1407 0 32
1408 0 32
1409 0 32
1410 0 32
1411 0 32
1412 0 33
1413 0 33
1414 0 32
1415 0 32
1416 0 32
1417 0 33
1418 0 33
1419 0 32
1420 0 32
1421 0 32
1422 0 32
1423 0 32
1424 0 32
1425 0 32
1426 0 32
1427 0 32
1428 0 31
1429 0 31
1430 0 32
1431 0 32
1432 0 32
1433 0 32
1434 0 32
1435 0 31
1436 0 33
1437 0 33
1438 0 32
1439 0 32
1440 0 32
1441 0 33
1442 0 33
1443 0 32
1444 0 32
1445 0 32
1446 0 32
1447 0 33
1448 0 32
1449 0 32
1450 0 32
1451 0 32
1452 0 31
1453 0 31
1454 0 32
1455 0 32
1456 0 32
1457 0 32
1458 0 32
1459 0 31
1460 0 32
1461 0 32
1462 0 31
1463 0 31
1464 0 32
1465 0 32
1466 0 32
1467 0 32
1468 0 32
1469 0 31
1470 0 32
1471 0 32
1472 0 32
1473 0 32
1474 0 32
1475 0 31
1476 0 32
1477 0 32
1478 0 31
1479 0 31
1480 0 32
1481 0 32
1482 0 32
1483 0 32
1484 0 32
1485 0 31
1486 0 32
1487 0 32
1488 0 31
1489 0 31
1490 0 31
1491 0 32
1492 0 32
1493 0 31
1494 0 31
1495 0 31
1496 0 31
1497 0 31
1498 0 31
1499 0 31
1500 0 31
1501 0 31
1502 0 32
1503 0 31
1504 0 33
1505 0 33
1506 0 32
1507 0 32
1508 0 32
1509 0 33
1510 0 33
1511 0 32
1512 0 32
1513 0 32
1514 0 32
1515 0 33
1516 0 32
1517 0 32
1518 0 32
1519 0 32
1520 0 31
1521 0 31
1522 0 33
1523 0 33
1524 0 33
1525 0 32
1526 0 32
1527 0 31
1528 0 33
1529 0 33
1530 0 32
1531 0 32
1532 0 32
1533 0 33
1534 0 33
1535 0 32
1536 0 32
1537 0 32
1538 0 32
1539 0 33
1540 0 32
1541 0 32
1542 0 32
1543 0 32
1544 0 31
1545 0 31
1546 0 32
1547 0 32
1548 0 32
1549 0 32
1550 0 32
1551 0 31
1552 0 32
1553 0 32
1554 0 31
1555 0 31
1556 0 32
1557 0 32
1558 0 32
1559 0 32
1560 0 32
1561 0 31
1562 0 32
1563 0 32
1564 0 31
1565 0 31
1566 0 31
1567 0 32
1568 0 32
1569 0 31
1570 0 31
1571 0 32
1572 0 32
1573 0 31
1574 0 31
1575 0 31
1576 0 32
1577 0 32
1578 0 31
1579 0 31
1580 0 31
1581 0 31
1582 0 31
1583 0 32
1584 0 32
1585 0 32
1586 0 32
1587 0 31
1588 0 31
1589 0 33
1590 0 33
1591 0 33
1592 0 33
1593 0 33
1594 0 32
1595 0 33
1596 0 33
1597 0 32
1598 0 32
1599 0 33
1600 0 33
1601 0 33
1602 0 33
1603 0 33
1604 0 32
1605 0 33
1606 0 33
1607 0 32
1608 0 32
1609 0 32
1610 0 33
1611 0 33
1612 0 32
1613 0 32
1614 0 32
1615 0 32
1616 0 32
1617 0 32
1618 0 32
1619 0 32
1620 0 32
1621 0 32
1622 0 32
1623 0 33
1624 0 33
1625 0 32
1626 0 32
1627 0 32
1628 0 33
1629 0 33
1630 0 32
1631 0 32
1632 0 32
1633 0 32
1634 0 32
1635 0 32
1636 0 32
1637 0 32
1638 0 32
1639 0 32
1640 0 32
1641 0 33
1642 0 33
1643 0 33
1644 0 33
1645 0 33
1646 0 32
1647 0 33
1648 0 33
1649 0 32
1650 0 32
1651 0 33
1652 0 33
1653 0 33
1654 0 33
1655 0 33
1656 0 32
1657 0 33
1658 0 33
1659 0 32
1660 0 32
1661 0 32
1662 0 33
1663 0 33
1664 0 32
1665 0 32
1666 0 32
1667 0 32
1668 0 32
1669 0 32
1670 0 32
1671 0 32
1672 0 32
1673 0 32
1674 0 32
1675 0 33
1676 0 33
1677 0 32
1678 0 32
1679 0 32
1680 0 33
1681 0 33
1682 0 32
1683 0 32
1684 0 32
1685 0 32
1686 0 32
1687 0 32
1688 0 32
1689 0 32
1690 0 32
1691 0 31
1692 0 31
1693 0 32
1694 0 32
1695 0 32
1696 0 32
1697 0 32
1698 0 31
1699 0 33
1700 0 33
1701 0 32
1702 0 32
1703 0 32
1704 0 33
1705 0 33
1706 0 32
1707 0 32
1708 0 32
1709 0 32
1710 0 33
1711 0 32
1712 0 32
1713 0 32
1714 0 32
1715 0 31
1716 0 31
1717 0 32
1718 0 32
1719 0 32
1720 0 32
1721 0 32
1722 0 31
1723 0 32
1724 0 32
1725 0 31
1726 0 31
1727 0 32
1728 0 32
1729 0 32
1730 0 32
1731 0 32
1732 0 31
1733 0 32
1734 0 32
1735 0 32
1736 0 32
1737 0 32
1738 0 31
1739 0 32
1740 0 32
1741 0 31
1742 0 31
1743 0 32
1744 0 32
1745 0 32
1746 0 32
1747 0 32
1748 0 31
1749 0 32
1750 0 32
1751 0 31
1752 0 31
1753 0 31
1754 0 32
1755 0 32
1756 0 31
1757 0 31
1758 0 31
1759 0 31
1760 0 31
1761 0 31
1762 0 31
1763 0 31
1764 0 31
1765 0 32
1766 0 31
1767 0 33
1768 0 33
1769 0 32
1770 0 32
1771 0 32
1772 0 33
1773 0 33
1774 0 32
1775 0 32
1776 0 32
1777 0 32
1778 0 33
1779 0 32
1780 0 32
1781 0 32
1782 0 32
1783 0 31
1784 0 31
1785 0 33
1786 0 33
1787 0 33
1788 0 32
1789 0 32
1790 0 31
1791 0 33
1792 0 33
1793 0 32
1794 0 32
1795 0 32
1796 0 33
1797 0 33
1798 0 32
1799 0 32
1800 0 32
1801 0 32
1802 0 33
1803 0 32
1804 0 32
1805 0 32
1806 0 32
1807 0 31
1808 0 31
1809 0 32
1810 0 32
1811 0 32
1812 0 32
1813 0 32
1814 0 31
1815 0 32
1816 0 32
1817 0 31
1818 0 31
1819 0 32
1820 0 32
1821 0 32
1822 0 32
1823 0 32
1824 0 31
1825 0 32
1826 0 32
1827 0 32
1828 0 32
1829 0 32
1830 0 32
1831 0 32
1832 0 32
1833 0 32
1834 0 32
1835 0 32
1836 0 32
1837 0 32
1838 0 32
1839 0 32
1840 0 32
1841 0 32
1842 0 32
1843 0 32
1844 0 32
1845 0 32
1846 0 31
1847 0 31
1848 0 31
1849 0 31
1850 0 31
1851 0 31
1852 0 32
1853 0 32
1854 0 32
1855 0 32
1856 0 32
1857 0 31
1858 0 32
1859 0 32
1860 0 31
1861 0 31
1862 0 32
1863 0 32
1864 0 32
1865 0 32
1866 0 32
1867 0 31
1868 0 32
1869 0 32
1870 0 31
1871 0 31
1872 0 31
1873 0 32
1874 0 32
1875 0 31
1876 0 31
1877 0 32
1878 0 32
1879 0 32
1880 0 32
1881 0 32
1882 0 32
1883 0 31
1884 0 31
1885 0 30
1886 0 33
1887 0 33
1888 0 32
1889 0 32
1890 0 32
1891 0 33
1892 0 33
1893 0 32
1894 0 32
1895 0 32
1896 0 32
1897 0 33
1898 0 32
1899 0 32
1900 0 32
1901 0 32
1902 0 31
1903 0 31
1904 0 33
1905 0 33
1906 0 33
1907 0 32
1908 0 32
1909 0 31
1910 0 33
1911 0 33
1912 0 32
1913 0 32
1914 0 32
1915 0 33
1916 0 33
1917 0 32
1918 0 32
1919 0 32
1920 0 32
1921 0 33
1922 0 32
1923 0 32
1924 0 32
1925 0 32
1926 0 31
1927 0 31
1928 0 33
1929 0 33
1930 0 33
1931 0 32
1932 0 32
1933 0 32
1934 0 32
1935 0 32
1936 0 32
1937 0 32
1938 0 33
1939 0 33
1940 0 33
1941 0 33
1942 0 33
1943 0 32
1944 0 32
1945 0 32
1946 0 32
1947 0 32
1948 0 32
1949 0 32
1950 0 32
1951 0 32
1952 0 32
1953 0 32
1954 0 32
1955 0 32
1956 0 32
1957 0 32
1958 0 32
1959 0 32
1960 0 32
1961 0 32
1962 0 32
1963 0 32
1964 0 32
1965 0 31
1966 0 31
1967 0 31
1968 0 31
1969 0 31
1970 0 31
1971 0 32
1972 0 32
1973 0 32
1974 0 32
1975 0 32
1976 0 31
1977 0 32
1978 0 32
1979 0 31
1980 0 31
1981 0 32
1982 0 32
1983 0 32
1984 0 32
1985 0 32
1986 0 31
1987 0 32
1988 0 32
1989 0 32
1990 0 32
1991 0 31
1992 0 32
1993 0 32
1994 0 32
1995 0 32
1996 0 32
1997 0 32
1998 0 32
1999 0 32
2000 0 32
2001 0 32
2002 0 31
2003 0 31
2004 0 30
2005 0 32
2006 0 32
2007 0 32
2008 0 32
2009 0 32
2010 0 32
2011 0 32
2012 0 32
2013 0 32
2014 0 31
2015 0 31
2016 0 32
2017 0 31
2018 0 31
2019 0 31
2020 0 31
2021 0 30
2022 0 30
2023 0 32
2024 0 32
2025 0 32
2026 0 32
2027 0 32
2028 0 31
2029 0 32
2030 0 32
2031 0 31
2032 0 31
2033 0 32
2034 0 32
2035 0 32
2036 0 32
2037 0 32
2038 0 31
2039 0 32
2040 0 32
2041 0 32
2042 0 32
2043 0 31
2044 0 32
2045 0 32
2046 0 32
2047 0 32
2048 0 32
2049 0 32
2050 0 32
2051 0 32
2052 0 32
2053 0 32
2054 0 31
2055 0 31
2056 0 30
2057 0 32
2058 0 32
2059 0 32
2060 0 32
2061 0 32
2062 0 31
2063 0 32
2064 0 32
2065 0 31
2066 0 31
2067 0 32
2068 0 32
2069 0 32
2070 0 32
2071 0 32
2072 0 31
2073 0 32
2074 0 32
2075 0 32
2076 0 32
2077 0 31
2078 0 32
2079 0 32
2080 0 32
2081 0 32
2082 0 32
2083 0 32
2084 0 32
2085 0 32
2086 0 32
2087 0 32
2088 0 31
2089 0 31
2090 0 30
2091 0 32
2092 0 32
2093 0 32
2094 0 32
2095 0 32
2096 0 32
2097 0 32
2098 0 32
2099 0 32
2100 0 31
2101 0 31
2102 0 32
2103 0 31
2104 0 31
2105 0 31
2106 0 31
2107 0 30
2108 0 30
2109 0 32
2110 0 32
2111 0 32
2112 0 32
2113 0 32
2114 0 31
2115 0 32
2116 0 32
2117 0 31
2118 0 31
2119 0 32
2120 0 32
2121 0 32
2122 0 32
2123 0 32
2124 0 31
2125 0 32
2126 0 32
2127 0 32
2128 0 32
2129 0 31
2130 0 32
2131 0 32
2132 0 32
2133 0 32
2134 0 32
2135 0 32
2136 0 32
2137 0 32
2138 0 32
2139 0 32
2140 0 31
2141 0 31
2142 0 30
2143 0 32
2144 0 32
2145 0 31
2146 0 31
2147 0 31
2148 0 32
2149 0 32
2150 0 31
2151 0 31
2152 0 31
2153 0 31
2154 0 32
2155 0 31
2156 0 31
2157 0 31
2158 0 31
2159 0 30
2160 0 30
2161 0 32
2162 0 32
2163 0 32
2164 0 31
2165 0 31
2166 0 30
2167 0 32
2168 0 32
2169 0 31
2170 0 31
2171 0 31
2172 0 32
2173 0 32
2174 0 31
2175 0 31
2176 0 31
2177 0 31
2178 0 32
2179 0 31
2180 0 31
2181 0 31
2182 0 31
2183 0 30
2184 0 30
2185 0 31
2186 0 31
2187 0 31
2188 0 31
2189 0 31
2190 0 30
2191 0 31
2192 0 31
2193 0 30
2194 0 30
2195 0 31
2196 0 31
2197 0 31
2198 0 31
2199 0 31
2200 0 30
2201 0 31
2202 0 31
2203 0 31
2204 0 31
2205 0 31
2206 0 30
2207 0 31
2208 0 31
2209 0 30
2210 0 30
2211 0 31
2212 0 31
2213 0 31
2214 0 31
2215 0 31
2216 0 30
2217 0 31
2218 0 31
2219 0 30
2220 0 30
2221 0 30
2222 0 32
2223 0 32
2224 0 30
2225 0 30
2226 0 31
2227 0 31
2228 0 31
2229 0 31
2230 0 31
2231 0 31
2232 0 31
2233 0 31
2234 0 30
2235 0 33
2236 0 33
2237 0 33
2238 0 32
2239 0 33
2240 0 32
2241 0 33
2242 0 33
2243 0 33
2244 0 32
2245 0 33
2246 0 32
2247 0 32
2248 0 33
2249 0 32
2250 0 32
2251 0 32
2252 0 32
2253 0 32
2254 0 32
2255 0 31
2256 0 33
2257 0 32
2258 0 32
2259 0 33
2260 0 32
2261 0 32
2262 0 32
2263 0 32
2264 0 32
2265 0 31
2266 0 33
2267 0 33
2268 0 33
2269 0 32
2270 0 33
2271 0 32
2272 0 33
2273 0 33
2274 0 33
2275 0 32
2276 0 33
2277 0 32
2278 0 32
2279 0 33
2280 0 32
2281 0 32
2282 0 32
2283 0 32
2284 0 32
2285 0 32
2286 0 31
2287 0 33
2288 0 32
2289 0 32
2290 0 33
2291 0 32
2292 0 32
2293 0 32
2294 0 32
2295 0 32
2296 0 31
2297 0 32
2298 0 32
2299 0 32
2300 0 31
2301 0 33
2302 0 32
2303 0 32
2304 0 33
2305 0 32
2306 0 32
2307 0 33
2308 0 32
2309 0 32
2310 0 31
2311 0 32
2312 0 32
2313 0 32
2314 0 31
2315 0 32
2316 0 31
2317 0 32
2318 0 32
2319 0 32
2320 0 31
2321 0 32
2322 0 32
2323 0 32
2324 0 31
2325 0 32
2326 0 31
2327 0 32
2328 0 32
2329 0 32
2330 0 31
2331 0 32
2332 0 31
2333 0 31
2334 0 32
2335 0 31
2336 0 31
2337 0 31
2338 0 31
2339 0 31
2340 0 31
2341 0 31
2342 0 33
2343 0 32
2344 0 32
2345 0 33
2346 0 32
2347 0 32
2348 0 33
2349 0 32
2350 0 32
2351 0 31
2352 0 33
2353 0 33
2354 0 32
2355 0 31
2356 0 33
2357 0 32
2358 0 32
2359 0 33
2360 0 32
2361 0 32
2362 0 33
2363 0 32
2364 0 32
2365 0 31
2366 0 32
2367 0 32
2368 0 32
2369 0 31
2370 0 32
2371 0 31
2372 0 32
2373 0 32
2374 0 32
2375 0 31
2376 0 32
2377 0 31
2378 0 31
2379 0 32
2380 0 31
2381 0 32
2382 0 31
2383 0 31
2384 0 32
2385 0 31
2386 0 31
2387 0 31
2388 0 31
2389 0 31
2390 0 31
2391 0 33
2392 0 33
2393 0 33
2394 0 32
2395 0 33
2396 0 32
2397 0 33
2398 0 33
2399 0 33
2400 0 32
2401 0 33
2402 0 32
2403 0 32
2404 0 33
2405 0 32
2406 0 32
2407 0 32
2408 0 32
2409 0 32
2410 0 32
2411 0 31
2412 0 33
2413 0 32
2414 0 32
2415 0 33
2416 0 32
2417 0 32
2418 0 32
2419 0 32
2420 0 32
2421 0 32
2422 0 33
2423 0 33
2424 0 33
2425 0 32
2426 0 33
2427 0 32
2428 0 33
2429 0 33
2430 0 33
2431 0 32
2432 0 33
2433 0 32
2434 0 32
2435 0 33
2436 0 32
2437 0 32
2438 0 32
2439 0 32
2440 0 32
2441 0 32
2442 0 31
2443 0 33
2444 0 32
2445 0 32
2446 0 33
2447 0 32
2448 0 32
2449 0 32
2450 0 32
2451 0 32
2452 0 31
2453 0 32
2454 0 32
2455 0 32
2456 0 31
2457 0 33
2458 0 32
2459 0 32
2460 0 33
2461 0 32
2462 0 32
2463 0 33
2464 0 32
2465 0 32
2466 0 31
2467 0 32
2468 0 32
2469 0 32
2470 0 31
2471 0 32
2472 0 31
2473 0 32
2474 0 32
2475 0 32
2476 0 31
2477 0 32
2478 0 32
2479 0 32
2480 0 31
2481 0 32
2482 0 31
2483 0 32
2484 0 32
2485 0 32
2486 0 31
2487 0 32
2488 0 31
2489 0 31
2490 0 32
2491 0 31
2492 0 31
2493 0 31
2494 0 31
2495 0 31
2496 0 31
2497 0 31
2498 0 33
2499 0 32
2500 0 32
2501 0 33
2502 0 32
2503 0 32
2504 0 32
2505 0 32
2506 0 32
2507 0 31
2508 0 32
2509 0 32
2510 0 32
2511 0 31
2512 0 33
2513 0 32
2514 0 32
2515 0 33
2516 0 32
2517 0 32
2518 0 32
2519 0 32
2520 0 32
2521 0 31
2522 0 32
2523 0 32
2524 0 32
2525 0 31
2526 0 32
2527 0 31
2528 0 32
2529 0 32
2530 0 32
2531 0 31
2532 0 32
2533 0 32
2534 0 31
2535 0 32
2536 0 32
2537 0 32
2538 0 32
2539 0 31
2540 0 32
2541 0 32
2542 0 31
2543 0 31
2544 0 31
2545 0 31
2546 0 31
2547 0 32
2548 0 32
2549 0 32
2550 0 31
2551 0 32
2552 0 31
2553 0 32
2554 0 32
2555 0 32
2556 0 31
2557 0 32
2558 0 31
2559 0 31
2560 0 32
2561 0 31
2562 0 31
2563 0 31
2564 0 31
2565 0 31
2566 0 31
2567 0 30
2568 0 33
2569 0 32
2570 0 32
2571 0 33
2572 0 32
2573 0 32
2574 0 32
2575 0 32
2576 0 32
2577 0 31
2578 0 32
2579 0 32
2580 0 32
2581 0 31
2582 0 33
2583 0 32
2584 0 32
2585 0 33
2586 0 32
2587 0 32
2588 0 32
2589 0 32
2590 0 32
2591 0 31
2592 0 32
2593 0 32
2594 0 32
2595 0 32
2596 0 32
2597 0 32
2598 0 32
2599 0 32
2600 0 33
2601 0 32
2602 0 32
2603 0 32
2604 0 31
2605 0 32
2606 0 32
2607 0 32
2608 0 32
2609 0 31
2610 0 32
2611 0 32
2612 0 31
2613 0 31
2614 0 31
2615 0 31
2616 0 31
2617 0 32
2618 0 32
2619 0 32
2620 0 31
2621 0 32
2622 0 31
2623 0 32
2624 0 32
2625 0 32
2626 0 31
2627 0 32
2628 0 32
2629 0 31
2630 0 32
2631 0 32
2632 0 32
2633 0 32
2634 0 32
2635 0 32
2636 0 31
2637 0 30
2638 0 32
2639 0 32
2640 0 32
2641 0 32
2642 0 32
2643 0 31
2644 0 32
2645 0 31
2646 0 31
2647 0 30
2648 0 32
2649 0 32
2650 0 32
2651 0 31
2652 0 32
2653 0 31
2654 0 32
2655 0 32
2656 0 32
2657 0 31
2658 0 32
2659 0 32
2660 0 31
2661 0 32
2662 0 32
2663 0 32
2664 0 32
2665 0 32
2666 0 32
2667 0 31
2668 0 30
2669 0 32
2670 0 32
2671 0 32
2672 0 31
2673 0 32
2674 0 31
2675 0 32
2676 0 32
2677 0 32
2678 0 31
2679 0 32
2680 0 32
2681 0 31
2682 0 32
2683 0 32
2684 0 32
2685 0 32
2686 0 32
2687 0 32
2688 0 31
2689 0 30
2690 0 32
2691 0 32
2692 0 32
2693 0 32
2694 0 32
2695 0 31
2696 0 32
2697 0 31
2698 0 31
2699 0 30
2700 0 32
2701 0 32
2702 0 32
2703 0 31
2704 0 32
2705 0 31
2706 0 32
2707 0 32
2708 0 32
2709 0 31
2710 0 32
2711 0 32
2712 0 31
2713 0 32
2714 0 32
2715 0 32
2716 0 32
2717 0 32
2718 0 32
2719 0 31
2720 0 30
2721 0 32
2722 0 31
2723 0 31
2724 0 32
2725 0 31
2726 0 31
2727 0 32
2728 0 31
2729 0 31
2730 0 30
2731 0 32
2732 0 32
2733 0 31
2734 0 30
2735 0 32
2736 0 31
2737 0 31
2738 0 32
2739 0 31
2740 0 31
2741 0 32
2742 0 31
2743 0 31
2744 0 30
2745 0 31
2746 0 31
2747 0 31
2748 0 30
2749 0 31
2750 0 30
2751 0 31
2752 0 31
2753 0 31
2754 0 30
2755 0 31
2756 0 31
2757 0 31
2758 0 30
2759 0 31
2760 0 30
2761 0 31
2762 0 31
2763 0 31
2764 0 30
2765 0 31
2766 0 30
2767 0 30
2768 0 32
2769 0 30
2770 0 31
2771 0 31
2772 0 31
2773 0 31
2774 0 31
2775 0 30
2776 0 33
2777 0 32
2778 0 32
2779 0 33
2780 0 32
2781 0 32
2782 0 32
2783 0 32
2784 0 32
2785 0 31
2786 0 32
2787 0 32
2788 0 32
2789 0 31
2790 0 33
2791 0 32
2792 0 32
2793 0 33
2794 0 32
2795 0 32
2796 0 32
2797 0 32
2798 0 32
2799 0 31
2800 0 32
2801 0 32
2802 0 32
2803 0 32
2804 0 32
2805 0 32
2806 0 32
2807 0 32
2808 0 33
2809 0 32
2810 0 32
2811 0 32
2812 0 31
2813 0 32
2814 0 32
2815 0 32
2816 0 32
2817 0 31
2818 0 32
2819 0 32
2820 0 31
2821 0 31
2822 0 31
2823 0 31
2824 0 31
2825 0 32
2826 0 32
2827 0 33
2828 0 32
2829 0 33
2830 0 32
2831 0 32
2832 0 32
2833 0 33
2834 0 32
2835 0 32
2836 0 32
2837 0 31
2838 0 32
2839 0 32
2840 0 31
2841 0 31
2842 0 31
2843 0 31
2844 0 31
2845 0 30
2846 0 33
2847 0 32
2848 0 32
2849 0 33
2850 0 32
2851 0 32
2852 0 32
2853 0 32
2854 0 32
2855 0 31
2856 0 32
2857 0 32
2858 0 32
2859 0 31
2860 0 33
2861 0 32
2862 0 32
2863 0 33
2864 0 32
2865 0 32
2866 0 32
2867 0 32
2868 0 32
2869 0 31
2870 0 32
2871 0 32
2872 0 32
2873 0 32
2874 0 32
2875 0 32
2876 0 32
2877 0 32
2878 0 33
2879 0 32
2880 0 32
2881 0 32
2882 0 31
2883 0 32
2884 0 32
2885 0 32
2886 0 32
2887 0 31
2888 0 32
2889 0 32
2890 0 31
2891 0 31
2892 0 31
2893 0 31
2894 0 31
2895 0 32
2896 0 32
2897 0 32
2898 0 31
2899 0 32
2900 0 31
2901 0 32
2902 0 32
2903 0 32
2904 0 31
2905 0 32
2906 0 31
2907 0 31
2908 0 32
2909 0 31
2910 0 31
2911 0 31
2912 0 31
2913 0 31
2914 0 31
2915 0 30
2916 0 32
2917 0 31
2918 0 31
2919 0 32
2920 0 31
2921 0 31
2922 0 31
2923 0 31
2924 0 31
2925 0 30
2926 0 32
2927 0 32
2928 0 32
2929 0 31
2930 0 32
2931 0 31
2932 0 32
2933 0 32
2934 0 32
2935 0 31
2936 0 32
2937 0 32
2938 0 31
2939 0 32
2940 0 32
2941 0 31
2942 0 31
2943 0 31
2944 0 31
2945 0 31
2946 0 30
2947 0 32
2948 0 31
2949 0 31
2950 0 32
2951 0 31
2952 0 31
2953 0 32
2954 0 31
2955 0 31
2956 0 30
2957 0 32
2958 0 32
2959 0 31
2960 0 30
2961 0 32
2962 0 31
2963 0 31
2964 0 32
2965 0 31
2966 0 31
2967 0 32
2968 0 31
2969 0 31
2970 0 30
2971 0 32
2972 0 31
2973 0 31
2974 0 32
2975 0 31
2976 0 31
2977 0 32
2978 0 31
2979 0 31
2980 0 30
2981 0 32
2982 0 32
2983 0 31
2984 0 30
2985 0 32
2986 0 31
2987 0 31
2988 0 32
2989 0 31
2990 0 31
2991 0 32
2992 0 31
2993 0 31
2994 0 30
2995 0 31
2996 0 31
2997 0 31
2998 0 30
2999 0 31
3000 0 30
3001 0 31
3002 0 31
3003 0 31
3004 0 30
3005 0 31
3006 0 30
3007 0 30
3008 0 31
3009 0 30
3010 0 31
3011 0 30
3012 0 30
3013 0 31
3014 0 30
3015 0 30
3016 0 30
3017 0 31
3018 0 31
3019 0 30
3020 0 33
3021 0 33
3022 0 33
3023 0 32
3024 0 33
3025 0 32
3026 0 33
3027 0 33
3028 0 33
3029 0 32
3030 0 33
3031 0 32
3032 0 32
3033 0 33
3034 0 32
3035 0 32
3036 0 32
3037 0 32
3038 0 32
3039 0 32
3040 0 32
3041 0 33
3042 0 32
3043 0 32
3044 0 33
3045 0 32
3046 0 32
3047 0 32
3048 0 32
3049 0 32
3050 0 31
3051 0 33
3052 0 33
3053 0 33
3054 0 32
3055 0 33
3056 0 32
3057 0 33
3058 0 33
3059 0 33
3060 0 32
3061 0 33
3062 0 32
3063 0 32
3064 0 33
3065 0 32
3066 0 32
3067 0 32
3068 0 32
3069 0 32
3070 0 32
3071 0 32
3072 0 33
3073 0 32
3074 0 32
3075 0 33
3076 0 32
3077 0 32
3078 0 32
3079 0 32
3080 0 32
3081 0 31
3082 0 32
3083 0 32
3084 0 32
3085 0 31
3086 0 33
3087 0 32
3088 0 32
3089 0 33
3090 0 32
3091 0 32
3092 0 33
3093 0 32
3094 0 32
3095 0 31
3096 0 32
3097 0 32
3098 0 32
3099 0 31
3100 0 32
3101 0 31
3102 0 32
3103 0 32
3104 0 32
3105 0 31
3106 0 32
3107 0 32
3108 0 32
3109 0 31
3110 0 32
3111 0 31
3112 0 32
3113 0 32
3114 0 32
3115 0 31
3116 0 32
3117 0 31
3118 0 31
3119 0 32
3120 0 31
3121 0 31
3122 0 31
3123 0 31
3124 0 31
3125 0 31
3126 0 31
3127 0 33
3128 0 32
3129 0 32
3130 0 33
3131 0 32
3132 0 32
3133 0 33
3134 0 32
3135 0 32
3136 0 31
3137 0 33
3138 0 33
3139 0 32
3140 0 31
3141 0 33
3142 0 32
3143 0 32
3144 0 33
3145 0 32
3146 0 32
3147 0 33
3148 0 32
3149 0 32
3150 0 31
3151 0 32
3152 0 32
3153 0 32
3154 0 31
3155 0 32
3156 0 31
3157 0 32
3158 0 32
3159 0 32
3160 0 31
3161 0 32
3162 0 31
3163 0 31
3164 0 32
3165 0 31
3166 0 32
3167 0 31
3168 0 31
3169 0 32
3170 0 31
3171 0 31
3172 0 31
3173 0 32
3174 0 32
3175 0 31
3176 0 33
3177 0 33
3178 0 33
3179 0 32
3180 0 33
3181 0 32
3182 0 33
3183 0 33
3184 0 33
3185 0 32
3186 0 33
3187 0 32
3188 0 32
3189 0 33
3190 0 32
3191 0 32
3192 0 32
3193 0 32
3194 0 32
3195 0 32
3196 0 32
3197 0 33
3198 0 32
3199 0 32
3200 0 33
3201 0 32
3202 0 32
3203 0 32
3204 0 32
3205 0 32
3206 0 32
3207 0 33
3208 0 33
3209 0 33
3210 0 32
3211 0 33
3212 0 32
3213 0 33
3214 0 33
3215 0 33
3216 0 32
3217 0 33
3218 0 32
3219 0 32
3220 0 33
3221 0 32
3222 0 32
3223 0 32
3224 0 32
3225 0 32
3226 0 32
3227 0 32
3228 0 33
3229 0 32
3230 0 32
3231 0 33
3232 0 32
3233 0 32
3234 0 32
3235 0 32
3236 0 32
3237 0 31
3238 0 32
3239 0 32
3240 0 32
3241 0 31
3242 0 33
3243 0 32
3244 0 32
3245 0 33
3246 0 32
3247 0 32
3248 0 33
3249 0 32
3250 0 32
3251 0 31
3252 0 32
3253 0 32
3254 0 32
3255 0 31
3256 0 32
3257 0 31
3258 0 32
3259 0 32
3260 0 32
3261 0 31
3262 0 32
3263 0 32
3264 0 32
3265 0 31
3266 0 32
3267 0 31
3268 0 32
3269 0 32
3270 0 32
3271 0 31
3272 0 32
3273 0 31
3274 0 31
3275 0 32
3276 0 31
3277 0 31
3278 0 31
3279 0 31
3280 0 31
3281 0 31
3282 0 31
3283 0 33
3284 0 32
3285 0 32
3286 0 33
3287 0 32
3288 0 32
3289 0 33
3290 0 32
3291 0 32
3292 0 31
3293 0 33
3294 0 33
3295 0 32
3296 0 31
3297 0 33
3298 0 32
3299 0 32
3300 0 33
3301 0 32
3302 0 32
3303 0 33
3304 0 32
3305 0 32
3306 0 31
3307 0 32
3308 0 32
3309 0 32
3310 0 31
3311 0 32
3312 0 31
3313 0 32
3314 0 32
3315 0 32
3316 0 31
3317 0 32
3318 0 32
3319 0 32
3320 0 32
3321 0 32
3322 0 32
3323 0 32
3324 0 32
3325 0 32
3326 0 32
3327 0 32
3328 0 32
3329 0 31
3330 0 31
3331 0 31
3332 0 32
3333 0 32
3334 0 32
3335 0 31
3336 0 32
3337 0 31
3338 0 32
3339 0 32
3340 0 32
3341 0 31
3342 0 32
3343 0 31
3344 0 31
3345 0 32
3346 0 31
3347 0 32
3348 0 32
3349 0 32
3350 0 32
3351 0 31
3352 0 30
3353 0 33
3354 0 32
3355 0 32
3356 0 33
3357 0 32
3358 0 32
3359 0 33
3360 0 32
3361 0 32
3362 0 31
3363 0 33
3364 0 33
3365 0 32
3366 0 31
3367 0 33
3368 0 32
3369 0 32
3370 0 33
3371 0 32
3372 0 32
3373 0 33
3374 0 32
3375 0 32
3376 0 31
3377 0 33
3378 0 33
3379 0 32
3380 0 32
3381 0 32
3382 0 32
3383 0 33
3384 0 33
3385 0 33
3386 0 32
3387 0 32
3388 0 32
3389 0 32
3390 0 32
3391 0 32
3392 0 32
3393 0 32
3394 0 32
3395 0 32
3396 0 32
3397 0 32
3398 0 32
3399 0 31
3400 0 31
3401 0 31
3402 0 32
3403 0 32
3404 0 32
3405 0 31
3406 0 32
3407 0 31
3408 0 32
3409 0 32
3410 0 32
3411 0 31
3412 0 32
3413 0 32
3414 0 31
3415 0 32
3416 0 32
3417 0 32
3418 0 32
3419 0 32
3420 0 32
3421 0 31
3422 0 30
3423 0 32
3424 0 32
3425 0 32
3426 0 32
3427 0 32
3428 0 31
3429 0 32
3430 0 31
3431 0 31
3432 0 30
3433 0 32
3434 0 32
3435 0 32
3436 0 31
3437 0 32
3438 0 31
3439 0 32
3440 0 32
3441 0 32
3442 0 31
3443 0 32
3444 0 32
3445 0 31
3446 0 32
3447 0 32
3448 0 32
3449 0 32
3450 0 32
3451 0 32
3452 0 31
3453 0 30
3454 0 32
3455 0 32
3456 0 32
3457 0 31
3458 0 32
3459 0 31
3460 0 32
3461 0 32
3462 0 32
3463 0 31
3464 0 32
3465 0 32
3466 0 31
3467 0 32
3468 0 32
3469 0 32
3470 0 32
3471 0 32
3472 0 32
3473 0 31
3474 0 30
3475 0 32
3476 0 32
3477 0 32
3478 0 32
3479 0 32
3480 0 31
3481 0 32
3482 0 31
3483 0 31
3484 0 30
3485 0 32
3486 0 32
3487 0 32
3488 0 31
3489 0 32
3490 0 31
3491 0 32
3492 0 32
3493 0 32
3494 0 31
3495 0 32
3496 0 32
3497 0 31
3498 0 32
3499 0 32
3500 0 32
3501 0 32
3502 0 32
3503 0 32
3504 0 31
3505 0 30
3506 0 32
3507 0 31
3508 0 31
3509 0 32
3510 0 31
3511 0 31
3512 0 32
3513 0 31
3514 0 31
3515 0 30
3516 0 32
3517 0 32
3518 0 31
3519 0 30
3520 0 32
3521 0 31
3522 0 31
3523 0 32
3524 0 31
3525 0 31
3526 0 32
3527 0 31
3528 0 31
3529 0 30
3530 0 31
3531 0 31
3532 0 31
3533 0 30
3534 0 31
3535 0 30
3536 0 31
3537 0 31
3538 0 31
3539 0 30
3540 0 31
3541 0 31
3542 0 31
3543 0 30
3544 0 31
3545 0 30
3546 0 31
3547 0 31
3548 0 31
3549 0 30
3550 0 31
3551 0 30
3552 0 30
3553 0 32
3554 0 30
3555 0 31
3556 0 31
3557 0 31
3558 0 31
3559 0 31
3560 0 30
3561 0 33
3562 0 32
3563 0 33
3564 0 32
3565 0 32
3566 0 32
3567 0 32
3568 0 32
3569 0 32
3570 0 32
3571 0 31
3572 0 33
3573 0 32
3574 0 33
3575 0 32
3576 0 32
3577 0 32
3578 0 32
3579 0 32
3580 0 32
3581 0 32
3582 0 31
3583 0 32
3584 0 32
3585 0 32
3586 0 32
3587 0 31
3588 0 32
3589 0 31
3590 0 32
3591 0 32
3592 0 31
3593 0 32
3594 0 31
3595 0 31
3596 0 31
3597 0 31
3598 0 32
3599 0 32
3600 0 32
3601 0 31
3602 0 33
3603 0 32
3604 0 32
3605 0 32
3606 0 31
3607 0 32
3608 0 31
3609 0 32
3610 0 31
3611 0 31
3612 0 31
3613 0 31
3614 0 31
3615 0 31
3616 0 33
3617 0 32
3618 0 33
3619 0 32
3620 0 32
3621 0 32
3622 0 32
3623 0 32
3624 0 32
3625 0 32
3626 0 32
3627 0 33
3628 0 32
3629 0 33
3630 0 32
3631 0 32
3632 0 32
3633 0 32
3634 0 32
3635 0 32
3636 0 32
3637 0 31
3638 0 32
3639 0 32
3640 0 32
3641 0 32
3642 0 31
3643 0 32
3644 0 31
3645 0 32
3646 0 32
3647 0 31
3648 0 32
3649 0 31
3650 0 31
3651 0 31
3652 0 31
3653 0 32
3654 0 32
3655 0 32
3656 0 31
3657 0 32
3658 0 32
3659 0 32
3660 0 32
3661 0 31
3662 0 32
3663 0 31
3664 0 32
3665 0 32
3666 0 32
3667 0 32
3668 0 32
3669 0 31
3670 0 31
3671 0 32
3672 0 31
3673 0 32
3674 0 31
3675 0 31
3676 0 31
3677 0 31
3678 0 32
3679 0 32
3680 0 32
3681 0 31
3682 0 32
3683 0 32
3684 0 32
3685 0 32
3686 0 31
3687 0 32
3688 0 32
3689 0 32
3690 0 32
3691 0 32
3692 0 32
3693 0 32
3694 0 31
3695 0 31
3696 0 32
3697 0 31
3698 0 32
3699 0 32
3700 0 32
3701 0 32
3702 0 32
3703 0 32
3704 0 32
3705 0 31
3706 0 30
3707 0 32
3708 0 31
3709 0 32
3710 0 32
3711 0 32
3712 0 32
3713 0 32
3714 0 32
3715 0 31
3716 0 32
3717 0 32
3718 0 32
3719 0 32
3720 0 32
3721 0 32
3722 0 32
3723 0 31
3724 0 30
3725 0 32
3726 0 31
3727 0 32
3728 0 32
3729 0 32
3730 0 32
3731 0 32
3732 0 31
3733 0 31
3734 0 31
3735 0 30
3736 0 32
3737 0 31
3738 0 31
3739 0 31
3740 0 30
3741 0 31
3742 0 30
3743 0 31
3744 0 31
3745 0 30
3746 0 31
3747 0 30
3748 0 30
3749 0 31
3750 0 31
3751 0 32
3752 0 32
3753 0 32
3754 0 31
3755 0 32
3756 0 32
3757 0 32
3758 0 32
3759 0 31
3760 0 32
3761 0 32
3762 0 32
3763 0 32
3764 0 32
3765 0 32
3766 0 32
3767 0 31
3768 0 31
3769 0 32
3770 0 32
3771 0 32
3772 0 32
3773 0 32
3774 0 31
3775 0 31
3776 0 32
3777 0 32
3778 0 32
3779 0 31
3780 0 32
3781 0 32
3782 0 32
3783 0 32
3784 0 31
3785 0 32
3786 0 32
3787 0 32
3788 0 32
3789 0 32
3790 0 32
3791 0 32
3792 0 31
3793 0 31
3794 0 32
3795 0 31
3796 0 32
3797 0 31
3798 0 31
3799 0 31
3800 0 31
3801 0 31
3802 0 31
3803 0 31
3804 0 30
3805 0 32
3806 0 31
3807 0 32
3808 0 32
3809 0 32
3810 0 31
3811 0 31
3812 0 31
3813 0 31
3814 0 31
3815 0 30
3816 0 32
3817 0 31
3818 0 31
3819 0 31
3820 0 30
3821 0 31
3822 0 31
3823 0 31
3824 0 30
3825 0 32
3826 0 31
3827 0 31
3828 0 31
3829 0 30
3830 0 31
3831 0 30
3832 0 31
3833 0 30
3834 0 30
3835 0 30
3836 0 30
3837 0 30
3838 0 30
3839 0 33
3840 0 32
3841 0 33
3842 0 32
3843 0 32
3844 0 32
3845 0 32
3846 0 32
3847 0 32
3848 0 32
3849 0 31
3850 0 33
3851 0 32
3852 0 33
3853 0 32
3854 0 32
3855 0 32
3856 0 32
3857 0 32
3858 0 32
3859 0 32
3860 0 31
3861 0 32
3862 0 32
3863 0 32
3864 0 32
3865 0 31
3866 0 32
3867 0 31
3868 0 32
3869 0 32
3870 0 31
3871 0 32
3872 0 31
3873 0 31
3874 0 31
3875 0 31
3876 0 32
3877 0 32
3878 0 32
3879 0 31
3880 0 33
3881 0 32
3882 0 32
3883 0 32
3884 0 31
3885 0 32
3886 0 31
3887 0 32
3888 0 31
3889 0 31
3890 0 31
3891 0 31
3892 0 31
3893 0 31
3894 0 33
3895 0 32
3896 0 33
3897 0 32
3898 0 32
3899 0 32
3900 0 32
3901 0 32
3902 0 32
3903 0 32
3904 0 32
3905 0 33
3906 0 32
3907 0 33
3908 0 32
3909 0 32
3910 0 32
3911 0 32
3912 0 32
3913 0 32
3914 0 32
3915 0 31
3916 0 32
3917 0 32
3918 0 32
3919 0 32
3920 0 31
3921 0 32
3922 0 31
3923 0 32
3924 0 32
3925 0 31
3926 0 32
3927 0 31
3928 0 31
3929 0 31
3930 0 31
3931 0 32
3932 0 32
3933 0 32
3934 0 31
3935 0 33
3936 0 32
3937 0 32
3938 0 32
3939 0 31
3940 0 32
3941 0 31
3942 0 32
3943 0 32
3944 0 32
3945 0 32
3946 0 32
3947 0 32
3948 0 31
3949 0 32
3950 0 31
3951 0 32
3952 0 31
3953 0 31
3954 0 32
3955 0 32
3956 0 32
3957 0 32
3958 0 32
3959 0 31
3960 0 33
3961 0 32
3962 0 32
3963 0 32
3964 0 31
3965 0 33
3966 0 32
3967 0 33
3968 0 32
3969 0 32
3970 0 32
3971 0 32
3972 0 32
3973 0 31
3974 0 32
3975 0 31
3976 0 32
3977 0 32
3978 0 32
3979 0 32
3980 0 32
3981 0 32
3982 0 32
3983 0 31
3984 0 30
3985 0 32
3986 0 31
3987 0 32
3988 0 32
3989 0 32
3990 0 32
3991 0 32
3992 0 32
3993 0 31
3994 0 32
3995 0 32
3996 0 32
3997 0 32
3998 0 32
3999 0 32
4000 0 32
4001 0 31
4002 0 30
4003 0 32
4004 0 31
4005 0 32
4006 0 32
4007 0 32
4008 0 32
4009 0 32
4010 0 31
4011 0 31
4012 0 31
4013 0 30
4014 0 32
4015 0 31
4016 0 31
4017 0 31
4018 0 30
4019 0 31
4020 0 30
4021 0 31
4022 0 31
4023 0 30
4024 0 31
4025 0 30
4026 0 30
4027 0 31
4028 0 31
4029 0 32
4030 0 32
4031 0 32
4032 0 32
4033 0 32
4034 0 31
4035 0 32
4036 0 32
4037 0 31
4038 0 31
4039 0 32
4040 0 32
4041 0 32
4042 0 32
4043 0 32
4044 0 31
4045 0 32
4046 0 32
4047 0 32
4048 0 32
4049 0 31
4050 0 32
4051 0 32
4052 0 32
4053 0 32
4054 0 32
4055 0 32
4056 0 32
4057 0 32
4058 0 32
4059 0 32
4060 0 31
4061 0 31
4062 0 30
4063 0 32
4064 0 32
4065 0 32
4066 0 32
4067 0 32
4068 0 32
4069 0 32
4070 0 32
4071 0 32
4072 0 31
4073 0 31
4074 0 32
4075 0 31
4076 0 31
4077 0 31
4078 0 31
4079 0 30
4080 0 30
4081 0 32
4082 0 32
4083 0 32
4084 0 32
4085 0 32
4086 0 31
4087 0 32
4088 0 32
4089 0 31
4090 0 31
4091 0 32
4092 0 32
4093 0 32
4094 0 32
4095 0 32
4096 0 31
4097 0 32
4098 0 32
4099 0 32
4100 0 32
4101 0 31
4102 0 32
4103 0 32
4104 0 32
4105 0 32
4106 0 32
4107 0 32
4108 0 32
4109 0 32
4110 0 32
4111 0 32
4112 0 31
4113 0 31
4114 0 30
4115 0 32
4116 0 32
4117 0 32
4118 0 32
4119 0 32
4120 0 31
4121 0 32
4122 0 32
4123 0 31
4124 0 31
4125 0 32
4126 0 32
4127 0 32
4128 0 32
4129 0 32
4130 0 31
4131 0 32
4132 0 32
4133 0 32
4134 0 32
4135 0 31
4136 0 32
4137 0 32
4138 0 32
4139 0 32
4140 0 32
4141 0 32
4142 0 32
4143 0 32
4144 0 32
4145 0 32
4146 0 31
4147 0 31
4148 0 30
4149 0 32
4150 0 32
4151 0 32
4152 0 32
4153 0 32
4154 0 32
4155 0 32
4156 0 32
4157 0 32
4158 0 31
4159 0 31
4160 0 32
4161 0 31
4162 0 31
4163 0 31
4164 0 31
4165 0 30
4166 0 30
4167 0 32
4168 0 32
4169 0 32
4170 0 32
4171 0 32
4172 0 31
4173 0 32
4174 0 32
4175 0 31
4176 0 31
4177 0 32
4178 0 32
4179 0 32
4180 0 32
4181 0 32
4182 0 31
4183 0 32
4184 0 32
4185 0 32
4186 0 32
4187 0 31
4188 0 32
4189 0 32
4190 0 32
4191 0 32
4192 0 32
4193 0 32
4194 0 32
4195 0 32
4196 0 32
4197 0 32
4198 0 31
4199 0 31
4200 0 30
4201 0 32
4202 0 32
4203 0 31
4204 0 31
4205 0 31
4206 0 32
4207 0 32
4208 0 31
4209 0 31
4210 0 31
4211 0 31
4212 0 32
4213 0 31
4214 0 31
4215 0 31
4216 0 31
4217 0 30
4218 0 30
4219 0 32
4220 0 32
4221 0 32
4222 0 31
4223 0 31
4224 0 30
4225 0 32
4226 0 32
4227 0 31
4228 0 31
4229 0 31
4230 0 32
4231 0 32
4232 0 31
4233 0 31
4234 0 31
4235 0 31
4236 0 32
4237 0 31
4238 0 31
4239 0 31
4240 0 31
4241 0 30
4242 0 30
4243 0 31
4244 0 31
4245 0 31
4246 0 31
4247 0 31
4248 0 30
4249 0 31
4250 0 31
4251 0 30
4252 0 30
4253 0 31
4254 0 31
4255 0 31
4256 0 31
4257 0 31
4258 0 30
4259 0 31
4260 0 31
4261 0 31
4262 0 31
4263 0 31
4264 0 30
4265 0 31
4266 0 31
4267 0 30
4268 0 30
4269 0 31
4270 0 31
4271 0 31
4272 0 31
4273 0 31
4274 0 30
4275 0 31
4276 0 31
4277 0 30
4278 0 30
4279 0 30
4280 0 32
4281 0 32
4282 0 30
4283 0 30
4284 0 31
4285 0 31
4286 0 31
4287 0 31
4288 0 31
4289 0 31
4290 0 31
4291 0 31
4292 0 30
4293 0 33
4294 0 32
4295 0 33
4296 0 32
4297 0 32
4298 0 32
4299 0 32
4300 0 32
4301 0 32
4302 0 32
4303 0 31
4304 0 33
4305 0 32
4306 0 33
4307 0 32
4308 0 32
4309 0 32
4310 0 32
4311 0 32
4312 0 32
4313 0 32
4314 0 31
4315 0 32
4316 0 32
4317 0 32
4318 0 32
4319 0 31
4320 0 32
4321 0 31
4322 0 32
4323 0 32
4324 0 31
4325 0 32
4326 0 31
4327 0 31
4328 0 31
4329 0 31
4330 0 32
4331 0 32
4332 0 32
4333 0 31
4334 0 33
4335 0 32
4336 0 32
4337 0 32
4338 0 31
4339 0 32
4340 0 31
4341 0 32
4342 0 31
4343 0 31
4344 0 31
4345 0 31
4346 0 31
4347 0 31
4348 0 33
4349 0 32
4350 0 33
4351 0 32
4352 0 32
4353 0 32
4354 0 32
4355 0 32
4356 0 32
4357 0 32
4358 0 32
4359 0 33
4360 0 32
4361 0 33
4362 0 32
4363 0 32
4364 0 32
4365 0 32
4366 0 32
4367 0 32
4368 0 32
4369 0 31
4370 0 32
4371 0 32
4372 0 32
4373 0 32
4374 0 31
4375 0 32
4376 0 31
4377 0 32
4378 0 32
4379 0 31
4380 0 32
4381 0 31
4382 0 31
4383 0 31
4384 0 31
4385 0 32
4386 0 32
4387 0 32
4388 0 31
4389 0 33
4390 0 32
4391 0 32
4392 0 32
4393 0 31
4394 0 32
4395 0 31
4396 0 32
4397 0 32
4398 0 32
4399 0 32
4400 0 32
4401 0 32
4402 0 31
4403 0 32
4404 0 31
4405 0 32
4406 0 31
4407 0 31
4408 0 32
4409 0 32
4410 0 32
4411 0 32
4412 0 32
4413 0 31
4414 0 33
4415 0 32
4416 0 32
4417 0 32
4418 0 31
4419 0 33
4420 0 32
4421 0 33
4422 0 32
4423 0 32
4424 0 32
4425 0 32
4426 0 32
4427 0 31
4428 0 32
4429 0 31
4430 0 32
4431 0 32
4432 0 32
4433 0 32
4434 0 32
4435 0 32
4436 0 32
4437 0 31
4438 0 30
4439 0 32
4440 0 31
4441 0 32
4442 0 32
4443 0 32
4444 0 32
4445 0 32
4446 0 32
4447 0 31
4448 0 32
4449 0 32
4450 0 32
4451 0 32
4452 0 32
4453 0 32
4454 0 32
4455 0 31
4456 0 30
4457 0 32
4458 0 31
4459 0 32
4460 0 32
4461 0 32
4462 0 32
4463 0 32
4464 0 31
4465 0 31
4466 0 31
4467 0 30
4468 0 32
4469 0 31
4470 0 31
4471 0 31
4472 0 30
4473 0 31
4474 0 30
4475 0 31
4476 0 31
4477 0 30
4478 0 31
4479 0 30
4480 0 30
4481 0 31
4482 0 31
4483 0 32
4484 0 32
4485 0 32
4486 0 31
4487 0 33
4488 0 32
4489 0 32
4490 0 32
4491 0 31
4492 0 33
4493 0 32
4494 0 33
4495 0 32
4496 0 32
4497 0 32
4498 0 32
4499 0 32
4500 0 31
4501 0 33
4502 0 32
4503 0 33
4504 0 32
4505 0 32
4506 0 32
4507 0 32
4508 0 32
4509 0 32
4510 0 32
4511 0 31
4512 0 33
4513 0 32
4514 0 32
4515 0 32
4516 0 31
4517 0 33
4518 0 32
4519 0 33
4520 0 32
4521 0 32
4522 0 32
4523 0 32
4524 0 32
4525 0 31
4526 0 32
4527 0 31
4528 0 32
4529 0 31
4530 0 31
4531 0 32
4532 0 32
4533 0 31
4534 0 31
4535 0 31
4536 0 30
4537 0 32
4538 0 31
4539 0 32
4540 0 32
4541 0 32
4542 0 32
4543 0 32
4544 0 31
4545 0 31
4546 0 31
4547 0 30
4548 0 32
4549 0 31
4550 0 31
4551 0 31
4552 0 30
4553 0 31
4554 0 31
4555 0 31
4556 0 30
4557 0 32
4558 0 31
4559 0 31
4560 0 31
4561 0 30
4562 0 31
4563 0 30
4564 0 31
4565 0 30
4566 0 30
4567 0 30
4568 0 30
4569 0 30
4570 0 30
4571 0 33
4572 0 32
4573 0 33
4574 0 32
4575 0 32
4576 0 32
4577 0 32
4578 0 32
4579 0 32
4580 0 32
4581 0 31
4582 0 33
4583 0 32
4584 0 33
4585 0 32
4586 0 32
4587 0 32
4588 0 32
4589 0 32
4590 0 32
4591 0 32
4592 0 31
4593 0 32
4594 0 32
4595 0 32
4596 0 32
4597 0 31
4598 0 32
4599 0 31
4600 0 32
4601 0 32
4602 0 31
4603 0 32
4604 0 31
4605 0 31
4606 0 31
4607 0 31
4608 0 32
4609 0 32
4610 0 32
4611 0 31
4612 0 33
4613 0 32
4614 0 32
4615 0 32
4616 0 31
4617 0 32
4618 0 31
4619 0 32
4620 0 31
4621 0 31
4622 0 31
4623 0 31
4624 0 31
4625 0 31
4626 0 33
4627 0 32
4628 0 33
4629 0 32
4630 0 32
4631 0 32
4632 0 32
4633 0 32
4634 0 32
4635 0 32
4636 0 32
4637 0 33
4638 0 32
4639 0 33
4640 0 32
4641 0 32
4642 0 32
4643 0 32
4644 0 32
4645 0 32
4646 0 32
4647 0 31
4648 0 32
4649 0 32
4650 0 32
4651 0 32
4652 0 31
4653 0 32
4654 0 31
4655 0 32
4656 0 32
4657 0 31
4658 0 32
4659 0 31
4660 0 31
4661 0 31
4662 0 31
4663 0 32
4664 0 32
4665 0 32
4666 0 31
4667 0 33
4668 0 32
4669 0 32
4670 0 32
4671 0 31
4672 0 32
4673 0 31
4674 0 32
4675 0 32
4676 0 32
4677 0 32
4678 0 32
4679 0 32
4680 0 31
4681 0 32
4682 0 31
4683 0 32
4684 0 31
4685 0 31
4686 0 32
4687 0 32
4688 0 32
4689 0 32
4690 0 32
4691 0 31
4692 0 33
4693 0 32
4694 0 32
4695 0 32
4696 0 31
4697 0 33
4698 0 32
4699 0 33
4700 0 32
4701 0 32
4702 0 32
4703 0 32
4704 0 32
4705 0 31
4706 0 32
4707 0 31
4708 0 32
4709 0 32
4710 0 32
4711 0 32
4712 0 32
4713 0 32
4714 0 32
4715 0 31
4716 0 30
4717 0 32
4718 0 31
4719 0 32
4720 0 32
4721 0 32
4722 0 32
4723 0 32
4724 0 32
4725 0 31
4726 0 32
4727 0 32
4728 0 32
4729 0 32
4730 0 32
4731 0 32
4732 0 32
4733 0 31
4734 0 30
4735 0 32
4736 0 31
4737 0 32
4738 0 32
4739 0 32
4740 0 32
4741 0 32
4742 0 31
4743 0 31
4744 0 31
4745 0 30
4746 0 32
4747 0 31
4748 0 31
4749 0 31
4750 0 30
4751 0 31
4752 0 30
4753 0 31
4754 0 31
4755 0 30
4756 0 31
4757 0 30
4758 0 30
4759 0 31
4760 0 31
4761 0 32
4762 0 32
4763 0 32
4764 0 31
4765 0 32
4766 0 32
4767 0 32
4768 0 32
4769 0 31
4770 0 32
4771 0 31
4772 0 32
4773 0 31
4774 0 31
4775 0 31
4776 0 31
4777 0 31
4778 0 31
4779 0 32
4780 0 31
4781 0 32
4782 0 31
4783 0 31
4784 0 31
4785 0 31
4786 0 32
4787 0 32
4788 0 32
4789 0 31
4790 0 32
4791 0 32
4792 0 32
4793 0 32
4794 0 31
4795 0 32
4796 0 31
4797 0 32
4798 0 31
4799 0 31
4800 0 31
4801 0 31
4802 0 31
4803 0 31
4804 0 32
4805 0 31
4806 0 32
4807 0 31
4808 0 31
4809 0 31
4810 0 31
4811 0 31
4812 0 31
4813 0 31
4814 0 30
4815 0 32
4816 0 31
4817 0 32
4818 0 32
4819 0 32
4820 0 31
4821 0 31
4822 0 31
4823 0 31
4824 0 31
4825 0 30
4826 0 32
4827 0 31
4828 0 31
4829 0 31
4830 0 30
4831 0 31
4832 0 31
4833 0 31
4834 0 30
4835 0 32
4836 0 31
4837 0 31
4838 0 31
4839 0 30
4840 0 31
4841 0 30
4842 0 31
4843 0 30
4844 0 30
4845 0 30
4846 0 30
4847 0 30
4848 0 30
4849 0 32
4850 0 31
4851 0 32
4852 0 32
4853 0 32
4854 0 31
4855 0 31
4856 0 32
4857 0 32
4858 0 31
4859 0 30
4860 0 32
4861 0 31
4862 0 32
4863 0 32
4864 0 32
4865 0 31
4866 0 31
4867 0 31
4868 0 31
4869 0 31
4870 0 30
4871 0 31
4872 0 31
4873 0 31
4874 0 31
4875 0 30
4876 0 31
4877 0 30
4878 0 31
4879 0 31
4880 0 30
4881 0 31
4882 0 30
4883 0 30
4884 0 30
4885 0 30
4886 0 32
4887 0 32
4888 0 32
4889 0 32
4890 0 32
4891 0 32
4892 0 32
4893 0 32
4894 0 32
4895 0 32
4896 0 31
4897 0 32
4898 0 31
4899 0 31
4900 0 31
4901 0 31
4902 0 31
4903 0 31
4904 0 32
4905 0 31
4906 0 32
4907 0 31
4908 0 31
4909 0 31
4910 0 31
4911 0 32
4912 0 32
4913 0 32
4914 0 32
4915 0 32
4916 0 32
4917 0 32
4918 0 32
4919 0 32
4920 0 32
4921 0 31
4922 0 32
4923 0 31
4924 0 31
4925 0 31
4926 0 31
4927 0 31
4928 0 31
4929 0 32
4930 0 31
4931 0 32
4932 0 31
4933 0 31
4934 0 32
4935 0 32
4936 0 31
4937 0 31
4938 0 31
4939 0 30
4940 0 32
4941 0 31
4942 0 32
4943 0 32
4944 0 32
4945 0 32
4946 0 32
4947 0 31
4948 0 31
4949 0 31
4950 0 30
4951 0 32
4952 0 31
4953 0 31
4954 0 31
4955 0 30
4956 0 31
4957 0 31
4958 0 31
4959 0 30
4960 0 32
4961 0 31
4962 0 31
4963 0 31
4964 0 30
4965 0 31
4966 0 30
4967 0 31
4968 0 30
4969 0 30
4970 0 30
4971 0 30
4972 0 30
4973 0 30
4974 0 32
4975 0 31
4976 0 32
4977 0 31
4978 0 31
4979 0 31
4980 0 31
4981 0 31
4982 0 31
4983 0 31
4984 0 31
4985 0 32
4986 0 32
4987 0 32
4988 0 31
4989 0 31
4990 0 31
4991 0 31
4992 0 31
4993 0 31
4994 0 31
4995 0 31
4996 0 31
4997 0 31
4998 0 31
4999 0 32
5000 0 31
5001 0 31
5002 0 30
5003 0 31
5004 0 31
5005 0 30
5006 0 31
5007 0 30
5008 0 30
5009 0 30
5010 0 30
5011 0 31
5012 0 31
5013 0 32
5014 0 31
5015 0 32
5016 0 31
5017 0 31
5018 0 32
5019 0 31
5020 0 31
5021 0 30
5022 0 31
5023 0 30
5024 0 30
5025 0 30
5026 0 30
5027 0 30
5028 0 30
5029 0 32
5030 0 31
5031 0 32
5032 0 31
5033 0 31
5034 0 31
5035 0 31
5036 0 31
5037 0 31
5038 0 31
5039 0 31
5040 0 32
5041 0 32
5042 0 32
5043 0 31
5044 0 31
5045 0 31
5046 0 31
5047 0 31
5048 0 31
5049 0 31
5050 0 31
5051 0 31
5052 0 31
5053 0 31
5054 0 32
5055 0 31
5056 0 31
5057 0 30
5058 0 31
5059 0 31
5060 0 30
5061 0 31
5062 0 30
5063 0 30
5064 0 30
5065 0 30
5066 0 32
5067 0 31
5068 0 32
5069 0 31
5070 0 31
5071 0 31
5072 0 31
5073 0 31
5074 0 31
5075 0 31
5076 0 31
5077 0 32
5078 0 32
5079 0 32
5080 0 31
5081 0 31
5082 0 31
5083 0 31
5084 0 31
5085 0 31
5086 0 31
5087 0 31
5088 0 31
5089 0 31
5090 0 31
5091 0 32
5092 0 31
5093 0 31
5094 0 30
5095 0 31
5096 0 31
5097 0 30
5098 0 31
5099 0 30
5100 0 30
5101 0 30
5102 0 30
5103 0 31
5104 0 31
5105 0 32
5106 0 31
5107 0 32
5108 0 31
5109 0 31
5110 0 32
5111 0 31
5112 0 31
5113 0 30
5114 0 31
5115 0 30
5116 0 30
5117 0 30
5118 0 30
5119 0 30
5120 0 30
5121 0 32
5122 0 31
5123 0 32
5124 0 31
5125 0 31
5126 0 31
5127 0 31
5128 0 31
5129 0 31
5130 0 31
5131 0 31
5132 0 32
5133 0 32
5134 0 32
5135 0 31
5136 0 31
5137 0 31
5138 0 31
5139 0 31
5140 0 31
5141 0 31
5142 0 31
5143 0 31
5144 0 31
5145 0 31
5146 0 32
5147 0 31
5148 0 31
5149 0 30
5150 0 31
5151 0 31
5152 0 30
5153 0 31
5154 0 30
5155 0 30
5156 0 30
5157 0 30
5158 0 31
5159 0 31
5160 0 31
5161 0 31
5162 0 31
5163 0 31
5164 0 31
5165 0 31
5166 0 31
5167 0 31
5168 0 30
5169 0 31
5170 0 30
5171 0 30
5172 0 30
5173 0 30
5174 0 30
5175 0 30
5176 0 31
5177 0 30
5178 0 31
5179 0 30
5180 0 30
5181 0 30
5182 0 30
5183 0 32
5184 0 32
5185 0 31
5186 0 31
5187 0 31
5188 0 32
5189 0 32
5190 0 31
5191 0 31
5192 0 31
5193 0 30
5194 0 31
5195 0 30
5196 0 30
5197 0 30
5198 0 30
5199 0 30
5200 0 30
5201 0 31
5202 0 31
5203 0 32
5204 0 31
5205 0 31
5206 0 30
5207 0 30
5208 0 31
5209 0 31
5210 0 30
5211 0 30
5212 0 31
5213 0 31
5214 0 32
5215 0 31
5216 0 31
5217 0 30
5218 0 30
5219 0 31
5220 0 31
5221 0 32
5222 0 31
5223 0 31
5224 0 30
5225 0 30
5226 0 31
5227 0 31
5228 0 30
5229 0 30
5230 0 31
5231 0 31
5232 0 32
5233 0 31
5234 0 31
5235 0 30
5236 0 30
5237 0 31
5238 0 31
5239 0 30
5240 0 30
5241 0 30
5242 0 31
5243 0 31
5244 0 30
5245 0 30
5246 0 31
5247 0 30
5248 0 31
5249 0 31
5250 0 30
5251 0 31
5252 0 30
5253 0 30
5254 0 30
5255 0 30
5256 0 33
5257 0 33
5258 0 33
5259 0 32
5260 0 33
5261 0 33
5262 0 33
5263 0 32
5264 0 33
5265 0 32
5266 0 32
5267 0 32
5268 0 32
5269 0 33
5270 0 32
5271 0 33
5272 0 32
5273 0 32
5274 0 32
5275 0 32
5276 0 31
5277 0 33
5278 0 33
5279 0 33
5280 0 32
5281 0 33
5282 0 33
5283 0 33
5284 0 32
5285 0 33
5286 0 32
5287 0 32
5288 0 32
5289 0 32
5290 0 33
5291 0 32
5292 0 33
5293 0 32
5294 0 32
5295 0 32
5296 0 32
5297 0 31
5298 0 32
5299 0 32
5300 0 33
5301 0 32
5302 0 33
5303 0 32
5304 0 32
5305 0 32
5306 0 32
5307 0 31
5308 0 32
5309 0 32
5310 0 32
5311 0 31
5312 0 32
5313 0 32
5314 0 32
5315 0 32
5316 0 32
5317 0 31
5318 0 32
5319 0 32
5320 0 32
5321 0 31
5322 0 32
5323 0 31
5324 0 31
5325 0 31
5326 0 32
5327 0 33
5328 0 32
5329 0 33
5330 0 32
5331 0 32
5332 0 32
5333 0 32
5334 0 31
5335 0 33
5336 0 32
5337 0 33
5338 0 32
5339 0 33
5340 0 32
5341 0 32
5342 0 32
5343 0 32
5344 0 31
5345 0 32
5346 0 32
5347 0 32
5348 0 31
5349 0 32
5350 0 32
5351 0 32
5352 0 31
5353 0 32
5354 0 31
5355 0 32
5356 0 31
5357 0 32
5358 0 31
5359 0 31
5360 0 31
5361 0 31
5362 0 31
5363 0 33
5364 0 33
5365 0 33
5366 0 32
5367 0 33
5368 0 33
5369 0 33
5370 0 32
5371 0 33
5372 0 32
5373 0 32
5374 0 32
5375 0 32
5376 0 33
5377 0 32
5378 0 33
5379 0 32
5380 0 32
5381 0 32
5382 0 32
5383 0 32
5384 0 33
5385 0 33
5386 0 33
5387 0 32
5388 0 33
5389 0 33
5390 0 33
5391 0 32
5392 0 33
5393 0 32
5394 0 32
5395 0 32
5396 0 32
5397 0 33
5398 0 32
5399 0 33
5400 0 32
5401 0 32
5402 0 32
5403 0 32
5404 0 31
5405 0 32
5406 0 32
5407 0 33
5408 0 32
5409 0 33
5410 0 32
5411 0 32
5412 0 32
5413 0 32
5414 0 31
5415 0 32
5416 0 32
5417 0 32
5418 0 31
5419 0 32
5420 0 32
5421 0 32
5422 0 32
5423 0 32
5424 0 31
5425 0 32
5426 0 32
5427 0 32
5428 0 31
5429 0 32
5430 0 31
5431 0 31
5432 0 31
5433 0 32
5434 0 33
5435 0 32
5436 0 33
5437 0 32
5438 0 32
5439 0 32
5440 0 32
5441 0 31
5442 0 33
5443 0 32
5444 0 33
5445 0 32
5446 0 33
5447 0 32
5448 0 32
5449 0 32
5450 0 32
5451 0 31
5452 0 32
5453 0 32
5454 0 32
5455 0 31
5456 0 32
5457 0 32
5458 0 32
5459 0 32
5460 0 32
5461 0 32
5462 0 32
5463 0 32
5464 0 32
5465 0 32
5466 0 32
5467 0 31
5468 0 31
5469 0 31
5470 0 32
5471 0 32
5472 0 32
5473 0 31
5474 0 32
5475 0 32
5476 0 32
5477 0 31
5478 0 32
5479 0 31
5480 0 32
5481 0 32
5482 0 31
5483 0 33
5484 0 32
5485 0 33
5486 0 32
5487 0 32
5488 0 32
5489 0 32
5490 0 31
5491 0 33
5492 0 32
5493 0 33
5494 0 32
5495 0 33
5496 0 32
5497 0 32
5498 0 32
5499 0 32
5500 0 31
5501 0 33
5502 0 32
5503 0 32
5504 0 32
5505 0 33
5506 0 33
5507 0 32
5508 0 32
5509 0 32
5510 0 32
5511 0 32
5512 0 32
5513 0 32
5514 0 32
5515 0 32
5516 0 31
5517 0 31
5518 0 31
5519 0 32
5520 0 32
5521 0 32
5522 0 31
5523 0 32
5524 0 32
5525 0 32
5526 0 32
5527 0 32
5528 0 32
5529 0 32
5530 0 32
5531 0 31
5532 0 32
5533 0 32
5534 0 32
5535 0 32
5536 0 31
5537 0 31
5538 0 31
5539 0 30
5540 0 32
5541 0 32
5542 0 32
5543 0 31
5544 0 32
5545 0 32
5546 0 32
5547 0 32
5548 0 32
5549 0 32
5550 0 32
5551 0 32
5552 0 31
5553 0 32
5554 0 32
5555 0 32
5556 0 31
5557 0 32
5558 0 32
5559 0 32
5560 0 32
5561 0 32
5562 0 32
5563 0 32
5564 0 32
5565 0 31
5566 0 32
5567 0 32
5568 0 32
5569 0 32
5570 0 31
5571 0 31
5572 0 31
5573 0 30
5574 0 32
5575 0 32
5576 0 32
5577 0 31
5578 0 32
5579 0 32
5580 0 32
5581 0 32
5582 0 32
5583 0 32
5584 0 32
5585 0 32
5586 0 31
5587 0 32
5588 0 31
5589 0 32
5590 0 31
5591 0 31
5592 0 31
5593 0 31
5594 0 30
5595 0 32
5596 0 31
5597 0 32
5598 0 31
5599 0 32
5600 0 31
5601 0 31
5602 0 31
5603 0 31
5604 0 30
5605 0 31
5606 0 31
5607 0 31
5608 0 30
5609 0 31
5610 0 31
5611 0 31
5612 0 31
5613 0 31
5614 0 30
5615 0 31
5616 0 31
5617 0 31
5618 0 30
5619 0 32
5620 0 30
5621 0 31
5622 0 31
5623 0 31
5624 0 33
5625 0 32
5626 0 33
5627 0 32
5628 0 32
5629 0 32
5630 0 32
5631 0 31
5632 0 33
5633 0 32
5634 0 33
5635 0 32
5636 0 33
5637 0 32
5638 0 32
5639 0 32
5640 0 32
5641 0 31
5642 0 33
5643 0 32
5644 0 32
5645 0 32
5646 0 33
5647 0 33
5648 0 32
5649 0 32
5650 0 32
5651 0 32
5652 0 32
5653 0 32
5654 0 32
5655 0 32
5656 0 32
5657 0 31
5658 0 31
5659 0 31
5660 0 33
5661 0 33
5662 0 33
5663 0 32
5664 0 33
5665 0 33
5666 0 32
5667 0 32
5668 0 32
5669 0 32
5670 0 32
5671 0 32
5672 0 31
5673 0 33
5674 0 32
5675 0 33
5676 0 32
5677 0 32
5678 0 32
5679 0 32
5680 0 31
5681 0 33
5682 0 32
5683 0 33
5684 0 32
5685 0 33
5686 0 32
5687 0 32
5688 0 32
5689 0 32
5690 0 31
5691 0 33
5692 0 32
5693 0 32
5694 0 32
5695 0 33
5696 0 33
5697 0 32
5698 0 32
5699 0 32
5700 0 32
5701 0 32
5702 0 32
5703 0 32
5704 0 32
5705 0 32
5706 0 31
5707 0 31
5708 0 31
5709 0 32
5710 0 32
5711 0 32
5712 0 31
5713 0 32
5714 0 32
5715 0 32
5716 0 31
5717 0 32
5718 0 31
5719 0 32
5720 0 32
5721 0 31
5722 0 32
5723 0 31
5724 0 32
5725 0 31
5726 0 31
5727 0 31
5728 0 31
5729 0 30
5730 0 32
5731 0 32
5732 0 32
5733 0 31
5734 0 32
5735 0 32
5736 0 32
5737 0 32
5738 0 32
5739 0 32
5740 0 32
5741 0 32
5742 0 31
5743 0 32
5744 0 31
5745 0 32
5746 0 31
5747 0 31
5748 0 31
5749 0 31
5750 0 30
5751 0 32
5752 0 31
5753 0 32
5754 0 31
5755 0 32
5756 0 31
5757 0 31
5758 0 31
5759 0 31
5760 0 30
5761 0 32
5762 0 31
5763 0 32
5764 0 31
5765 0 31
5766 0 31
5767 0 31
5768 0 30
5769 0 32
5770 0 31
5771 0 32
5772 0 31
5773 0 32
5774 0 31
5775 0 31
5776 0 31
5777 0 31
5778 0 30
5779 0 31
5780 0 31
5781 0 31
5782 0 30
5783 0 31
5784 0 31
5785 0 32
5786 0 30
5787 0 32
5788 0 30
5789 0 32
5790 0 30
5791 0 32
5792 0 30
5793 0 30
5794 0 31
5795 0 31
5796 0 30
5797 0 33
5798 0 33
5799 0 33
5800 0 32
5801 0 33
5802 0 33
5803 0 33
5804 0 32
5805 0 33
5806 0 32
5807 0 32
5808 0 32
5809 0 32
5810 0 33
5811 0 32
5812 0 33
5813 0 32
5814 0 32
5815 0 32
5816 0 32
5817 0 31
5818 0 33
5819 0 33
5820 0 33
5821 0 32
5822 0 33
5823 0 33
5824 0 33
5825 0 32
5826 0 33
5827 0 32
5828 0 32
5829 0 32
5830 0 32
5831 0 33
5832 0 32
5833 0 33
5834 0 32
5835 0 32
5836 0 32
5837 0 32
5838 0 31
5839 0 32
5840 0 32
5841 0 33
5842 0 32
5843 0 33
5844 0 32
5845 0 32
5846 0 32
5847 0 32
5848 0 31
5849 0 32
5850 0 32
5851 0 32
5852 0 31
5853 0 32
5854 0 32
5855 0 32
5856 0 32
5857 0 32
5858 0 31
5859 0 32
5860 0 32
5861 0 32
5862 0 31
5863 0 32
5864 0 31
5865 0 31
5866 0 31
5867 0 32
5868 0 33
5869 0 32
5870 0 33
5871 0 32
5872 0 32
5873 0 32
5874 0 32
5875 0 31
5876 0 33
5877 0 32
5878 0 33
5879 0 32
5880 0 33
5881 0 32
5882 0 32
5883 0 32
5884 0 32
5885 0 31
5886 0 32
5887 0 32
5888 0 32
5889 0 31
5890 0 32
5891 0 32
5892 0 32
5893 0 31
5894 0 32
5895 0 31
5896 0 32
5897 0 31
5898 0 32
5899 0 31
5900 0 31
5901 0 32
5902 0 32
5903 0 31
5904 0 33
5905 0 33
5906 0 33
5907 0 32
5908 0 33
5909 0 33
5910 0 33
5911 0 32
5912 0 33
5913 0 32
5914 0 32
5915 0 32
5916 0 32
5917 0 33
5918 0 32
5919 0 33
5920 0 32
5921 0 32
5922 0 32
5923 0 32
5924 0 32
5925 0 33
5926 0 33
5927 0 33
5928 0 32
5929 0 33
5930 0 33
5931 0 33
5932 0 32
5933 0 33
5934 0 32
5935 0 32
5936 0 32
5937 0 32
5938 0 33
5939 0 32
5940 0 33
5941 0 32
5942 0 32
5943 0 32
5944 0 32
5945 0 31
5946 0 32
5947 0 32
5948 0 33
5949 0 32
5950 0 33
5951 0 32
5952 0 32
5953 0 32
5954 0 32
5955 0 31
5956 0 32
5957 0 32
5958 0 32
5959 0 31
5960 0 32
5961 0 32
5962 0 32
5963 0 32
5964 0 32
5965 0 31
5966 0 32
5967 0 32
5968 0 32
5969 0 31
5970 0 32
5971 0 31
5972 0 31
5973 0 31
5974 0 32
5975 0 33
5976 0 32
5977 0 33
5978 0 32
5979 0 32
5980 0 32
5981 0 32
5982 0 31
5983 0 33
5984 0 32
5985 0 33
5986 0 32
5987 0 33
5988 0 32
5989 0 32
5990 0 32
5991 0 32
5992 0 31
5993 0 32
5994 0 32
5995 0 32
5996 0 31
5997 0 32
5998 0 32
5999 0 32
6000 0 32
6001 0 32
6002 0 32
6003 0 32
6004 0 32
6005 0 32
6006 0 32
6007 0 32
6008 0 31
6009 0 31
6010 0 31
6011 0 32
6012 0 32
6013 0 32
6014 0 31
6015 0 32
6016 0 32
6017 0 32
6018 0 31
6019 0 32
6020 0 31
6021 0 32
6022 0 32
6023 0 31
6024 0 33
6025 0 32
6026 0 33
6027 0 32
6028 0 32
6029 0 32
6030 0 32
6031 0 31
6032 0 33
6033 0 32
6034 0 33
6035 0 32
6036 0 33
6037 0 32
6038 0 32
6039 0 32
6040 0 32
6041 0 31
6042 0 33
6043 0 32
6044 0 32
6045 0 32
6046 0 33
6047 0 33
6048 0 32
6049 0 32
6050 0 32
6051 0 32
6052 0 32
6053 0 32
6054 0 32
6055 0 32
6056 0 32
6057 0 31
6058 0 31
6059 0 31
6060 0 32
6061 0 32
6062 0 32
6063 0 31
6064 0 32
6065 0 32
6066 0 32
6067 0 32
6068 0 32
6069 0 32
6070 0 32
6071 0 32
6072 0 31
6073 0 32
6074 0 32
6075 0 32
6076 0 32
6077 0 31
6078 0 31
6079 0 31
6080 0 30
6081 0 32
6082 0 32
6083 0 32
6084 0 31
6085 0 32
6086 0 32
6087 0 32
6088 0 32
6089 0 32
6090 0 32
6091 0 32
6092 0 32
6093 0 31
6094 0 32
6095 0 32
6096 0 32
6097 0 31
6098 0 32
6099 0 32
6100 0 32
6101 0 32
6102 0 32
6103 0 32
6104 0 32
6105 0 32
6106 0 31
6107 0 32
6108 0 32
6109 0 32
6110 0 32
6111 0 31
6112 0 31
6113 0 31
6114 0 30
6115 0 32
6116 0 32
6117 0 32
6118 0 31
6119 0 32
6120 0 32
6121 0 32
6122 0 32
6123 0 32
6124 0 32
6125 0 32
6126 0 32
6127 0 31
6128 0 32
6129 0 31
6130 0 32
6131 0 31
6132 0 31
6133 0 31
6134 0 31
6135 0 30
6136 0 32
6137 0 31
6138 0 32
6139 0 31
6140 0 32
6141 0 31
6142 0 31
6143 0 31
6144 0 31
6145 0 30
6146 0 31
6147 0 31
6148 0 31
6149 0 30
6150 0 31
6151 0 31
6152 0 31
6153 0 31
6154 0 31
6155 0 30
6156 0 31
6157 0 31
6158 0 31
6159 0 30
6160 0 32
6161 0 30
6162 0 31
6163 0 31
6164 0 31
6165 0 33
6166 0 32
6167 0 33
6168 0 32
6169 0 32
6170 0 32
6171 0 32
6172 0 31
6173 0 32
6174 0 32
6175 0 33
6176 0 32
6177 0 33
6178 0 32
6179 0 32
6180 0 32
6181 0 32
6182 0 31
6183 0 32
6184 0 32
6185 0 32
6186 0 31
6187 0 32
6188 0 33
6189 0 32
6190 0 31
6191 0 32
6192 0 31
6193 0 32
6194 0 31
6195 0 32
6196 0 31
6197 0 31
6198 0 31
6199 0 31
6200 0 31
6201 0 32
6202 0 33
6203 0 33
6204 0 31
6205 0 32
6206 0 33
6207 0 32
6208 0 31
6209 0 32
6210 0 31
6211 0 31
6212 0 31
6213 0 31
6214 0 33
6215 0 32
6216 0 33
6217 0 32
6218 0 32
6219 0 32
6220 0 32
6221 0 31
6222 0 32
6223 0 32
6224 0 33
6225 0 32
6226 0 33
6227 0 32
6228 0 32
6229 0 32
6230 0 32
6231 0 31
6232 0 32
6233 0 32
6234 0 32
6235 0 31
6236 0 32
6237 0 33
6238 0 32
6239 0 31
6240 0 32
6241 0 31
6242 0 32
6243 0 31
6244 0 32
6245 0 31
6246 0 31
6247 0 31
6248 0 31
6249 0 31
6250 0 32
6251 0 32
6252 0 32
6253 0 31
6254 0 32
6255 0 32
6256 0 32
6257 0 31
6258 0 32
6259 0 31
6260 0 31
6261 0 31
6262 0 31
6263 0 32
6264 0 31
6265 0 32
6266 0 31
6267 0 31
6268 0 31
6269 0 31
6270 0 30
6271 0 32
6272 0 32
6273 0 32
6274 0 31
6275 0 32
6276 0 32
6277 0 32
6278 0 32
6279 0 32
6280 0 32
6281 0 31
6282 0 31
6283 0 31
6284 0 32
6285 0 31
6286 0 32
6287 0 31
6288 0 31
6289 0 32
6290 0 32
6291 0 30
6292 0 32
6293 0 32
6294 0 32
6295 0 31
6296 0 32
6297 0 31
6298 0 31
6299 0 32
6300 0 32
6301 0 30
6302 0 32
6303 0 31
6304 0 32
6305 0 31
6306 0 31
6307 0 32
6308 0 32
6309 0 30
6310 0 32
6311 0 32
6312 0 32
6313 0 31
6314 0 32
6315 0 31
6316 0 31
6317 0 32
6318 0 32
6319 0 30
6320 0 31
6321 0 32
6322 0 32
6323 0 30
6324 0 31
6325 0 32
6326 0 31
6327 0 30
6328 0 31
6329 0 30
6330 0 31
6331 0 30
6332 0 31
6333 0 30
6334 0 30
6335 0 31
6336 0 31
6337 0 30
6338 0 32
6339 0 32
6340 0 32
6341 0 31
6342 0 32
6343 0 32
6344 0 32
6345 0 32
6346 0 32
6347 0 32
6348 0 31
6349 0 31
6350 0 31
6351 0 32
6352 0 32
6353 0 32
6354 0 32
6355 0 31
6356 0 31
6357 0 31
6358 0 30
6359 0 32
6360 0 32
6361 0 32
6362 0 31
6363 0 32
6364 0 32
6365 0 32
6366 0 32
6367 0 32
6368 0 32
6369 0 31
6370 0 31
6371 0 31
6372 0 32
6373 0 31
6374 0 32
6375 0 31
6376 0 31
6377 0 31
6378 0 31
6379 0 30
6380 0 31
6381 0 31
6382 0 32
6383 0 31
6384 0 32
6385 0 31
6386 0 31
6387 0 31
6388 0 31
6389 0 30
6390 0 31
6391 0 32
6392 0 32
6393 0 30
6394 0 31
6395 0 32
6396 0 31
6397 0 32
6398 0 32
6399 0 30
6400 0 31
6401 0 32
6402 0 31
6403 0 30
6404 0 31
6405 0 30
6406 0 30
6407 0 30
6408 0 30
6409 0 33
6410 0 32
6411 0 33
6412 0 32
6413 0 32
6414 0 32
6415 0 32
6416 0 32
6417 0 32
6418 0 32
6419 0 33
6420 0 32
6421 0 33
6422 0 32
6423 0 32
6424 0 32
6425 0 32
6426 0 32
6427 0 32
6428 0 32
6429 0 32
6430 0 31
6431 0 32
6432 0 33
6433 0 32
6434 0 31
6435 0 32
6436 0 31
6437 0 32
6438 0 31
6439 0 32
6440 0 31
6441 0 31
6442 0 31
6443 0 31
6444 0 31
6445 0 32
6446 0 33
6447 0 33
6448 0 31
6449 0 32
6450 0 33
6451 0 32
6452 0 31
6453 0 32
6454 0 31
6455 0 31
6456 0 31
6457 0 31
6458 0 33
6459 0 32
6460 0 33
6461 0 32
6462 0 32
6463 0 32
6464 0 32
6465 0 32
6466 0 32
6467 0 32
6468 0 33
6469 0 32
6470 0 33
6471 0 32
6472 0 32
6473 0 32
6474 0 32
6475 0 32
6476 0 32
6477 0 32
6478 0 32
6479 0 31
6480 0 32
6481 0 33
6482 0 32
6483 0 31
6484 0 32
6485 0 31
6486 0 32
6487 0 31
6488 0 32
6489 0 31
6490 0 31
6491 0 31
6492 0 31
6493 0 31
6494 0 32
6495 0 33
6496 0 33
6497 0 31
6498 0 32
6499 0 33
6500 0 32
6501 0 31
6502 0 32
6503 0 31
6504 0 32
6505 0 32
6506 0 32
6507 0 32
6508 0 31
6509 0 32
6510 0 31
6511 0 31
6512 0 32
6513 0 32
6514 0 30
6515 0 32
6516 0 33
6517 0 33
6518 0 31
6519 0 32
6520 0 33
6521 0 33
6522 0 32
6523 0 33
6524 0 32
6525 0 32
6526 0 32
6527 0 32
6528 0 32
6529 0 31
6530 0 32
6531 0 31
6532 0 31
6533 0 32
6534 0 32
6535 0 30
6536 0 32
6537 0 32
6538 0 32
6539 0 31
6540 0 32
6541 0 31
6542 0 31
6543 0 32
6544 0 32
6545 0 30
6546 0 32
6547 0 31
6548 0 32
6549 0 31
6550 0 31
6551 0 32
6552 0 32
6553 0 30
6554 0 32
6555 0 32
6556 0 32
6557 0 31
6558 0 32
6559 0 31
6560 0 31
6561 0 32
6562 0 32
6563 0 30
6564 0 31
6565 0 32
6566 0 32
6567 0 30
6568 0 31
6569 0 32
6570 0 31
6571 0 30
6572 0 31
6573 0 30
6574 0 31
6575 0 30
6576 0 31
6577 0 30
6578 0 30
6579 0 31
6580 0 31
6581 0 30
6582 0 32
6583 0 32
6584 0 32
6585 0 31
6586 0 32
6587 0 32
6588 0 32
6589 0 31
6590 0 32
6591 0 31
6592 0 31
6593 0 31
6594 0 31
6595 0 32
6596 0 31
6597 0 32
6598 0 31
6599 0 31
6600 0 31
6601 0 31
6602 0 31
6603 0 32
6604 0 32
6605 0 32
6606 0 32
6607 0 32
6608 0 32
6609 0 32
6610 0 31
6611 0 32
6612 0 31
6613 0 31
6614 0 31
6615 0 31
6616 0 32
6617 0 31
6618 0 32
6619 0 31
6620 0 31
6621 0 32
6622 0 32
6623 0 31
6624 0 31
6625 0 31
6626 0 32
6627 0 31
6628 0 32
6629 0 31
6630 0 32
6631 0 32
6632 0 32
6633 0 31
6634 0 31
6635 0 32
6636 0 32
6637 0 30
6638 0 31
6639 0 32
6640 0 31
6641 0 32
6642 0 32
6643 0 30
6644 0 31
6645 0 32
6646 0 31
6647 0 30
6648 0 31
6649 0 30
6650 0 30
6651 0 30
6652 0 30
6653 0 32
6654 0 31
6655 0 32
6656 0 31
6657 0 32
6658 0 32
6659 0 32
6660 0 31
6661 0 32
6662 0 32
6663 0 32
6664 0 31
6665 0 32
6666 0 31
6667 0 32
6668 0 32
6669 0 32
6670 0 31
6671 0 31
6672 0 31
6673 0 31
6674 0 30
6675 0 31
6676 0 32
6677 0 31
6678 0 30
6679 0 31
6680 0 30
6681 0 31
6682 0 30
6683 0 31
6684 0 30
6685 0 30
6686 0 30
6687 0 30
6688 0 30
6689 0 32
6690 0 32
6691 0 32
6692 0 31
6693 0 32
6694 0 32
6695 0 32
6696 0 31
6697 0 32
6698 0 31
6699 0 31
6700 0 31
6701 0 31
6702 0 32
6703 0 31
6704 0 32
6705 0 31
6706 0 31
6707 0 31
6708 0 31
6709 0 31
6710 0 32
6711 0 32
6712 0 32
6713 0 32
6714 0 32
6715 0 32
6716 0 32
6717 0 31
6718 0 32
6719 0 31
6720 0 31
6721 0 31
6722 0 31
6723 0 32
6724 0 31
6725 0 32
6726 0 31
6727 0 31
6728 0 32
6729 0 32
6730 0 31
6731 0 31
6732 0 31
6733 0 32
6734 0 31
6735 0 32
6736 0 31
6737 0 32
6738 0 32
6739 0 32
6740 0 31
6741 0 31
6742 0 32
6743 0 32
6744 0 30
6745 0 31
6746 0 32
6747 0 31
6748 0 32
6749 0 32
6750 0 30
6751 0 31
6752 0 32
6753 0 31
6754 0 30
6755 0 31
6756 0 30
6757 0 30
6758 0 30
6759 0 30
6760 0 32
6761 0 32
6762 0 32
6763 0 31
6764 0 32
6765 0 32
6766 0 32
6767 0 31
6768 0 32
6769 0 31
6770 0 31
6771 0 31
6772 0 31
6773 0 32
6774 0 31
6775 0 32
6776 0 31
6777 0 31
6778 0 31
6779 0 31
6780 0 31
6781 0 32
6782 0 32
6783 0 32
6784 0 32
6785 0 32
6786 0 32
6787 0 32
6788 0 31
6789 0 32
6790 0 31
6791 0 31
6792 0 31
6793 0 31
6794 0 32
6795 0 31
6796 0 32
6797 0 31
6798 0 31
6799 0 32
6800 0 32
6801 0 31
6802 0 31
6803 0 31
6804 0 32
6805 0 31
6806 0 32
6807 0 31
6808 0 32
6809 0 32
6810 0 32
6811 0 31
6812 0 31
6813 0 32
6814 0 32
6815 0 30
6816 0 31
6817 0 32
6818 0 31
6819 0 32
6820 0 32
6821 0 30
6822 0 31
6823 0 32
6824 0 31
6825 0 30
6826 0 31
6827 0 30
6828 0 30
6829 0 30
6830 0 30
6831 0 32
6832 0 31
6833 0 32
6834 0 31
6835 0 32
6836 0 32
6837 0 32
6838 0 31
6839 0 32
6840 0 32
6841 0 32
6842 0 31
6843 0 32
6844 0 31
6845 0 32
6846 0 32
6847 0 32
6848 0 31
6849 0 31
6850 0 31
6851 0 31
6852 0 30
6853 0 31
6854 0 32
6855 0 31
6856 0 30
6857 0 31
6858 0 30
6859 0 31
6860 0 30
6861 0 31
6862 0 30
6863 0 30
6864 0 30
6865 0 30
6866 0 30
6867 0 32
6868 0 32
6869 0 32
6870 0 31
6871 0 32
6872 0 32
6873 0 32
6874 0 31
6875 0 32
6876 0 31
6877 0 31
6878 0 31
6879 0 31
6880 0 32
6881 0 31
6882 0 32
6883 0 31
6884 0 31
6885 0 31
6886 0 31
6887 0 31
6888 0 32
6889 0 32
6890 0 32
6891 0 32
6892 0 32
6893 0 32
6894 0 32
6895 0 31
6896 0 32
6897 0 31
6898 0 31
6899 0 31
6900 0 31
6901 0 32
6902 0 31
6903 0 32
6904 0 31
6905 0 31
6906 0 32
6907 0 32
6908 0 31
6909 0 31
6910 0 31
6911 0 32
6912 0 31
6913 0 32
6914 0 31
6915 0 32
6916 0 32
6917 0 32
6918 0 31
6919 0 31
6920 0 32
6921 0 32
6922 0 30
6923 0 31
6924 0 32
6925 0 31
6926 0 32
6927 0 32
6928 0 30
6929 0 31
6930 0 32
6931 0 31
6932 0 30
6933 0 31
6934 0 30
6935 0 30
6936 0 30
6937 0 30
6938 0 32
6939 0 31
6940 0 32
6941 0 31
6942 0 31
6943 0 31
6944 0 31
6945 0 31
6946 0 31
6947 0 31
6948 0 32
6949 0 31
6950 0 32
6951 0 31
6952 0 31
6953 0 31
6954 0 31
6955 0 31
6956 0 31
6957 0 31
6958 0 31
6959 0 30
6960 0 31
6961 0 32
6962 0 31
6963 0 30
6964 0 31
6965 0 30
6966 0 31
6967 0 30
6968 0 31
6969 0 30
6970 0 30
6971 0 30
6972 0 30
6973 0 30
6974 0 31
6975 0 32
6976 0 32
6977 0 30
6978 0 31
6979 0 32
6980 0 31
6981 0 30
6982 0 31
6983 0 30
6984 0 30
6985 0 30
6986 0 30
6987 0 32
6988 0 32
6989 0 32
6990 0 32
6991 0 31
6992 0 31
6993 0 31
6994 0 31
6995 0 31
6996 0 31
6997 0 32
6998 0 32
6999 0 32
7000 0 32
7001 0 31
7002 0 31
7003 0 31
7004 0 31
7005 0 31
7006 0 31
7007 0 31
7008 0 30
7009 0 31
7010 0 32
7011 0 31
7012 0 30
7013 0 31
7014 0 30
7015 0 31
7016 0 30
7017 0 31
7018 0 30
7019 0 30
7020 0 30
7021 0 30
7022 0 30
7023 0 31
7024 0 31
7025 0 31
7026 0 31
7027 0 32
7028 0 31
7029 0 31
7030 0 31
7031 0 31
7032 0 31
7033 0 30
7034 0 30
7035 0 30
7036 0 31
7037 0 31
7038 0 31
7039 0 31
7040 0 30
7041 0 30
7042 0 30
7043 0 30
7044 0 31
7045 0 31
7046 0 31
7047 0 31
7048 0 32
7049 0 31
7050 0 31
7051 0 31
7052 0 31
7053 0 31
7054 0 30
7055 0 30
7056 0 30
7057 0 31
7058 0 31
7059 0 31
7060 0 31
7061 0 32
7062 0 31
7063 0 31
7064 0 31
7065 0 31
7066 0 31
7067 0 30
7068 0 30
7069 0 30
7070 0 31
7071 0 31
7072 0 31
7073 0 31
7074 0 30
7075 0 30
7076 0 30
7077 0 30
7078 0 31
7079 0 31
7080 0 31
7081 0 31
7082 0 32
7083 0 31
7084 0 31
7085 0 31
7086 0 31
7087 0 31
7088 0 30
7089 0 30
7090 0 30
7091 0 31
7092 0 31
7093 0 31
7094 0 31
7095 0 30
7096 0 30
7097 0 30
7098 0 30
7099 0 30
7100 0 30
7101 0 32
7102 0 31
7103 0 32
7104 0 31
7105 0 30
7106 0 30
7107 0 30
7108 0 30
7109 0 31
7110 0 31
7111 0 31
7112 0 30
7113 0 31
7114 0 31
7115 0 31
7116 0 31
7117 0 31
7118 0 30
7119 0 31
7120 0 31
7121 0 31
7122 0 30
7123 0 31
7124 0 30
7125 0 30
7126 0 30
7127 0 30
