0 0 21
1 0 21
2 0 21
3 0 21
4 0 21
5 0 20
6 0 21
7 0 21
8 0 20
9 0 20
10 0 21
11 0 21
12 0 21
13 0 21
14 0 21
15 0 20
16 0 21
17 0 21
18 0 20
19 0 20
20 0 20
21 0 21
22 0 21
23 0 20
24 0 20
25 0 20
26 0 20
27 0 20
28 0 20
29 0 20
30 0 20
31 0 20
32 0 20
33 0 19
34 0 21
35 0 21
36 0 20
37 0 20
38 0 20
39 0 21
40 0 21
41 0 20
42 0 20
43 0 20
44 0 20
45 0 20
46 0 20
47 0 20
48 0 20
49 0 20
50 0 19
51 0 19
52 0 21
53 0 21
54 0 21
55 0 21
56 0 21
57 0 20
58 0 21
59 0 21
60 0 20
61 0 20
62 0 21
63 0 21
64 0 21
65 0 21
66 0 21
67 0 20
68 0 21
69 0 21
70 0 20
71 0 20
72 0 20
73 0 21
74 0 21
75 0 20
76 0 20
77 0 20
78 0 20
79 0 20
80 0 20
81 0 20
82 0 20
83 0 20
84 0 20
85 0 19
86 0 21
87 0 21
88 0 20
89 0 20
90 0 20
91 0 21
92 0 21
93 0 20
94 0 20
95 0 20
96 0 20
97 0 20
98 0 20
99 0 20
100 0 20
101 0 20
102 0 19
103 0 19
104 0 20
105 0 20
106 0 20
107 0 20
108 0 20
109 0 19
110 0 21
111 0 21
112 0 20
113 0 20
114 0 20
115 0 21
116 0 21
117 0 20
118 0 20
119 0 20
120 0 20
121 0 21
122 0 20
123 0 20
124 0 20
125 0 20
126 0 19
127 0 19
128 0 20
129 0 20
130 0 20
131 0 20
132 0 20
133 0 19
134 0 20
135 0 20
136 0 19
137 0 19
138 0 20
139 0 20
140 0 20
141 0 20
142 0 20
143 0 19
144 0 20
145 0 20
146 0 20
147 0 20
148 0 20
149 0 19
150 0 20
151 0 20
152 0 19
153 0 19
154 0 20
155 0 20
156 0 20
157 0 20
158 0 20
159 0 19
160 0 20
161 0 20
162 0 19
163 0 19
164 0 19
165 0 20
166 0 20
167 0 19
168 0 19
169 0 19
170 0 19
171 0 19
172 0 19
173 0 19
174 0 19
175 0 19
176 0 20
177 0 19
178 0 21
179 0 21
180 0 20
181 0 20
182 0 20
183 0 21
184 0 21
185 0 20
186 0 20
187 0 20
188 0 20
189 0 21
190 0 20
191 0 20
192 0 20
193 0 20
194 0 19
195 0 19
196 0 21
197 0 21
198 0 21
199 0 20
200 0 20
201 0 19
202 0 21
203 0 21
204 0 20
205 0 20
206 0 20
207 0 21
208 0 21
209 0 20
210 0 20
211 0 20
212 0 20
213 0 21
214 0 20
215 0 20
216 0 20
217 0 20
218 0 19
219 0 19
220 0 20
221 0 20
222 0 20
223 0 20
224 0 20
225 0 19
226 0 20
227 0 20
228 0 19
229 0 19
230 0 20
231 0 20
232 0 20
233 0 20
234 0 20
235 0 19
236 0 20
237 0 20
238 0 19
239 0 19
240 0 19
241 0 20
242 0 20
243 0 19
244 0 19
245 0 20
246 0 20
247 0 19
248 0 19
249 0 19
250 0 20
251 0 20
252 0 19
253 0 19
254 0 19
255 0 19
256 0 19
257 0 19
258 0 19
259 0 19
260 0 19
261 0 19
262 0 19
263 0 21
264 0 21
265 0 21
266 0 21
267 0 21
268 0 20
269 0 21
270 0 21
271 0 20
272 0 20
273 0 21
274 0 21
275 0 21
276 0 21
277 0 21
278 0 20
279 0 21
280 0 21
281 0 20
282 0 20
283 0 20
284 0 21
285 0 21
286 0 20
287 0 20
288 0 20
289 0 20
290 0 20
291 0 20
292 0 20
293 0 20
294 0 20
295 0 20
296 0 19
297 0 21
298 0 21
299 0 20
300 0 20
301 0 20
302 0 21
303 0 21
304 0 20
305 0 20
306 0 20
307 0 20
308 0 20
309 0 20
310 0 20
311 0 20
312 0 20
313 0 20
314 0 20
315 0 21
316 0 21
317 0 21
318 0 21
319 0 21
320 0 20
321 0 21
322 0 21
323 0 20
324 0 20
325 0 21
326 0 21
327 0 21
328 0 21
329 0 21
330 0 20
331 0 21
332 0 21
333 0 20
334 0 20
335 0 20
336 0 21
337 0 21
338 0 20
339 0 20
340 0 20
341 0 20
342 0 20
343 0 20
344 0 20
345 0 20
346 0 20
347 0 20
348 0 19
349 0 21
350 0 21
351 0 20
352 0 20
353 0 20
354 0 21
355 0 21
356 0 20
357 0 20
358 0 20
359 0 20
360 0 20
361 0 20
362 0 20
363 0 20
364 0 20
365 0 19
366 0 19
367 0 20
368 0 20
369 0 20
370 0 20
371 0 20
372 0 19
373 0 21
374 0 21
375 0 20
376 0 20
377 0 20
378 0 21
379 0 21
380 0 20
381 0 20
382 0 20
383 0 20
384 0 21
385 0 20
386 0 20
387 0 20
388 0 20
389 0 19
390 0 19
391 0 20
392 0 20
393 0 20
394 0 20
395 0 20
396 0 19
397 0 20
398 0 20
399 0 19
400 0 19
401 0 20
402 0 20
403 0 20
404 0 20
405 0 20
406 0 19
407 0 20
408 0 20
409 0 20
410 0 20
411 0 20
412 0 19
413 0 20
414 0 20
415 0 19
416 0 19
417 0 20
418 0 20
419 0 20
420 0 20
421 0 20
422 0 19
423 0 20
424 0 20
425 0 19
426 0 19
427 0 19
428 0 20
429 0 20
430 0 19
431 0 19
432 0 19
433 0 19
434 0 19
435 0 19
436 0 19
437 0 19
438 0 19
439 0 20
440 0 19
441 0 21
442 0 21
443 0 20
444 0 20
445 0 20
446 0 21
447 0 21
448 0 20
449 0 20
450 0 20
451 0 20
452 0 20
453 0 20
454 0 20
455 0 20
456 0 20
457 0 19
458 0 19
459 0 20
460 0 21
461 0 20
462 0 20
463 0 20
464 0 19
465 0 21
466 0 21
467 0 20
468 0 20
469 0 20
470 0 21
471 0 21
472 0 20
473 0 20
474 0 20
475 0 20
476 0 20
477 0 20
478 0 20
479 0 20
480 0 20
481 0 19
482 0 19
483 0 20
484 0 20
485 0 20
486 0 20
487 0 20
488 0 19
489 0 20
490 0 20
491 0 19
492 0 19
493 0 20
494 0 20
495 0 20
496 0 20
497 0 20
498 0 19
499 0 20
500 0 20
501 0 20
502 0 20
503 0 19
504 0 20
505 0 20
506 0 20
507 0 20
508 0 20
509 0 20
510 0 20
511 0 20
512 0 19
513 0 20
514 0 20
515 0 20
516 0 20
517 0 19
518 0 20
519 0 19
520 0 19
521 0 19
522 0 19
523 0 19
524 0 19
525 0 19
526 0 20
527 0 20
528 0 20
529 0 20
530 0 20
531 0 19
532 0 20
533 0 20
534 0 19
535 0 19
536 0 20
537 0 20
538 0 20
539 0 20
540 0 20
541 0 19
542 0 20
543 0 20
544 0 19
545 0 19
546 0 19
547 0 20
548 0 20
549 0 19
550 0 19
551 0 19
552 0 20
553 0 19
554 0 19
555 0 20
556 0 19
557 0 19
558 0 19
559 0 18
560 0 21
561 0 21
562 0 20
563 0 20
564 0 20
565 0 21
566 0 21
567 0 20
568 0 20
569 0 20
570 0 20
571 0 20
572 0 20
573 0 20
574 0 20
575 0 20
576 0 19
577 0 19
578 0 20
579 0 21
580 0 20
581 0 20
582 0 20
583 0 19
584 0 21
585 0 21
586 0 20
587 0 20
588 0 20
589 0 21
590 0 21
591 0 20
592 0 20
593 0 20
594 0 20
595 0 20
596 0 20
597 0 20
598 0 20
599 0 20
600 0 19
601 0 19
602 0 20
603 0 21
604 0 20
605 0 20
606 0 20
607 0 20
608 0 20
609 0 20
610 0 20
611 0 20
612 0 20
613 0 21
614 0 20
615 0 21
616 0 21
617 0 20
618 0 20
619 0 20
620 0 20
621 0 20
622 0 19
623 0 20
624 0 20
625 0 20
626 0 20
627 0 20
628 0 20
629 0 20
630 0 20
631 0 19
632 0 20
633 0 20
634 0 20
635 0 20
636 0 19
637 0 20
638 0 19
639 0 19
640 0 19
641 0 19
642 0 19
643 0 19
644 0 19
645 0 20
646 0 20
647 0 20
648 0 20
649 0 20
650 0 19
651 0 20
652 0 20
653 0 19
654 0 19
655 0 20
656 0 20
657 0 20
658 0 20
659 0 20
660 0 19
661 0 20
662 0 20
663 0 20
664 0 20
665 0 19
666 0 20
667 0 20
668 0 20
669 0 20
670 0 20
671 0 20
672 0 20
673 0 20
674 0 20
675 0 20
676 0 19
677 0 19
678 0 18
679 0 20
680 0 20
681 0 20
682 0 20
683 0 20
684 0 20
685 0 20
686 0 20
687 0 20
688 0 19
689 0 19
690 0 20
691 0 19
692 0 19
693 0 19
694 0 19
695 0 18
696 0 18
697 0 20
698 0 20
699 0 20
700 0 20
701 0 20
702 0 19
703 0 20
704 0 20
705 0 19
706 0 19
707 0 20
708 0 20
709 0 20
710 0 20
711 0 20
712 0 19
713 0 20
714 0 20
715 0 20
716 0 20
717 0 19
718 0 20
719 0 20
720 0 20
721 0 20
722 0 20
723 0 20
724 0 20
725 0 20
726 0 20
727 0 20
728 0 19
729 0 19
730 0 18
731 0 20
732 0 20
733 0 20
734 0 20
735 0 20
736 0 19
737 0 20
738 0 20
739 0 19
740 0 19
741 0 20
742 0 20
743 0 20
744 0 20
745 0 20
746 0 19
747 0 20
748 0 20
749 0 20
750 0 20
751 0 19
752 0 20
753 0 20
754 0 20
755 0 20
756 0 20
757 0 20
758 0 20
759 0 20
760 0 20
761 0 20
762 0 19
763 0 19
764 0 18
765 0 20
766 0 20
767 0 20
768 0 20
769 0 20
770 0 20
771 0 20
772 0 20
773 0 20
774 0 19
775 0 19
776 0 20
777 0 19
778 0 19
779 0 19
780 0 19
781 0 18
782 0 18
783 0 20
784 0 20
785 0 20
786 0 20
787 0 20
788 0 19
789 0 20
790 0 20
791 0 19
792 0 19
793 0 20
794 0 20
795 0 20
796 0 20
797 0 20
798 0 19
799 0 20
800 0 20
801 0 20
802 0 20
803 0 19
804 0 20
805 0 20
806 0 20
807 0 20
808 0 20
809 0 20
810 0 20
811 0 20
812 0 20
813 0 20
814 0 19
815 0 19
816 0 18
817 0 20
818 0 20
819 0 19
820 0 19
821 0 19
822 0 20
823 0 20
824 0 19
825 0 19
826 0 19
827 0 19
828 0 20
829 0 19
830 0 19
831 0 19
832 0 19
833 0 18
834 0 18
835 0 20
836 0 20
837 0 20
838 0 19
839 0 19
840 0 18
841 0 20
842 0 20
843 0 19
844 0 19
845 0 19
846 0 20
847 0 20
848 0 19
849 0 19
850 0 19
851 0 19
852 0 20
853 0 19
854 0 19
855 0 19
856 0 19
857 0 18
858 0 18
859 0 19
860 0 19
861 0 19
862 0 19
863 0 19
864 0 18
865 0 19
866 0 19
867 0 18
868 0 18
869 0 19
870 0 19
871 0 19
872 0 19
873 0 19
874 0 18
875 0 19
876 0 19
877 0 19
878 0 19
879 0 19
880 0 18
881 0 19
882 0 19
883 0 18
884 0 18
885 0 19
886 0 19
887 0 19
888 0 19
889 0 19
890 0 18
891 0 19
892 0 19
893 0 18
894 0 18
895 0 18
896 0 20
897 0 20
898 0 18
899 0 18
900 0 19
901 0 19
902 0 19
903 0 19
904 0 19
905 0 19
906 0 19
907 0 19
908 0 18
909 0 21
910 0 21
911 0 20
912 0 20
913 0 20
914 0 21
915 0 21
916 0 20
917 0 20
918 0 20
919 0 20
920 0 20
921 0 20
922 0 20
923 0 20
924 0 20
925 0 19
926 0 19
927 0 20
928 0 21
929 0 20
930 0 20
931 0 20
932 0 19
933 0 21
934 0 21
935 0 20
936 0 20
937 0 20
938 0 21
939 0 21
940 0 20
941 0 20
942 0 20
943 0 20
944 0 20
945 0 20
946 0 20
947 0 20
948 0 20
949 0 19
950 0 19
951 0 20
952 0 21
953 0 20
954 0 20
955 0 20
956 0 20
957 0 20
958 0 20
959 0 20
960 0 20
961 0 20
962 0 21
963 0 20
964 0 21
965 0 21
966 0 20
967 0 20
968 0 20
969 0 20
970 0 20
971 0 19
972 0 20
973 0 20
974 0 20
975 0 20
976 0 20
977 0 20
978 0 20
979 0 20
980 0 19
981 0 20
982 0 20
983 0 20
984 0 20
985 0 19
986 0 20
987 0 19
988 0 19
989 0 19
990 0 19
991 0 19
992 0 19
993 0 19
994 0 20
995 0 21
996 0 20
997 0 21
998 0 21
999 0 20
1000 0 21
1001 0 21
1002 0 20
1003 0 20
1004 0 20
1005 0 21
1006 0 20
1007 0 21
1008 0 21
1009 0 20
1010 0 20
1011 0 20
1012 0 20
1013 0 20
1014 0 19
1015 0 20
1016 0 20
1017 0 20
1018 0 20
1019 0 19
1020 0 20
1021 0 19
1022 0 19
1023 0 20
1024 0 19
1025 0 19
1026 0 19
1027 0 18
1028 0 21
1029 0 21
1030 0 20
1031 0 20
1032 0 20
1033 0 21
1034 0 21
1035 0 20
1036 0 20
1037 0 20
1038 0 20
1039 0 20
1040 0 20
1041 0 20
1042 0 20
1043 0 20
1044 0 19
1045 0 19
1046 0 20
1047 0 21
1048 0 20
1049 0 20
1050 0 20
1051 0 19
1052 0 21
1053 0 21
1054 0 20
1055 0 20
1056 0 20
1057 0 21
1058 0 21
1059 0 20
1060 0 20
1061 0 20
1062 0 20
1063 0 20
1064 0 20
1065 0 20
1066 0 20
1067 0 20
1068 0 19
1069 0 19
1070 0 20
1071 0 21
1072 0 20
1073 0 20
1074 0 20
1075 0 20
1076 0 20
1077 0 20
1078 0 20
1079 0 20
1080 0 20
1081 0 21
1082 0 20
1083 0 21
1084 0 21
1085 0 20
1086 0 20
1087 0 20
1088 0 20
1089 0 20
1090 0 19
1091 0 20
1092 0 20
1093 0 20
1094 0 20
1095 0 20
1096 0 20
1097 0 20
1098 0 20
1099 0 19
1100 0 20
1101 0 20
1102 0 20
1103 0 20
1104 0 19
1105 0 20
1106 0 19
1107 0 19
1108 0 19
1109 0 19
1110 0 19
1111 0 19
1112 0 19
1113 0 20
1114 0 20
1115 0 20
1116 0 20
1117 0 20
1118 0 19
1119 0 20
1120 0 20
1121 0 19
1122 0 19
1123 0 20
1124 0 20
1125 0 20
1126 0 20
1127 0 20
1128 0 19
1129 0 20
1130 0 20
1131 0 19
1132 0 19
1133 0 19
1134 0 20
1135 0 20
1136 0 19
1137 0 19
1138 0 19
1139 0 20
1140 0 19
1141 0 19
1142 0 20
1143 0 19
1144 0 19
1145 0 19
1146 0 18
1147 0 20
1148 0 20
1149 0 19
1150 0 19
1151 0 19
1152 0 20
1153 0 20
1154 0 19
1155 0 19
1156 0 19
1157 0 19
1158 0 19
1159 0 19
1160 0 19
1161 0 19
1162 0 19
1163 0 18
1164 0 18
1165 0 20
1166 0 20
1167 0 20
1168 0 20
1169 0 20
1170 0 19
1171 0 20
1172 0 20
1173 0 19
1174 0 19
1175 0 20
1176 0 20
1177 0 20
1178 0 20
1179 0 20
1180 0 19
1181 0 20
1182 0 20
1183 0 20
1184 0 20
1185 0 19
1186 0 20
1187 0 20
1188 0 20
1189 0 20
1190 0 19
1191 0 20
1192 0 19
1193 0 19
1194 0 20
1195 0 19
1196 0 19
1197 0 19
1198 0 18
1199 0 20
1200 0 20
1201 0 19
1202 0 19
1203 0 19
1204 0 20
1205 0 20
1206 0 19
1207 0 19
1208 0 19
1209 0 19
1210 0 20
1211 0 19
1212 0 19
1213 0 19
1214 0 19
1215 0 18
1216 0 18
1217 0 20
1218 0 20
1219 0 20
1220 0 19
1221 0 19
1222 0 18
1223 0 20
1224 0 20
1225 0 19
1226 0 19
1227 0 19
1228 0 20
1229 0 20
1230 0 19
1231 0 19
1232 0 19
1233 0 19
1234 0 20
1235 0 19
1236 0 19
1237 0 19
1238 0 19
1239 0 18
1240 0 18
1241 0 20
1242 0 20
1243 0 19
1244 0 19
1245 0 19
1246 0 20
1247 0 20
1248 0 19
1249 0 19
1250 0 19
1251 0 19
1252 0 20
1253 0 19
1254 0 19
1255 0 19
1256 0 19
1257 0 18
1258 0 18
1259 0 20
1260 0 20
1261 0 20
1262 0 19
1263 0 19
1264 0 18
1265 0 20
1266 0 20
1267 0 19
1268 0 19
1269 0 19
1270 0 20
1271 0 20
1272 0 19
1273 0 19
1274 0 19
1275 0 19
1276 0 20
1277 0 19
1278 0 19
1279 0 19
1280 0 19
1281 0 18
1282 0 18
1283 0 19
1284 0 19
1285 0 19
1286 0 19
1287 0 19
1288 0 18
1289 0 19
1290 0 19
1291 0 18
1292 0 18
1293 0 19
1294 0 19
1295 0 19
1296 0 19
1297 0 19
1298 0 18
1299 0 19
1300 0 20
1301 0 18
1302 0 18
1303 0 18
1304 0 19
1305 0 20
1306 0 18
1307 0 18
1308 0 19
1309 0 20
1310 0 18
1311 0 18
1312 0 18
1313 0 19
1314 0 20
1315 0 18
1316 0 18
1317 0 18
1318 0 18
1319 0 18
1320 0 19
1321 0 19
1322 0 19
1323 0 19
1324 0 18
1325 0 18
1326 0 21
1327 0 21
1328 0 21
1329 0 21
1330 0 21
1331 0 20
1332 0 21
1333 0 21
1334 0 20
1335 0 20
1336 0 21
1337 0 21
1338 0 21
1339 0 21
1340 0 21
1341 0 20
1342 0 21
1343 0 21
1344 0 20
1345 0 20
1346 0 20
1347 0 21
1348 0 21
1349 0 20
1350 0 20
1351 0 20
1352 0 20
1353 0 20
1354 0 20
1355 0 20
1356 0 20
1357 0 20
1358 0 20
1359 0 20
1360 0 21
1361 0 21
1362 0 20
1363 0 20
1364 0 20
1365 0 21
1366 0 21
1367 0 20
1368 0 20
1369 0 20
1370 0 20
1371 0 20
1372 0 20
1373 0 20
1374 0 20
1375 0 20
1376 0 19
1377 0 19
1378 0 21
1379 0 21
1380 0 21
1381 0 21
1382 0 21
1383 0 20
1384 0 21
1385 0 21
1386 0 20
1387 0 20
1388 0 21
1389 0 21
1390 0 21
1391 0 21
1392 0 21
1393 0 20
1394 0 21
1395 0 21
1396 0 20
1397 0 20
1398 0 20
1399 0 21
1400 0 21
1401 0 20
1402 0 20
1403 0 20
1404 0 20
1405 0 20
1406 0 20
1407 0 20
1408 0 20
1409 0 20
1410 0 20
1411 0 20
1412 0 21
1413 0 21
1414 0 20
1415 0 20
1416 0 20
1417 0 21
1418 0 21
1419 0 20
1420 0 20
1421 0 20
1422 0 20
1423 0 20
1424 0 20
1425 0 20
1426 0 20
1427 0 20
1428 0 19
1429 0 19
1430 0 20
1431 0 20
1432 0 20
1433 0 20
1434 0 20
1435 0 19
1436 0 21
1437 0 21
1438 0 20
1439 0 20
1440 0 20
1441 0 21
1442 0 21
1443 0 20
1444 0 20
1445 0 20
1446 0 20
1447 0 21
1448 0 20
1449 0 20
1450 0 20
1451 0 20
1452 0 19
1453 0 19
1454 0 20
1455 0 20
1456 0 20
1457 0 20
1458 0 20
1459 0 19
1460 0 20
1461 0 20
1462 0 19
1463 0 19
1464 0 20
1465 0 20
1466 0 20
1467 0 20
1468 0 20
1469 0 19
1470 0 20
1471 0 20
1472 0 20
1473 0 20
1474 0 20
1475 0 19
1476 0 20
1477 0 20
1478 0 19
1479 0 19
1480 0 20
1481 0 20
1482 0 20
1483 0 20
1484 0 20
1485 0 19
1486 0 20
1487 0 20
1488 0 19
1489 0 19
1490 0 19
1491 0 20
1492 0 20
1493 0 19
1494 0 19
1495 0 19
1496 0 19
1497 0 19
1498 0 19
1499 0 19
1500 0 19
1501 0 19
1502 0 20
1503 0 19
1504 0 21
1505 0 21
1506 0 20
1507 0 20
1508 0 20
1509 0 21
1510 0 21
1511 0 20
1512 0 20
1513 0 20
1514 0 20
1515 0 21
1516 0 20
1517 0 20
1518 0 20
1519 0 20
1520 0 19
1521 0 19
1522 0 21
1523 0 21
1524 0 21
1525 0 20
1526 0 20
1527 0 19
1528 0 21
1529 0 21
1530 0 20
1531 0 20
1532 0 20
1533 0 21
1534 0 21
1535 0 20
1536 0 20
1537 0 20
1538 0 20
1539 0 21
1540 0 20
1541 0 20
1542 0 20
1543 0 20
1544 0 19
1545 0 19
1546 0 20
1547 0 20
1548 0 20
1549 0 20
1550 0 20
1551 0 19
1552 0 20
1553 0 20
1554 0 19
1555 0 19
1556 0 20
1557 0 20
1558 0 20
1559 0 20
1560 0 20
1561 0 19
1562 0 20
1563 0 20
1564 0 19
1565 0 19
1566 0 19
1567 0 20
1568 0 20
1569 0 19
1570 0 19
1571 0 20
1572 0 20
1573 0 19
1574 0 19
1575 0 19
1576 0 20
1577 0 20
1578 0 19
1579 0 19
1580 0 19
1581 0 19
1582 0 19
1583 0 20
1584 0 20
1585 0 20
1586 0 20
1587 0 19
1588 0 19
1589 0 21
1590 0 21
1591 0 21
1592 0 21
1593 0 21
1594 0 20
1595 0 21
1596 0 21
1597 0 20
1598 0 20
1599 0 21
1600 0 21
1601 0 21
1602 0 21
1603 0 21
1604 0 20
1605 0 21
1606 0 21
1607 0 20
1608 0 20
1609 0 20
1610 0 21
1611 0 21
1612 0 20
1613 0 20
1614 0 20
1615 0 20
1616 0 20
1617 0 20
1618 0 20
1619 0 20
1620 0 20
1621 0 20
1622 0 20
1623 0 21
1624 0 21
1625 0 20
1626 0 20
1627 0 20
1628 0 21
1629 0 21
1630 0 20
1631 0 20
1632 0 20
1633 0 20
1634 0 20
1635 0 20
1636 0 20
1637 0 20
1638 0 20
1639 0 20
1640 0 20
1641 0 21
1642 0 21
1643 0 21
1644 0 21
1645 0 21
1646 0 20
1647 0 21
1648 0 21
1649 0 20
1650 0 20
1651 0 21
1652 0 21
1653 0 21
1654 0 21
1655 0 21
1656 0 20
1657 0 21
1658 0 21
1659 0 20
1660 0 20
1661 0 20
1662 0 21
1663 0 21
1664 0 20
1665 0 20
1666 0 20
1667 0 20
1668 0 20
1669 0 20
1670 0 20
1671 0 20
1672 0 20
1673 0 20
1674 0 20
1675 0 21
1676 0 21
1677 0 20
1678 0 20
1679 0 20
1680 0 21
1681 0 21
1682 0 20
1683 0 20
1684 0 20
1685 0 20
1686 0 20
1687 0 20
1688 0 20
1689 0 20
1690 0 20
1691 0 19
1692 0 19
1693 0 20
1694 0 20
1695 0 20
1696 0 20
1697 0 20
1698 0 19
1699 0 21
1700 0 21
1701 0 20
1702 0 20
1703 0 20
1704 0 21
1705 0 21
1706 0 20
1707 0 20
1708 0 20
1709 0 20
1710 0 21
1711 0 20
1712 0 20
1713 0 20
1714 0 20
1715 0 19
1716 0 19
1717 0 20
1718 0 20
1719 0 20
1720 0 20
1721 0 20
1722 0 19
1723 0 20
1724 0 20
1725 0 19
1726 0 19
1727 0 20
1728 0 20
1729 0 20
1730 0 20
1731 0 20
1732 0 19
1733 0 20
1734 0 20
1735 0 20
1736 0 20
1737 0 20
1738 0 19
1739 0 20
1740 0 20
1741 0 19
1742 0 19
1743 0 20
1744 0 20
1745 0 20
1746 0 20
1747 0 20
1748 0 19
1749 0 20
1750 0 20
1751 0 19
1752 0 19
1753 0 19
1754 0 20
1755 0 20
1756 0 19
1757 0 19
1758 0 19
1759 0 19
1760 0 19
1761 0 19
1762 0 19
1763 0 19
1764 0 19
1765 0 20
1766 0 19
1767 0 21
1768 0 21
1769 0 20
1770 0 20
1771 0 20
1772 0 21
1773 0 21
1774 0 20
1775 0 20
1776 0 20
1777 0 20
1778 0 21
1779 0 20
1780 0 20
1781 0 20
1782 0 20
1783 0 19
1784 0 19
1785 0 21
1786 0 21
1787 0 21
1788 0 20
1789 0 20
1790 0 19
1791 0 21
1792 0 21
1793 0 20
1794 0 20
1795 0 20
1796 0 21
1797 0 21
1798 0 20
1799 0 20
1800 0 20
1801 0 20
1802 0 21
1803 0 20
1804 0 20
1805 0 20
1806 0 20
1807 0 19
1808 0 19
1809 0 20
1810 0 20
1811 0 20
1812 0 20
1813 0 20
1814 0 19
1815 0 20
1816 0 20
1817 0 19
1818 0 19
1819 0 20
1820 0 20
1821 0 20
1822 0 20
1823 0 20
1824 0 19
1825 0 20
1826 0 20
1827 0 20
1828 0 20
1829 0 20
1830 0 20
1831 0 20
1832 0 20
1833 0 20
1834 0 20
1835 0 20
1836 0 20
1837 0 20
1838 0 20
1839 0 20
1840 0 20
1841 0 20
1842 0 20
1843 0 20
1844 0 20
1845 0 20
1846 0 19
1847 0 19
1848 0 19
1849 0 19
1850 0 19
1851 0 19
1852 0 20
1853 0 20
1854 0 20
1855 0 20
1856 0 20
1857 0 19
1858 0 20
1859 0 20
1860 0 19
1861 0 19
1862 0 20
1863 0 20
1864 0 20
1865 0 20
1866 0 20
1867 0 19
1868 0 20
1869 0 20
1870 0 19
1871 0 19
1872 0 19
1873 0 20
1874 0 20
1875 0 19
1876 0 19
1877 0 20
1878 0 20
1879 0 20
1880 0 20
1881 0 20
1882 0 20
1883 0 19
1884 0 19
1885 0 18
1886 0 21
1887 0 21
1888 0 20
1889 0 20
1890 0 20
1891 0 21
1892 0 21
1893 0 20
1894 0 20
1895 0 20
1896 0 20
1897 0 21
1898 0 20
1899 0 20
1900 0 20
1901 0 20
1902 0 19
1903 0 19
1904 0 21
1905 0 21
1906 0 21
1907 0 20
1908 0 20
1909 0 19
1910 0 21
1911 0 21
1912 0 20
1913 0 20
1914 0 20
1915 0 21
1916 0 21
1917 0 20
1918 0 20
1919 0 20
1920 0 20
1921 0 21
1922 0 20
1923 0 20
1924 0 20
1925 0 20
1926 0 19
1927 0 19
1928 0 21
1929 0 21
1930 0 21
1931 0 20
1932 0 20
1933 0 20
1934 0 20
1935 0 20
1936 0 20
1937 0 20
1938 0 21
1939 0 21
1940 0 21
1941 0 21
1942 0 21
1943 0 20
1944 0 20
1945 0 20
1946 0 20
1947 0 20
1948 0 20
1949 0 20
1950 0 20
1951 0 20
1952 0 20
1953 0 20
1954 0 20
1955 0 20
1956 0 20
1957 0 20
1958 0 20
1959 0 20
1960 0 20
1961 0 20
1962 0 20
1963 0 20
1964 0 20
1965 0 19
1966 0 19
1967 0 19
1968 0 19
1969 0 19
1970 0 19
1971 0 20
1972 0 20
1973 0 20
1974 0 20
1975 0 20
1976 0 19
1977 0 20
1978 0 20
1979 0 19
1980 0 19
1981 0 20
1982 0 20
1983 0 20
1984 0 20
1985 0 20
1986 0 19
1987 0 20
1988 0 20
1989 0 20
1990 0 20
1991 0 19
1992 0 20
1993 0 20
1994 0 20
1995 0 20
1996 0 20
1997 0 20
1998 0 20
1999 0 20
2000 0 20
2001 0 20
2002 0 19
2003 0 19
2004 0 18
2005 0 20
2006 0 20
2007 0 20
2008 0 20
2009 0 20
2010 0 20
2011 0 20
2012 0 20
2013 0 20
2014 0 19
2015 0 19
2016 0 20
2017 0 19
2018 0 19
2019 0 19
2020 0 19
2021 0 18
2022 0 18
2023 0 20
2024 0 20
2025 0 20
2026 0 20
2027 0 20
2028 0 19
2029 0 20
2030 0 20
2031 0 19
2032 0 19
2033 0 20
2034 0 20
2035 0 20
2036 0 20
2037 0 20
2038 0 19
2039 0 20
2040 0 20
2041 0 20
2042 0 20
2043 0 19
2044 0 20
2045 0 20
2046 0 20
2047 0 20
2048 0 20
2049 0 20
2050 0 20
2051 0 20
2052 0 20
2053 0 20
2054 0 19
2055 0 19
2056 0 18
2057 0 20
2058 0 20
2059 0 20
2060 0 20
2061 0 20
2062 0 19
2063 0 20
2064 0 20
2065 0 19
2066 0 19
2067 0 20
2068 0 20
2069 0 20
2070 0 20
2071 0 20
2072 0 19
2073 0 20
2074 0 20
2075 0 20
2076 0 20
2077 0 19
2078 0 20
2079 0 20
2080 0 20
2081 0 20
2082 0 20
2083 0 20
2084 0 20
2085 0 20
2086 0 20
2087 0 20
2088 0 19
2089 0 19
2090 0 18
2091 0 20
2092 0 20
2093 0 20
2094 0 20
2095 0 20
2096 0 20
2097 0 20
2098 0 20
2099 0 20
2100 0 19
2101 0 19
2102 0 20
2103 0 19
2104 0 19
2105 0 19
2106 0 19
2107 0 18
2108 0 18
2109 0 20
2110 0 20
2111 0 20
2112 0 20
2113 0 20
2114 0 19
2115 0 20
2116 0 20
2117 0 19
2118 0 19
2119 0 20
2120 0 20
2121 0 20
2122 0 20
2123 0 20
2124 0 19
2125 0 20
2126 0 20
2127 0 20
2128 0 20
2129 0 19
2130 0 20
2131 0 20
2132 0 20
2133 0 20
2134 0 20
2135 0 20
2136 0 20
2137 0 20
2138 0 20
2139 0 20
2140 0 19
2141 0 19
2142 0 18
2143 0 20
2144 0 20
2145 0 19
2146 0 19
2147 0 19
2148 0 20
2149 0 20
2150 0 19
2151 0 19
2152 0 19
2153 0 19
2154 0 20
2155 0 19
2156 0 19
2157 0 19
2158 0 19
2159 0 18
2160 0 18
2161 0 20
2162 0 20
2163 0 20
2164 0 19
2165 0 19
2166 0 18
2167 0 20
2168 0 20
2169 0 19
2170 0 19
2171 0 19
2172 0 20
2173 0 20
2174 0 19
2175 0 19
2176 0 19
2177 0 19
2178 0 20
2179 0 19
2180 0 19
2181 0 19
2182 0 19
2183 0 18
2184 0 18
2185 0 19
2186 0 19
2187 0 19
2188 0 19
2189 0 19
2190 0 18
2191 0 19
2192 0 19
2193 0 18
2194 0 18
2195 0 19
2196 0 19
2197 0 19
2198 0 19
2199 0 19
2200 0 18
2201 0 19
2202 0 19
2203 0 19
2204 0 19
2205 0 19
2206 0 18
2207 0 19
2208 0 19
2209 0 18
2210 0 18
2211 0 19
2212 0 19
2213 0 19
2214 0 19
2215 0 19
2216 0 18
2217 0 19
2218 0 19
2219 0 18
2220 0 18
2221 0 18
2222 0 20
2223 0 20
2224 0 18
2225 0 18
2226 0 19
2227 0 19
2228 0 19
2229 0 19
2230 0 19
2231 0 19
2232 0 19
2233 0 19
2234 0 18
2235 0 21
2236 0 21
2237 0 21
2238 0 20
2239 0 21
2240 0 20
2241 0 21
2242 0 21
2243 0 21
2244 0 20
2245 0 21
2246 0 20
2247 0 20
2248 0 21
2249 0 20
2250 0 20
2251 0 20
2252 0 20
2253 0 20
2254 0 20
2255 0 19
2256 0 21
2257 0 20
2258 0 20
2259 0 21
2260 0 20
2261 0 20
2262 0 20
2263 0 20
2264 0 20
2265 0 19
2266 0 21
2267 0 21
2268 0 21
2269 0 20
2270 0 21
2271 0 20
2272 0 21
2273 0 21
2274 0 21
2275 0 20
2276 0 21
2277 0 20
2278 0 20
2279 0 21
2280 0 20
2281 0 20
2282 0 20
2283 0 20
2284 0 20
2285 0 20
2286 0 19
2287 0 21
2288 0 20
2289 0 20
2290 0 21
2291 0 20
2292 0 20
2293 0 20
2294 0 20
2295 0 20
2296 0 19
2297 0 20
2298 0 20
2299 0 20
2300 0 19
2301 0 21
2302 0 20
2303 0 20
2304 0 21
2305 0 20
2306 0 20
2307 0 21
2308 0 20
2309 0 20
2310 0 19
2311 0 20
2312 0 20
2313 0 20
2314 0 19
2315 0 20
2316 0 19
2317 0 20
2318 0 20
2319 0 20
2320 0 19
2321 0 20
2322 0 20
2323 0 20
2324 0 19
2325 0 20
2326 0 19
2327 0 20
2328 0 20
2329 0 20
2330 0 19
2331 0 20
2332 0 19
2333 0 19
2334 0 20
2335 0 19
2336 0 19
2337 0 19
2338 0 19
2339 0 19
2340 0 19
2341 0 19
2342 0 21
2343 0 20
2344 0 20
2345 0 21
2346 0 20
2347 0 20
2348 0 21
2349 0 20
2350 0 20
2351 0 19
2352 0 21
2353 0 21
2354 0 20
2355 0 19
2356 0 21
2357 0 20
2358 0 20
2359 0 21
2360 0 20
2361 0 20
2362 0 21
2363 0 20
2364 0 20
2365 0 19
2366 0 20
2367 0 20
2368 0 20
2369 0 19
2370 0 20
2371 0 19
2372 0 20
2373 0 20
2374 0 20
2375 0 19
2376 0 20
2377 0 19
2378 0 19
2379 0 20
2380 0 19
2381 0 20
2382 0 19
2383 0 19
2384 0 20
2385 0 19
2386 0 19
2387 0 19
2388 0 19
2389 0 19
2390 0 19
2391 0 21
2392 0 21
2393 0 21
2394 0 20
2395 0 21
2396 0 20
2397 0 21
2398 0 21
2399 0 21
2400 0 20
2401 0 21
2402 0 20
2403 0 20
2404 0 21
2405 0 20
2406 0 20
2407 0 20
2408 0 20
2409 0 20
2410 0 20
2411 0 19
2412 0 21
2413 0 20
2414 0 20
2415 0 21
2416 0 20
2417 0 20
2418 0 20
2419 0 20
2420 0 20
2421 0 20
2422 0 21
2423 0 21
2424 0 21
2425 0 20
2426 0 21
2427 0 20
2428 0 21
2429 0 21
2430 0 21
2431 0 20
2432 0 21
2433 0 20
2434 0 20
2435 0 21
2436 0 20
2437 0 20
2438 0 20
2439 0 20
2440 0 20
2441 0 20
2442 0 19
2443 0 21
2444 0 20
2445 0 20
2446 0 21
2447 0 20
2448 0 20
2449 0 20
2450 0 20
2451 0 20
2452 0 19
2453 0 20
2454 0 20
2455 0 20
2456 0 19
2457 0 21
2458 0 20
2459 0 20
2460 0 21
2461 0 20
2462 0 20
2463 0 21
2464 0 20
2465 0 20
2466 0 19
2467 0 20
2468 0 20
2469 0 20
2470 0 19
2471 0 20
2472 0 19
2473 0 20
2474 0 20
2475 0 20
2476 0 19
2477 0 20
2478 0 20
2479 0 20
2480 0 19
2481 0 20
2482 0 19
2483 0 20
2484 0 20
2485 0 20
2486 0 19
2487 0 20
2488 0 19
2489 0 19
2490 0 20
2491 0 19
2492 0 19
2493 0 19
2494 0 19
2495 0 19
2496 0 19
2497 0 19
2498 0 21
2499 0 20
2500 0 20
2501 0 21
2502 0 20
2503 0 20
2504 0 20
2505 0 20
2506 0 20
2507 0 19
2508 0 20
2509 0 20
2510 0 20
2511 0 19
2512 0 21
2513 0 20
2514 0 20
2515 0 21
2516 0 20
2517 0 20
2518 0 20
2519 0 20
2520 0 20
2521 0 19
2522 0 20
2523 0 20
2524 0 20
2525 0 19
2526 0 20
2527 0 19
2528 0 20
2529 0 20
2530 0 20
2531 0 19
2532 0 20
2533 0 20
2534 0 19
2535 0 20
2536 0 20
2537 0 20
2538 0 20
2539 0 19
2540 0 20
2541 0 20
2542 0 19
2543 0 19
2544 0 19
2545 0 19
2546 0 19
2547 0 20
2548 0 20
2549 0 20
2550 0 19
2551 0 20
2552 0 19
2553 0 20
2554 0 20
2555 0 20
2556 0 19
2557 0 20
2558 0 19
2559 0 19
2560 0 20
2561 0 19
2562 0 19
2563 0 19
2564 0 19
2565 0 19
2566 0 19
2567 0 18
2568 0 21
2569 0 20
2570 0 20
2571 0 21
2572 0 20
2573 0 20
2574 0 20
2575 0 20
2576 0 20
2577 0 19
2578 0 20
2579 0 20
2580 0 20
2581 0 19
2582 0 21
2583 0 20
2584 0 20
2585 0 21
2586 0 20
2587 0 20
2588 0 20
2589 0 20
2590 0 20
2591 0 19
2592 0 20
2593 0 20
2594 0 20
2595 0 20
2596 0 20
2597 0 20
2598 0 20
2599 0 20
2600 0 21
2601 0 20
2602 0 20
2603 0 20
2604 0 19
2605 0 20
2606 0 20
2607 0 20
2608 0 20
2609 0 19
2610 0 20
2611 0 20
2612 0 19
2613 0 19
2614 0 19
2615 0 19
2616 0 19
2617 0 20
2618 0 20
2619 0 20
2620 0 19
2621 0 20
2622 0 19
2623 0 20
2624 0 20
2625 0 20
2626 0 19
2627 0 20
2628 0 20
2629 0 19
2630 0 20
2631 0 20
2632 0 20
2633 0 20
2634 0 20
2635 0 20
2636 0 19
2637 0 18
2638 0 20
2639 0 20
2640 0 20
2641 0 20
2642 0 20
2643 0 19
2644 0 20
2645 0 19
2646 0 19
2647 0 18
2648 0 20
2649 0 20
2650 0 20
2651 0 19
2652 0 20
2653 0 19
2654 0 20
2655 0 20
2656 0 20
2657 0 19
2658 0 20
2659 0 20
2660 0 19
2661 0 20
2662 0 20
2663 0 20
2664 0 20
2665 0 20
2666 0 20
2667 0 19
2668 0 18
2669 0 20
2670 0 20
2671 0 20
2672 0 19
2673 0 20
2674 0 19
2675 0 20
2676 0 20
2677 0 20
2678 0 19
2679 0 20
2680 0 20
2681 0 19
2682 0 20
2683 0 20
2684 0 20
2685 0 20
2686 0 20
2687 0 20
2688 0 19
2689 0 18
2690 0 20
2691 0 20
2692 0 20
2693 0 20
2694 0 20
2695 0 19
2696 0 20
2697 0 19
2698 0 19
2699 0 18
2700 0 20
2701 0 20
2702 0 20
2703 0 19
2704 0 20
2705 0 19
2706 0 20
2707 0 20
2708 0 20
2709 0 19
2710 0 20
2711 0 20
2712 0 19
2713 0 20
2714 0 20
2715 0 20
2716 0 20
2717 0 20
2718 0 20
2719 0 19
2720 0 18
2721 0 20
2722 0 19
2723 0 19
2724 0 20
2725 0 19
2726 0 19
2727 0 20
2728 0 19
2729 0 19
2730 0 18
2731 0 20
2732 0 20
2733 0 19
2734 0 18
2735 0 20
2736 0 19
2737 0 19
2738 0 20
2739 0 19
2740 0 19
2741 0 20
2742 0 19
2743 0 19
2744 0 18
2745 0 19
2746 0 19
2747 0 19
2748 0 18
2749 0 19
2750 0 18
2751 0 19
2752 0 19
2753 0 19
2754 0 18
2755 0 19
2756 0 19
2757 0 19
2758 0 18
2759 0 19
2760 0 18
2761 0 19
2762 0 19
2763 0 19
2764 0 18
2765 0 19
2766 0 18
2767 0 18
2768 0 20
2769 0 18
2770 0 19
2771 0 19
2772 0 19
2773 0 19
2774 0 19
2775 0 18
2776 0 21
2777 0 20
2778 0 20
2779 0 21
2780 0 20
2781 0 20
2782 0 20
2783 0 20
2784 0 20
2785 0 19
2786 0 20
2787 0 20
2788 0 20
2789 0 19
2790 0 21
2791 0 20
2792 0 20
2793 0 21
2794 0 20
2795 0 20
2796 0 20
2797 0 20
2798 0 20
2799 0 19
2800 0 20
2801 0 20
2802 0 20
2803 0 20
2804 0 20
2805 0 20
2806 0 20
2807 0 20
2808 0 21
2809 0 20
2810 0 20
2811 0 20
2812 0 19
2813 0 20
2814 0 20
2815 0 20
2816 0 20
2817 0 19
2818 0 20
2819 0 20
2820 0 19
2821 0 19
2822 0 19
2823 0 19
2824 0 19
2825 0 20
2826 0 20
2827 0 21
2828 0 20
2829 0 21
2830 0 20
2831 0 20
2832 0 20
2833 0 21
2834 0 20
2835 0 20
2836 0 20
2837 0 19
2838 0 20
2839 0 20
2840 0 19
2841 0 19
2842 0 19
2843 0 19
2844 0 19
2845 0 18
2846 0 21
2847 0 20
2848 0 20
2849 0 21
2850 0 20
2851 0 20
2852 0 20
2853 0 20
2854 0 20
2855 0 19
2856 0 20
2857 0 20
2858 0 20
2859 0 19
2860 0 21
2861 0 20
2862 0 20
2863 0 21
2864 0 20
2865 0 20
2866 0 20
2867 0 20
2868 0 20
2869 0 19
2870 0 20
2871 0 20
2872 0 20
2873 0 20
2874 0 20
2875 0 20
2876 0 20
2877 0 20
2878 0 21
2879 0 20
2880 0 20
2881 0 20
2882 0 19
2883 0 20
2884 0 20
2885 0 20
2886 0 20
2887 0 19
2888 0 20
2889 0 20
2890 0 19
2891 0 19
2892 0 19
2893 0 19
2894 0 19
2895 0 20
2896 0 20
2897 0 20
2898 0 19
2899 0 20
2900 0 19
2901 0 20
2902 0 20
2903 0 20
2904 0 19
2905 0 20
2906 0 19
2907 0 19
2908 0 20
2909 0 19
2910 0 19
2911 0 19
2912 0 19
2913 0 19
2914 0 19
2915 0 18
2916 0 20
2917 0 19
2918 0 19
2919 0 20
2920 0 19
2921 0 19
2922 0 19
2923 0 19
2924 0 19
2925 0 18
2926 0 20
2927 0 20
2928 0 20
2929 0 19
2930 0 20
2931 0 19
2932 0 20
2933 0 20
2934 0 20
2935 0 19
2936 0 20
2937 0 20
2938 0 19
2939 0 20
2940 0 20
2941 0 19
2942 0 19
2943 0 19
2944 0 19
2945 0 19
2946 0 18
2947 0 20
2948 0 19
2949 0 19
2950 0 20
2951 0 19
2952 0 19
2953 0 20
2954 0 19
2955 0 19
2956 0 18
2957 0 20
2958 0 20
2959 0 19
2960 0 18
2961 0 20
2962 0 19
2963 0 19
2964 0 20
2965 0 19
2966 0 19
2967 0 20
2968 0 19
2969 0 19
2970 0 18
2971 0 20
2972 0 19
2973 0 19
2974 0 20
2975 0 19
2976 0 19
2977 0 20
2978 0 19
2979 0 19
2980 0 18
2981 0 20
2982 0 20
2983 0 19
2984 0 18
2985 0 20
2986 0 19
2987 0 19
2988 0 20
2989 0 19
2990 0 19
2991 0 20
2992 0 19
2993 0 19
2994 0 18
2995 0 19
2996 0 19
2997 0 19
2998 0 18
2999 0 19
3000 0 18
3001 0 19
3002 0 19
3003 0 19
3004 0 18
3005 0 19
3006 0 18
3007 0 18
3008 0 19
3009 0 18
3010 0 19
3011 0 18
3012 0 18
3013 0 19
3014 0 18
3015 0 18
3016 0 18
3017 0 19
3018 0 19
3019 0 18
3020 0 21
3021 0 21
3022 0 21
3023 0 20
3024 0 21
3025 0 20
3026 0 21
3027 0 21
3028 0 21
3029 0 20
3030 0 21
3031 0 20
3032 0 20
3033 0 21
3034 0 20
3035 0 20
3036 0 20
3037 0 20
3038 0 20
3039 0 20
3040 0 20
3041 0 21
3042 0 20
3043 0 20
3044 0 21
3045 0 20
3046 0 20
3047 0 20
3048 0 20
3049 0 20
3050 0 19
3051 0 21
3052 0 21
3053 0 21
3054 0 20
3055 0 21
3056 0 20
3057 0 21
3058 0 21
3059 0 21
3060 0 20
3061 0 21
3062 0 20
3063 0 20
3064 0 21
3065 0 20
3066 0 20
3067 0 20
3068 0 20
3069 0 20
3070 0 20
3071 0 20
3072 0 21
3073 0 20
3074 0 20
3075 0 21
3076 0 20
3077 0 20
3078 0 20
3079 0 20
3080 0 20
3081 0 19
3082 0 20
3083 0 20
3084 0 20
3085 0 19
3086 0 21
3087 0 20
3088 0 20
3089 0 21
3090 0 20
3091 0 20
3092 0 21
3093 0 20
3094 0 20
3095 0 19
3096 0 20
3097 0 20
3098 0 20
3099 0 19
3100 0 20
3101 0 19
3102 0 20
3103 0 20
3104 0 20
3105 0 19
3106 0 20
3107 0 20
3108 0 20
3109 0 19
3110 0 20
3111 0 19
3112 0 20
3113 0 20
3114 0 20
3115 0 19
3116 0 20
3117 0 19
3118 0 19
3119 0 20
3120 0 19
3121 0 19
3122 0 19
3123 0 19
3124 0 19
3125 0 19
3126 0 19
3127 0 21
3128 0 20
3129 0 20
3130 0 21
3131 0 20
3132 0 20
3133 0 21
3134 0 20
3135 0 20
3136 0 19
3137 0 21
3138 0 21
3139 0 20
3140 0 19
3141 0 21
3142 0 20
3143 0 20
3144 0 21
3145 0 20
3146 0 20
3147 0 21
3148 0 20
3149 0 20
3150 0 19
3151 0 20
3152 0 20
3153 0 20
3154 0 19
3155 0 20
3156 0 19
3157 0 20
3158 0 20
3159 0 20
3160 0 19
3161 0 20
3162 0 19
3163 0 19
3164 0 20
3165 0 19
3166 0 20
3167 0 19
3168 0 19
3169 0 20
3170 0 19
3171 0 19
3172 0 19
3173 0 20
3174 0 20
3175 0 19
3176 0 21
3177 0 21
3178 0 21
3179 0 20
3180 0 21
3181 0 20
3182 0 21
3183 0 21
3184 0 21
3185 0 20
3186 0 21
3187 0 20
3188 0 20
3189 0 21
3190 0 20
3191 0 20
3192 0 20
3193 0 20
3194 0 20
3195 0 20
3196 0 20
3197 0 21
3198 0 20
3199 0 20
3200 0 21
3201 0 20
3202 0 20
3203 0 20
3204 0 20
3205 0 20
3206 0 20
3207 0 21
3208 0 21
3209 0 21
3210 0 20
3211 0 21
3212 0 20
3213 0 21
3214 0 21
3215 0 21
3216 0 20
3217 0 21
3218 0 20
3219 0 20
3220 0 21
3221 0 20
3222 0 20
3223 0 20
3224 0 20
3225 0 20
3226 0 20
3227 0 20
3228 0 21
3229 0 20
3230 0 20
3231 0 21
3232 0 20
3233 0 20
3234 0 20
3235 0 20
3236 0 20
3237 0 19
3238 0 20
3239 0 20
3240 0 20
3241 0 19
3242 0 21
3243 0 20
3244 0 20
3245 0 21
3246 0 20
3247 0 20
3248 0 21
3249 0 20
3250 0 20
3251 0 19
3252 0 20
3253 0 20
3254 0 20
3255 0 19
3256 0 20
3257 0 19
3258 0 20
3259 0 20
3260 0 20
3261 0 19
3262 0 20
3263 0 20
3264 0 20
3265 0 19
3266 0 20
3267 0 19
3268 0 20
3269 0 20
3270 0 20
3271 0 19
3272 0 20
3273 0 19
3274 0 19
3275 0 20
3276 0 19
3277 0 19
3278 0 19
3279 0 19
3280 0 19
3281 0 19
3282 0 19
3283 0 21
3284 0 20
3285 0 20
3286 0 21
3287 0 20
3288 0 20
3289 0 21
3290 0 20
3291 0 20
3292 0 19
3293 0 21
3294 0 21
3295 0 20
3296 0 19
3297 0 21
3298 0 20
3299 0 20
3300 0 21
3301 0 20
3302 0 20
3303 0 21
3304 0 20
3305 0 20
3306 0 19
3307 0 20
3308 0 20
3309 0 20
3310 0 19
3311 0 20
3312 0 19
3313 0 20
3314 0 20
3315 0 20
3316 0 19
3317 0 20
3318 0 20
3319 0 20
3320 0 20
3321 0 20
3322 0 20
3323 0 20
3324 0 20
3325 0 20
3326 0 20
3327 0 20
3328 0 20
3329 0 19
3330 0 19
3331 0 19
3332 0 20
3333 0 20
3334 0 20
3335 0 19
3336 0 20
3337 0 19
3338 0 20
3339 0 20
3340 0 20
3341 0 19
3342 0 20
3343 0 19
3344 0 19
3345 0 20
3346 0 19
3347 0 20
3348 0 20
3349 0 20
3350 0 20
3351 0 19
3352 0 18
3353 0 21
3354 0 20
3355 0 20
3356 0 21
3357 0 20
3358 0 20
3359 0 21
3360 0 20
3361 0 20
3362 0 19
3363 0 21
3364 0 21
3365 0 20
3366 0 19
3367 0 21
3368 0 20
3369 0 20
3370 0 21
3371 0 20
3372 0 20
3373 0 21
3374 0 20
3375 0 20
3376 0 19
3377 0 21
3378 0 21
3379 0 20
3380 0 20
3381 0 20
3382 0 20
3383 0 21
3384 0 21
3385 0 21
3386 0 20
3387 0 20
3388 0 20
3389 0 20
3390 0 20
3391 0 20
3392 0 20
3393 0 20
3394 0 20
3395 0 20
3396 0 20
3397 0 20
3398 0 20
3399 0 19
3400 0 19
3401 0 19
3402 0 20
3403 0 20
3404 0 20
3405 0 19
3406 0 20
3407 0 19
3408 0 20
3409 0 20
3410 0 20
3411 0 19
3412 0 20
3413 0 20
3414 0 19
3415 0 20
3416 0 20
3417 0 20
3418 0 20
3419 0 20
3420 0 20
3421 0 19
3422 0 18
3423 0 20
3424 0 20
3425 0 20
3426 0 20
3427 0 20
3428 0 19
3429 0 20
3430 0 19
3431 0 19
3432 0 18
3433 0 20
3434 0 20
3435 0 20
3436 0 19
3437 0 20
3438 0 19
3439 0 20
3440 0 20
3441 0 20
3442 0 19
3443 0 20
3444 0 20
3445 0 19
3446 0 20
3447 0 20
3448 0 20
3449 0 20
3450 0 20
3451 0 20
3452 0 19
3453 0 18
3454 0 20
3455 0 20
3456 0 20
3457 0 19
3458 0 20
3459 0 19
3460 0 20
3461 0 20
3462 0 20
3463 0 19
3464 0 20
3465 0 20
3466 0 19
3467 0 20
3468 0 20
3469 0 20
3470 0 20
3471 0 20
3472 0 20
3473 0 19
3474 0 18
3475 0 20
3476 0 20
3477 0 20
3478 0 20
3479 0 20
3480 0 19
3481 0 20
3482 0 19
3483 0 19
3484 0 18
3485 0 20
3486 0 20
3487 0 20
3488 0 19
3489 0 20
3490 0 19
3491 0 20
3492 0 20
3493 0 20
3494 0 19
3495 0 20
3496 0 20
3497 0 19
3498 0 20
3499 0 20
3500 0 20
3501 0 20
3502 0 20
3503 0 20
3504 0 19
3505 0 18
3506 0 20
3507 0 19
3508 0 19
3509 0 20
3510 0 19
3511 0 19
3512 0 20
3513 0 19
3514 0 19
3515 0 18
3516 0 20
3517 0 20
3518 0 19
3519 0 18
3520 0 20
3521 0 19
3522 0 19
3523 0 20
3524 0 19
3525 0 19
3526 0 20
3527 0 19
3528 0 19
3529 0 18
3530 0 19
3531 0 19
3532 0 19
3533 0 18
3534 0 19
3535 0 18
3536 0 19
3537 0 19
3538 0 19
3539 0 18
3540 0 19
3541 0 19
3542 0 19
3543 0 18
3544 0 19
3545 0 18
3546 0 19
3547 0 19
3548 0 19
3549 0 18
3550 0 19
3551 0 18
3552 0 18
3553 0 20
3554 0 18
3555 0 19
3556 0 19
3557 0 19
3558 0 19
3559 0 19
3560 0 18
3561 0 21
3562 0 20
3563 0 21
3564 0 20
3565 0 20
3566 0 20
3567 0 20
3568 0 20
3569 0 20
3570 0 20
3571 0 19
3572 0 21
3573 0 20
3574 0 21
3575 0 20
3576 0 20
3577 0 20
3578 0 20
3579 0 20
3580 0 20
3581 0 20
3582 0 19
3583 0 20
3584 0 20
3585 0 20
3586 0 20
3587 0 19
3588 0 20
3589 0 19
3590 0 20
3591 0 20
3592 0 19
3593 0 20
3594 0 19
3595 0 19
3596 0 19
3597 0 19
3598 0 20
3599 0 20
3600 0 20
3601 0 19
3602 0 21
3603 0 20
3604 0 20
3605 0 20
3606 0 19
3607 0 20
3608 0 19
3609 0 20
3610 0 19
3611 0 19
3612 0 19
3613 0 19
3614 0 19
3615 0 19
3616 0 21
3617 0 20
3618 0 21
3619 0 20
3620 0 20
3621 0 20
3622 0 20
3623 0 20
3624 0 20
3625 0 20
3626 0 20
3627 0 21
3628 0 20
3629 0 21
3630 0 20
3631 0 20
3632 0 20
3633 0 20
3634 0 20
3635 0 20
3636 0 20
3637 0 19
3638 0 20
3639 0 20
3640 0 20
3641 0 20
3642 0 19
3643 0 20
3644 0 19
3645 0 20
3646 0 20
3647 0 19
3648 0 20
3649 0 19
3650 0 19
3651 0 19
3652 0 19
3653 0 20
3654 0 20
3655 0 20
3656 0 19
3657 0 20
3658 0 20
3659 0 20
3660 0 20
3661 0 19
3662 0 20
3663 0 19
3664 0 20
3665 0 20
3666 0 20
3667 0 20
3668 0 20
3669 0 19
3670 0 19
3671 0 20
3672 0 19
3673 0 20
3674 0 19
3675 0 19
3676 0 19
3677 0 19
3678 0 20
3679 0 20
3680 0 20
3681 0 19
3682 0 20
3683 0 20
3684 0 20
3685 0 20
3686 0 19
3687 0 20
3688 0 20
3689 0 20
3690 0 20
3691 0 20
3692 0 20
3693 0 20
3694 0 19
3695 0 19
3696 0 20
3697 0 19
3698 0 20
3699 0 20
3700 0 20
3701 0 20
3702 0 20
3703 0 20
3704 0 20
3705 0 19
3706 0 18
3707 0 20
3708 0 19
3709 0 20
3710 0 20
3711 0 20
3712 0 20
3713 0 20
3714 0 20
3715 0 19
3716 0 20
3717 0 20
3718 0 20
3719 0 20
3720 0 20
3721 0 20
3722 0 20
3723 0 19
3724 0 18
3725 0 20
3726 0 19
3727 0 20
3728 0 20
3729 0 20
3730 0 20
3731 0 20
3732 0 19
3733 0 19
3734 0 19
3735 0 18
3736 0 20
3737 0 19
3738 0 19
3739 0 19
3740 0 18
3741 0 19
3742 0 18
3743 0 19
3744 0 19
3745 0 18
3746 0 19
3747 0 18
3748 0 18
3749 0 19
3750 0 19
3751 0 20
3752 0 20
3753 0 20
3754 0 19
3755 0 20
3756 0 20
3757 0 20
3758 0 20
3759 0 19
3760 0 20
3761 0 20
3762 0 20
3763 0 20
3764 0 20
3765 0 20
3766 0 20
3767 0 19
3768 0 19
3769 0 20
3770 0 20
3771 0 20
3772 0 20
3773 0 20
3774 0 19
3775 0 19
3776 0 20
3777 0 20
3778 0 20
3779 0 19
3780 0 20
3781 0 20
3782 0 20
3783 0 20
3784 0 19
3785 0 20
3786 0 20
3787 0 20
3788 0 20
3789 0 20
3790 0 20
3791 0 20
3792 0 19
3793 0 19
3794 0 20
3795 0 19
3796 0 20
3797 0 19
3798 0 19
3799 0 19
3800 0 19
3801 0 19
3802 0 19
3803 0 19
3804 0 18
3805 0 20
3806 0 19
3807 0 20
3808 0 20
3809 0 20
3810 0 19
3811 0 19
3812 0 19
3813 0 19
3814 0 19
3815 0 18
3816 0 20
3817 0 19
3818 0 19
3819 0 19
3820 0 18
3821 0 19
3822 0 19
3823 0 19
3824 0 18
3825 0 20
3826 0 19
3827 0 19
3828 0 19
3829 0 18
3830 0 19
3831 0 18
3832 0 19
3833 0 18
3834 0 18
3835 0 18
3836 0 18
3837 0 18
3838 0 18
3839 0 21
3840 0 20
3841 0 21
3842 0 20
3843 0 20
3844 0 20
3845 0 20
3846 0 20
3847 0 20
3848 0 20
3849 0 19
3850 0 21
3851 0 20
3852 0 21
3853 0 20
3854 0 20
3855 0 20
3856 0 20
3857 0 20
3858 0 20
3859 0 20
3860 0 19
3861 0 20
3862 0 20
3863 0 20
3864 0 20
3865 0 19
3866 0 20
3867 0 19
3868 0 20
3869 0 20
3870 0 19
3871 0 20
3872 0 19
3873 0 19
3874 0 19
3875 0 19
3876 0 20
3877 0 20
3878 0 20
3879 0 19
3880 0 21
3881 0 20
3882 0 20
3883 0 20
3884 0 19
3885 0 20
3886 0 19
3887 0 20
3888 0 19
3889 0 19
3890 0 19
3891 0 19
3892 0 19
3893 0 19
3894 0 21
3895 0 20
3896 0 21
3897 0 20
3898 0 20
3899 0 20
3900 0 20
3901 0 20
3902 0 20
3903 0 20
3904 0 20
3905 0 21
3906 0 20
3907 0 21
3908 0 20
3909 0 20
3910 0 20
3911 0 20
3912 0 20
3913 0 20
3914 0 20
3915 0 19
3916 0 20
3917 0 20
3918 0 20
3919 0 20
3920 0 19
3921 0 20
3922 0 19
3923 0 20
3924 0 20
3925 0 19
3926 0 20
3927 0 19
3928 0 19
3929 0 19
3930 0 19
3931 0 20
3932 0 20
3933 0 20
3934 0 19
3935 0 21
3936 0 20
3937 0 20
3938 0 20
3939 0 19
3940 0 20
3941 0 19
3942 0 20
3943 0 20
3944 0 20
3945 0 20
3946 0 20
3947 0 20
3948 0 19
3949 0 20
3950 0 19
3951 0 20
3952 0 19
3953 0 19
3954 0 20
3955 0 20
3956 0 20
3957 0 20
3958 0 20
3959 0 19
3960 0 21
3961 0 20
3962 0 20
3963 0 20
3964 0 19
3965 0 21
3966 0 20
3967 0 21
3968 0 20
3969 0 20
3970 0 20
3971 0 20
3972 0 20
3973 0 19
3974 0 20
3975 0 19
3976 0 20
3977 0 20
3978 0 20
3979 0 20
3980 0 20
3981 0 20
3982 0 20
3983 0 19
3984 0 18
3985 0 20
3986 0 19
3987 0 20
3988 0 20
3989 0 20
3990 0 20
3991 0 20
3992 0 20
3993 0 19
3994 0 20
3995 0 20
3996 0 20
3997 0 20
3998 0 20
3999 0 20
4000 0 20
4001 0 19
4002 0 18
4003 0 20
4004 0 19
4005 0 20
4006 0 20
4007 0 20
4008 0 20
4009 0 20
4010 0 19
4011 0 19
4012 0 19
4013 0 18
4014 0 20
4015 0 19
4016 0 19
4017 0 19
4018 0 18
4019 0 19
4020 0 18
4021 0 19
4022 0 19
4023 0 18
4024 0 19
4025 0 18
4026 0 18
4027 0 19
4028 0 19
4029 0 20
4030 0 20
4031 0 20
4032 0 20
4033 0 20
4034 0 19
4035 0 20
4036 0 20
4037 0 19
4038 0 19
4039 0 20
4040 0 20
4041 0 20
4042 0 20
4043 0 20
4044 0 19
4045 0 20
4046 0 20
4047 0 20
4048 0 20
4049 0 19
4050 0 20
4051 0 20
4052 0 20
4053 0 20
4054 0 20
4055 0 20
4056 0 20
4057 0 20
4058 0 20
4059 0 20
4060 0 19
4061 0 19
4062 0 18
4063 0 20
4064 0 20
4065 0 20
4066 0 20
4067 0 20
4068 0 20
4069 0 20
4070 0 20
4071 0 20
4072 0 19
4073 0 19
4074 0 20
4075 0 19
4076 0 19
4077 0 19
4078 0 19
4079 0 18
4080 0 18
4081 0 20
4082 0 20
4083 0 20
4084 0 20
4085 0 20
4086 0 19
4087 0 20
4088 0 20
4089 0 19
4090 0 19
4091 0 20
4092 0 20
4093 0 20
4094 0 20
4095 0 20
4096 0 19
4097 0 20
4098 0 20
4099 0 20
4100 0 20
4101 0 19
4102 0 20
4103 0 20
4104 0 20
4105 0 20
4106 0 20
4107 0 20
4108 0 20
4109 0 20
4110 0 20
4111 0 20
4112 0 19
4113 0 19
4114 0 18
4115 0 20
4116 0 20
4117 0 20
4118 0 20
4119 0 20
4120 0 19
4121 0 20
4122 0 20
4123 0 19
4124 0 19
4125 0 20
4126 0 20
4127 0 20
4128 0 20
4129 0 20
4130 0 19
4131 0 20
4132 0 20
4133 0 20
4134 0 20
4135 0 19
4136 0 20
4137 0 20
4138 0 20
4139 0 20
4140 0 20
4141 0 20
4142 0 20
4143 0 20
4144 0 20
4145 0 20
4146 0 19
4147 0 19
4148 0 18
4149 0 20
4150 0 20
4151 0 20
4152 0 20
4153 0 20
4154 0 20
4155 0 20
4156 0 20
4157 0 20
4158 0 19
4159 0 19
4160 0 20
4161 0 19
4162 0 19
4163 0 19
4164 0 19
4165 0 18
4166 0 18
4167 0 20
4168 0 20
4169 0 20
4170 0 20
4171 0 20
4172 0 19
4173 0 20
4174 0 20
4175 0 19
4176 0 19
4177 0 20
4178 0 20
4179 0 20
4180 0 20
4181 0 20
4182 0 19
4183 0 20
4184 0 20
4185 0 20
4186 0 20
4187 0 19
4188 0 20
4189 0 20
4190 0 20
4191 0 20
4192 0 20
4193 0 20
4194 0 20
4195 0 20
4196 0 20
4197 0 20
4198 0 19
4199 0 19
4200 0 18
4201 0 20
4202 0 20
4203 0 19
4204 0 19
4205 0 19
4206 0 20
4207 0 20
4208 0 19
4209 0 19
4210 0 19
4211 0 19
4212 0 20
4213 0 19
4214 0 19
4215 0 19
4216 0 19
4217 0 18
4218 0 18
4219 0 20
4220 0 20
4221 0 20
4222 0 19
4223 0 19
4224 0 18
4225 0 20
4226 0 20
4227 0 19
4228 0 19
4229 0 19
4230 0 20
4231 0 20
4232 0 19
4233 0 19
4234 0 19
4235 0 19
4236 0 20
4237 0 19
4238 0 19
4239 0 19
4240 0 19
4241 0 18
4242 0 18
4243 0 19
4244 0 19
4245 0 19
4246 0 19
4247 0 19
4248 0 18
4249 0 19
4250 0 19
4251 0 18
4252 0 18
4253 0 19
4254 0 19
4255 0 19
4256 0 19
4257 0 19
4258 0 18
4259 0 19
4260 0 19
4261 0 19
4262 0 19
4263 0 19
4264 0 18
4265 0 19
4266 0 19
4267 0 18
4268 0 18
4269 0 19
4270 0 19
4271 0 19
4272 0 19
4273 0 19
4274 0 18
4275 0 19
4276 0 19
4277 0 18
4278 0 18
4279 0 18
4280 0 20
4281 0 20
4282 0 18
4283 0 18
4284 0 19
4285 0 19
4286 0 19
4287 0 19
4288 0 19
4289 0 19
4290 0 19
4291 0 19
4292 0 18
4293 0 21
4294 0 20
4295 0 21
4296 0 20
4297 0 20
4298 0 20
4299 0 20
4300 0 20
4301 0 20
4302 0 20
4303 0 19
4304 0 21
4305 0 20
4306 0 21
4307 0 20
4308 0 20
4309 0 20
4310 0 20
4311 0 20
4312 0 20
4313 0 20
4314 0 19
4315 0 20
4316 0 20
4317 0 20
4318 0 20
4319 0 19
4320 0 20
4321 0 19
4322 0 20
4323 0 20
4324 0 19
4325 0 20
4326 0 19
4327 0 19
4328 0 19
4329 0 19
4330 0 20
4331 0 20
4332 0 20
4333 0 19
4334 0 21
4335 0 20
4336 0 20
4337 0 20
4338 0 19
4339 0 20
4340 0 19
4341 0 20
4342 0 19
4343 0 19
4344 0 19
4345 0 19
4346 0 19
4347 0 19
4348 0 21
4349 0 20
4350 0 21
4351 0 20
4352 0 20
4353 0 20
4354 0 20
4355 0 20
4356 0 20
4357 0 20
4358 0 20
4359 0 21
4360 0 20
4361 0 21
4362 0 20
4363 0 20
4364 0 20
4365 0 20
4366 0 20
4367 0 20
4368 0 20
4369 0 19
4370 0 20
4371 0 20
4372 0 20
4373 0 20
4374 0 19
4375 0 20
4376 0 19
4377 0 20
4378 0 20
4379 0 19
4380 0 20
4381 0 19
4382 0 19
4383 0 19
4384 0 19
4385 0 20
4386 0 20
4387 0 20
4388 0 19
4389 0 21
4390 0 20
4391 0 20
4392 0 20
4393 0 19
4394 0 20
4395 0 19
4396 0 20
4397 0 20
4398 0 20
4399 0 20
4400 0 20
4401 0 20
4402 0 19
4403 0 20
4404 0 19
4405 0 20
4406 0 19
4407 0 19
4408 0 20
4409 0 20
4410 0 20
4411 0 20
4412 0 20
4413 0 19
4414 0 21
4415 0 20
4416 0 20
4417 0 20
4418 0 19
4419 0 21
4420 0 20
4421 0 21
4422 0 20
4423 0 20
4424 0 20
4425 0 20
4426 0 20
4427 0 19
4428 0 20
4429 0 19
4430 0 20
4431 0 20
4432 0 20
4433 0 20
4434 0 20
4435 0 20
4436 0 20
4437 0 19
4438 0 18
4439 0 20
4440 0 19
4441 0 20
4442 0 20
4443 0 20
4444 0 20
4445 0 20
4446 0 20
4447 0 19
4448 0 20
4449 0 20
4450 0 20
4451 0 20
4452 0 20
4453 0 20
4454 0 20
4455 0 19
4456 0 18
4457 0 20
4458 0 19
4459 0 20
4460 0 20
4461 0 20
4462 0 20
4463 0 20
4464 0 19
4465 0 19
4466 0 19
4467 0 18
4468 0 20
4469 0 19
4470 0 19
4471 0 19
4472 0 18
4473 0 19
4474 0 18
4475 0 19
4476 0 19
4477 0 18
4478 0 19
4479 0 18
4480 0 18
4481 0 19
4482 0 19
4483 0 20
4484 0 20
4485 0 20
4486 0 19
4487 0 21
4488 0 20
4489 0 20
4490 0 20
4491 0 19
4492 0 21
4493 0 20
4494 0 21
4495 0 20
4496 0 20
4497 0 20
4498 0 20
4499 0 20
4500 0 19
4501 0 21
4502 0 20
4503 0 21
4504 0 20
4505 0 20
4506 0 20
4507 0 20
4508 0 20
4509 0 20
4510 0 20
4511 0 19
4512 0 21
4513 0 20
4514 0 20
4515 0 20
4516 0 19
4517 0 21
4518 0 20
4519 0 21
4520 0 20
4521 0 20
4522 0 20
4523 0 20
4524 0 20
4525 0 19
4526 0 20
4527 0 19
4528 0 20
4529 0 19
4530 0 19
4531 0 20
4532 0 20
4533 0 19
4534 0 19
4535 0 19
4536 0 18
4537 0 20
4538 0 19
4539 0 20
4540 0 20
4541 0 20
4542 0 20
4543 0 20
4544 0 19
4545 0 19
4546 0 19
4547 0 18
4548 0 20
4549 0 19
4550 0 19
4551 0 19
4552 0 18
4553 0 19
4554 0 19
4555 0 19
4556 0 18
4557 0 20
4558 0 19
4559 0 19
4560 0 19
4561 0 18
4562 0 19
4563 0 18
4564 0 19
4565 0 18
4566 0 18
4567 0 18
4568 0 18
4569 0 18
4570 0 18
4571 0 21
4572 0 20
4573 0 21
4574 0 20
4575 0 20
4576 0 20
4577 0 20
4578 0 20
4579 0 20
4580 0 20
4581 0 19
4582 0 21
4583 0 20
4584 0 21
4585 0 20
4586 0 20
4587 0 20
4588 0 20
4589 0 20
4590 0 20
4591 0 20
4592 0 19
4593 0 20
4594 0 20
4595 0 20
4596 0 20
4597 0 19
4598 0 20
4599 0 19
4600 0 20
4601 0 20
4602 0 19
4603 0 20
4604 0 19
4605 0 19
4606 0 19
4607 0 19
4608 0 20
4609 0 20
4610 0 20
4611 0 19
4612 0 21
4613 0 20
4614 0 20
4615 0 20
4616 0 19
4617 0 20
4618 0 19
4619 0 20
4620 0 19
4621 0 19
4622 0 19
4623 0 19
4624 0 19
4625 0 19
4626 0 21
4627 0 20
4628 0 21
4629 0 20
4630 0 20
4631 0 20
4632 0 20
4633 0 20
4634 0 20
4635 0 20
4636 0 20
4637 0 21
4638 0 20
4639 0 21
4640 0 20
4641 0 20
4642 0 20
4643 0 20
4644 0 20
4645 0 20
4646 0 20
4647 0 19
4648 0 20
4649 0 20
4650 0 20
4651 0 20
4652 0 19
4653 0 20
4654 0 19
4655 0 20
4656 0 20
4657 0 19
4658 0 20
4659 0 19
4660 0 19
4661 0 19
4662 0 19
4663 0 20
4664 0 20
4665 0 20
4666 0 19
4667 0 21
4668 0 20
4669 0 20
4670 0 20
4671 0 19
4672 0 20
4673 0 19
4674 0 20
4675 0 20
4676 0 20
4677 0 20
4678 0 20
4679 0 20
4680 0 19
4681 0 20
4682 0 19
4683 0 20
4684 0 19
4685 0 19
4686 0 20
4687 0 20
4688 0 20
4689 0 20
4690 0 20
4691 0 19
4692 0 21
4693 0 20
4694 0 20
4695 0 20
4696 0 19
4697 0 21
4698 0 20
4699 0 21
4700 0 20
4701 0 20
4702 0 20
4703 0 20
4704 0 20
4705 0 19
4706 0 20
4707 0 19
4708 0 20
4709 0 20
4710 0 20
4711 0 20
4712 0 20
4713 0 20
4714 0 20
4715 0 19
4716 0 18
4717 0 20
4718 0 19
4719 0 20
4720 0 20
4721 0 20
4722 0 20
4723 0 20
4724 0 20
4725 0 19
4726 0 20
4727 0 20
4728 0 20
4729 0 20
4730 0 20
4731 0 20
4732 0 20
4733 0 19
4734 0 18
4735 0 20
4736 0 19
4737 0 20
4738 0 20
4739 0 20
4740 0 20
4741 0 20
4742 0 19
4743 0 19
4744 0 19
4745 0 18
4746 0 20
4747 0 19
4748 0 19
4749 0 19
4750 0 18
4751 0 19
4752 0 18
4753 0 19
4754 0 19
4755 0 18
4756 0 19
4757 0 18
4758 0 18
4759 0 19
4760 0 19
4761 0 20
4762 0 20
4763 0 20
4764 0 19
4765 0 20
4766 0 20
4767 0 20
4768 0 20
4769 0 19
4770 0 20
4771 0 19
4772 0 20
4773 0 19
4774 0 19
4775 0 19
4776 0 19
4777 0 19
4778 0 19
4779 0 20
4780 0 19
4781 0 20
4782 0 19
4783 0 19
4784 0 19
4785 0 19
4786 0 20
4787 0 20
4788 0 20
4789 0 19
4790 0 20
4791 0 20
4792 0 20
4793 0 20
4794 0 19
4795 0 20
4796 0 19
4797 0 20
4798 0 19
4799 0 19
4800 0 19
4801 0 19
4802 0 19
4803 0 19
4804 0 20
4805 0 19
4806 0 20
4807 0 19
4808 0 19
4809 0 19
4810 0 19
4811 0 19
4812 0 19
4813 0 19
4814 0 18
4815 0 20
4816 0 19
4817 0 20
4818 0 20
4819 0 20
4820 0 19
4821 0 19
4822 0 19
4823 0 19
4824 0 19
4825 0 18
4826 0 20
4827 0 19
4828 0 19
4829 0 19
4830 0 18
4831 0 19
4832 0 19
4833 0 19
4834 0 18
4835 0 20
4836 0 19
4837 0 19
4838 0 19
4839 0 18
4840 0 19
4841 0 18
4842 0 19
4843 0 18
4844 0 18
4845 0 18
4846 0 18
4847 0 18
4848 0 18
4849 0 20
4850 0 19
4851 0 20
4852 0 20
4853 0 20
4854 0 19
4855 0 19
4856 0 20
4857 0 20
4858 0 19
4859 0 18
4860 0 20
4861 0 19
4862 0 20
4863 0 20
4864 0 20
4865 0 19
4866 0 19
4867 0 19
4868 0 19
4869 0 19
4870 0 18
4871 0 19
4872 0 19
4873 0 19
4874 0 19
4875 0 18
4876 0 19
4877 0 18
4878 0 19
4879 0 19
4880 0 18
4881 0 19
4882 0 18
4883 0 18
4884 0 18
4885 0 18
4886 0 20
4887 0 20
4888 0 20
4889 0 20
4890 0 20
4891 0 20
4892 0 20
4893 0 20
4894 0 20
4895 0 20
4896 0 19
4897 0 20
4898 0 19
4899 0 19
4900 0 19
4901 0 19
4902 0 19
4903 0 19
4904 0 20
4905 0 19
4906 0 20
4907 0 19
4908 0 19
4909 0 19
4910 0 19
4911 0 20
4912 0 20
4913 0 20
4914 0 20
4915 0 20
4916 0 20
4917 0 20
4918 0 20
4919 0 20
4920 0 20
4921 0 19
4922 0 20
4923 0 19
4924 0 19
4925 0 19
4926 0 19
4927 0 19
4928 0 19
4929 0 20
4930 0 19
4931 0 20
4932 0 19
4933 0 19
4934 0 20
4935 0 20
4936 0 19
4937 0 19
4938 0 19
4939 0 18
4940 0 20
4941 0 19
4942 0 20
4943 0 20
4944 0 20
4945 0 20
4946 0 20
4947 0 19
4948 0 19
4949 0 19
4950 0 18
4951 0 20
4952 0 19
4953 0 19
4954 0 19
4955 0 18
4956 0 19
4957 0 19
4958 0 19
4959 0 18
4960 0 20
4961 0 19
4962 0 19
4963 0 19
4964 0 18
4965 0 19
4966 0 18
4967 0 19
4968 0 18
4969 0 18
4970 0 18
4971 0 18
4972 0 18
4973 0 18
4974 0 20
4975 0 19
4976 0 20
4977 0 19
4978 0 19
4979 0 19
4980 0 19
4981 0 19
4982 0 19
4983 0 19
4984 0 19
4985 0 20
4986 0 20
4987 0 20
4988 0 19
4989 0 19
4990 0 19
4991 0 19
4992 0 19
4993 0 19
4994 0 19
4995 0 19
4996 0 19
4997 0 19
4998 0 19
4999 0 20
5000 0 19
5001 0 19
5002 0 18
5003 0 19
5004 0 19
5005 0 18
5006 0 19
5007 0 18
5008 0 18
5009 0 18
5010 0 18
5011 0 19
5012 0 19
5013 0 20
5014 0 19
5015 0 20
5016 0 19
5017 0 19
5018 0 20
5019 0 19
5020 0 19
5021 0 18
5022 0 19
5023 0 18
5024 0 18
5025 0 18
5026 0 18
5027 0 18
5028 0 18
5029 0 20
5030 0 19
5031 0 20
5032 0 19
5033 0 19
5034 0 19
5035 0 19
5036 0 19
5037 0 19
5038 0 19
5039 0 19
5040 0 20
5041 0 20
5042 0 20
5043 0 19
5044 0 19
5045 0 19
5046 0 19
5047 0 19
5048 0 19
5049 0 19
5050 0 19
5051 0 19
5052 0 19
5053 0 19
5054 0 20
5055 0 19
5056 0 19
5057 0 18
5058 0 19
5059 0 19
5060 0 18
5061 0 19
5062 0 18
5063 0 18
5064 0 18
5065 0 18
5066 0 20
5067 0 19
5068 0 20
5069 0 19
5070 0 19
5071 0 19
5072 0 19
5073 0 19
5074 0 19
5075 0 19
5076 0 19
5077 0 20
5078 0 20
5079 0 20
5080 0 19
5081 0 19
5082 0 19
5083 0 19
5084 0 19
5085 0 19
5086 0 19
5087 0 19
5088 0 19
5089 0 19
5090 0 19
5091 0 20
5092 0 19
5093 0 19
5094 0 18
5095 0 19
5096 0 19
5097 0 18
5098 0 19
5099 0 18
5100 0 18
5101 0 18
5102 0 18
5103 0 19
5104 0 19
5105 0 20
5106 0 19
5107 0 20
5108 0 19
5109 0 19
5110 0 20
5111 0 19
5112 0 19
5113 0 18
5114 0 19
5115 0 18
5116 0 18
5117 0 18
5118 0 18
5119 0 18
5120 0 18
5121 0 20
5122 0 19
5123 0 20
5124 0 19
5125 0 19
5126 0 19
5127 0 19
5128 0 19
5129 0 19
5130 0 19
5131 0 19
5132 0 20
5133 0 20
5134 0 20
5135 0 19
5136 0 19
5137 0 19
5138 0 19
5139 0 19
5140 0 19
5141 0 19
5142 0 19
5143 0 19
5144 0 19
5145 0 19
5146 0 20
5147 0 19
5148 0 19
5149 0 18
5150 0 19
5151 0 19
5152 0 18
5153 0 19
5154 0 18
5155 0 18
5156 0 18
5157 0 18
5158 0 19
5159 0 19
5160 0 19
5161 0 19
5162 0 19
5163 0 19
5164 0 19
5165 0 19
5166 0 19
5167 0 19
5168 0 18
5169 0 19
5170 0 18
5171 0 18
5172 0 18
5173 0 18
5174 0 18
5175 0 18
5176 0 19
5177 0 18
5178 0 19
5179 0 18
5180 0 18
5181 0 18
5182 0 18
5183 0 20
5184 0 20
5185 0 19
5186 0 19
5187 0 19
5188 0 20
5189 0 20
5190 0 19
5191 0 19
5192 0 19
5193 0 18
5194 0 19
5195 0 18
5196 0 18
5197 0 18
5198 0 18
5199 0 18
5200 0 18
5201 0 19
5202 0 19
5203 0 20
5204 0 19
5205 0 19
5206 0 18
5207 0 18
5208 0 19
5209 0 19
5210 0 18
5211 0 18
5212 0 19
5213 0 19
5214 0 20
5215 0 19
5216 0 19
5217 0 18
5218 0 18
5219 0 19
5220 0 19
5221 0 20
5222 0 19
5223 0 19
5224 0 18
5225 0 18
5226 0 19
5227 0 19
5228 0 18
5229 0 18
5230 0 19
5231 0 19
5232 0 20
5233 0 19
5234 0 19
5235 0 18
5236 0 18
5237 0 19
5238 0 19
5239 0 18
5240 0 18
5241 0 18
5242 0 19
5243 0 19
5244 0 18
5245 0 18
5246 0 19
5247 0 18
5248 0 19
5249 0 19
5250 0 18
5251 0 19
5252 0 18
5253 0 18
5254 0 18
5255 0 18
5256 0 21
5257 0 21
5258 0 21
5259 0 20
5260 0 21
5261 0 21
5262 0 21
5263 0 20
5264 0 21
5265 0 20
5266 0 20
5267 0 20
5268 0 20
5269 0 21
5270 0 20
5271 0 21
5272 0 20
5273 0 20
5274 0 20
5275 0 20
5276 0 19
5277 0 21
5278 0 21
5279 0 21
5280 0 20
5281 0 21
5282 0 21
5283 0 21
5284 0 20
5285 0 21
5286 0 20
5287 0 20
5288 0 20
5289 0 20
5290 0 21
5291 0 20
5292 0 21
5293 0 20
5294 0 20
5295 0 20
5296 0 20
5297 0 19
5298 0 20
5299 0 20
5300 0 21
5301 0 20
5302 0 21
5303 0 20
5304 0 20
5305 0 20
5306 0 20
5307 0 19
5308 0 20
5309 0 20
5310 0 20
5311 0 19
5312 0 20
5313 0 20
5314 0 20
5315 0 20
5316 0 20
5317 0 19
5318 0 20
5319 0 20
5320 0 20
5321 0 19
5322 0 20
5323 0 19
5324 0 19
5325 0 19
5326 0 20
5327 0 21
5328 0 20
5329 0 21
5330 0 20
5331 0 20
5332 0 20
5333 0 20
5334 0 19
5335 0 21
5336 0 20
5337 0 21
5338 0 20
5339 0 21
5340 0 20
5341 0 20
5342 0 20
5343 0 20
5344 0 19
5345 0 20
5346 0 20
5347 0 20
5348 0 19
5349 0 20
5350 0 20
5351 0 20
5352 0 19
5353 0 20
5354 0 19
5355 0 20
5356 0 19
5357 0 20
5358 0 19
5359 0 19
5360 0 19
5361 0 19
5362 0 19
5363 0 21
5364 0 21
5365 0 21
5366 0 20
5367 0 21
5368 0 21
5369 0 21
5370 0 20
5371 0 21
5372 0 20
5373 0 20
5374 0 20
5375 0 20
5376 0 21
5377 0 20
5378 0 21
5379 0 20
5380 0 20
5381 0 20
5382 0 20
5383 0 20
5384 0 21
5385 0 21
5386 0 21
5387 0 20
5388 0 21
5389 0 21
5390 0 21
5391 0 20
5392 0 21
5393 0 20
5394 0 20
5395 0 20
5396 0 20
5397 0 21
5398 0 20
5399 0 21
5400 0 20
5401 0 20
5402 0 20
5403 0 20
5404 0 19
5405 0 20
5406 0 20
5407 0 21
5408 0 20
5409 0 21
5410 0 20
5411 0 20
5412 0 20
5413 0 20
5414 0 19
5415 0 20
5416 0 20
5417 0 20
5418 0 19
5419 0 20
5420 0 20
5421 0 20
5422 0 20
5423 0 20
5424 0 19
5425 0 20
5426 0 20
5427 0 20
5428 0 19
5429 0 20
5430 0 19
5431 0 19
5432 0 19
5433 0 20
5434 0 21
5435 0 20
5436 0 21
5437 0 20
5438 0 20
5439 0 20
5440 0 20
5441 0 19
5442 0 21
5443 0 20
5444 0 21
5445 0 20
5446 0 21
5447 0 20
5448 0 20
5449 0 20
5450 0 20
5451 0 19
5452 0 20
5453 0 20
5454 0 20
5455 0 19
5456 0 20
5457 0 20
5458 0 20
5459 0 20
5460 0 20
5461 0 20
5462 0 20
5463 0 20
5464 0 20
5465 0 20
5466 0 20
5467 0 19
5468 0 19
5469 0 19
5470 0 20
5471 0 20
5472 0 20
5473 0 19
5474 0 20
5475 0 20
5476 0 20
5477 0 19
5478 0 20
5479 0 19
5480 0 20
5481 0 20
5482 0 19
5483 0 21
5484 0 20
5485 0 21
5486 0 20
5487 0 20
5488 0 20
5489 0 20
5490 0 19
5491 0 21
5492 0 20
5493 0 21
5494 0 20
5495 0 21
5496 0 20
5497 0 20
5498 0 20
5499 0 20
5500 0 19
5501 0 21
5502 0 20
5503 0 20
5504 0 20
5505 0 21
5506 0 21
5507 0 20
5508 0 20
5509 0 20
5510 0 20
5511 0 20
5512 0 20
5513 0 20
5514 0 20
5515 0 20
5516 0 19
5517 0 19
5518 0 19
5519 0 20
5520 0 20
5521 0 20
5522 0 19
5523 0 20
5524 0 20
5525 0 20
5526 0 20
5527 0 20
5528 0 20
5529 0 20
5530 0 20
5531 0 19
5532 0 20
5533 0 20
5534 0 20
5535 0 20
5536 0 19
5537 0 19
5538 0 19
5539 0 18
5540 0 20
5541 0 20
5542 0 20
5543 0 19
5544 0 20
5545 0 20
5546 0 20
5547 0 20
5548 0 20
5549 0 20
5550 0 20
5551 0 20
5552 0 19
5553 0 20
5554 0 20
5555 0 20
5556 0 19
5557 0 20
5558 0 20
5559 0 20
5560 0 20
5561 0 20
5562 0 20
5563 0 20
5564 0 20
5565 0 19
5566 0 20
5567 0 20
5568 0 20
5569 0 20
5570 0 19
5571 0 19
5572 0 19
5573 0 18
5574 0 20
5575 0 20
5576 0 20
5577 0 19
5578 0 20
5579 0 20
5580 0 20
5581 0 20
5582 0 20
5583 0 20
5584 0 20
5585 0 20
5586 0 19
5587 0 20
5588 0 19
5589 0 20
5590 0 19
5591 0 19
5592 0 19
5593 0 19
5594 0 18
5595 0 20
5596 0 19
5597 0 20
5598 0 19
5599 0 20
5600 0 19
5601 0 19
5602 0 19
5603 0 19
5604 0 18
5605 0 19
5606 0 19
5607 0 19
5608 0 18
5609 0 19
5610 0 19
5611 0 19
5612 0 19
5613 0 19
5614 0 18
5615 0 19
5616 0 19
5617 0 19
5618 0 18
5619 0 20
5620 0 18
5621 0 19
5622 0 19
5623 0 19
5624 0 21
5625 0 20
5626 0 21
5627 0 20
5628 0 20
5629 0 20
5630 0 20
5631 0 19
5632 0 21
5633 0 20
5634 0 21
5635 0 20
5636 0 21
5637 0 20
5638 0 20
5639 0 20
5640 0 20
5641 0 19
5642 0 21
5643 0 20
5644 0 20
5645 0 20
5646 0 21
5647 0 21
5648 0 20
5649 0 20
5650 0 20
5651 0 20
5652 0 20
5653 0 20
5654 0 20
5655 0 20
5656 0 20
5657 0 19
5658 0 19
5659 0 19
5660 0 21
5661 0 21
5662 0 21
5663 0 20
5664 0 21
5665 0 21
5666 0 20
5667 0 20
5668 0 20
5669 0 20
5670 0 20
5671 0 20
5672 0 19
5673 0 21
5674 0 20
5675 0 21
5676 0 20
5677 0 20
5678 0 20
5679 0 20
5680 0 19
5681 0 21
5682 0 20
5683 0 21
5684 0 20
5685 0 21
5686 0 20
5687 0 20
5688 0 20
5689 0 20
5690 0 19
5691 0 21
5692 0 20
5693 0 20
5694 0 20
5695 0 21
5696 0 21
5697 0 20
5698 0 20
5699 0 20
5700 0 20
5701 0 20
5702 0 20
5703 0 20
5704 0 20
5705 0 20
5706 0 19
5707 0 19
5708 0 19
5709 0 20
5710 0 20
5711 0 20
5712 0 19
5713 0 20
5714 0 20
5715 0 20
5716 0 19
5717 0 20
5718 0 19
5719 0 20
5720 0 20
5721 0 19
5722 0 20
5723 0 19
5724 0 20
5725 0 19
5726 0 19
5727 0 19
5728 0 19
5729 0 18
5730 0 20
5731 0 20
5732 0 20
5733 0 19
5734 0 20
5735 0 20
5736 0 20
5737 0 20
5738 0 20
5739 0 20
5740 0 20
5741 0 20
5742 0 19
5743 0 20
5744 0 19
5745 0 20
5746 0 19
5747 0 19
5748 0 19
5749 0 19
5750 0 18
5751 0 20
5752 0 19
5753 0 20
5754 0 19
5755 0 20
5756 0 19
5757 0 19
5758 0 19
5759 0 19
5760 0 18
5761 0 20
5762 0 19
5763 0 20
5764 0 19
5765 0 19
5766 0 19
5767 0 19
5768 0 18
5769 0 20
5770 0 19
5771 0 20
5772 0 19
5773 0 20
5774 0 19
5775 0 19
5776 0 19
5777 0 19
5778 0 18
5779 0 19
5780 0 19
5781 0 19
5782 0 18
5783 0 19
5784 0 19
5785 0 20
5786 0 18
5787 0 20
5788 0 18
5789 0 20
5790 0 18
5791 0 20
5792 0 18
5793 0 18
5794 0 19
5795 0 19
5796 0 18
5797 0 21
5798 0 21
5799 0 21
5800 0 20
5801 0 21
5802 0 21
5803 0 21
5804 0 20
5805 0 21
5806 0 20
5807 0 20
5808 0 20
5809 0 20
5810 0 21
5811 0 20
5812 0 21
5813 0 20
5814 0 20
5815 0 20
5816 0 20
5817 0 19
5818 0 21
5819 0 21
5820 0 21
5821 0 20
5822 0 21
5823 0 21
5824 0 21
5825 0 20
5826 0 21
5827 0 20
5828 0 20
5829 0 20
5830 0 20
5831 0 21
5832 0 20
5833 0 21
5834 0 20
5835 0 20
5836 0 20
5837 0 20
5838 0 19
5839 0 20
5840 0 20
5841 0 21
5842 0 20
5843 0 21
5844 0 20
5845 0 20
5846 0 20
5847 0 20
5848 0 19
5849 0 20
5850 0 20
5851 0 20
5852 0 19
5853 0 20
5854 0 20
5855 0 20
5856 0 20
5857 0 20
5858 0 19
5859 0 20
5860 0 20
5861 0 20
5862 0 19
5863 0 20
5864 0 19
5865 0 19
5866 0 19
5867 0 20
5868 0 21
5869 0 20
5870 0 21
5871 0 20
5872 0 20
5873 0 20
5874 0 20
5875 0 19
5876 0 21
5877 0 20
5878 0 21
5879 0 20
5880 0 21
5881 0 20
5882 0 20
5883 0 20
5884 0 20
5885 0 19
5886 0 20
5887 0 20
5888 0 20
5889 0 19
5890 0 20
5891 0 20
5892 0 20
5893 0 19
5894 0 20
5895 0 19
5896 0 20
5897 0 19
5898 0 20
5899 0 19
5900 0 19
5901 0 20
5902 0 20
5903 0 19
5904 0 21
5905 0 21
5906 0 21
5907 0 20
5908 0 21
5909 0 21
5910 0 21
5911 0 20
5912 0 21
5913 0 20
5914 0 20
5915 0 20
5916 0 20
5917 0 21
5918 0 20
5919 0 21
5920 0 20
5921 0 20
5922 0 20
5923 0 20
5924 0 20
5925 0 21
5926 0 21
5927 0 21
5928 0 20
5929 0 21
5930 0 21
5931 0 21
5932 0 20
5933 0 21
5934 0 20
5935 0 20
5936 0 20
5937 0 20
5938 0 21
5939 0 20
5940 0 21
5941 0 20
5942 0 20
5943 0 20
5944 0 20
5945 0 19
5946 0 20
5947 0 20
5948 0 21
5949 0 20
5950 0 21
5951 0 20
5952 0 20
5953 0 20
5954 0 20
5955 0 19
5956 0 20
5957 0 20
5958 0 20
5959 0 19
5960 0 20
5961 0 20
5962 0 20
5963 0 20
5964 0 20
5965 0 19
5966 0 20
5967 0 20
5968 0 20
5969 0 19
5970 0 20
5971 0 19
5972 0 19
5973 0 19
5974 0 20
5975 0 21
5976 0 20
5977 0 21
5978 0 20
5979 0 20
5980 0 20
5981 0 20
5982 0 19
5983 0 21
5984 0 20
5985 0 21
5986 0 20
5987 0 21
5988 0 20
5989 0 20
5990 0 20
5991 0 20
5992 0 19
5993 0 20
5994 0 20
5995 0 20
5996 0 19
5997 0 20
5998 0 20
5999 0 20
6000 0 20
6001 0 20
6002 0 20
6003 0 20
6004 0 20
6005 0 20
6006 0 20
6007 0 20
6008 0 19
6009 0 19
6010 0 19
6011 0 20
6012 0 20
6013 0 20
6014 0 19
6015 0 20
6016 0 20
6017 0 20
6018 0 19
6019 0 20
6020 0 19
6021 0 20
6022 0 20
6023 0 19
6024 0 21
6025 0 20
6026 0 21
6027 0 20
6028 0 20
6029 0 20
6030 0 20
6031 0 19
6032 0 21
6033 0 20
6034 0 21
6035 0 20
6036 0 21
6037 0 20
6038 0 20
6039 0 20
6040 0 20
6041 0 19
6042 0 21
6043 0 20
6044 0 20
6045 0 20
6046 0 21
6047 0 21
6048 0 20
6049 0 20
6050 0 20
6051 0 20
6052 0 20
6053 0 20
6054 0 20
6055 0 20
6056 0 20
6057 0 19
6058 0 19
6059 0 19
6060 0 20
6061 0 20
6062 0 20
6063 0 19
6064 0 20
6065 0 20
6066 0 20
6067 0 20
6068 0 20
6069 0 20
6070 0 20
6071 0 20
6072 0 19
6073 0 20
6074 0 20
6075 0 20
6076 0 20
6077 0 19
6078 0 19
6079 0 19
6080 0 18
6081 0 20
6082 0 20
6083 0 20
6084 0 19
6085 0 20
6086 0 20
6087 0 20
6088 0 20
6089 0 20
6090 0 20
6091 0 20
6092 0 20
6093 0 19
6094 0 20
6095 0 20
6096 0 20
6097 0 19
6098 0 20
6099 0 20
6100 0 20
6101 0 20
6102 0 20
6103 0 20
6104 0 20
6105 0 20
6106 0 19
6107 0 20
6108 0 20
6109 0 20
6110 0 20
6111 0 19
6112 0 19
6113 0 19
6114 0 18
6115 0 20
6116 0 20
6117 0 20
6118 0 19
6119 0 20
6120 0 20
6121 0 20
6122 0 20
6123 0 20
6124 0 20
6125 0 20
6126 0 20
6127 0 19
6128 0 20
6129 0 19
6130 0 20
6131 0 19
6132 0 19
6133 0 19
6134 0 19
6135 0 18
6136 0 20
6137 0 19
6138 0 20
6139 0 19
6140 0 20
6141 0 19
6142 0 19
6143 0 19
6144 0 19
6145 0 18
6146 0 19
6147 0 19
6148 0 19
6149 0 18
6150 0 19
6151 0 19
6152 0 19
6153 0 19
6154 0 19
6155 0 18
6156 0 19
6157 0 19
6158 0 19
6159 0 18
6160 0 20
6161 0 18
6162 0 19
6163 0 19
6164 0 19
6165 0 21
6166 0 20
6167 0 21
6168 0 20
6169 0 20
6170 0 20
6171 0 20
6172 0 19
6173 0 20
6174 0 20
6175 0 21
6176 0 20
6177 0 21
6178 0 20
6179 0 20
6180 0 20
6181 0 20
6182 0 19
6183 0 20
6184 0 20
6185 0 20
6186 0 19
6187 0 20
6188 0 21
6189 0 20
6190 0 19
6191 0 20
6192 0 19
6193 0 20
6194 0 19
6195 0 20
6196 0 19
6197 0 19
6198 0 19
6199 0 19
6200 0 19
6201 0 20
6202 0 21
6203 0 21
6204 0 19
6205 0 20
6206 0 21
6207 0 20
6208 0 19
6209 0 20
6210 0 19
6211 0 19
6212 0 19
6213 0 19
6214 0 21
6215 0 20
6216 0 21
6217 0 20
6218 0 20
6219 0 20
6220 0 20
6221 0 19
6222 0 20
6223 0 20
6224 0 21
6225 0 20
6226 0 21
6227 0 20
6228 0 20
6229 0 20
6230 0 20
6231 0 19
6232 0 20
6233 0 20
6234 0 20
6235 0 19
6236 0 20
6237 0 21
6238 0 20
6239 0 19
6240 0 20
6241 0 19
6242 0 20
6243 0 19
6244 0 20
6245 0 19
6246 0 19
6247 0 19
6248 0 19
6249 0 19
6250 0 20
6251 0 20
6252 0 20
6253 0 19
6254 0 20
6255 0 20
6256 0 20
6257 0 19
6258 0 20
6259 0 19
6260 0 19
6261 0 19
6262 0 19
6263 0 20
6264 0 19
6265 0 20
6266 0 19
6267 0 19
6268 0 19
6269 0 19
6270 0 18
6271 0 20
6272 0 20
6273 0 20
6274 0 19
6275 0 20
6276 0 20
6277 0 20
6278 0 20
6279 0 20
6280 0 20
6281 0 19
6282 0 19
6283 0 19
6284 0 20
6285 0 19
6286 0 20
6287 0 19
6288 0 19
6289 0 20
6290 0 20
6291 0 18
6292 0 20
6293 0 20
6294 0 20
6295 0 19
6296 0 20
6297 0 19
6298 0 19
6299 0 20
6300 0 20
6301 0 18
6302 0 20
6303 0 19
6304 0 20
6305 0 19
6306 0 19
6307 0 20
6308 0 20
6309 0 18
6310 0 20
6311 0 20
6312 0 20
6313 0 19
6314 0 20
6315 0 19
6316 0 19
6317 0 20
6318 0 20
6319 0 18
6320 0 19
6321 0 20
6322 0 20
6323 0 18
6324 0 19
6325 0 20
6326 0 19
6327 0 18
6328 0 19
6329 0 18
6330 0 19
6331 0 18
6332 0 19
6333 0 18
6334 0 18
6335 0 19
6336 0 19
6337 0 18
6338 0 20
6339 0 20
6340 0 20
6341 0 19
6342 0 20
6343 0 20
6344 0 20
6345 0 20
6346 0 20
6347 0 20
6348 0 19
6349 0 19
6350 0 19
6351 0 20
6352 0 20
6353 0 20
6354 0 20
6355 0 19
6356 0 19
6357 0 19
6358 0 18
6359 0 20
6360 0 20
6361 0 20
6362 0 19
6363 0 20
6364 0 20
6365 0 20
6366 0 20
6367 0 20
6368 0 20
6369 0 19
6370 0 19
6371 0 19
6372 0 20
6373 0 19
6374 0 20
6375 0 19
6376 0 19
6377 0 19
6378 0 19
6379 0 18
6380 0 19
6381 0 19
6382 0 20
6383 0 19
6384 0 20
6385 0 19
6386 0 19
6387 0 19
6388 0 19
6389 0 18
6390 0 19
6391 0 20
6392 0 20
6393 0 18
6394 0 19
6395 0 20
6396 0 19
6397 0 20
6398 0 20
6399 0 18
6400 0 19
6401 0 20
6402 0 19
6403 0 18
6404 0 19
6405 0 18
6406 0 18
6407 0 18
6408 0 18
6409 0 21
6410 0 20
6411 0 21
6412 0 20
6413 0 20
6414 0 20
6415 0 20
6416 0 20
6417 0 20
6418 0 20
6419 0 21
6420 0 20
6421 0 21
6422 0 20
6423 0 20
6424 0 20
6425 0 20
6426 0 20
6427 0 20
6428 0 20
6429 0 20
6430 0 19
6431 0 20
6432 0 21
6433 0 20
6434 0 19
6435 0 20
6436 0 19
6437 0 20
6438 0 19
6439 0 20
6440 0 19
6441 0 19
6442 0 19
6443 0 19
6444 0 19
6445 0 20
6446 0 21
6447 0 21
6448 0 19
6449 0 20
6450 0 21
6451 0 20
6452 0 19
6453 0 20
6454 0 19
6455 0 19
6456 0 19
6457 0 19
6458 0 21
6459 0 20
6460 0 21
6461 0 20
6462 0 20
6463 0 20
6464 0 20
6465 0 20
6466 0 20
6467 0 20
6468 0 21
6469 0 20
6470 0 21
6471 0 20
6472 0 20
6473 0 20
6474 0 20
6475 0 20
6476 0 20
6477 0 20
6478 0 20
6479 0 19
6480 0 20
6481 0 21
6482 0 20
6483 0 19
6484 0 20
6485 0 19
6486 0 20
6487 0 19
6488 0 20
6489 0 19
6490 0 19
6491 0 19
6492 0 19
6493 0 19
6494 0 20
6495 0 21
6496 0 21
6497 0 19
6498 0 20
6499 0 21
6500 0 20
6501 0 19
6502 0 20
6503 0 19
6504 0 20
6505 0 20
6506 0 20
6507 0 20
6508 0 19
6509 0 20
6510 0 19
6511 0 19
6512 0 20
6513 0 20
6514 0 18
6515 0 20
6516 0 21
6517 0 21
6518 0 19
6519 0 20
6520 0 21
6521 0 21
6522 0 20
6523 0 21
6524 0 20
6525 0 20
6526 0 20
6527 0 20
6528 0 20
6529 0 19
6530 0 20
6531 0 19
6532 0 19
6533 0 20
6534 0 20
6535 0 18
6536 0 20
6537 0 20
6538 0 20
6539 0 19
6540 0 20
6541 0 19
6542 0 19
6543 0 20
6544 0 20
6545 0 18
6546 0 20
6547 0 19
6548 0 20
6549 0 19
6550 0 19
6551 0 20
6552 0 20
6553 0 18
6554 0 20
6555 0 20
6556 0 20
6557 0 19
6558 0 20
6559 0 19
6560 0 19
6561 0 20
6562 0 20
6563 0 18
6564 0 19
6565 0 20
6566 0 20
6567 0 18
6568 0 19
6569 0 20
6570 0 19
6571 0 18
6572 0 19
6573 0 18
6574 0 19
6575 0 18
6576 0 19
6577 0 18
6578 0 18
6579 0 19
6580 0 19
6581 0 18
6582 0 20
6583 0 20
6584 0 20
6585 0 19
6586 0 20
6587 0 20
6588 0 20
6589 0 19
6590 0 20
6591 0 19
6592 0 19
6593 0 19
6594 0 19
6595 0 20
6596 0 19
6597 0 20
6598 0 19
6599 0 19
6600 0 19
6601 0 19
6602 0 19
6603 0 20
6604 0 20
6605 0 20
6606 0 20
6607 0 20
6608 0 20
6609 0 20
6610 0 19
6611 0 20
6612 0 19
6613 0 19
6614 0 19
6615 0 19
6616 0 20
6617 0 19
6618 0 20
6619 0 19
6620 0 19
6621 0 20
6622 0 20
6623 0 19
6624 0 19
6625 0 19
6626 0 20
6627 0 19
6628 0 20
6629 0 19
6630 0 20
6631 0 20
6632 0 20
6633 0 19
6634 0 19
6635 0 20
6636 0 20
6637 0 18
6638 0 19
6639 0 20
6640 0 19
6641 0 20
6642 0 20
6643 0 18
6644 0 19
6645 0 20
6646 0 19
6647 0 18
6648 0 19
6649 0 18
6650 0 18
6651 0 18
6652 0 18
6653 0 20
6654 0 19
6655 0 20
6656 0 19
6657 0 20
6658 0 20
6659 0 20
6660 0 19
6661 0 20
6662 0 20
6663 0 20
6664 0 19
6665 0 20
6666 0 19
6667 0 20
6668 0 20
6669 0 20
6670 0 19
6671 0 19
6672 0 19
6673 0 19
6674 0 18
6675 0 19
6676 0 20
6677 0 19
6678 0 18
6679 0 19
6680 0 18
6681 0 19
6682 0 18
6683 0 19
6684 0 18
6685 0 18
6686 0 18
6687 0 18
6688 0 18
6689 0 20
6690 0 20
6691 0 20
6692 0 19
6693 0 20
6694 0 20
6695 0 20
6696 0 19
6697 0 20
6698 0 19
6699 0 19
6700 0 19
6701 0 19
6702 0 20
6703 0 19
6704 0 20
6705 0 19
6706 0 19
6707 0 19
6708 0 19
6709 0 19
6710 0 20
6711 0 20
6712 0 20
6713 0 20
6714 0 20
6715 0 20
6716 0 20
6717 0 19
6718 0 20
6719 0 19
6720 0 19
6721 0 19
6722 0 19
6723 0 20
6724 0 19
6725 0 20
6726 0 19
6727 0 19
6728 0 20
6729 0 20
6730 0 19
6731 0 19
6732 0 19
6733 0 20
6734 0 19
6735 0 20
6736 0 19
6737 0 20
6738 0 20
6739 0 20
6740 0 19
6741 0 19
6742 0 20
6743 0 20
6744 0 18
6745 0 19
6746 0 20
6747 0 19
6748 0 20
6749 0 20
6750 0 18
6751 0 19
6752 0 20
6753 0 19
6754 0 18
6755 0 19
6756 0 18
6757 0 18
6758 0 18
6759 0 18
6760 0 20
6761 0 20
6762 0 20
6763 0 19
6764 0 20
6765 0 20
6766 0 20
6767 0 19
6768 0 20
6769 0 19
6770 0 19
6771 0 19
6772 0 19
6773 0 20
6774 0 19
6775 0 20
6776 0 19
6777 0 19
6778 0 19
6779 0 19
6780 0 19
6781 0 20
6782 0 20
6783 0 20
6784 0 20
6785 0 20
6786 0 20
6787 0 20
6788 0 19
6789 0 20
6790 0 19
6791 0 19
6792 0 19
6793 0 19
6794 0 20
6795 0 19
6796 0 20
6797 0 19
6798 0 19
6799 0 20
6800 0 20
6801 0 19
6802 0 19
6803 0 19
6804 0 20
6805 0 19
6806 0 20
6807 0 19
6808 0 20
6809 0 20
6810 0 20
6811 0 19
6812 0 19
6813 0 20
6814 0 20
6815 0 18
6816 0 19
6817 0 20
6818 0 19
6819 0 20
6820 0 20
6821 0 18
6822 0 19
6823 0 20
6824 0 19
6825 0 18
6826 0 19
6827 0 18
6828 0 18
6829 0 18
6830 0 18
6831 0 20
6832 0 19
6833 0 20
6834 0 19
6835 0 20
6836 0 20
6837 0 20
6838 0 19
6839 0 20
6840 0 20
6841 0 20
6842 0 19
6843 0 20
6844 0 19
6845 0 20
6846 0 20
6847 0 20
6848 0 19
6849 0 19
6850 0 19
6851 0 19
6852 0 18
6853 0 19
6854 0 20
6855 0 19
6856 0 18
6857 0 19
6858 0 18
6859 0 19
6860 0 18
6861 0 19
6862 0 18
6863 0 18
6864 0 18
6865 0 18
6866 0 18
6867 0 20
6868 0 20
6869 0 20
6870 0 19
6871 0 20
6872 0 20
6873 0 20
6874 0 19
6875 0 20
6876 0 19
6877 0 19
6878 0 19
6879 0 19
6880 0 20
6881 0 19
6882 0 20
6883 0 19
6884 0 19
6885 0 19
6886 0 19
6887 0 19
6888 0 20
6889 0 20
6890 0 20
6891 0 20
6892 0 20
6893 0 20
6894 0 20
6895 0 19
6896 0 20
6897 0 19
6898 0 19
6899 0 19
6900 0 19
6901 0 20
6902 0 19
6903 0 20
6904 0 19
6905 0 19
6906 0 20
6907 0 20
6908 0 19
6909 0 19
6910 0 19
6911 0 20
6912 0 19
6913 0 20
6914 0 19
6915 0 20
6916 0 20
6917 0 20
6918 0 19
6919 0 19
6920 0 20
6921 0 20
6922 0 18
6923 0 19
6924 0 20
6925 0 19
6926 0 20
6927 0 20
6928 0 18
6929 0 19
6930 0 20
6931 0 19
6932 0 18
6933 0 19
6934 0 18
6935 0 18
6936 0 18
6937 0 18
6938 0 20
6939 0 19
6940 0 20
6941 0 19
6942 0 19
6943 0 19
6944 0 19
6945 0 19
6946 0 19
6947 0 19
6948 0 20
6949 0 19
6950 0 20
6951 0 19
6952 0 19
6953 0 19
6954 0 19
6955 0 19
6956 0 19
6957 0 19
6958 0 19
6959 0 18
6960 0 19
6961 0 20
6962 0 19
6963 0 18
6964 0 19
6965 0 18
6966 0 19
6967 0 18
6968 0 19
6969 0 18
6970 0 18
6971 0 18
6972 0 18
6973 0 18
6974 0 19
6975 0 20
6976 0 20
6977 0 18
6978 0 19
6979 0 20
6980 0 19
6981 0 18
6982 0 19
6983 0 18
6984 0 18
6985 0 18
6986 0 18
6987 0 20
6988 0 20
6989 0 20
6990 0 20
6991 0 19
6992 0 19
6993 0 19
6994 0 19
6995 0 19
6996 0 19
6997 0 20
6998 0 20
6999 0 20
7000 0 20
7001 0 19
7002 0 19
7003 0 19
7004 0 19
7005 0 19
7006 0 19
7007 0 19
7008 0 18
7009 0 19
7010 0 20
7011 0 19
7012 0 18
7013 0 19
7014 0 18
7015 0 19
7016 0 18
7017 0 19
7018 0 18
7019 0 18
7020 0 18
7021 0 18
7022 0 18
7023 0 19
7024 0 19
7025 0 19
7026 0 19
7027 0 20
7028 0 19
7029 0 19
7030 0 19
7031 0 19
7032 0 19
7033 0 18
7034 0 18
7035 0 18
7036 0 19
7037 0 19
7038 0 19
7039 0 19
7040 0 18
7041 0 18
7042 0 18
7043 0 18
7044 0 19
7045 0 19
7046 0 19
7047 0 19
7048 0 20
7049 0 19
7050 0 19
7051 0 19
7052 0 19
7053 0 19
7054 0 18
7055 0 18
7056 0 18
7057 0 19
7058 0 19
7059 0 19
7060 0 19
7061 0 20
7062 0 19
7063 0 19
7064 0 19
7065 0 19
7066 0 19
7067 0 18
7068 0 18
7069 0 18
7070 0 19
7071 0 19
7072 0 19
7073 0 19
7074 0 18
7075 0 18
7076 0 18
7077 0 18
7078 0 19
7079 0 19
7080 0 19
7081 0 19
7082 0 20
7083 0 19
7084 0 19
7085 0 19
7086 0 19
7087 0 19
7088 0 18
7089 0 18
7090 0 18
7091 0 19
7092 0 19
7093 0 19
7094 0 19
7095 0 18
7096 0 18
7097 0 18
7098 0 18
7099 0 18
7100 0 18
7101 0 20
7102 0 19
7103 0 20
7104 0 19
7105 0 18
7106 0 18
7107 0 18
7108 0 18
7109 0 19
7110 0 19
7111 0 19
7112 0 18
7113 0 19
7114 0 19
7115 0 19
7116 0 19
7117 0 19
7118 0 18
7119 0 19
7120 0 19
7121 0 19
7122 0 18
7123 0 19
7124 0 18
7125 0 18
7126 0 18
7127 0 18
