0 0 23
1 0 23
2 0 23
3 0 23
4 0 23
5 0 22
6 0 23
7 0 23
8 0 22
9 0 22
10 0 23
11 0 23
12 0 23
13 0 23
14 0 23
15 0 22
16 0 23
17 0 23
18 0 22
19 0 22
20 0 22
21 0 23
22 0 23
23 0 22
24 0 22
25 0 22
26 0 22
27 0 22
28 0 22
29 0 22
30 0 22
31 0 22
32 0 22
33 0 22
34 0 23
35 0 23
36 0 22
37 0 22
38 0 22
39 0 23
40 0 23
41 0 22
42 0 22
43 0 22
44 0 22
45 0 22
46 0 22
47 0 22
48 0 22
49 0 22
50 0 22
51 0 22
52 0 23
53 0 23
54 0 23
55 0 23
56 0 23
57 0 22
58 0 23
59 0 23
60 0 22
61 0 22
62 0 23
63 0 23
64 0 23
65 0 23
66 0 23
67 0 22
68 0 23
69 0 23
70 0 22
71 0 22
72 0 22
73 0 23
74 0 23
75 0 22
76 0 22
77 0 22
78 0 22
79 0 22
80 0 22
81 0 22
82 0 22
83 0 22
84 0 22
85 0 22
86 0 23
87 0 23
88 0 22
89 0 22
90 0 22
91 0 23
92 0 23
93 0 22
94 0 22
95 0 23
96 0 23
97 0 23
98 0 22
99 0 22
100 0 22
101 0 22
102 0 22
103 0 22
104 0 23
105 0 23
106 0 23
107 0 22
108 0 22
109 0 21
110 0 23
111 0 23
112 0 22
113 0 22
114 0 22
115 0 23
116 0 23
117 0 22
118 0 22
119 0 23
120 0 23
121 0 23
122 0 22
123 0 22
124 0 22
125 0 22
126 0 22
127 0 22
128 0 22
129 0 22
130 0 22
131 0 22
132 0 22
133 0 21
134 0 22
135 0 22
136 0 21
137 0 21
138 0 22
139 0 22
140 0 22
141 0 22
142 0 22
143 0 21
144 0 22
145 0 22
146 0 22
147 0 22
148 0 22
149 0 21
150 0 22
151 0 22
152 0 21
153 0 21
154 0 22
155 0 22
156 0 22
157 0 22
158 0 22
159 0 21
160 0 22
161 0 22
162 0 21
163 0 21
164 0 21
165 0 22
166 0 22
167 0 21
168 0 21
169 0 22
170 0 22
171 0 22
172 0 22
173 0 22
174 0 22
175 0 22
176 0 22
177 0 21
178 0 23
179 0 23
180 0 22
181 0 22
182 0 22
183 0 23
184 0 23
185 0 22
186 0 22
187 0 23
188 0 23
189 0 23
190 0 22
191 0 22
192 0 22
193 0 22
194 0 22
195 0 22
196 0 23
197 0 23
198 0 23
199 0 22
200 0 22
201 0 21
202 0 23
203 0 23
204 0 22
205 0 22
206 0 22
207 0 23
208 0 23
209 0 22
210 0 22
211 0 23
212 0 23
213 0 23
214 0 22
215 0 22
216 0 22
217 0 22
218 0 22
219 0 22
220 0 22
221 0 22
222 0 22
223 0 22
224 0 22
225 0 21
226 0 22
227 0 22
228 0 21
229 0 21
230 0 22
231 0 22
232 0 22
233 0 22
234 0 22
235 0 21
236 0 22
237 0 22
238 0 21
239 0 21
240 0 21
241 0 22
242 0 22
243 0 21
244 0 21
245 0 22
246 0 22
247 0 21
248 0 21
249 0 21
250 0 22
251 0 22
252 0 21
253 0 21
254 0 21
255 0 21
256 0 21
257 0 22
258 0 22
259 0 22
260 0 22
261 0 21
262 0 21
263 0 23
264 0 23
265 0 23
266 0 23
267 0 23
268 0 22
269 0 23
270 0 23
271 0 22
272 0 22
273 0 23
274 0 23
275 0 23
276 0 23
277 0 23
278 0 22
279 0 23
280 0 23
281 0 22
282 0 22
283 0 22
284 0 23
285 0 23
286 0 22
287 0 22
288 0 22
289 0 22
290 0 22
291 0 22
292 0 22
293 0 22
294 0 22
295 0 22
296 0 22
297 0 23
298 0 23
299 0 22
300 0 22
301 0 22
302 0 23
303 0 23
304 0 22
305 0 22
306 0 22
307 0 22
308 0 22
309 0 22
310 0 22
311 0 22
312 0 22
313 0 22
314 0 22
315 0 23
316 0 23
317 0 23
318 0 23
319 0 23
320 0 22
321 0 23
322 0 23
323 0 22
324 0 22
325 0 23
326 0 23
327 0 23
328 0 23
329 0 23
330 0 22
331 0 23
332 0 23
333 0 22
334 0 22
335 0 22
336 0 23
337 0 23
338 0 22
339 0 22
340 0 22
341 0 22
342 0 22
343 0 22
344 0 22
345 0 22
346 0 22
347 0 22
348 0 22
349 0 23
350 0 23
351 0 22
352 0 22
353 0 22
354 0 23
355 0 23
356 0 22
357 0 22
358 0 23
359 0 23
360 0 23
361 0 22
362 0 22
363 0 22
364 0 22
365 0 22
366 0 22
367 0 23
368 0 23
369 0 23
370 0 22
371 0 22
372 0 21
373 0 23
374 0 23
375 0 22
376 0 22
377 0 22
378 0 23
379 0 23
380 0 22
381 0 22
382 0 23
383 0 23
384 0 23
385 0 22
386 0 22
387 0 22
388 0 22
389 0 22
390 0 22
391 0 22
392 0 22
393 0 22
394 0 22
395 0 22
396 0 21
397 0 22
398 0 22
399 0 21
400 0 21
401 0 22
402 0 22
403 0 22
404 0 22
405 0 22
406 0 21
407 0 22
408 0 22
409 0 22
410 0 22
411 0 22
412 0 21
413 0 22
414 0 22
415 0 21
416 0 21
417 0 22
418 0 22
419 0 22
420 0 22
421 0 22
422 0 21
423 0 22
424 0 22
425 0 21
426 0 21
427 0 21
428 0 22
429 0 22
430 0 21
431 0 21
432 0 22
433 0 22
434 0 22
435 0 22
436 0 22
437 0 22
438 0 22
439 0 22
440 0 21
441 0 23
442 0 23
443 0 22
444 0 22
445 0 22
446 0 23
447 0 23
448 0 22
449 0 22
450 0 23
451 0 23
452 0 23
453 0 22
454 0 22
455 0 22
456 0 22
457 0 22
458 0 22
459 0 23
460 0 23
461 0 23
462 0 22
463 0 22
464 0 21
465 0 23
466 0 23
467 0 22
468 0 22
469 0 22
470 0 23
471 0 23
472 0 22
473 0 22
474 0 23
475 0 23
476 0 23
477 0 22
478 0 22
479 0 22
480 0 22
481 0 22
482 0 22
483 0 23
484 0 23
485 0 23
486 0 23
487 0 23
488 0 22
489 0 23
490 0 23
491 0 22
492 0 22
493 0 23
494 0 23
495 0 23
496 0 23
497 0 23
498 0 22
499 0 22
500 0 22
501 0 22
502 0 22
503 0 22
504 0 22
505 0 22
506 0 22
507 0 22
508 0 22
509 0 22
510 0 22
511 0 22
512 0 22
513 0 22
514 0 22
515 0 22
516 0 22
517 0 22
518 0 22
519 0 22
520 0 22
521 0 22
522 0 22
523 0 22
524 0 22
525 0 22
526 0 23
527 0 23
528 0 23
529 0 23
530 0 23
531 0 22
532 0 23
533 0 23
534 0 22
535 0 22
536 0 23
537 0 23
538 0 23
539 0 23
540 0 23
541 0 22
542 0 22
543 0 22
544 0 22
545 0 22
546 0 22
547 0 22
548 0 22
549 0 22
550 0 22
551 0 22
552 0 22
553 0 22
554 0 22
555 0 22
556 0 22
557 0 21
558 0 21
559 0 21
560 0 23
561 0 23
562 0 22
563 0 22
564 0 22
565 0 23
566 0 23
567 0 22
568 0 22
569 0 23
570 0 23
571 0 23
572 0 22
573 0 22
574 0 22
575 0 22
576 0 22
577 0 22
578 0 23
579 0 23
580 0 23
581 0 22
582 0 22
583 0 21
584 0 23
585 0 23
586 0 22
587 0 22
588 0 22
589 0 23
590 0 23
591 0 22
592 0 22
593 0 23
594 0 23
595 0 23
596 0 22
597 0 22
598 0 22
599 0 22
600 0 22
601 0 22
602 0 23
603 0 23
604 0 23
605 0 23
606 0 23
607 0 22
608 0 23
609 0 23
610 0 22
611 0 22
612 0 23
613 0 23
614 0 23
615 0 23
616 0 23
617 0 22
618 0 22
619 0 22
620 0 22
621 0 22
622 0 22
623 0 22
624 0 22
625 0 22
626 0 22
627 0 22
628 0 22
629 0 22
630 0 22
631 0 22
632 0 22
633 0 22
634 0 22
635 0 22
636 0 22
637 0 22
638 0 22
639 0 22
640 0 22
641 0 22
642 0 22
643 0 22
644 0 22
645 0 22
646 0 22
647 0 22
648 0 22
649 0 22
650 0 21
651 0 22
652 0 22
653 0 21
654 0 21
655 0 22
656 0 22
657 0 22
658 0 22
659 0 22
660 0 21
661 0 22
662 0 22
663 0 22
664 0 22
665 0 22
666 0 22
667 0 22
668 0 22
669 0 22
670 0 22
671 0 22
672 0 22
673 0 22
674 0 22
675 0 22
676 0 21
677 0 21
678 0 21
679 0 22
680 0 22
681 0 22
682 0 22
683 0 22
684 0 22
685 0 22
686 0 22
687 0 22
688 0 22
689 0 22
690 0 22
691 0 21
692 0 21
693 0 21
694 0 21
695 0 21
696 0 21
697 0 22
698 0 22
699 0 22
700 0 22
701 0 22
702 0 21
703 0 22
704 0 22
705 0 21
706 0 21
707 0 22
708 0 22
709 0 22
710 0 22
711 0 22
712 0 21
713 0 22
714 0 22
715 0 22
716 0 22
717 0 22
718 0 22
719 0 22
720 0 22
721 0 22
722 0 22
723 0 22
724 0 22
725 0 22
726 0 22
727 0 22
728 0 21
729 0 21
730 0 21
731 0 22
732 0 22
733 0 22
734 0 22
735 0 22
736 0 21
737 0 22
738 0 22
739 0 21
740 0 21
741 0 22
742 0 22
743 0 22
744 0 22
745 0 22
746 0 21
747 0 22
748 0 22
749 0 22
750 0 22
751 0 22
752 0 22
753 0 22
754 0 22
755 0 22
756 0 22
757 0 22
758 0 22
759 0 22
760 0 22
761 0 22
762 0 21
763 0 21
764 0 21
765 0 22
766 0 22
767 0 22
768 0 22
769 0 22
770 0 22
771 0 22
772 0 22
773 0 22
774 0 22
775 0 22
776 0 22
777 0 21
778 0 21
779 0 21
780 0 21
781 0 21
782 0 21
783 0 22
784 0 22
785 0 22
786 0 22
787 0 22
788 0 21
789 0 22
790 0 22
791 0 21
792 0 21
793 0 22
794 0 22
795 0 22
796 0 22
797 0 22
798 0 21
799 0 22
800 0 22
801 0 22
802 0 22
803 0 22
804 0 22
805 0 22
806 0 22
807 0 22
808 0 22
809 0 22
810 0 22
811 0 22
812 0 22
813 0 22
814 0 21
815 0 21
816 0 21
817 0 22
818 0 22
819 0 21
820 0 21
821 0 21
822 0 22
823 0 22
824 0 21
825 0 21
826 0 22
827 0 22
828 0 22
829 0 21
830 0 21
831 0 21
832 0 21
833 0 21
834 0 21
835 0 22
836 0 22
837 0 22
838 0 21
839 0 21
840 0 20
841 0 22
842 0 22
843 0 21
844 0 21
845 0 21
846 0 22
847 0 22
848 0 21
849 0 21
850 0 22
851 0 22
852 0 22
853 0 21
854 0 21
855 0 21
856 0 21
857 0 21
858 0 21
859 0 22
860 0 22
861 0 22
862 0 22
863 0 22
864 0 21
865 0 22
866 0 22
867 0 21
868 0 21
869 0 22
870 0 22
871 0 22
872 0 22
873 0 22
874 0 21
875 0 22
876 0 22
877 0 22
878 0 22
879 0 22
880 0 21
881 0 22
882 0 22
883 0 21
884 0 21
885 0 22
886 0 22
887 0 22
888 0 22
889 0 22
890 0 21
891 0 22
892 0 22
893 0 21
894 0 21
895 0 21
896 0 22
897 0 22
898 0 21
899 0 21
900 0 22
901 0 22
902 0 22
903 0 22
904 0 22
905 0 22
906 0 21
907 0 21
908 0 21
909 0 23
910 0 23
911 0 22
912 0 22
913 0 22
914 0 23
915 0 23
916 0 22
917 0 22
918 0 23
919 0 23
920 0 23
921 0 22
922 0 22
923 0 22
924 0 22
925 0 22
926 0 22
927 0 23
928 0 23
929 0 23
930 0 22
931 0 22
932 0 21
933 0 23
934 0 23
935 0 22
936 0 22
937 0 22
938 0 23
939 0 23
940 0 22
941 0 22
942 0 23
943 0 23
944 0 23
945 0 22
946 0 22
947 0 22
948 0 22
949 0 22
950 0 22
951 0 23
952 0 23
953 0 23
954 0 23
955 0 23
956 0 22
957 0 23
958 0 23
959 0 22
960 0 22
961 0 23
962 0 23
963 0 23
964 0 23
965 0 23
966 0 22
967 0 22
968 0 22
969 0 22
970 0 22
971 0 22
972 0 22
973 0 22
974 0 22
975 0 22
976 0 22
977 0 22
978 0 22
979 0 22
980 0 22
981 0 22
982 0 22
983 0 22
984 0 22
985 0 22
986 0 22
987 0 22
988 0 22
989 0 22
990 0 22
991 0 22
992 0 22
993 0 22
994 0 23
995 0 23
996 0 23
997 0 23
998 0 23
999 0 22
1000 0 23
1001 0 23
1002 0 22
1003 0 22
1004 0 23
1005 0 23
1006 0 23
1007 0 23
1008 0 23
1009 0 22
1010 0 22
1011 0 22
1012 0 22
1013 0 22
1014 0 22
1015 0 22
1016 0 22
1017 0 22
1018 0 22
1019 0 22
1020 0 22
1021 0 22
1022 0 22
1023 0 22
1024 0 22
1025 0 21
1026 0 21
1027 0 21
1028 0 23
1029 0 23
1030 0 22
1031 0 22
1032 0 22
1033 0 23
1034 0 23
1035 0 22
1036 0 22
1037 0 23
1038 0 23
1039 0 23
1040 0 22
1041 0 22
1042 0 22
1043 0 22
1044 0 22
1045 0 22
1046 0 23
1047 0 23
1048 0 23
1049 0 22
1050 0 22
1051 0 21
1052 0 23
1053 0 23
1054 0 22
1055 0 22
1056 0 22
1057 0 23
1058 0 23
1059 0 22
1060 0 22
1061 0 23
1062 0 23
1063 0 23
1064 0 22
1065 0 22
1066 0 22
1067 0 22
1068 0 22
1069 0 22
1070 0 23
1071 0 23
1072 0 23
1073 0 23
1074 0 23
1075 0 22
1076 0 23
1077 0 23
1078 0 22
1079 0 22
1080 0 23
1081 0 23
1082 0 23
1083 0 23
1084 0 23
1085 0 22
1086 0 22
1087 0 22
1088 0 22
1089 0 22
1090 0 22
1091 0 22
1092 0 22
1093 0 22
1094 0 22
1095 0 22
1096 0 22
1097 0 22
1098 0 22
1099 0 22
1100 0 22
1101 0 22
1102 0 22
1103 0 22
1104 0 22
1105 0 22
1106 0 22
1107 0 22
1108 0 22
1109 0 22
1110 0 22
1111 0 22
1112 0 22
1113 0 22
1114 0 22
1115 0 22
1116 0 22
1117 0 22
1118 0 21
1119 0 22
1120 0 22
1121 0 21
1122 0 21
1123 0 22
1124 0 22
1125 0 22
1126 0 22
1127 0 22
1128 0 21
1129 0 22
1130 0 22
1131 0 22
1132 0 22
1133 0 22
1134 0 22
1135 0 22
1136 0 22
1137 0 22
1138 0 22
1139 0 22
1140 0 22
1141 0 22
1142 0 22
1143 0 22
1144 0 21
1145 0 21
1146 0 21
1147 0 22
1148 0 22
1149 0 22
1150 0 22
1151 0 22
1152 0 22
1153 0 22
1154 0 22
1155 0 22
1156 0 22
1157 0 22
1158 0 22
1159 0 21
1160 0 21
1161 0 21
1162 0 21
1163 0 21
1164 0 21
1165 0 22
1166 0 22
1167 0 22
1168 0 22
1169 0 22
1170 0 21
1171 0 22
1172 0 22
1173 0 21
1174 0 21
1175 0 22
1176 0 22
1177 0 22
1178 0 22
1179 0 22
1180 0 21
1181 0 22
1182 0 22
1183 0 22
1184 0 22
1185 0 22
1186 0 22
1187 0 22
1188 0 22
1189 0 22
1190 0 22
1191 0 22
1192 0 22
1193 0 22
1194 0 22
1195 0 22
1196 0 21
1197 0 21
1198 0 21
1199 0 22
1200 0 22
1201 0 21
1202 0 21
1203 0 21
1204 0 22
1205 0 22
1206 0 21
1207 0 21
1208 0 22
1209 0 22
1210 0 22
1211 0 21
1212 0 21
1213 0 21
1214 0 21
1215 0 21
1216 0 21
1217 0 22
1218 0 22
1219 0 22
1220 0 21
1221 0 21
1222 0 20
1223 0 22
1224 0 22
1225 0 21
1226 0 21
1227 0 21
1228 0 22
1229 0 22
1230 0 21
1231 0 21
1232 0 22
1233 0 22
1234 0 22
1235 0 21
1236 0 21
1237 0 21
1238 0 21
1239 0 21
1240 0 21
1241 0 22
1242 0 22
1243 0 21
1244 0 21
1245 0 21
1246 0 22
1247 0 22
1248 0 21
1249 0 21
1250 0 22
1251 0 22
1252 0 22
1253 0 21
1254 0 21
1255 0 21
1256 0 21
1257 0 21
1258 0 21
1259 0 22
1260 0 22
1261 0 22
1262 0 21
1263 0 21
1264 0 20
1265 0 22
1266 0 22
1267 0 21
1268 0 21
1269 0 21
1270 0 22
1271 0 22
1272 0 21
1273 0 21
1274 0 22
1275 0 22
1276 0 22
1277 0 21
1278 0 21
1279 0 21
1280 0 21
1281 0 21
1282 0 21
1283 0 21
1284 0 21
1285 0 21
1286 0 21
1287 0 21
1288 0 20
1289 0 21
1290 0 21
1291 0 20
1292 0 20
1293 0 21
1294 0 21
1295 0 21
1296 0 21
1297 0 21
1298 0 20
1299 0 22
1300 0 22
1301 0 21
1302 0 21
1303 0 21
1304 0 22
1305 0 22
1306 0 21
1307 0 21
1308 0 22
1309 0 22
1310 0 21
1311 0 21
1312 0 21
1313 0 22
1314 0 22
1315 0 21
1316 0 21
1317 0 21
1318 0 21
1319 0 21
1320 0 21
1321 0 21
1322 0 21
1323 0 21
1324 0 21
1325 0 21
1326 0 23
1327 0 23
1328 0 23
1329 0 23
1330 0 23
1331 0 22
1332 0 23
1333 0 23
1334 0 22
1335 0 22
1336 0 23
1337 0 23
1338 0 23
1339 0 23
1340 0 23
1341 0 22
1342 0 23
1343 0 23
1344 0 22
1345 0 22
1346 0 22
1347 0 23
1348 0 23
1349 0 22
1350 0 22
1351 0 22
1352 0 22
1353 0 22
1354 0 22
1355 0 22
1356 0 22
1357 0 22
1358 0 22
1359 0 22
1360 0 23
1361 0 23
1362 0 22
1363 0 22
1364 0 22
1365 0 23
1366 0 23
1367 0 22
1368 0 22
1369 0 22
1370 0 22
1371 0 22
1372 0 22
1373 0 22
1374 0 22
1375 0 22
1376 0 22
1377 0 22
1378 0 23
1379 0 23
1380 0 23
1381 0 23
1382 0 23
1383 0 22
1384 0 23
1385 0 23
1386 0 22
1387 0 22
1388 0 23
1389 0 23
1390 0 23
1391 0 23
1392 0 23
1393 0 22
1394 0 23
1395 0 23
1396 0 22
1397 0 22
1398 0 22
1399 0 23
1400 0 23
1401 0 22
1402 0 22
1403 0 22
1404 0 22
1405 0 22
1406 0 22
1407 0 22
1408 0 22
1409 0 22
1410 0 22
1411 0 22
1412 0 23
1413 0 23
1414 0 22
1415 0 22
1416 0 22
1417 0 23
1418 0 23
1419 0 22
1420 0 22
1421 0 23
1422 0 23
1423 0 23
1424 0 22
1425 0 22
1426 0 22
1427 0 22
1428 0 22
1429 0 22
1430 0 23
1431 0 23
1432 0 23
1433 0 22
1434 0 22
1435 0 21
1436 0 23
1437 0 23
1438 0 22
1439 0 22
1440 0 22
1441 0 23
1442 0 23
1443 0 22
1444 0 22
1445 0 23
1446 0 23
1447 0 23
1448 0 22
1449 0 22
1450 0 22
1451 0 22
1452 0 22
1453 0 22
1454 0 22
1455 0 22
1456 0 22
1457 0 22
1458 0 22
1459 0 21
1460 0 22
1461 0 22
1462 0 21
1463 0 21
1464 0 22
1465 0 22
1466 0 22
1467 0 22
1468 0 22
1469 0 21
1470 0 22
1471 0 22
1472 0 22
1473 0 22
1474 0 22
1475 0 21
1476 0 22
1477 0 22
1478 0 21
1479 0 21
1480 0 22
1481 0 22
1482 0 22
1483 0 22
1484 0 22
1485 0 21
1486 0 22
1487 0 22
1488 0 21
1489 0 21
1490 0 21
1491 0 22
1492 0 22
1493 0 21
1494 0 21
1495 0 22
1496 0 22
1497 0 22
1498 0 22
1499 0 22
1500 0 22
1501 0 22
1502 0 22
1503 0 21
1504 0 23
1505 0 23
1506 0 22
1507 0 22
1508 0 22
1509 0 23
1510 0 23
1511 0 22
1512 0 22
1513 0 23
1514 0 23
1515 0 23
1516 0 22
1517 0 22
1518 0 22
1519 0 22
1520 0 22
1521 0 22
1522 0 23
1523 0 23
1524 0 23
1525 0 22
1526 0 22
1527 0 21
1528 0 23
1529 0 23
1530 0 22
1531 0 22
1532 0 22
1533 0 23
1534 0 23
1535 0 22
1536 0 22
1537 0 23
1538 0 23
1539 0 23
1540 0 22
1541 0 22
1542 0 22
1543 0 22
1544 0 22
1545 0 22
1546 0 22
1547 0 22
1548 0 22
1549 0 22
1550 0 22
1551 0 21
1552 0 22
1553 0 22
1554 0 21
1555 0 21
1556 0 22
1557 0 22
1558 0 22
1559 0 22
1560 0 22
1561 0 21
1562 0 22
1563 0 22
1564 0 21
1565 0 21
1566 0 21
1567 0 22
1568 0 22
1569 0 21
1570 0 21
1571 0 22
1572 0 22
1573 0 21
1574 0 21
1575 0 21
1576 0 22
1577 0 22
1578 0 21
1579 0 21
1580 0 21
1581 0 21
1582 0 21
1583 0 22
1584 0 22
1585 0 22
1586 0 22
1587 0 21
1588 0 21
1589 0 23
1590 0 23
1591 0 23
1592 0 23
1593 0 23
1594 0 22
1595 0 23
1596 0 23
1597 0 22
1598 0 22
1599 0 23
1600 0 23
1601 0 23
1602 0 23
1603 0 23
1604 0 22
1605 0 23
1606 0 23
1607 0 22
1608 0 22
1609 0 22
1610 0 23
1611 0 23
1612 0 22
1613 0 22
1614 0 22
1615 0 22
1616 0 22
1617 0 22
1618 0 22
1619 0 22
1620 0 22
1621 0 22
1622 0 22
1623 0 23
1624 0 23
1625 0 22
1626 0 22
1627 0 22
1628 0 23
1629 0 23
1630 0 22
1631 0 22
1632 0 22
1633 0 22
1634 0 22
1635 0 22
1636 0 22
1637 0 22
1638 0 22
1639 0 22
1640 0 22
1641 0 23
1642 0 23
1643 0 23
1644 0 23
1645 0 23
1646 0 22
1647 0 23
1648 0 23
1649 0 22
1650 0 22
1651 0 23
1652 0 23
1653 0 23
1654 0 23
1655 0 23
1656 0 22
1657 0 23
1658 0 23
1659 0 22
1660 0 22
1661 0 22
1662 0 23
1663 0 23
1664 0 22
1665 0 22
1666 0 22
1667 0 22
1668 0 22
1669 0 22
1670 0 22
1671 0 22
1672 0 22
1673 0 22
1674 0 22
1675 0 23
1676 0 23
1677 0 22
1678 0 22
1679 0 22
1680 0 23
1681 0 23
1682 0 22
1683 0 22
1684 0 23
1685 0 23
1686 0 23
1687 0 22
1688 0 22
1689 0 22
1690 0 22
1691 0 22
1692 0 22
1693 0 23
1694 0 23
1695 0 23
1696 0 22
1697 0 22
1698 0 21
1699 0 23
1700 0 23
1701 0 22
1702 0 22
1703 0 22
1704 0 23
1705 0 23
1706 0 22
1707 0 22
1708 0 23
1709 0 23
1710 0 23
1711 0 22
1712 0 22
1713 0 22
1714 0 22
1715 0 22
1716 0 22
1717 0 22
1718 0 22
1719 0 22
1720 0 22
1721 0 22
1722 0 21
1723 0 22
1724 0 22
1725 0 21
1726 0 21
1727 0 22
1728 0 22
1729 0 22
1730 0 22
1731 0 22
1732 0 21
1733 0 22
1734 0 22
1735 0 22
1736 0 22
1737 0 22
1738 0 21
1739 0 22
1740 0 22
1741 0 21
1742 0 21
1743 0 22
1744 0 22
1745 0 22
1746 0 22
1747 0 22
1748 0 21
1749 0 22
1750 0 22
1751 0 21
1752 0 21
1753 0 21
1754 0 22
1755 0 22
1756 0 21
1757 0 21
1758 0 22
1759 0 22
1760 0 22
1761 0 22
1762 0 22
1763 0 22
1764 0 22
1765 0 22
1766 0 21
1767 0 23
1768 0 23
1769 0 22
1770 0 22
1771 0 22
1772 0 23
1773 0 23
1774 0 22
1775 0 22
1776 0 23
1777 0 23
1778 0 23
1779 0 22
1780 0 22
1781 0 22
1782 0 22
1783 0 22
1784 0 22
1785 0 23
1786 0 23
1787 0 23
1788 0 22
1789 0 22
1790 0 21
1791 0 23
1792 0 23
1793 0 22
1794 0 22
1795 0 22
1796 0 23
1797 0 23
1798 0 22
1799 0 22
1800 0 23
1801 0 23
1802 0 23
1803 0 22
1804 0 22
1805 0 22
1806 0 22
1807 0 22
1808 0 22
1809 0 23
1810 0 23
1811 0 23
1812 0 23
1813 0 23
1814 0 22
1815 0 23
1816 0 23
1817 0 22
1818 0 22
1819 0 23
1820 0 23
1821 0 23
1822 0 23
1823 0 23
1824 0 22
1825 0 22
1826 0 22
1827 0 22
1828 0 22
1829 0 22
1830 0 22
1831 0 22
1832 0 22
1833 0 22
1834 0 22
1835 0 22
1836 0 22
1837 0 22
1838 0 22
1839 0 22
1840 0 22
1841 0 22
1842 0 22
1843 0 22
1844 0 22
1845 0 22
1846 0 22
1847 0 22
1848 0 22
1849 0 22
1850 0 22
1851 0 22
1852 0 23
1853 0 23
1854 0 23
1855 0 23
1856 0 23
1857 0 22
1858 0 23
1859 0 23
1860 0 22
1861 0 22
1862 0 23
1863 0 23
1864 0 23
1865 0 23
1866 0 23
1867 0 22
1868 0 22
1869 0 22
1870 0 22
1871 0 22
1872 0 22
1873 0 22
1874 0 22
1875 0 22
1876 0 22
1877 0 22
1878 0 22
1879 0 22
1880 0 22
1881 0 22
1882 0 22
1883 0 21
1884 0 21
1885 0 21
1886 0 23
1887 0 23
1888 0 22
1889 0 22
1890 0 22
1891 0 23
1892 0 23
1893 0 22
1894 0 22
1895 0 23
1896 0 23
1897 0 23
1898 0 22
1899 0 22
1900 0 22
1901 0 22
1902 0 22
1903 0 22
1904 0 23
1905 0 23
1906 0 23
1907 0 22
1908 0 22
1909 0 21
1910 0 23
1911 0 23
1912 0 22
1913 0 22
1914 0 22
1915 0 23
1916 0 23
1917 0 22
1918 0 22
1919 0 23
1920 0 23
1921 0 23
1922 0 22
1923 0 22
1924 0 22
1925 0 22
1926 0 22
1927 0 22
1928 0 23
1929 0 23
1930 0 23
1931 0 23
1932 0 23
1933 0 22
1934 0 23
1935 0 23
1936 0 22
1937 0 22
1938 0 23
1939 0 23
1940 0 23
1941 0 23
1942 0 23
1943 0 22
1944 0 22
1945 0 22
1946 0 22
1947 0 22
1948 0 22
1949 0 22
1950 0 22
1951 0 22
1952 0 22
1953 0 22
1954 0 22
1955 0 22
1956 0 22
1957 0 22
1958 0 22
1959 0 22
1960 0 22
1961 0 22
1962 0 22
1963 0 22
1964 0 22
1965 0 22
1966 0 22
1967 0 22
1968 0 22
1969 0 22
1970 0 22
1971 0 22
1972 0 22
1973 0 22
1974 0 22
1975 0 22
1976 0 21
1977 0 22
1978 0 22
1979 0 21
1980 0 21
1981 0 22
1982 0 22
1983 0 22
1984 0 22
1985 0 22
1986 0 21
1987 0 22
1988 0 22
1989 0 22
1990 0 22
1991 0 22
1992 0 22
1993 0 22
1994 0 22
1995 0 22
1996 0 22
1997 0 22
1998 0 22
1999 0 22
2000 0 22
2001 0 22
2002 0 21
2003 0 21
2004 0 21
2005 0 22
2006 0 22
2007 0 22
2008 0 22
2009 0 22
2010 0 22
2011 0 22
2012 0 22
2013 0 22
2014 0 22
2015 0 22
2016 0 22
2017 0 21
2018 0 21
2019 0 21
2020 0 21
2021 0 21
2022 0 21
2023 0 22
2024 0 22
2025 0 22
2026 0 22
2027 0 22
2028 0 21
2029 0 22
2030 0 22
2031 0 21
2032 0 21
2033 0 22
2034 0 22
2035 0 22
2036 0 22
2037 0 22
2038 0 21
2039 0 22
2040 0 22
2041 0 22
2042 0 22
2043 0 22
2044 0 22
2045 0 22
2046 0 22
2047 0 22
2048 0 22
2049 0 22
2050 0 22
2051 0 22
2052 0 22
2053 0 22
2054 0 21
2055 0 21
2056 0 21
2057 0 22
2058 0 22
2059 0 22
2060 0 22
2061 0 22
2062 0 21
2063 0 22
2064 0 22
2065 0 21
2066 0 21
2067 0 22
2068 0 22
2069 0 22
2070 0 22
2071 0 22
2072 0 21
2073 0 22
2074 0 22
2075 0 22
2076 0 22
2077 0 22
2078 0 22
2079 0 22
2080 0 22
2081 0 22
2082 0 22
2083 0 22
2084 0 22
2085 0 22
2086 0 22
2087 0 22
2088 0 21
2089 0 21
2090 0 21
2091 0 22
2092 0 22
2093 0 22
2094 0 22
2095 0 22
2096 0 22
2097 0 22
2098 0 22
2099 0 22
2100 0 22
2101 0 22
2102 0 22
2103 0 21
2104 0 21
2105 0 21
2106 0 21
2107 0 21
2108 0 21
2109 0 22
2110 0 22
2111 0 22
2112 0 22
2113 0 22
2114 0 21
2115 0 22
2116 0 22
2117 0 21
2118 0 21
2119 0 22
2120 0 22
2121 0 22
2122 0 22
2123 0 22
2124 0 21
2125 0 22
2126 0 22
2127 0 22
2128 0 22
2129 0 22
2130 0 22
2131 0 22
2132 0 22
2133 0 22
2134 0 22
2135 0 22
2136 0 22
2137 0 22
2138 0 22
2139 0 22
2140 0 21
2141 0 21
2142 0 21
2143 0 22
2144 0 22
2145 0 21
2146 0 21
2147 0 21
2148 0 22
2149 0 22
2150 0 21
2151 0 21
2152 0 22
2153 0 22
2154 0 22
2155 0 21
2156 0 21
2157 0 21
2158 0 21
2159 0 21
2160 0 21
2161 0 22
2162 0 22
2163 0 22
2164 0 21
2165 0 21
2166 0 20
2167 0 22
2168 0 22
2169 0 21
2170 0 21
2171 0 21
2172 0 22
2173 0 22
2174 0 21
2175 0 21
2176 0 22
2177 0 22
2178 0 22
2179 0 21
2180 0 21
2181 0 21
2182 0 21
2183 0 21
2184 0 21
2185 0 22
2186 0 22
2187 0 22
2188 0 22
2189 0 22
2190 0 21
2191 0 22
2192 0 22
2193 0 21
2194 0 21
2195 0 22
2196 0 22
2197 0 22
2198 0 22
2199 0 22
2200 0 21
2201 0 22
2202 0 22
2203 0 22
2204 0 22
2205 0 22
2206 0 21
2207 0 22
2208 0 22
2209 0 21
2210 0 21
2211 0 22
2212 0 22
2213 0 22
2214 0 22
2215 0 22
2216 0 21
2217 0 22
2218 0 22
2219 0 21
2220 0 21
2221 0 21
2222 0 22
2223 0 22
2224 0 21
2225 0 21
2226 0 22
2227 0 22
2228 0 22
2229 0 22
2230 0 22
2231 0 22
2232 0 21
2233 0 21
2234 0 21
2235 0 23
2236 0 23
2237 0 23
2238 0 22
2239 0 23
2240 0 22
2241 0 23
2242 0 23
2243 0 23
2244 0 22
2245 0 23
2246 0 22
2247 0 22
2248 0 23
2249 0 22
2250 0 22
2251 0 22
2252 0 22
2253 0 22
2254 0 22
2255 0 22
2256 0 23
2257 0 22
2258 0 22
2259 0 23
2260 0 22
2261 0 22
2262 0 22
2263 0 22
2264 0 22
2265 0 22
2266 0 23
2267 0 23
2268 0 23
2269 0 22
2270 0 23
2271 0 22
2272 0 23
2273 0 23
2274 0 23
2275 0 22
2276 0 23
2277 0 22
2278 0 22
2279 0 23
2280 0 22
2281 0 22
2282 0 22
2283 0 22
2284 0 22
2285 0 22
2286 0 22
2287 0 23
2288 0 22
2289 0 22
2290 0 23
2291 0 22
2292 0 23
2293 0 23
2294 0 22
2295 0 22
2296 0 22
2297 0 23
2298 0 23
2299 0 22
2300 0 21
2301 0 23
2302 0 22
2303 0 22
2304 0 23
2305 0 22
2306 0 23
2307 0 23
2308 0 22
2309 0 22
2310 0 22
2311 0 22
2312 0 22
2313 0 22
2314 0 21
2315 0 22
2316 0 21
2317 0 22
2318 0 22
2319 0 22
2320 0 21
2321 0 22
2322 0 22
2323 0 22
2324 0 21
2325 0 22
2326 0 21
2327 0 22
2328 0 22
2329 0 22
2330 0 21
2331 0 22
2332 0 21
2333 0 21
2334 0 22
2335 0 21
2336 0 22
2337 0 22
2338 0 22
2339 0 22
2340 0 22
2341 0 21
2342 0 23
2343 0 22
2344 0 22
2345 0 23
2346 0 22
2347 0 23
2348 0 23
2349 0 22
2350 0 22
2351 0 22
2352 0 23
2353 0 23
2354 0 22
2355 0 21
2356 0 23
2357 0 22
2358 0 22
2359 0 23
2360 0 22
2361 0 23
2362 0 23
2363 0 22
2364 0 22
2365 0 22
2366 0 22
2367 0 22
2368 0 22
2369 0 21
2370 0 22
2371 0 21
2372 0 22
2373 0 22
2374 0 22
2375 0 21
2376 0 22
2377 0 21
2378 0 21
2379 0 22
2380 0 21
2381 0 22
2382 0 21
2383 0 21
2384 0 22
2385 0 21
2386 0 21
2387 0 21
2388 0 22
2389 0 22
2390 0 21
2391 0 23
2392 0 23
2393 0 23
2394 0 22
2395 0 23
2396 0 22
2397 0 23
2398 0 23
2399 0 23
2400 0 22
2401 0 23
2402 0 22
2403 0 22
2404 0 23
2405 0 22
2406 0 22
2407 0 22
2408 0 22
2409 0 22
2410 0 22
2411 0 22
2412 0 23
2413 0 22
2414 0 22
2415 0 23
2416 0 22
2417 0 22
2418 0 22
2419 0 22
2420 0 22
2421 0 22
2422 0 23
2423 0 23
2424 0 23
2425 0 22
2426 0 23
2427 0 22
2428 0 23
2429 0 23
2430 0 23
2431 0 22
2432 0 23
2433 0 22
2434 0 22
2435 0 23
2436 0 22
2437 0 22
2438 0 22
2439 0 22
2440 0 22
2441 0 22
2442 0 22
2443 0 23
2444 0 22
2445 0 22
2446 0 23
2447 0 22
2448 0 23
2449 0 23
2450 0 22
2451 0 22
2452 0 22
2453 0 23
2454 0 23
2455 0 22
2456 0 21
2457 0 23
2458 0 22
2459 0 22
2460 0 23
2461 0 22
2462 0 23
2463 0 23
2464 0 22
2465 0 22
2466 0 22
2467 0 22
2468 0 22
2469 0 22
2470 0 21
2471 0 22
2472 0 21
2473 0 22
2474 0 22
2475 0 22
2476 0 21
2477 0 22
2478 0 22
2479 0 22
2480 0 21
2481 0 22
2482 0 21
2483 0 22
2484 0 22
2485 0 22
2486 0 21
2487 0 22
2488 0 21
2489 0 21
2490 0 22
2491 0 21
2492 0 22
2493 0 22
2494 0 22
2495 0 22
2496 0 22
2497 0 21
2498 0 23
2499 0 22
2500 0 22
2501 0 23
2502 0 22
2503 0 23
2504 0 23
2505 0 22
2506 0 22
2507 0 22
2508 0 23
2509 0 23
2510 0 22
2511 0 21
2512 0 23
2513 0 22
2514 0 22
2515 0 23
2516 0 22
2517 0 23
2518 0 23
2519 0 22
2520 0 22
2521 0 22
2522 0 23
2523 0 23
2524 0 23
2525 0 22
2526 0 23
2527 0 22
2528 0 23
2529 0 23
2530 0 23
2531 0 22
2532 0 22
2533 0 22
2534 0 22
2535 0 22
2536 0 22
2537 0 22
2538 0 22
2539 0 22
2540 0 22
2541 0 22
2542 0 22
2543 0 22
2544 0 22
2545 0 22
2546 0 22
2547 0 23
2548 0 23
2549 0 23
2550 0 22
2551 0 23
2552 0 22
2553 0 23
2554 0 23
2555 0 23
2556 0 22
2557 0 22
2558 0 22
2559 0 22
2560 0 22
2561 0 22
2562 0 22
2563 0 22
2564 0 22
2565 0 22
2566 0 21
2567 0 21
2568 0 23
2569 0 22
2570 0 22
2571 0 23
2572 0 22
2573 0 23
2574 0 23
2575 0 22
2576 0 22
2577 0 22
2578 0 23
2579 0 23
2580 0 22
2581 0 21
2582 0 23
2583 0 22
2584 0 22
2585 0 23
2586 0 22
2587 0 23
2588 0 23
2589 0 22
2590 0 22
2591 0 22
2592 0 23
2593 0 23
2594 0 23
2595 0 22
2596 0 23
2597 0 22
2598 0 23
2599 0 23
2600 0 23
2601 0 22
2602 0 22
2603 0 22
2604 0 22
2605 0 22
2606 0 22
2607 0 22
2608 0 22
2609 0 22
2610 0 22
2611 0 22
2612 0 22
2613 0 22
2614 0 22
2615 0 22
2616 0 22
2617 0 22
2618 0 22
2619 0 22
2620 0 21
2621 0 22
2622 0 21
2623 0 22
2624 0 22
2625 0 22
2626 0 21
2627 0 22
2628 0 22
2629 0 22
2630 0 22
2631 0 22
2632 0 22
2633 0 22
2634 0 22
2635 0 22
2636 0 21
2637 0 21
2638 0 22
2639 0 22
2640 0 22
2641 0 22
2642 0 22
2643 0 22
2644 0 22
2645 0 21
2646 0 21
2647 0 21
2648 0 22
2649 0 22
2650 0 22
2651 0 21
2652 0 22
2653 0 21
2654 0 22
2655 0 22
2656 0 22
2657 0 21
2658 0 22
2659 0 22
2660 0 22
2661 0 22
2662 0 22
2663 0 22
2664 0 22
2665 0 22
2666 0 22
2667 0 21
2668 0 21
2669 0 22
2670 0 22
2671 0 22
2672 0 21
2673 0 22
2674 0 21
2675 0 22
2676 0 22
2677 0 22
2678 0 21
2679 0 22
2680 0 22
2681 0 22
2682 0 22
2683 0 22
2684 0 22
2685 0 22
2686 0 22
2687 0 22
2688 0 21
2689 0 21
2690 0 22
2691 0 22
2692 0 22
2693 0 22
2694 0 22
2695 0 22
2696 0 22
2697 0 21
2698 0 21
2699 0 21
2700 0 22
2701 0 22
2702 0 22
2703 0 21
2704 0 22
2705 0 21
2706 0 22
2707 0 22
2708 0 22
2709 0 21
2710 0 22
2711 0 22
2712 0 22
2713 0 22
2714 0 22
2715 0 22
2716 0 22
2717 0 22
2718 0 22
2719 0 21
2720 0 21
2721 0 22
2722 0 21
2723 0 21
2724 0 22
2725 0 21
2726 0 22
2727 0 22
2728 0 21
2729 0 21
2730 0 21
2731 0 22
2732 0 22
2733 0 21
2734 0 20
2735 0 22
2736 0 21
2737 0 21
2738 0 22
2739 0 21
2740 0 22
2741 0 22
2742 0 21
2743 0 21
2744 0 21
2745 0 22
2746 0 22
2747 0 22
2748 0 21
2749 0 22
2750 0 21
2751 0 22
2752 0 22
2753 0 22
2754 0 21
2755 0 22
2756 0 22
2757 0 22
2758 0 21
2759 0 22
2760 0 21
2761 0 22
2762 0 22
2763 0 22
2764 0 21
2765 0 22
2766 0 21
2767 0 21
2768 0 22
2769 0 21
2770 0 22
2771 0 22
2772 0 22
2773 0 22
2774 0 21
2775 0 21
2776 0 23
2777 0 22
2778 0 22
2779 0 23
2780 0 22
2781 0 23
2782 0 23
2783 0 22
2784 0 22
2785 0 22
2786 0 23
2787 0 23
2788 0 22
2789 0 21
2790 0 23
2791 0 22
2792 0 22
2793 0 23
2794 0 22
2795 0 23
2796 0 23
2797 0 22
2798 0 22
2799 0 22
2800 0 23
2801 0 23
2802 0 23
2803 0 22
2804 0 23
2805 0 22
2806 0 23
2807 0 23
2808 0 23
2809 0 22
2810 0 22
2811 0 22
2812 0 22
2813 0 22
2814 0 22
2815 0 22
2816 0 22
2817 0 22
2818 0 22
2819 0 22
2820 0 22
2821 0 22
2822 0 22
2823 0 22
2824 0 22
2825 0 23
2826 0 23
2827 0 23
2828 0 22
2829 0 23
2830 0 22
2831 0 23
2832 0 23
2833 0 23
2834 0 22
2835 0 22
2836 0 22
2837 0 22
2838 0 22
2839 0 22
2840 0 22
2841 0 22
2842 0 22
2843 0 22
2844 0 21
2845 0 21
2846 0 23
2847 0 22
2848 0 22
2849 0 23
2850 0 22
2851 0 23
2852 0 23
2853 0 22
2854 0 22
2855 0 22
2856 0 23
2857 0 23
2858 0 22
2859 0 21
2860 0 23
2861 0 22
2862 0 22
2863 0 23
2864 0 22
2865 0 23
2866 0 23
2867 0 22
2868 0 22
2869 0 22
2870 0 23
2871 0 23
2872 0 23
2873 0 22
2874 0 23
2875 0 22
2876 0 23
2877 0 23
2878 0 23
2879 0 22
2880 0 22
2881 0 22
2882 0 22
2883 0 22
2884 0 22
2885 0 22
2886 0 22
2887 0 22
2888 0 22
2889 0 22
2890 0 22
2891 0 22
2892 0 22
2893 0 22
2894 0 22
2895 0 22
2896 0 22
2897 0 22
2898 0 21
2899 0 22
2900 0 21
2901 0 22
2902 0 22
2903 0 22
2904 0 21
2905 0 22
2906 0 22
2907 0 22
2908 0 22
2909 0 22
2910 0 22
2911 0 22
2912 0 22
2913 0 22
2914 0 21
2915 0 21
2916 0 22
2917 0 22
2918 0 22
2919 0 22
2920 0 22
2921 0 22
2922 0 22
2923 0 21
2924 0 21
2925 0 21
2926 0 22
2927 0 22
2928 0 22
2929 0 21
2930 0 22
2931 0 21
2932 0 22
2933 0 22
2934 0 22
2935 0 21
2936 0 22
2937 0 22
2938 0 22
2939 0 22
2940 0 22
2941 0 22
2942 0 22
2943 0 22
2944 0 22
2945 0 21
2946 0 21
2947 0 22
2948 0 21
2949 0 21
2950 0 22
2951 0 21
2952 0 22
2953 0 22
2954 0 21
2955 0 21
2956 0 21
2957 0 22
2958 0 22
2959 0 21
2960 0 20
2961 0 22
2962 0 21
2963 0 21
2964 0 22
2965 0 21
2966 0 22
2967 0 22
2968 0 21
2969 0 21
2970 0 21
2971 0 22
2972 0 21
2973 0 21
2974 0 22
2975 0 21
2976 0 22
2977 0 22
2978 0 21
2979 0 21
2980 0 21
2981 0 22
2982 0 22
2983 0 21
2984 0 20
2985 0 22
2986 0 21
2987 0 21
2988 0 22
2989 0 21
2990 0 22
2991 0 22
2992 0 21
2993 0 21
2994 0 21
2995 0 21
2996 0 21
2997 0 21
2998 0 20
2999 0 21
3000 0 20
3001 0 21
3002 0 21
3003 0 21
3004 0 20
3005 0 22
3006 0 21
3007 0 21
3008 0 22
3009 0 21
3010 0 22
3011 0 21
3012 0 21
3013 0 22
3014 0 21
3015 0 21
3016 0 21
3017 0 21
3018 0 21
3019 0 21
3020 0 23
3021 0 23
3022 0 23
3023 0 22
3024 0 23
3025 0 22
3026 0 23
3027 0 23
3028 0 23
3029 0 22
3030 0 23
3031 0 22
3032 0 22
3033 0 23
3034 0 22
3035 0 22
3036 0 22
3037 0 22
3038 0 22
3039 0 22
3040 0 22
3041 0 23
3042 0 22
3043 0 22
3044 0 23
3045 0 22
3046 0 22
3047 0 22
3048 0 22
3049 0 22
3050 0 22
3051 0 23
3052 0 23
3053 0 23
3054 0 22
3055 0 23
3056 0 22
3057 0 23
3058 0 23
3059 0 23
3060 0 22
3061 0 23
3062 0 22
3063 0 22
3064 0 23
3065 0 22
3066 0 22
3067 0 22
3068 0 22
3069 0 22
3070 0 22
3071 0 22
3072 0 23
3073 0 22
3074 0 22
3075 0 23
3076 0 22
3077 0 23
3078 0 23
3079 0 22
3080 0 22
3081 0 22
3082 0 23
3083 0 23
3084 0 22
3085 0 21
3086 0 23
3087 0 22
3088 0 22
3089 0 23
3090 0 22
3091 0 23
3092 0 23
3093 0 22
3094 0 22
3095 0 22
3096 0 22
3097 0 22
3098 0 22
3099 0 21
3100 0 22
3101 0 21
3102 0 22
3103 0 22
3104 0 22
3105 0 21
3106 0 22
3107 0 22
3108 0 22
3109 0 21
3110 0 22
3111 0 21
3112 0 22
3113 0 22
3114 0 22
3115 0 21
3116 0 22
3117 0 21
3118 0 21
3119 0 22
3120 0 21
3121 0 22
3122 0 22
3123 0 22
3124 0 22
3125 0 22
3126 0 21
3127 0 23
3128 0 22
3129 0 22
3130 0 23
3131 0 22
3132 0 23
3133 0 23
3134 0 22
3135 0 22
3136 0 22
3137 0 23
3138 0 23
3139 0 22
3140 0 21
3141 0 23
3142 0 22
3143 0 22
3144 0 23
3145 0 22
3146 0 23
3147 0 23
3148 0 22
3149 0 22
3150 0 22
3151 0 22
3152 0 22
3153 0 22
3154 0 21
3155 0 22
3156 0 21
3157 0 22
3158 0 22
3159 0 22
3160 0 21
3161 0 22
3162 0 21
3163 0 21
3164 0 22
3165 0 21
3166 0 22
3167 0 21
3168 0 21
3169 0 22
3170 0 21
3171 0 21
3172 0 21
3173 0 22
3174 0 22
3175 0 21
3176 0 23
3177 0 23
3178 0 23
3179 0 22
3180 0 23
3181 0 22
3182 0 23
3183 0 23
3184 0 23
3185 0 22
3186 0 23
3187 0 22
3188 0 22
3189 0 23
3190 0 22
3191 0 22
3192 0 22
3193 0 22
3194 0 22
3195 0 22
3196 0 22
3197 0 23
3198 0 22
3199 0 22
3200 0 23
3201 0 22
3202 0 22
3203 0 22
3204 0 22
3205 0 22
3206 0 22
3207 0 23
3208 0 23
3209 0 23
3210 0 22
3211 0 23
3212 0 22
3213 0 23
3214 0 23
3215 0 23
3216 0 22
3217 0 23
3218 0 22
3219 0 22
3220 0 23
3221 0 22
3222 0 22
3223 0 22
3224 0 22
3225 0 22
3226 0 22
3227 0 22
3228 0 23
3229 0 22
3230 0 22
3231 0 23
3232 0 22
3233 0 23
3234 0 23
3235 0 22
3236 0 22
3237 0 22
3238 0 23
3239 0 23
3240 0 22
3241 0 21
3242 0 23
3243 0 22
3244 0 22
3245 0 23
3246 0 22
3247 0 23
3248 0 23
3249 0 22
3250 0 22
3251 0 22
3252 0 22
3253 0 22
3254 0 22
3255 0 21
3256 0 22
3257 0 21
3258 0 22
3259 0 22
3260 0 22
3261 0 21
3262 0 22
3263 0 22
3264 0 22
3265 0 21
3266 0 22
3267 0 21
3268 0 22
3269 0 22
3270 0 22
3271 0 21
3272 0 22
3273 0 21
3274 0 21
3275 0 22
3276 0 21
3277 0 22
3278 0 22
3279 0 22
3280 0 22
3281 0 22
3282 0 21
3283 0 23
3284 0 22
3285 0 22
3286 0 23
3287 0 22
3288 0 23
3289 0 23
3290 0 22
3291 0 22
3292 0 22
3293 0 23
3294 0 23
3295 0 22
3296 0 21
3297 0 23
3298 0 22
3299 0 22
3300 0 23
3301 0 22
3302 0 23
3303 0 23
3304 0 22
3305 0 22
3306 0 22
3307 0 23
3308 0 23
3309 0 23
3310 0 22
3311 0 23
3312 0 22
3313 0 23
3314 0 23
3315 0 23
3316 0 22
3317 0 22
3318 0 22
3319 0 22
3320 0 22
3321 0 22
3322 0 22
3323 0 22
3324 0 22
3325 0 22
3326 0 22
3327 0 22
3328 0 22
3329 0 22
3330 0 22
3331 0 22
3332 0 23
3333 0 23
3334 0 23
3335 0 22
3336 0 23
3337 0 22
3338 0 23
3339 0 23
3340 0 23
3341 0 22
3342 0 22
3343 0 22
3344 0 22
3345 0 22
3346 0 22
3347 0 22
3348 0 22
3349 0 22
3350 0 22
3351 0 21
3352 0 21
3353 0 23
3354 0 22
3355 0 22
3356 0 23
3357 0 22
3358 0 23
3359 0 23
3360 0 22
3361 0 22
3362 0 22
3363 0 23
3364 0 23
3365 0 22
3366 0 21
3367 0 23
3368 0 22
3369 0 22
3370 0 23
3371 0 22
3372 0 23
3373 0 23
3374 0 22
3375 0 22
3376 0 22
3377 0 23
3378 0 23
3379 0 23
3380 0 22
3381 0 23
3382 0 22
3383 0 23
3384 0 23
3385 0 23
3386 0 22
3387 0 22
3388 0 22
3389 0 22
3390 0 22
3391 0 22
3392 0 22
3393 0 22
3394 0 22
3395 0 22
3396 0 22
3397 0 22
3398 0 22
3399 0 22
3400 0 22
3401 0 22
3402 0 22
3403 0 22
3404 0 22
3405 0 21
3406 0 22
3407 0 21
3408 0 22
3409 0 22
3410 0 22
3411 0 21
3412 0 22
3413 0 22
3414 0 22
3415 0 22
3416 0 22
3417 0 22
3418 0 22
3419 0 22
3420 0 22
3421 0 21
3422 0 21
3423 0 22
3424 0 22
3425 0 22
3426 0 22
3427 0 22
3428 0 22
3429 0 22
3430 0 21
3431 0 21
3432 0 21
3433 0 22
3434 0 22
3435 0 22
3436 0 21
3437 0 22
3438 0 21
3439 0 22
3440 0 22
3441 0 22
3442 0 21
3443 0 22
3444 0 22
3445 0 22
3446 0 22
3447 0 22
3448 0 22
3449 0 22
3450 0 22
3451 0 22
3452 0 21
3453 0 21
3454 0 22
3455 0 22
3456 0 22
3457 0 21
3458 0 22
3459 0 21
3460 0 22
3461 0 22
3462 0 22
3463 0 21
3464 0 22
3465 0 22
3466 0 22
3467 0 22
3468 0 22
3469 0 22
3470 0 22
3471 0 22
3472 0 22
3473 0 21
3474 0 21
3475 0 22
3476 0 22
3477 0 22
3478 0 22
3479 0 22
3480 0 22
3481 0 22
3482 0 21
3483 0 21
3484 0 21
3485 0 22
3486 0 22
3487 0 22
3488 0 21
3489 0 22
3490 0 21
3491 0 22
3492 0 22
3493 0 22
3494 0 21
3495 0 22
3496 0 22
3497 0 22
3498 0 22
3499 0 22
3500 0 22
3501 0 22
3502 0 22
3503 0 22
3504 0 21
3505 0 21
3506 0 22
3507 0 21
3508 0 21
3509 0 22
3510 0 21
3511 0 22
3512 0 22
3513 0 21
3514 0 21
3515 0 21
3516 0 22
3517 0 22
3518 0 21
3519 0 20
3520 0 22
3521 0 21
3522 0 21
3523 0 22
3524 0 21
3525 0 22
3526 0 22
3527 0 21
3528 0 21
3529 0 21
3530 0 22
3531 0 22
3532 0 22
3533 0 21
3534 0 22
3535 0 21
3536 0 22
3537 0 22
3538 0 22
3539 0 21
3540 0 22
3541 0 22
3542 0 22
3543 0 21
3544 0 22
3545 0 21
3546 0 22
3547 0 22
3548 0 22
3549 0 21
3550 0 22
3551 0 21
3552 0 21
3553 0 22
3554 0 21
3555 0 22
3556 0 22
3557 0 22
3558 0 22
3559 0 21
3560 0 21
3561 0 23
3562 0 22
3563 0 23
3564 0 22
3565 0 22
3566 0 22
3567 0 22
3568 0 22
3569 0 22
3570 0 22
3571 0 22
3572 0 23
3573 0 22
3574 0 23
3575 0 22
3576 0 22
3577 0 22
3578 0 22
3579 0 22
3580 0 22
3581 0 23
3582 0 22
3583 0 23
3584 0 22
3585 0 22
3586 0 23
3587 0 22
3588 0 22
3589 0 21
3590 0 22
3591 0 22
3592 0 21
3593 0 22
3594 0 21
3595 0 21
3596 0 22
3597 0 22
3598 0 22
3599 0 22
3600 0 23
3601 0 22
3602 0 23
3603 0 22
3604 0 22
3605 0 23
3606 0 22
3607 0 22
3608 0 21
3609 0 22
3610 0 21
3611 0 21
3612 0 21
3613 0 21
3614 0 21
3615 0 21
3616 0 23
3617 0 22
3618 0 23
3619 0 22
3620 0 22
3621 0 22
3622 0 22
3623 0 22
3624 0 22
3625 0 22
3626 0 22
3627 0 23
3628 0 22
3629 0 23
3630 0 22
3631 0 22
3632 0 22
3633 0 22
3634 0 22
3635 0 22
3636 0 23
3637 0 22
3638 0 23
3639 0 22
3640 0 22
3641 0 23
3642 0 22
3643 0 22
3644 0 21
3645 0 22
3646 0 22
3647 0 21
3648 0 22
3649 0 21
3650 0 21
3651 0 22
3652 0 22
3653 0 22
3654 0 22
3655 0 23
3656 0 22
3657 0 23
3658 0 22
3659 0 22
3660 0 23
3661 0 22
3662 0 23
3663 0 22
3664 0 23
3665 0 22
3666 0 22
3667 0 22
3668 0 22
3669 0 22
3670 0 22
3671 0 23
3672 0 22
3673 0 23
3674 0 22
3675 0 22
3676 0 22
3677 0 22
3678 0 22
3679 0 22
3680 0 23
3681 0 22
3682 0 23
3683 0 22
3684 0 22
3685 0 23
3686 0 22
3687 0 23
3688 0 22
3689 0 23
3690 0 22
3691 0 22
3692 0 22
3693 0 22
3694 0 22
3695 0 22
3696 0 22
3697 0 21
3698 0 22
3699 0 22
3700 0 22
3701 0 22
3702 0 22
3703 0 22
3704 0 22
3705 0 22
3706 0 21
3707 0 22
3708 0 21
3709 0 22
3710 0 22
3711 0 22
3712 0 22
3713 0 22
3714 0 22
3715 0 21
3716 0 22
3717 0 22
3718 0 22
3719 0 22
3720 0 22
3721 0 22
3722 0 22
3723 0 22
3724 0 21
3725 0 22
3726 0 21
3727 0 22
3728 0 22
3729 0 22
3730 0 22
3731 0 22
3732 0 21
3733 0 21
3734 0 22
3735 0 21
3736 0 22
3737 0 21
3738 0 21
3739 0 22
3740 0 21
3741 0 22
3742 0 21
3743 0 22
3744 0 22
3745 0 21
3746 0 22
3747 0 21
3748 0 21
3749 0 22
3750 0 22
3751 0 22
3752 0 22
3753 0 23
3754 0 22
3755 0 23
3756 0 22
3757 0 22
3758 0 23
3759 0 22
3760 0 23
3761 0 22
3762 0 23
3763 0 22
3764 0 22
3765 0 22
3766 0 22
3767 0 22
3768 0 22
3769 0 23
3770 0 22
3771 0 23
3772 0 22
3773 0 22
3774 0 22
3775 0 22
3776 0 22
3777 0 22
3778 0 23
3779 0 22
3780 0 23
3781 0 22
3782 0 22
3783 0 23
3784 0 22
3785 0 23
3786 0 22
3787 0 23
3788 0 22
3789 0 22
3790 0 22
3791 0 22
3792 0 22
3793 0 22
3794 0 22
3795 0 21
3796 0 22
3797 0 22
3798 0 22
3799 0 22
3800 0 22
3801 0 22
3802 0 22
3803 0 22
3804 0 21
3805 0 22
3806 0 21
3807 0 22
3808 0 22
3809 0 22
3810 0 22
3811 0 22
3812 0 21
3813 0 21
3814 0 22
3815 0 21
3816 0 22
3817 0 21
3818 0 21
3819 0 22
3820 0 21
3821 0 21
3822 0 21
3823 0 22
3824 0 21
3825 0 22
3826 0 21
3827 0 21
3828 0 22
3829 0 21
3830 0 21
3831 0 20
3832 0 21
3833 0 21
3834 0 21
3835 0 21
3836 0 21
3837 0 21
3838 0 21
3839 0 23
3840 0 22
3841 0 23
3842 0 22
3843 0 22
3844 0 22
3845 0 22
3846 0 22
3847 0 22
3848 0 22
3849 0 22
3850 0 23
3851 0 22
3852 0 23
3853 0 22
3854 0 22
3855 0 22
3856 0 22
3857 0 22
3858 0 22
3859 0 23
3860 0 22
3861 0 23
3862 0 22
3863 0 22
3864 0 23
3865 0 22
3866 0 22
3867 0 21
3868 0 22
3869 0 22
3870 0 21
3871 0 22
3872 0 21
3873 0 21
3874 0 22
3875 0 22
3876 0 22
3877 0 22
3878 0 23
3879 0 22
3880 0 23
3881 0 22
3882 0 22
3883 0 23
3884 0 22
3885 0 22
3886 0 21
3887 0 22
3888 0 21
3889 0 21
3890 0 21
3891 0 21
3892 0 21
3893 0 21
3894 0 23
3895 0 22
3896 0 23
3897 0 22
3898 0 22
3899 0 22
3900 0 22
3901 0 22
3902 0 22
3903 0 22
3904 0 22
3905 0 23
3906 0 22
3907 0 23
3908 0 22
3909 0 22
3910 0 22
3911 0 22
3912 0 22
3913 0 22
3914 0 23
3915 0 22
3916 0 23
3917 0 22
3918 0 22
3919 0 23
3920 0 22
3921 0 22
3922 0 21
3923 0 22
3924 0 22
3925 0 21
3926 0 22
3927 0 21
3928 0 21
3929 0 22
3930 0 22
3931 0 22
3932 0 22
3933 0 23
3934 0 22
3935 0 23
3936 0 22
3937 0 22
3938 0 23
3939 0 22
3940 0 23
3941 0 22
3942 0 23
3943 0 22
3944 0 22
3945 0 22
3946 0 22
3947 0 22
3948 0 22
3949 0 23
3950 0 22
3951 0 23
3952 0 22
3953 0 22
3954 0 22
3955 0 22
3956 0 22
3957 0 22
3958 0 23
3959 0 22
3960 0 23
3961 0 22
3962 0 22
3963 0 23
3964 0 22
3965 0 23
3966 0 22
3967 0 23
3968 0 22
3969 0 22
3970 0 22
3971 0 22
3972 0 22
3973 0 22
3974 0 22
3975 0 21
3976 0 22
3977 0 22
3978 0 22
3979 0 22
3980 0 22
3981 0 22
3982 0 22
3983 0 22
3984 0 21
3985 0 22
3986 0 21
3987 0 22
3988 0 22
3989 0 22
3990 0 22
3991 0 22
3992 0 22
3993 0 21
3994 0 22
3995 0 22
3996 0 22
3997 0 22
3998 0 22
3999 0 22
4000 0 22
4001 0 22
4002 0 21
4003 0 22
4004 0 21
4005 0 22
4006 0 22
4007 0 22
4008 0 22
4009 0 22
4010 0 21
4011 0 21
4012 0 22
4013 0 21
4014 0 22
4015 0 21
4016 0 21
4017 0 22
4018 0 21
4019 0 22
4020 0 21
4021 0 22
4022 0 22
4023 0 21
4024 0 22
4025 0 21
4026 0 21
4027 0 22
4028 0 22
4029 0 22
4030 0 22
4031 0 22
4032 0 22
4033 0 22
4034 0 21
4035 0 22
4036 0 22
4037 0 21
4038 0 21
4039 0 22
4040 0 22
4041 0 22
4042 0 22
4043 0 22
4044 0 21
4045 0 22
4046 0 22
4047 0 22
4048 0 22
4049 0 22
4050 0 22
4051 0 22
4052 0 22
4053 0 22
4054 0 22
4055 0 22
4056 0 22
4057 0 22
4058 0 22
4059 0 22
4060 0 21
4061 0 21
4062 0 21
4063 0 22
4064 0 22
4065 0 22
4066 0 22
4067 0 22
4068 0 22
4069 0 22
4070 0 22
4071 0 22
4072 0 22
4073 0 22
4074 0 22
4075 0 21
4076 0 21
4077 0 21
4078 0 21
4079 0 21
4080 0 21
4081 0 22
4082 0 22
4083 0 22
4084 0 22
4085 0 22
4086 0 21
4087 0 22
4088 0 22
4089 0 21
4090 0 21
4091 0 22
4092 0 22
4093 0 22
4094 0 22
4095 0 22
4096 0 21
4097 0 22
4098 0 22
4099 0 22
4100 0 22
4101 0 22
4102 0 22
4103 0 22
4104 0 22
4105 0 22
4106 0 22
4107 0 22
4108 0 22
4109 0 22
4110 0 22
4111 0 22
4112 0 21
4113 0 21
4114 0 21
4115 0 22
4116 0 22
4117 0 22
4118 0 22
4119 0 22
4120 0 21
4121 0 22
4122 0 22
4123 0 21
4124 0 21
4125 0 22
4126 0 22
4127 0 22
4128 0 22
4129 0 22
4130 0 21
4131 0 22
4132 0 22
4133 0 22
4134 0 22
4135 0 22
4136 0 22
4137 0 22
4138 0 22
4139 0 22
4140 0 22
4141 0 22
4142 0 22
4143 0 22
4144 0 22
4145 0 22
4146 0 21
4147 0 21
4148 0 21
4149 0 22
4150 0 22
4151 0 22
4152 0 22
4153 0 22
4154 0 22
4155 0 22
4156 0 22
4157 0 22
4158 0 22
4159 0 22
4160 0 22
4161 0 21
4162 0 21
4163 0 21
4164 0 21
4165 0 21
4166 0 21
4167 0 22
4168 0 22
4169 0 22
4170 0 22
4171 0 22
4172 0 21
4173 0 22
4174 0 22
4175 0 21
4176 0 21
4177 0 22
4178 0 22
4179 0 22
4180 0 22
4181 0 22
4182 0 21
4183 0 22
4184 0 22
4185 0 22
4186 0 22
4187 0 22
4188 0 22
4189 0 22
4190 0 22
4191 0 22
4192 0 22
4193 0 22
4194 0 22
4195 0 22
4196 0 22
4197 0 22
4198 0 21
4199 0 21
4200 0 21
4201 0 22
4202 0 22
4203 0 21
4204 0 21
4205 0 21
4206 0 22
4207 0 22
4208 0 21
4209 0 21
4210 0 22
4211 0 22
4212 0 22
4213 0 21
4214 0 21
4215 0 21
4216 0 21
4217 0 21
4218 0 21
4219 0 22
4220 0 22
4221 0 22
4222 0 21
4223 0 21
4224 0 20
4225 0 22
4226 0 22
4227 0 21
4228 0 21
4229 0 21
4230 0 22
4231 0 22
4232 0 21
4233 0 21
4234 0 22
4235 0 22
4236 0 22
4237 0 21
4238 0 21
4239 0 21
4240 0 21
4241 0 21
4242 0 21
4243 0 22
4244 0 22
4245 0 22
4246 0 22
4247 0 22
4248 0 21
4249 0 22
4250 0 22
4251 0 21
4252 0 21
4253 0 22
4254 0 22
4255 0 22
4256 0 22
4257 0 22
4258 0 21
4259 0 22
4260 0 22
4261 0 22
4262 0 22
4263 0 22
4264 0 21
4265 0 22
4266 0 22
4267 0 21
4268 0 21
4269 0 22
4270 0 22
4271 0 22
4272 0 22
4273 0 22
4274 0 21
4275 0 22
4276 0 22
4277 0 21
4278 0 21
4279 0 21
4280 0 22
4281 0 22
4282 0 21
4283 0 21
4284 0 22
4285 0 22
4286 0 22
4287 0 22
4288 0 22
4289 0 22
4290 0 21
4291 0 21
4292 0 21
4293 0 23
4294 0 22
4295 0 23
4296 0 22
4297 0 22
4298 0 22
4299 0 22
4300 0 22
4301 0 22
4302 0 22
4303 0 22
4304 0 23
4305 0 22
4306 0 23
4307 0 22
4308 0 22
4309 0 22
4310 0 22
4311 0 22
4312 0 22
4313 0 23
4314 0 22
4315 0 23
4316 0 22
4317 0 22
4318 0 23
4319 0 22
4320 0 22
4321 0 21
4322 0 22
4323 0 22
4324 0 21
4325 0 22
4326 0 21
4327 0 21
4328 0 22
4329 0 22
4330 0 22
4331 0 22
4332 0 23
4333 0 22
4334 0 23
4335 0 22
4336 0 22
4337 0 23
4338 0 22
4339 0 22
4340 0 21
4341 0 22
4342 0 21
4343 0 21
4344 0 21
4345 0 21
4346 0 21
4347 0 21
4348 0 23
4349 0 22
4350 0 23
4351 0 22
4352 0 22
4353 0 22
4354 0 22
4355 0 22
4356 0 22
4357 0 22
4358 0 22
4359 0 23
4360 0 22
4361 0 23
4362 0 22
4363 0 22
4364 0 22
4365 0 22
4366 0 22
4367 0 22
4368 0 23
4369 0 22
4370 0 23
4371 0 22
4372 0 22
4373 0 23
4374 0 22
4375 0 22
4376 0 21
4377 0 22
4378 0 22
4379 0 21
4380 0 22
4381 0 21
4382 0 21
4383 0 22
4384 0 22
4385 0 22
4386 0 22
4387 0 23
4388 0 22
4389 0 23
4390 0 22
4391 0 22
4392 0 23
4393 0 22
4394 0 23
4395 0 22
4396 0 23
4397 0 22
4398 0 22
4399 0 22
4400 0 22
4401 0 22
4402 0 22
4403 0 23
4404 0 22
4405 0 23
4406 0 22
4407 0 22
4408 0 22
4409 0 22
4410 0 22
4411 0 22
4412 0 23
4413 0 22
4414 0 23
4415 0 22
4416 0 22
4417 0 23
4418 0 22
4419 0 23
4420 0 22
4421 0 23
4422 0 22
4423 0 22
4424 0 22
4425 0 22
4426 0 22
4427 0 22
4428 0 22
4429 0 21
4430 0 22
4431 0 22
4432 0 22
4433 0 22
4434 0 22
4435 0 22
4436 0 22
4437 0 22
4438 0 21
4439 0 22
4440 0 21
4441 0 22
4442 0 22
4443 0 22
4444 0 22
4445 0 22
4446 0 22
4447 0 21
4448 0 22
4449 0 22
4450 0 22
4451 0 22
4452 0 22
4453 0 22
4454 0 22
4455 0 22
4456 0 21
4457 0 22
4458 0 21
4459 0 22
4460 0 22
4461 0 22
4462 0 22
4463 0 22
4464 0 21
4465 0 21
4466 0 22
4467 0 21
4468 0 22
4469 0 21
4470 0 21
4471 0 22
4472 0 21
4473 0 22
4474 0 21
4475 0 22
4476 0 22
4477 0 21
4478 0 22
4479 0 21
4480 0 21
4481 0 22
4482 0 22
4483 0 22
4484 0 22
4485 0 23
4486 0 22
4487 0 23
4488 0 22
4489 0 22
4490 0 23
4491 0 22
4492 0 23
4493 0 22
4494 0 23
4495 0 22
4496 0 22
4497 0 22
4498 0 22
4499 0 22
4500 0 22
4501 0 23
4502 0 22
4503 0 23
4504 0 22
4505 0 22
4506 0 22
4507 0 22
4508 0 22
4509 0 22
4510 0 23
4511 0 22
4512 0 23
4513 0 22
4514 0 22
4515 0 23
4516 0 22
4517 0 23
4518 0 22
4519 0 23
4520 0 22
4521 0 22
4522 0 22
4523 0 22
4524 0 22
4525 0 22
4526 0 22
4527 0 21
4528 0 22
4529 0 22
4530 0 22
4531 0 22
4532 0 22
4533 0 22
4534 0 22
4535 0 22
4536 0 21
4537 0 22
4538 0 21
4539 0 22
4540 0 22
4541 0 22
4542 0 22
4543 0 22
4544 0 21
4545 0 21
4546 0 22
4547 0 21
4548 0 22
4549 0 21
4550 0 21
4551 0 22
4552 0 21
4553 0 21
4554 0 21
4555 0 22
4556 0 21
4557 0 22
4558 0 21
4559 0 21
4560 0 22
4561 0 21
4562 0 21
4563 0 20
4564 0 21
4565 0 21
4566 0 21
4567 0 21
4568 0 21
4569 0 21
4570 0 21
4571 0 23
4572 0 22
4573 0 23
4574 0 22
4575 0 22
4576 0 22
4577 0 22
4578 0 22
4579 0 22
4580 0 22
4581 0 22
4582 0 23
4583 0 22
4584 0 23
4585 0 22
4586 0 22
4587 0 22
4588 0 22
4589 0 22
4590 0 22
4591 0 23
4592 0 22
4593 0 23
4594 0 22
4595 0 22
4596 0 23
4597 0 22
4598 0 22
4599 0 21
4600 0 22
4601 0 22
4602 0 21
4603 0 22
4604 0 21
4605 0 21
4606 0 22
4607 0 22
4608 0 22
4609 0 22
4610 0 23
4611 0 22
4612 0 23
4613 0 22
4614 0 22
4615 0 23
4616 0 22
4617 0 22
4618 0 21
4619 0 22
4620 0 21
4621 0 21
4622 0 21
4623 0 21
4624 0 21
4625 0 21
4626 0 23
4627 0 22
4628 0 23
4629 0 22
4630 0 22
4631 0 22
4632 0 22
4633 0 22
4634 0 22
4635 0 22
4636 0 22
4637 0 23
4638 0 22
4639 0 23
4640 0 22
4641 0 22
4642 0 22
4643 0 22
4644 0 22
4645 0 22
4646 0 23
4647 0 22
4648 0 23
4649 0 22
4650 0 22
4651 0 23
4652 0 22
4653 0 22
4654 0 21
4655 0 22
4656 0 22
4657 0 21
4658 0 22
4659 0 21
4660 0 21
4661 0 22
4662 0 22
4663 0 22
4664 0 22
4665 0 23
4666 0 22
4667 0 23
4668 0 22
4669 0 22
4670 0 23
4671 0 22
4672 0 23
4673 0 22
4674 0 23
4675 0 22
4676 0 22
4677 0 22
4678 0 22
4679 0 22
4680 0 22
4681 0 23
4682 0 22
4683 0 23
4684 0 22
4685 0 22
4686 0 22
4687 0 22
4688 0 22
4689 0 22
4690 0 23
4691 0 22
4692 0 23
4693 0 22
4694 0 22
4695 0 23
4696 0 22
4697 0 23
4698 0 22
4699 0 23
4700 0 22
4701 0 22
4702 0 22
4703 0 22
4704 0 22
4705 0 22
4706 0 22
4707 0 21
4708 0 22
4709 0 22
4710 0 22
4711 0 22
4712 0 22
4713 0 22
4714 0 22
4715 0 22
4716 0 21
4717 0 22
4718 0 21
4719 0 22
4720 0 22
4721 0 22
4722 0 22
4723 0 22
4724 0 22
4725 0 21
4726 0 22
4727 0 22
4728 0 22
4729 0 22
4730 0 22
4731 0 22
4732 0 22
4733 0 22
4734 0 21
4735 0 22
4736 0 21
4737 0 22
4738 0 22
4739 0 22
4740 0 22
4741 0 22
4742 0 21
4743 0 21
4744 0 22
4745 0 21
4746 0 22
4747 0 21
4748 0 21
4749 0 22
4750 0 21
4751 0 22
4752 0 21
4753 0 22
4754 0 22
4755 0 21
4756 0 22
4757 0 21
4758 0 21
4759 0 22
4760 0 22
4761 0 22
4762 0 22
4763 0 22
4764 0 22
4765 0 22
4766 0 22
4767 0 22
4768 0 22
4769 0 22
4770 0 22
4771 0 21
4772 0 22
4773 0 21
4774 0 21
4775 0 21
4776 0 21
4777 0 21
4778 0 21
4779 0 22
4780 0 21
4781 0 22
4782 0 21
4783 0 21
4784 0 21
4785 0 21
4786 0 22
4787 0 22
4788 0 22
4789 0 22
4790 0 22
4791 0 22
4792 0 22
4793 0 22
4794 0 22
4795 0 22
4796 0 21
4797 0 22
4798 0 21
4799 0 21
4800 0 21
4801 0 21
4802 0 21
4803 0 21
4804 0 22
4805 0 21
4806 0 22
4807 0 22
4808 0 22
4809 0 22
4810 0 22
4811 0 22
4812 0 22
4813 0 22
4814 0 21
4815 0 22
4816 0 21
4817 0 22
4818 0 22
4819 0 22
4820 0 22
4821 0 22
4822 0 21
4823 0 21
4824 0 22
4825 0 21
4826 0 22
4827 0 21
4828 0 21
4829 0 22
4830 0 21
4831 0 21
4832 0 21
4833 0 22
4834 0 21
4835 0 22
4836 0 21
4837 0 21
4838 0 22
4839 0 21
4840 0 21
4841 0 20
4842 0 21
4843 0 21
4844 0 21
4845 0 21
4846 0 21
4847 0 21
4848 0 21
4849 0 22
4850 0 21
4851 0 22
4852 0 22
4853 0 22
4854 0 22
4855 0 22
4856 0 22
4857 0 22
4858 0 22
4859 0 21
4860 0 22
4861 0 21
4862 0 22
4863 0 22
4864 0 22
4865 0 22
4866 0 22
4867 0 21
4868 0 21
4869 0 22
4870 0 21
4871 0 22
4872 0 21
4873 0 21
4874 0 22
4875 0 21
4876 0 21
4877 0 20
4878 0 21
4879 0 21
4880 0 20
4881 0 21
4882 0 20
4883 0 20
4884 0 21
4885 0 21
4886 0 22
4887 0 22
4888 0 22
4889 0 22
4890 0 22
4891 0 22
4892 0 22
4893 0 22
4894 0 22
4895 0 22
4896 0 21
4897 0 22
4898 0 21
4899 0 21
4900 0 21
4901 0 21
4902 0 21
4903 0 21
4904 0 22
4905 0 21
4906 0 22
4907 0 21
4908 0 21
4909 0 21
4910 0 21
4911 0 22
4912 0 22
4913 0 22
4914 0 22
4915 0 22
4916 0 22
4917 0 22
4918 0 22
4919 0 22
4920 0 22
4921 0 21
4922 0 22
4923 0 21
4924 0 21
4925 0 21
4926 0 21
4927 0 21
4928 0 21
4929 0 22
4930 0 21
4931 0 22
4932 0 22
4933 0 22
4934 0 22
4935 0 22
4936 0 22
4937 0 22
4938 0 22
4939 0 21
4940 0 22
4941 0 21
4942 0 22
4943 0 22
4944 0 22
4945 0 22
4946 0 22
4947 0 21
4948 0 21
4949 0 22
4950 0 21
4951 0 22
4952 0 21
4953 0 21
4954 0 22
4955 0 21
4956 0 21
4957 0 21
4958 0 22
4959 0 21
4960 0 22
4961 0 21
4962 0 21
4963 0 22
4964 0 21
4965 0 21
4966 0 20
4967 0 21
4968 0 21
4969 0 21
4970 0 21
4971 0 21
4972 0 21
4973 0 21
4974 0 22
4975 0 22
4976 0 22
4977 0 22
4978 0 22
4979 0 21
4980 0 21
4981 0 22
4982 0 22
4983 0 21
4984 0 21
4985 0 22
4986 0 22
4987 0 22
4988 0 22
4989 0 22
4990 0 21
4991 0 21
4992 0 22
4993 0 22
4994 0 22
4995 0 22
4996 0 22
4997 0 22
4998 0 22
4999 0 22
5000 0 22
5001 0 21
5002 0 21
5003 0 21
5004 0 21
5005 0 21
5006 0 21
5007 0 21
5008 0 21
5009 0 21
5010 0 21
5011 0 22
5012 0 22
5013 0 22
5014 0 22
5015 0 22
5016 0 22
5017 0 22
5018 0 22
5019 0 22
5020 0 21
5021 0 21
5022 0 21
5023 0 21
5024 0 21
5025 0 21
5026 0 21
5027 0 20
5028 0 21
5029 0 22
5030 0 22
5031 0 22
5032 0 22
5033 0 22
5034 0 21
5035 0 21
5036 0 22
5037 0 22
5038 0 21
5039 0 21
5040 0 22
5041 0 22
5042 0 22
5043 0 22
5044 0 22
5045 0 21
5046 0 21
5047 0 22
5048 0 22
5049 0 22
5050 0 22
5051 0 22
5052 0 22
5053 0 22
5054 0 22
5055 0 22
5056 0 21
5057 0 21
5058 0 21
5059 0 21
5060 0 21
5061 0 21
5062 0 21
5063 0 21
5064 0 21
5065 0 21
5066 0 22
5067 0 22
5068 0 22
5069 0 22
5070 0 22
5071 0 21
5072 0 21
5073 0 22
5074 0 22
5075 0 21
5076 0 21
5077 0 22
5078 0 22
5079 0 22
5080 0 22
5081 0 22
5082 0 21
5083 0 21
5084 0 22
5085 0 22
5086 0 22
5087 0 22
5088 0 22
5089 0 22
5090 0 22
5091 0 22
5092 0 22
5093 0 21
5094 0 21
5095 0 21
5096 0 21
5097 0 21
5098 0 21
5099 0 21
5100 0 21
5101 0 21
5102 0 21
5103 0 22
5104 0 22
5105 0 22
5106 0 22
5107 0 22
5108 0 22
5109 0 22
5110 0 22
5111 0 22
5112 0 21
5113 0 21
5114 0 21
5115 0 21
5116 0 21
5117 0 21
5118 0 21
5119 0 20
5120 0 21
5121 0 22
5122 0 22
5123 0 22
5124 0 22
5125 0 22
5126 0 21
5127 0 21
5128 0 22
5129 0 22
5130 0 21
5131 0 21
5132 0 22
5133 0 22
5134 0 22
5135 0 22
5136 0 22
5137 0 21
5138 0 21
5139 0 22
5140 0 22
5141 0 22
5142 0 22
5143 0 22
5144 0 22
5145 0 22
5146 0 22
5147 0 22
5148 0 21
5149 0 21
5150 0 21
5151 0 21
5152 0 21
5153 0 21
5154 0 21
5155 0 21
5156 0 21
5157 0 21
5158 0 22
5159 0 22
5160 0 21
5161 0 21
5162 0 21
5163 0 22
5164 0 22
5165 0 21
5166 0 21
5167 0 21
5168 0 21
5169 0 21
5170 0 21
5171 0 21
5172 0 21
5173 0 21
5174 0 20
5175 0 21
5176 0 21
5177 0 21
5178 0 21
5179 0 21
5180 0 21
5181 0 20
5182 0 20
5183 0 22
5184 0 22
5185 0 21
5186 0 21
5187 0 21
5188 0 22
5189 0 22
5190 0 21
5191 0 21
5192 0 21
5193 0 21
5194 0 21
5195 0 21
5196 0 21
5197 0 21
5198 0 21
5199 0 20
5200 0 21
5201 0 22
5202 0 21
5203 0 22
5204 0 22
5205 0 22
5206 0 21
5207 0 21
5208 0 22
5209 0 22
5210 0 21
5211 0 21
5212 0 22
5213 0 21
5214 0 22
5215 0 22
5216 0 22
5217 0 21
5218 0 21
5219 0 22
5220 0 21
5221 0 22
5222 0 22
5223 0 22
5224 0 21
5225 0 21
5226 0 22
5227 0 22
5228 0 21
5229 0 21
5230 0 22
5231 0 21
5232 0 22
5233 0 22
5234 0 22
5235 0 21
5236 0 21
5237 0 21
5238 0 21
5239 0 21
5240 0 21
5241 0 21
5242 0 21
5243 0 21
5244 0 21
5245 0 21
5246 0 21
5247 0 21
5248 0 21
5249 0 21
5250 0 21
5251 0 21
5252 0 21
5253 0 21
5254 0 21
5255 0 21
5256 0 23
5257 0 23
5258 0 23
5259 0 22
5260 0 23
5261 0 23
5262 0 23
5263 0 22
5264 0 23
5265 0 22
5266 0 22
5267 0 22
5268 0 22
5269 0 23
5270 0 22
5271 0 23
5272 0 22
5273 0 22
5274 0 22
5275 0 22
5276 0 22
5277 0 23
5278 0 23
5279 0 23
5280 0 22
5281 0 23
5282 0 23
5283 0 23
5284 0 22
5285 0 23
5286 0 22
5287 0 22
5288 0 22
5289 0 22
5290 0 23
5291 0 22
5292 0 23
5293 0 22
5294 0 23
5295 0 22
5296 0 22
5297 0 22
5298 0 23
5299 0 22
5300 0 23
5301 0 22
5302 0 23
5303 0 22
5304 0 23
5305 0 22
5306 0 22
5307 0 22
5308 0 22
5309 0 22
5310 0 22
5311 0 21
5312 0 22
5313 0 22
5314 0 22
5315 0 22
5316 0 22
5317 0 21
5318 0 22
5319 0 22
5320 0 22
5321 0 21
5322 0 22
5323 0 21
5324 0 22
5325 0 22
5326 0 22
5327 0 23
5328 0 22
5329 0 23
5330 0 22
5331 0 23
5332 0 22
5333 0 22
5334 0 22
5335 0 23
5336 0 22
5337 0 23
5338 0 22
5339 0 23
5340 0 22
5341 0 23
5342 0 22
5343 0 22
5344 0 22
5345 0 22
5346 0 22
5347 0 22
5348 0 21
5349 0 22
5350 0 22
5351 0 22
5352 0 21
5353 0 22
5354 0 21
5355 0 22
5356 0 21
5357 0 22
5358 0 21
5359 0 21
5360 0 22
5361 0 22
5362 0 21
5363 0 23
5364 0 23
5365 0 23
5366 0 22
5367 0 23
5368 0 23
5369 0 23
5370 0 22
5371 0 23
5372 0 22
5373 0 22
5374 0 22
5375 0 22
5376 0 23
5377 0 22
5378 0 23
5379 0 22
5380 0 22
5381 0 22
5382 0 22
5383 0 22
5384 0 23
5385 0 23
5386 0 23
5387 0 22
5388 0 23
5389 0 23
5390 0 23
5391 0 22
5392 0 23
5393 0 22
5394 0 22
5395 0 22
5396 0 22
5397 0 23
5398 0 22
5399 0 23
5400 0 22
5401 0 23
5402 0 22
5403 0 22
5404 0 22
5405 0 23
5406 0 22
5407 0 23
5408 0 22
5409 0 23
5410 0 22
5411 0 23
5412 0 22
5413 0 22
5414 0 22
5415 0 22
5416 0 22
5417 0 22
5418 0 21
5419 0 22
5420 0 22
5421 0 22
5422 0 22
5423 0 22
5424 0 21
5425 0 22
5426 0 22
5427 0 22
5428 0 21
5429 0 22
5430 0 21
5431 0 22
5432 0 22
5433 0 22
5434 0 23
5435 0 22
5436 0 23
5437 0 22
5438 0 23
5439 0 22
5440 0 22
5441 0 22
5442 0 23
5443 0 22
5444 0 23
5445 0 22
5446 0 23
5447 0 22
5448 0 23
5449 0 22
5450 0 22
5451 0 22
5452 0 23
5453 0 23
5454 0 23
5455 0 22
5456 0 23
5457 0 23
5458 0 22
5459 0 22
5460 0 22
5461 0 22
5462 0 22
5463 0 22
5464 0 22
5465 0 22
5466 0 22
5467 0 22
5468 0 22
5469 0 22
5470 0 23
5471 0 23
5472 0 23
5473 0 22
5474 0 23
5475 0 23
5476 0 22
5477 0 22
5478 0 22
5479 0 22
5480 0 22
5481 0 22
5482 0 21
5483 0 23
5484 0 22
5485 0 23
5486 0 22
5487 0 23
5488 0 22
5489 0 22
5490 0 22
5491 0 23
5492 0 22
5493 0 23
5494 0 22
5495 0 23
5496 0 22
5497 0 23
5498 0 22
5499 0 22
5500 0 22
5501 0 23
5502 0 23
5503 0 23
5504 0 22
5505 0 23
5506 0 23
5507 0 22
5508 0 22
5509 0 22
5510 0 22
5511 0 22
5512 0 22
5513 0 22
5514 0 22
5515 0 22
5516 0 22
5517 0 22
5518 0 22
5519 0 22
5520 0 22
5521 0 22
5522 0 21
5523 0 22
5524 0 22
5525 0 22
5526 0 22
5527 0 22
5528 0 22
5529 0 22
5530 0 22
5531 0 21
5532 0 22
5533 0 22
5534 0 22
5535 0 22
5536 0 22
5537 0 21
5538 0 21
5539 0 21
5540 0 22
5541 0 22
5542 0 22
5543 0 21
5544 0 22
5545 0 22
5546 0 22
5547 0 22
5548 0 22
5549 0 22
5550 0 22
5551 0 22
5552 0 21
5553 0 22
5554 0 22
5555 0 22
5556 0 21
5557 0 22
5558 0 22
5559 0 22
5560 0 22
5561 0 22
5562 0 22
5563 0 22
5564 0 22
5565 0 21
5566 0 22
5567 0 22
5568 0 22
5569 0 22
5570 0 22
5571 0 21
5572 0 21
5573 0 21
5574 0 22
5575 0 22
5576 0 22
5577 0 21
5578 0 22
5579 0 22
5580 0 22
5581 0 22
5582 0 22
5583 0 22
5584 0 22
5585 0 22
5586 0 21
5587 0 22
5588 0 21
5589 0 22
5590 0 21
5591 0 22
5592 0 21
5593 0 21
5594 0 21
5595 0 22
5596 0 21
5597 0 22
5598 0 21
5599 0 22
5600 0 21
5601 0 22
5602 0 21
5603 0 21
5604 0 21
5605 0 22
5606 0 22
5607 0 22
5608 0 21
5609 0 22
5610 0 22
5611 0 22
5612 0 22
5613 0 22
5614 0 21
5615 0 22
5616 0 22
5617 0 22
5618 0 21
5619 0 22
5620 0 21
5621 0 22
5622 0 22
5623 0 21
5624 0 23
5625 0 22
5626 0 23
5627 0 22
5628 0 23
5629 0 22
5630 0 22
5631 0 22
5632 0 23
5633 0 22
5634 0 23
5635 0 22
5636 0 23
5637 0 22
5638 0 23
5639 0 22
5640 0 22
5641 0 22
5642 0 23
5643 0 23
5644 0 23
5645 0 22
5646 0 23
5647 0 23
5648 0 22
5649 0 22
5650 0 22
5651 0 22
5652 0 22
5653 0 22
5654 0 22
5655 0 22
5656 0 22
5657 0 22
5658 0 22
5659 0 22
5660 0 23
5661 0 23
5662 0 23
5663 0 22
5664 0 23
5665 0 23
5666 0 22
5667 0 22
5668 0 22
5669 0 22
5670 0 22
5671 0 22
5672 0 21
5673 0 23
5674 0 22
5675 0 23
5676 0 22
5677 0 23
5678 0 22
5679 0 22
5680 0 22
5681 0 23
5682 0 22
5683 0 23
5684 0 22
5685 0 23
5686 0 22
5687 0 23
5688 0 22
5689 0 22
5690 0 22
5691 0 23
5692 0 23
5693 0 23
5694 0 22
5695 0 23
5696 0 23
5697 0 22
5698 0 22
5699 0 22
5700 0 22
5701 0 22
5702 0 22
5703 0 22
5704 0 22
5705 0 22
5706 0 22
5707 0 22
5708 0 22
5709 0 22
5710 0 22
5711 0 22
5712 0 21
5713 0 22
5714 0 22
5715 0 22
5716 0 22
5717 0 22
5718 0 22
5719 0 22
5720 0 22
5721 0 21
5722 0 22
5723 0 22
5724 0 22
5725 0 22
5726 0 22
5727 0 21
5728 0 21
5729 0 21
5730 0 22
5731 0 22
5732 0 22
5733 0 21
5734 0 22
5735 0 22
5736 0 22
5737 0 22
5738 0 22
5739 0 22
5740 0 22
5741 0 22
5742 0 21
5743 0 22
5744 0 21
5745 0 22
5746 0 21
5747 0 22
5748 0 21
5749 0 21
5750 0 21
5751 0 22
5752 0 21
5753 0 22
5754 0 21
5755 0 22
5756 0 21
5757 0 22
5758 0 21
5759 0 21
5760 0 21
5761 0 22
5762 0 21
5763 0 22
5764 0 21
5765 0 22
5766 0 21
5767 0 21
5768 0 21
5769 0 22
5770 0 21
5771 0 22
5772 0 21
5773 0 22
5774 0 21
5775 0 22
5776 0 21
5777 0 21
5778 0 21
5779 0 21
5780 0 21
5781 0 21
5782 0 20
5783 0 21
5784 0 21
5785 0 22
5786 0 21
5787 0 22
5788 0 21
5789 0 22
5790 0 21
5791 0 22
5792 0 21
5793 0 21
5794 0 21
5795 0 21
5796 0 21
5797 0 23
5798 0 23
5799 0 23
5800 0 22
5801 0 23
5802 0 23
5803 0 23
5804 0 22
5805 0 23
5806 0 22
5807 0 22
5808 0 22
5809 0 22
5810 0 23
5811 0 22
5812 0 23
5813 0 22
5814 0 22
5815 0 22
5816 0 22
5817 0 22
5818 0 23
5819 0 23
5820 0 23
5821 0 22
5822 0 23
5823 0 23
5824 0 23
5825 0 22
5826 0 23
5827 0 22
5828 0 22
5829 0 22
5830 0 22
5831 0 23
5832 0 22
5833 0 23
5834 0 22
5835 0 23
5836 0 22
5837 0 22
5838 0 22
5839 0 23
5840 0 22
5841 0 23
5842 0 22
5843 0 23
5844 0 22
5845 0 23
5846 0 22
5847 0 22
5848 0 22
5849 0 22
5850 0 22
5851 0 22
5852 0 21
5853 0 22
5854 0 22
5855 0 22
5856 0 22
5857 0 22
5858 0 21
5859 0 22
5860 0 22
5861 0 22
5862 0 21
5863 0 22
5864 0 21
5865 0 22
5866 0 22
5867 0 22
5868 0 23
5869 0 22
5870 0 23
5871 0 22
5872 0 23
5873 0 22
5874 0 22
5875 0 22
5876 0 23
5877 0 22
5878 0 23
5879 0 22
5880 0 23
5881 0 22
5882 0 23
5883 0 22
5884 0 22
5885 0 22
5886 0 22
5887 0 22
5888 0 22
5889 0 21
5890 0 22
5891 0 22
5892 0 22
5893 0 21
5894 0 22
5895 0 21
5896 0 22
5897 0 21
5898 0 22
5899 0 21
5900 0 21
5901 0 22
5902 0 22
5903 0 21
5904 0 23
5905 0 23
5906 0 23
5907 0 22
5908 0 23
5909 0 23
5910 0 23
5911 0 22
5912 0 23
5913 0 22
5914 0 22
5915 0 22
5916 0 22
5917 0 23
5918 0 22
5919 0 23
5920 0 22
5921 0 22
5922 0 22
5923 0 22
5924 0 22
5925 0 23
5926 0 23
5927 0 23
5928 0 22
5929 0 23
5930 0 23
5931 0 23
5932 0 22
5933 0 23
5934 0 22
5935 0 22
5936 0 22
5937 0 22
5938 0 23
5939 0 22
5940 0 23
5941 0 22
5942 0 23
5943 0 22
5944 0 22
5945 0 22
5946 0 23
5947 0 22
5948 0 23
5949 0 22
5950 0 23
5951 0 22
5952 0 23
5953 0 22
5954 0 22
5955 0 22
5956 0 22
5957 0 22
5958 0 22
5959 0 21
5960 0 22
5961 0 22
5962 0 22
5963 0 22
5964 0 22
5965 0 21
5966 0 22
5967 0 22
5968 0 22
5969 0 21
5970 0 22
5971 0 21
5972 0 22
5973 0 22
5974 0 22
5975 0 23
5976 0 22
5977 0 23
5978 0 22
5979 0 23
5980 0 22
5981 0 22
5982 0 22
5983 0 23
5984 0 22
5985 0 23
5986 0 22
5987 0 23
5988 0 22
5989 0 23
5990 0 22
5991 0 22
5992 0 22
5993 0 23
5994 0 23
5995 0 23
5996 0 22
5997 0 23
5998 0 23
5999 0 22
6000 0 22
6001 0 22
6002 0 22
6003 0 22
6004 0 22
6005 0 22
6006 0 22
6007 0 22
6008 0 22
6009 0 22
6010 0 22
6011 0 23
6012 0 23
6013 0 23
6014 0 22
6015 0 23
6016 0 23
6017 0 22
6018 0 22
6019 0 22
6020 0 22
6021 0 22
6022 0 22
6023 0 21
6024 0 23
6025 0 22
6026 0 23
6027 0 22
6028 0 23
6029 0 22
6030 0 22
6031 0 22
6032 0 23
6033 0 22
6034 0 23
6035 0 22
6036 0 23
6037 0 22
6038 0 23
6039 0 22
6040 0 22
6041 0 22
6042 0 23
6043 0 23
6044 0 23
6045 0 22
6046 0 23
6047 0 23
6048 0 22
6049 0 22
6050 0 22
6051 0 22
6052 0 22
6053 0 22
6054 0 22
6055 0 22
6056 0 22
6057 0 22
6058 0 22
6059 0 22
6060 0 22
6061 0 22
6062 0 22
6063 0 21
6064 0 22
6065 0 22
6066 0 22
6067 0 22
6068 0 22
6069 0 22
6070 0 22
6071 0 22
6072 0 21
6073 0 22
6074 0 22
6075 0 22
6076 0 22
6077 0 22
6078 0 21
6079 0 21
6080 0 21
6081 0 22
6082 0 22
6083 0 22
6084 0 21
6085 0 22
6086 0 22
6087 0 22
6088 0 22
6089 0 22
6090 0 22
6091 0 22
6092 0 22
6093 0 21
6094 0 22
6095 0 22
6096 0 22
6097 0 21
6098 0 22
6099 0 22
6100 0 22
6101 0 22
6102 0 22
6103 0 22
6104 0 22
6105 0 22
6106 0 21
6107 0 22
6108 0 22
6109 0 22
6110 0 22
6111 0 22
6112 0 21
6113 0 21
6114 0 21
6115 0 22
6116 0 22
6117 0 22
6118 0 21
6119 0 22
6120 0 22
6121 0 22
6122 0 22
6123 0 22
6124 0 22
6125 0 22
6126 0 22
6127 0 21
6128 0 22
6129 0 21
6130 0 22
6131 0 21
6132 0 22
6133 0 21
6134 0 21
6135 0 21
6136 0 22
6137 0 21
6138 0 22
6139 0 21
6140 0 22
6141 0 21
6142 0 22
6143 0 21
6144 0 21
6145 0 21
6146 0 22
6147 0 22
6148 0 22
6149 0 21
6150 0 22
6151 0 22
6152 0 22
6153 0 22
6154 0 22
6155 0 21
6156 0 22
6157 0 22
6158 0 22
6159 0 21
6160 0 22
6161 0 21
6162 0 22
6163 0 22
6164 0 21
6165 0 23
6166 0 22
6167 0 23
6168 0 22
6169 0 22
6170 0 22
6171 0 22
6172 0 22
6173 0 22
6174 0 22
6175 0 23
6176 0 22
6177 0 23
6178 0 22
6179 0 22
6180 0 22
6181 0 22
6182 0 22
6183 0 22
6184 0 23
6185 0 23
6186 0 21
6187 0 22
6188 0 23
6189 0 22
6190 0 21
6191 0 22
6192 0 21
6193 0 22
6194 0 21
6195 0 22
6196 0 21
6197 0 21
6198 0 22
6199 0 22
6200 0 21
6201 0 22
6202 0 23
6203 0 23
6204 0 21
6205 0 22
6206 0 23
6207 0 22
6208 0 21
6209 0 22
6210 0 21
6211 0 21
6212 0 21
6213 0 21
6214 0 23
6215 0 22
6216 0 23
6217 0 22
6218 0 22
6219 0 22
6220 0 22
6221 0 22
6222 0 22
6223 0 22
6224 0 23
6225 0 22
6226 0 23
6227 0 22
6228 0 22
6229 0 22
6230 0 22
6231 0 22
6232 0 22
6233 0 23
6234 0 23
6235 0 21
6236 0 22
6237 0 23
6238 0 22
6239 0 21
6240 0 22
6241 0 21
6242 0 22
6243 0 21
6244 0 22
6245 0 21
6246 0 21
6247 0 22
6248 0 22
6249 0 21
6250 0 22
6251 0 23
6252 0 23
6253 0 21
6254 0 22
6255 0 23
6256 0 23
6257 0 22
6258 0 23
6259 0 22
6260 0 22
6261 0 22
6262 0 22
6263 0 23
6264 0 22
6265 0 23
6266 0 22
6267 0 22
6268 0 22
6269 0 22
6270 0 21
6271 0 22
6272 0 23
6273 0 23
6274 0 21
6275 0 22
6276 0 23
6277 0 23
6278 0 22
6279 0 23
6280 0 22
6281 0 22
6282 0 22
6283 0 22
6284 0 22
6285 0 21
6286 0 22
6287 0 21
6288 0 22
6289 0 22
6290 0 22
6291 0 21
6292 0 22
6293 0 22
6294 0 22
6295 0 21
6296 0 22
6297 0 21
6298 0 22
6299 0 22
6300 0 22
6301 0 21
6302 0 22
6303 0 21
6304 0 22
6305 0 21
6306 0 22
6307 0 22
6308 0 22
6309 0 21
6310 0 22
6311 0 22
6312 0 22
6313 0 21
6314 0 22
6315 0 21
6316 0 22
6317 0 22
6318 0 22
6319 0 21
6320 0 21
6321 0 22
6322 0 22
6323 0 20
6324 0 21
6325 0 22
6326 0 22
6327 0 21
6328 0 22
6329 0 21
6330 0 22
6331 0 21
6332 0 22
6333 0 21
6334 0 21
6335 0 22
6336 0 22
6337 0 21
6338 0 22
6339 0 23
6340 0 23
6341 0 21
6342 0 22
6343 0 23
6344 0 23
6345 0 22
6346 0 23
6347 0 22
6348 0 22
6349 0 22
6350 0 22
6351 0 23
6352 0 22
6353 0 23
6354 0 22
6355 0 22
6356 0 22
6357 0 22
6358 0 21
6359 0 22
6360 0 23
6361 0 23
6362 0 21
6363 0 22
6364 0 23
6365 0 23
6366 0 22
6367 0 23
6368 0 22
6369 0 22
6370 0 22
6371 0 22
6372 0 22
6373 0 21
6374 0 22
6375 0 21
6376 0 22
6377 0 22
6378 0 22
6379 0 21
6380 0 22
6381 0 22
6382 0 22
6383 0 21
6384 0 22
6385 0 21
6386 0 22
6387 0 22
6388 0 22
6389 0 21
6390 0 21
6391 0 22
6392 0 22
6393 0 20
6394 0 21
6395 0 22
6396 0 21
6397 0 22
6398 0 22
6399 0 20
6400 0 21
6401 0 22
6402 0 21
6403 0 20
6404 0 21
6405 0 20
6406 0 21
6407 0 21
6408 0 21
6409 0 23
6410 0 22
6411 0 23
6412 0 22
6413 0 22
6414 0 22
6415 0 22
6416 0 22
6417 0 22
6418 0 22
6419 0 23
6420 0 22
6421 0 23
6422 0 22
6423 0 22
6424 0 22
6425 0 22
6426 0 22
6427 0 22
6428 0 23
6429 0 23
6430 0 21
6431 0 22
6432 0 23
6433 0 22
6434 0 21
6435 0 22
6436 0 21
6437 0 22
6438 0 21
6439 0 22
6440 0 21
6441 0 21
6442 0 22
6443 0 22
6444 0 21
6445 0 22
6446 0 23
6447 0 23
6448 0 21
6449 0 22
6450 0 23
6451 0 22
6452 0 21
6453 0 22
6454 0 21
6455 0 21
6456 0 21
6457 0 21
6458 0 23
6459 0 22
6460 0 23
6461 0 22
6462 0 22
6463 0 22
6464 0 22
6465 0 22
6466 0 22
6467 0 22
6468 0 23
6469 0 22
6470 0 23
6471 0 22
6472 0 22
6473 0 22
6474 0 22
6475 0 22
6476 0 22
6477 0 23
6478 0 23
6479 0 21
6480 0 22
6481 0 23
6482 0 22
6483 0 21
6484 0 22
6485 0 21
6486 0 22
6487 0 21
6488 0 22
6489 0 21
6490 0 21
6491 0 22
6492 0 22
6493 0 21
6494 0 22
6495 0 23
6496 0 23
6497 0 21
6498 0 22
6499 0 23
6500 0 23
6501 0 22
6502 0 23
6503 0 22
6504 0 22
6505 0 22
6506 0 22
6507 0 23
6508 0 22
6509 0 23
6510 0 22
6511 0 22
6512 0 22
6513 0 22
6514 0 21
6515 0 22
6516 0 23
6517 0 23
6518 0 21
6519 0 22
6520 0 23
6521 0 23
6522 0 22
6523 0 23
6524 0 22
6525 0 22
6526 0 22
6527 0 22
6528 0 22
6529 0 21
6530 0 22
6531 0 21
6532 0 22
6533 0 22
6534 0 22
6535 0 21
6536 0 22
6537 0 22
6538 0 22
6539 0 21
6540 0 22
6541 0 21
6542 0 22
6543 0 22
6544 0 22
6545 0 21
6546 0 22
6547 0 21
6548 0 22
6549 0 21
6550 0 22
6551 0 22
6552 0 22
6553 0 21
6554 0 22
6555 0 22
6556 0 22
6557 0 21
6558 0 22
6559 0 21
6560 0 22
6561 0 22
6562 0 22
6563 0 21
6564 0 21
6565 0 22
6566 0 22
6567 0 20
6568 0 21
6569 0 22
6570 0 22
6571 0 21
6572 0 22
6573 0 21
6574 0 22
6575 0 21
6576 0 22
6577 0 21
6578 0 21
6579 0 22
6580 0 22
6581 0 21
6582 0 22
6583 0 22
6584 0 22
6585 0 22
6586 0 22
6587 0 22
6588 0 22
6589 0 22
6590 0 22
6591 0 22
6592 0 21
6593 0 21
6594 0 21
6595 0 22
6596 0 22
6597 0 22
6598 0 22
6599 0 21
6600 0 21
6601 0 21
6602 0 21
6603 0 22
6604 0 22
6605 0 22
6606 0 22
6607 0 22
6608 0 22
6609 0 22
6610 0 22
6611 0 22
6612 0 22
6613 0 21
6614 0 21
6615 0 21
6616 0 22
6617 0 22
6618 0 22
6619 0 22
6620 0 22
6621 0 22
6622 0 22
6623 0 22
6624 0 22
6625 0 22
6626 0 22
6627 0 22
6628 0 22
6629 0 22
6630 0 22
6631 0 22
6632 0 22
6633 0 22
6634 0 21
6635 0 22
6636 0 22
6637 0 21
6638 0 21
6639 0 22
6640 0 21
6641 0 22
6642 0 22
6643 0 21
6644 0 21
6645 0 22
6646 0 21
6647 0 21
6648 0 21
6649 0 21
6650 0 21
6651 0 21
6652 0 21
6653 0 22
6654 0 22
6655 0 22
6656 0 22
6657 0 22
6658 0 22
6659 0 22
6660 0 22
6661 0 22
6662 0 22
6663 0 22
6664 0 22
6665 0 22
6666 0 22
6667 0 22
6668 0 22
6669 0 22
6670 0 22
6671 0 21
6672 0 22
6673 0 22
6674 0 21
6675 0 21
6676 0 22
6677 0 21
6678 0 21
6679 0 21
6680 0 21
6681 0 21
6682 0 21
6683 0 21
6684 0 21
6685 0 20
6686 0 21
6687 0 21
6688 0 21
6689 0 22
6690 0 22
6691 0 22
6692 0 22
6693 0 22
6694 0 22
6695 0 22
6696 0 22
6697 0 22
6698 0 22
6699 0 21
6700 0 21
6701 0 21
6702 0 22
6703 0 22
6704 0 22
6705 0 22
6706 0 21
6707 0 21
6708 0 21
6709 0 21
6710 0 22
6711 0 22
6712 0 22
6713 0 22
6714 0 22
6715 0 22
6716 0 22
6717 0 22
6718 0 22
6719 0 22
6720 0 21
6721 0 21
6722 0 21
6723 0 22
6724 0 22
6725 0 22
6726 0 22
6727 0 22
6728 0 22
6729 0 22
6730 0 22
6731 0 22
6732 0 22
6733 0 22
6734 0 22
6735 0 22
6736 0 22
6737 0 22
6738 0 22
6739 0 22
6740 0 22
6741 0 21
6742 0 22
6743 0 22
6744 0 21
6745 0 21
6746 0 22
6747 0 21
6748 0 22
6749 0 22
6750 0 21
6751 0 21
6752 0 22
6753 0 21
6754 0 21
6755 0 21
6756 0 21
6757 0 21
6758 0 21
6759 0 21
6760 0 22
6761 0 22
6762 0 22
6763 0 22
6764 0 22
6765 0 22
6766 0 22
6767 0 22
6768 0 22
6769 0 22
6770 0 21
6771 0 21
6772 0 21
6773 0 22
6774 0 22
6775 0 22
6776 0 22
6777 0 21
6778 0 21
6779 0 21
6780 0 21
6781 0 22
6782 0 22
6783 0 22
6784 0 22
6785 0 22
6786 0 22
6787 0 22
6788 0 22
6789 0 22
6790 0 22
6791 0 21
6792 0 21
6793 0 21
6794 0 22
6795 0 22
6796 0 22
6797 0 22
6798 0 22
6799 0 22
6800 0 22
6801 0 22
6802 0 22
6803 0 22
6804 0 22
6805 0 22
6806 0 22
6807 0 22
6808 0 22
6809 0 22
6810 0 22
6811 0 22
6812 0 21
6813 0 22
6814 0 22
6815 0 21
6816 0 21
6817 0 22
6818 0 21
6819 0 22
6820 0 22
6821 0 21
6822 0 21
6823 0 22
6824 0 21
6825 0 21
6826 0 21
6827 0 21
6828 0 21
6829 0 21
6830 0 21
6831 0 22
6832 0 22
6833 0 22
6834 0 22
6835 0 22
6836 0 22
6837 0 22
6838 0 22
6839 0 22
6840 0 22
6841 0 22
6842 0 22
6843 0 22
6844 0 22
6845 0 22
6846 0 22
6847 0 22
6848 0 22
6849 0 21
6850 0 22
6851 0 22
6852 0 21
6853 0 21
6854 0 22
6855 0 21
6856 0 21
6857 0 21
6858 0 21
6859 0 21
6860 0 21
6861 0 21
6862 0 21
6863 0 20
6864 0 21
6865 0 21
6866 0 21
6867 0 22
6868 0 22
6869 0 22
6870 0 22
6871 0 22
6872 0 22
6873 0 22
6874 0 22
6875 0 22
6876 0 22
6877 0 21
6878 0 21
6879 0 21
6880 0 22
6881 0 22
6882 0 22
6883 0 22
6884 0 21
6885 0 21
6886 0 21
6887 0 21
6888 0 22
6889 0 22
6890 0 22
6891 0 22
6892 0 22
6893 0 22
6894 0 22
6895 0 22
6896 0 22
6897 0 22
6898 0 21
6899 0 21
6900 0 21
6901 0 22
6902 0 22
6903 0 22
6904 0 22
6905 0 22
6906 0 22
6907 0 22
6908 0 22
6909 0 22
6910 0 22
6911 0 22
6912 0 22
6913 0 22
6914 0 22
6915 0 22
6916 0 22
6917 0 22
6918 0 22
6919 0 21
6920 0 22
6921 0 22
6922 0 21
6923 0 21
6924 0 22
6925 0 21
6926 0 22
6927 0 22
6928 0 21
6929 0 21
6930 0 22
6931 0 21
6932 0 21
6933 0 21
6934 0 21
6935 0 21
6936 0 21
6937 0 21
6938 0 22
6939 0 22
6940 0 22
6941 0 22
6942 0 21
6943 0 21
6944 0 21
6945 0 21
6946 0 21
6947 0 21
6948 0 22
6949 0 22
6950 0 22
6951 0 22
6952 0 21
6953 0 21
6954 0 21
6955 0 21
6956 0 21
6957 0 22
6958 0 22
6959 0 21
6960 0 21
6961 0 22
6962 0 21
6963 0 21
6964 0 21
6965 0 21
6966 0 21
6967 0 21
6968 0 21
6969 0 21
6970 0 20
6971 0 21
6972 0 21
6973 0 21
6974 0 21
6975 0 22
6976 0 22
6977 0 21
6978 0 21
6979 0 22
6980 0 21
6981 0 21
6982 0 21
6983 0 21
6984 0 20
6985 0 20
6986 0 20
6987 0 22
6988 0 22
6989 0 22
6990 0 22
6991 0 21
6992 0 21
6993 0 21
6994 0 21
6995 0 21
6996 0 21
6997 0 22
6998 0 22
6999 0 22
7000 0 22
7001 0 21
7002 0 21
7003 0 21
7004 0 21
7005 0 21
7006 0 22
7007 0 22
7008 0 21
7009 0 21
7010 0 22
7011 0 21
7012 0 21
7013 0 21
7014 0 21
7015 0 21
7016 0 21
7017 0 21
7018 0 21
7019 0 20
7020 0 21
7021 0 21
7022 0 21
7023 0 22
7024 0 22
7025 0 22
7026 0 21
7027 0 22
7028 0 22
7029 0 22
7030 0 22
7031 0 22
7032 0 22
7033 0 21
7034 0 21
7035 0 21
7036 0 22
7037 0 22
7038 0 22
7039 0 22
7040 0 21
7041 0 21
7042 0 21
7043 0 21
7044 0 22
7045 0 22
7046 0 22
7047 0 21
7048 0 22
7049 0 22
7050 0 22
7051 0 22
7052 0 22
7053 0 22
7054 0 21
7055 0 21
7056 0 21
7057 0 22
7058 0 22
7059 0 22
7060 0 21
7061 0 22
7062 0 22
7063 0 22
7064 0 22
7065 0 22
7066 0 22
7067 0 21
7068 0 21
7069 0 21
7070 0 22
7071 0 22
7072 0 22
7073 0 22
7074 0 21
7075 0 21
7076 0 21
7077 0 21
7078 0 22
7079 0 22
7080 0 22
7081 0 21
7082 0 22
7083 0 22
7084 0 22
7085 0 22
7086 0 22
7087 0 22
7088 0 21
7089 0 21
7090 0 21
7091 0 22
7092 0 21
7093 0 22
7094 0 21
7095 0 21
7096 0 21
7097 0 21
7098 0 21
7099 0 21
7100 0 21
7101 0 22
7102 0 21
7103 0 22
7104 0 21
7105 0 21
7106 0 21
7107 0 21
7108 0 21
7109 0 21
7110 0 22
7111 0 22
7112 0 21
7113 0 21
7114 0 22
7115 0 21
7116 0 22
7117 0 22
7118 0 21
7119 0 21
7120 0 22
7121 0 21
7122 0 21
7123 0 21
7124 0 21
7125 0 21
7126 0 21
7127 0 21
