0 0 28
1 0 28
2 0 28
3 0 28
4 0 28
5 0 27
6 0 28
7 0 28
8 0 27
9 0 27
10 0 28
11 0 28
12 0 28
13 0 28
14 0 28
15 0 27
16 0 28
17 0 28
18 0 27
19 0 27
20 0 27
21 0 28
22 0 28
23 0 27
24 0 27
25 0 27
26 0 27
27 0 27
28 0 27
29 0 27
30 0 27
31 0 27
32 0 27
33 0 27
34 0 28
35 0 28
36 0 27
37 0 27
38 0 27
39 0 28
40 0 28
41 0 27
42 0 27
43 0 27
44 0 27
45 0 27
46 0 27
47 0 27
48 0 27
49 0 27
50 0 27
51 0 27
52 0 28
53 0 28
54 0 28
55 0 28
56 0 28
57 0 27
58 0 28
59 0 28
60 0 27
61 0 27
62 0 28
63 0 28
64 0 28
65 0 28
66 0 28
67 0 27
68 0 28
69 0 28
70 0 27
71 0 27
72 0 27
73 0 28
74 0 28
75 0 27
76 0 27
77 0 27
78 0 27
79 0 27
80 0 27
81 0 27
82 0 27
83 0 27
84 0 27
85 0 27
86 0 28
87 0 28
88 0 27
89 0 27
90 0 27
91 0 28
92 0 28
93 0 27
94 0 27
95 0 28
96 0 28
97 0 28
98 0 27
99 0 27
100 0 27
101 0 27
102 0 27
103 0 27
104 0 28
105 0 28
106 0 28
107 0 27
108 0 27
109 0 26
110 0 28
111 0 28
112 0 27
113 0 27
114 0 27
115 0 28
116 0 28
117 0 27
118 0 27
119 0 28
120 0 28
121 0 28
122 0 27
123 0 27
124 0 27
125 0 27
126 0 27
127 0 27
128 0 27
129 0 27
130 0 27
131 0 27
132 0 27
133 0 26
134 0 27
135 0 27
136 0 26
137 0 26
138 0 27
139 0 27
140 0 27
141 0 27
142 0 27
143 0 26
144 0 27
145 0 27
146 0 27
147 0 27
148 0 27
149 0 26
150 0 27
151 0 27
152 0 26
153 0 26
154 0 27
155 0 27
156 0 27
157 0 27
158 0 27
159 0 26
160 0 27
161 0 27
162 0 26
163 0 26
164 0 26
165 0 27
166 0 27
167 0 26
168 0 26
169 0 27
170 0 27
171 0 27
172 0 27
173 0 27
174 0 27
175 0 27
176 0 27
177 0 26
178 0 28
179 0 28
180 0 27
181 0 27
182 0 27
183 0 28
184 0 28
185 0 27
186 0 27
187 0 28
188 0 28
189 0 28
190 0 27
191 0 27
192 0 27
193 0 27
194 0 27
195 0 27
196 0 28
197 0 28
198 0 28
199 0 27
200 0 27
201 0 26
202 0 28
203 0 28
204 0 27
205 0 27
206 0 27
207 0 28
208 0 28
209 0 27
210 0 27
211 0 28
212 0 28
213 0 28
214 0 27
215 0 27
216 0 27
217 0 27
218 0 27
219 0 27
220 0 27
221 0 27
222 0 27
223 0 27
224 0 27
225 0 26
226 0 27
227 0 27
228 0 26
229 0 26
230 0 27
231 0 27
232 0 27
233 0 27
234 0 27
235 0 26
236 0 27
237 0 27
238 0 26
239 0 26
240 0 26
241 0 27
242 0 27
243 0 26
244 0 26
245 0 27
246 0 27
247 0 26
248 0 26
249 0 26
250 0 27
251 0 27
252 0 26
253 0 26
254 0 26
255 0 26
256 0 26
257 0 27
258 0 27
259 0 27
260 0 27
261 0 26
262 0 26
263 0 28
264 0 28
265 0 28
266 0 28
267 0 28
268 0 27
269 0 28
270 0 28
271 0 27
272 0 27
273 0 28
274 0 28
275 0 28
276 0 28
277 0 28
278 0 27
279 0 28
280 0 28
281 0 27
282 0 27
283 0 27
284 0 28
285 0 28
286 0 27
287 0 27
288 0 27
289 0 27
290 0 27
291 0 27
292 0 27
293 0 27
294 0 27
295 0 27
296 0 27
297 0 28
298 0 28
299 0 27
300 0 27
301 0 27
302 0 28
303 0 28
304 0 27
305 0 27
306 0 27
307 0 27
308 0 27
309 0 27
310 0 27
311 0 27
312 0 27
313 0 27
314 0 27
315 0 28
316 0 28
317 0 28
318 0 28
319 0 28
320 0 27
321 0 28
322 0 28
323 0 27
324 0 27
325 0 28
326 0 28
327 0 28
328 0 28
329 0 28
330 0 27
331 0 28
332 0 28
333 0 27
334 0 27
335 0 27
336 0 28
337 0 28
338 0 27
339 0 27
340 0 27
341 0 27
342 0 27
343 0 27
344 0 27
345 0 27
346 0 27
347 0 27
348 0 27
349 0 28
350 0 28
351 0 27
352 0 27
353 0 27
354 0 28
355 0 28
356 0 27
357 0 27
358 0 28
359 0 28
360 0 28
361 0 27
362 0 27
363 0 27
364 0 27
365 0 27
366 0 27
367 0 28
368 0 28
369 0 28
370 0 27
371 0 27
372 0 26
373 0 28
374 0 28
375 0 27
376 0 27
377 0 27
378 0 28
379 0 28
380 0 27
381 0 27
382 0 28
383 0 28
384 0 28
385 0 27
386 0 27
387 0 27
388 0 27
389 0 27
390 0 27
391 0 27
392 0 27
393 0 27
394 0 27
395 0 27
396 0 26
397 0 27
398 0 27
399 0 26
400 0 26
401 0 27
402 0 27
403 0 27
404 0 27
405 0 27
406 0 26
407 0 27
408 0 27
409 0 27
410 0 27
411 0 27
412 0 26
413 0 27
414 0 27
415 0 26
416 0 26
417 0 27
418 0 27
419 0 27
420 0 27
421 0 27
422 0 26
423 0 27
424 0 27
425 0 26
426 0 26
427 0 26
428 0 27
429 0 27
430 0 26
431 0 26
432 0 27
433 0 27
434 0 27
435 0 27
436 0 27
437 0 27
438 0 27
439 0 27
440 0 26
441 0 28
442 0 28
443 0 27
444 0 27
445 0 27
446 0 28
447 0 28
448 0 27
449 0 27
450 0 28
451 0 28
452 0 28
453 0 27
454 0 27
455 0 27
456 0 27
457 0 27
458 0 27
459 0 28
460 0 28
461 0 28
462 0 27
463 0 27
464 0 26
465 0 28
466 0 28
467 0 27
468 0 27
469 0 27
470 0 28
471 0 28
472 0 27
473 0 27
474 0 28
475 0 28
476 0 28
477 0 27
478 0 27
479 0 27
480 0 27
481 0 27
482 0 27
483 0 28
484 0 28
485 0 28
486 0 28
487 0 28
488 0 27
489 0 28
490 0 28
491 0 27
492 0 27
493 0 28
494 0 28
495 0 28
496 0 28
497 0 28
498 0 27
499 0 27
500 0 27
501 0 27
502 0 27
503 0 26
504 0 27
505 0 27
506 0 27
507 0 27
508 0 27
509 0 27
510 0 27
511 0 27
512 0 26
513 0 27
514 0 27
515 0 27
516 0 27
517 0 27
518 0 27
519 0 27
520 0 27
521 0 27
522 0 27
523 0 27
524 0 27
525 0 27
526 0 28
527 0 28
528 0 28
529 0 28
530 0 28
531 0 27
532 0 28
533 0 28
534 0 27
535 0 27
536 0 28
537 0 28
538 0 28
539 0 28
540 0 28
541 0 27
542 0 27
543 0 27
544 0 26
545 0 26
546 0 26
547 0 27
548 0 27
549 0 26
550 0 26
551 0 27
552 0 27
553 0 27
554 0 27
555 0 27
556 0 27
557 0 26
558 0 26
559 0 25
560 0 28
561 0 28
562 0 27
563 0 27
564 0 27
565 0 28
566 0 28
567 0 27
568 0 27
569 0 28
570 0 28
571 0 28
572 0 27
573 0 27
574 0 27
575 0 27
576 0 27
577 0 27
578 0 28
579 0 28
580 0 28
581 0 27
582 0 27
583 0 26
584 0 28
585 0 28
586 0 27
587 0 27
588 0 27
589 0 28
590 0 28
591 0 27
592 0 27
593 0 28
594 0 28
595 0 28
596 0 27
597 0 27
598 0 27
599 0 27
600 0 27
601 0 27
602 0 28
603 0 28
604 0 28
605 0 28
606 0 28
607 0 27
608 0 28
609 0 28
610 0 27
611 0 27
612 0 28
613 0 28
614 0 28
615 0 28
616 0 28
617 0 27
618 0 27
619 0 27
620 0 27
621 0 27
622 0 26
623 0 27
624 0 27
625 0 27
626 0 27
627 0 27
628 0 27
629 0 27
630 0 27
631 0 26
632 0 27
633 0 27
634 0 27
635 0 27
636 0 27
637 0 27
638 0 27
639 0 27
640 0 27
641 0 27
642 0 27
643 0 27
644 0 27
645 0 27
646 0 27
647 0 27
648 0 27
649 0 27
650 0 26
651 0 27
652 0 27
653 0 26
654 0 26
655 0 27
656 0 27
657 0 27
658 0 27
659 0 27
660 0 26
661 0 27
662 0 27
663 0 27
664 0 27
665 0 26
666 0 27
667 0 27
668 0 27
669 0 27
670 0 27
671 0 27
672 0 27
673 0 27
674 0 27
675 0 27
676 0 26
677 0 26
678 0 25
679 0 27
680 0 27
681 0 27
682 0 27
683 0 27
684 0 27
685 0 27
686 0 27
687 0 27
688 0 26
689 0 26
690 0 27
691 0 26
692 0 26
693 0 26
694 0 26
695 0 25
696 0 25
697 0 27
698 0 27
699 0 27
700 0 27
701 0 27
702 0 26
703 0 27
704 0 27
705 0 26
706 0 26
707 0 27
708 0 27
709 0 27
710 0 27
711 0 27
712 0 26
713 0 27
714 0 27
715 0 27
716 0 27
717 0 26
718 0 27
719 0 27
720 0 27
721 0 27
722 0 27
723 0 27
724 0 27
725 0 27
726 0 27
727 0 27
728 0 26
729 0 26
730 0 25
731 0 27
732 0 27
733 0 27
734 0 27
735 0 27
736 0 26
737 0 27
738 0 27
739 0 26
740 0 26
741 0 27
742 0 27
743 0 27
744 0 27
745 0 27
746 0 26
747 0 27
748 0 27
749 0 27
750 0 27
751 0 26
752 0 27
753 0 27
754 0 27
755 0 27
756 0 27
757 0 27
758 0 27
759 0 27
760 0 27
761 0 27
762 0 26
763 0 26
764 0 25
765 0 27
766 0 27
767 0 27
768 0 27
769 0 27
770 0 27
771 0 27
772 0 27
773 0 27
774 0 26
775 0 26
776 0 27
777 0 26
778 0 26
779 0 26
780 0 26
781 0 25
782 0 25
783 0 27
784 0 27
785 0 27
786 0 27
787 0 27
788 0 26
789 0 27
790 0 27
791 0 26
792 0 26
793 0 27
794 0 27
795 0 27
796 0 27
797 0 27
798 0 26
799 0 27
800 0 27
801 0 27
802 0 27
803 0 26
804 0 27
805 0 27
806 0 27
807 0 27
808 0 27
809 0 27
810 0 27
811 0 27
812 0 27
813 0 27
814 0 26
815 0 26
816 0 25
817 0 27
818 0 27
819 0 26
820 0 26
821 0 26
822 0 27
823 0 27
824 0 26
825 0 26
826 0 27
827 0 27
828 0 27
829 0 26
830 0 26
831 0 26
832 0 26
833 0 26
834 0 26
835 0 27
836 0 27
837 0 27
838 0 26
839 0 26
840 0 25
841 0 27
842 0 27
843 0 26
844 0 26
845 0 26
846 0 27
847 0 27
848 0 26
849 0 26
850 0 27
851 0 27
852 0 27
853 0 26
854 0 26
855 0 26
856 0 26
857 0 26
858 0 26
859 0 27
860 0 27
861 0 27
862 0 27
863 0 27
864 0 26
865 0 27
866 0 27
867 0 26
868 0 26
869 0 27
870 0 27
871 0 27
872 0 27
873 0 27
874 0 26
875 0 27
876 0 27
877 0 27
878 0 27
879 0 27
880 0 26
881 0 27
882 0 27
883 0 26
884 0 26
885 0 27
886 0 27
887 0 27
888 0 27
889 0 27
890 0 26
891 0 27
892 0 27
893 0 25
894 0 25
895 0 26
896 0 27
897 0 27
898 0 25
899 0 25
900 0 27
901 0 27
902 0 27
903 0 27
904 0 27
905 0 27
906 0 26
907 0 26
908 0 26
909 0 28
910 0 28
911 0 27
912 0 27
913 0 27
914 0 28
915 0 28
916 0 27
917 0 27
918 0 28
919 0 28
920 0 28
921 0 27
922 0 27
923 0 27
924 0 27
925 0 27
926 0 27
927 0 28
928 0 28
929 0 28
930 0 27
931 0 27
932 0 26
933 0 28
934 0 28
935 0 27
936 0 27
937 0 27
938 0 28
939 0 28
940 0 27
941 0 27
942 0 28
943 0 28
944 0 28
945 0 27
946 0 27
947 0 27
948 0 27
949 0 27
950 0 27
951 0 28
952 0 28
953 0 28
954 0 28
955 0 28
956 0 27
957 0 28
958 0 28
959 0 27
960 0 27
961 0 28
962 0 28
963 0 28
964 0 28
965 0 28
966 0 27
967 0 27
968 0 27
969 0 27
970 0 27
971 0 26
972 0 27
973 0 27
974 0 27
975 0 27
976 0 27
977 0 27
978 0 27
979 0 27
980 0 26
981 0 27
982 0 27
983 0 27
984 0 27
985 0 27
986 0 27
987 0 27
988 0 27
989 0 27
990 0 27
991 0 27
992 0 27
993 0 27
994 0 28
995 0 28
996 0 28
997 0 28
998 0 28
999 0 27
1000 0 28
1001 0 28
1002 0 27
1003 0 27
1004 0 28
1005 0 28
1006 0 28
1007 0 28
1008 0 28
1009 0 27
1010 0 27
1011 0 27
1012 0 27
1013 0 27
1014 0 26
1015 0 27
1016 0 27
1017 0 27
1018 0 27
1019 0 27
1020 0 27
1021 0 27
1022 0 27
1023 0 27
1024 0 27
1025 0 26
1026 0 26
1027 0 25
1028 0 28
1029 0 28
1030 0 27
1031 0 27
1032 0 27
1033 0 28
1034 0 28
1035 0 27
1036 0 27
1037 0 28
1038 0 28
1039 0 28
1040 0 27
1041 0 27
1042 0 27
1043 0 27
1044 0 27
1045 0 27
1046 0 28
1047 0 28
1048 0 28
1049 0 27
1050 0 27
1051 0 26
1052 0 28
1053 0 28
1054 0 27
1055 0 27
1056 0 27
1057 0 28
1058 0 28
1059 0 27
1060 0 27
1061 0 28
1062 0 28
1063 0 28
1064 0 27
1065 0 27
1066 0 27
1067 0 27
1068 0 27
1069 0 27
1070 0 28
1071 0 28
1072 0 28
1073 0 28
1074 0 28
1075 0 27
1076 0 28
1077 0 28
1078 0 27
1079 0 27
1080 0 28
1081 0 28
1082 0 28
1083 0 28
1084 0 28
1085 0 27
1086 0 27
1087 0 27
1088 0 27
1089 0 27
1090 0 26
1091 0 27
1092 0 27
1093 0 27
1094 0 27
1095 0 27
1096 0 27
1097 0 27
1098 0 27
1099 0 26
1100 0 27
1101 0 27
1102 0 27
1103 0 27
1104 0 27
1105 0 27
1106 0 27
1107 0 27
1108 0 27
1109 0 27
1110 0 27
1111 0 27
1112 0 27
1113 0 27
1114 0 27
1115 0 27
1116 0 27
1117 0 27
1118 0 26
1119 0 27
1120 0 27
1121 0 26
1122 0 26
1123 0 27
1124 0 27
1125 0 27
1126 0 27
1127 0 27
1128 0 26
1129 0 27
1130 0 27
1131 0 26
1132 0 26
1133 0 26
1134 0 27
1135 0 27
1136 0 26
1137 0 26
1138 0 26
1139 0 27
1140 0 26
1141 0 26
1142 0 27
1143 0 26
1144 0 26
1145 0 26
1146 0 26
1147 0 27
1148 0 27
1149 0 26
1150 0 26
1151 0 26
1152 0 27
1153 0 27
1154 0 26
1155 0 26
1156 0 26
1157 0 26
1158 0 26
1159 0 26
1160 0 26
1161 0 26
1162 0 26
1163 0 26
1164 0 26
1165 0 27
1166 0 27
1167 0 27
1168 0 27
1169 0 27
1170 0 26
1171 0 27
1172 0 27
1173 0 26
1174 0 26
1175 0 27
1176 0 27
1177 0 27
1178 0 27
1179 0 27
1180 0 26
1181 0 27
1182 0 27
1183 0 27
1184 0 27
1185 0 26
1186 0 27
1187 0 27
1188 0 27
1189 0 27
1190 0 26
1191 0 27
1192 0 26
1193 0 26
1194 0 27
1195 0 26
1196 0 26
1197 0 26
1198 0 26
1199 0 27
1200 0 27
1201 0 26
1202 0 26
1203 0 26
1204 0 27
1205 0 27
1206 0 26
1207 0 26
1208 0 27
1209 0 27
1210 0 27
1211 0 26
1212 0 26
1213 0 26
1214 0 26
1215 0 26
1216 0 26
1217 0 27
1218 0 27
1219 0 27
1220 0 26
1221 0 26
1222 0 25
1223 0 27
1224 0 27
1225 0 26
1226 0 26
1227 0 26
1228 0 27
1229 0 27
1230 0 26
1231 0 26
1232 0 27
1233 0 27
1234 0 27
1235 0 26
1236 0 26
1237 0 26
1238 0 26
1239 0 26
1240 0 26
1241 0 27
1242 0 27
1243 0 26
1244 0 26
1245 0 26
1246 0 27
1247 0 27
1248 0 26
1249 0 26
1250 0 27
1251 0 27
1252 0 27
1253 0 26
1254 0 26
1255 0 26
1256 0 26
1257 0 26
1258 0 26
1259 0 27
1260 0 27
1261 0 27
1262 0 26
1263 0 26
1264 0 25
1265 0 27
1266 0 27
1267 0 26
1268 0 26
1269 0 26
1270 0 27
1271 0 27
1272 0 26
1273 0 26
1274 0 27
1275 0 27
1276 0 27
1277 0 26
1278 0 26
1279 0 26
1280 0 26
1281 0 26
1282 0 26
1283 0 26
1284 0 26
1285 0 26
1286 0 26
1287 0 26
1288 0 25
1289 0 26
1290 0 26
1291 0 25
1292 0 25
1293 0 26
1294 0 26
1295 0 26
1296 0 26
1297 0 26
1298 0 25
1299 0 27
1300 0 27
1301 0 25
1302 0 25
1303 0 26
1304 0 27
1305 0 27
1306 0 25
1307 0 25
1308 0 27
1309 0 27
1310 0 25
1311 0 25
1312 0 26
1313 0 27
1314 0 27
1315 0 25
1316 0 25
1317 0 25
1318 0 25
1319 0 25
1320 0 26
1321 0 26
1322 0 26
1323 0 26
1324 0 26
1325 0 26
1326 0 28
1327 0 28
1328 0 28
1329 0 28
1330 0 28
1331 0 27
1332 0 28
1333 0 28
1334 0 27
1335 0 27
1336 0 28
1337 0 28
1338 0 28
1339 0 28
1340 0 28
1341 0 27
1342 0 28
1343 0 28
1344 0 27
1345 0 27
1346 0 27
1347 0 28
1348 0 28
1349 0 27
1350 0 27
1351 0 27
1352 0 27
1353 0 27
1354 0 27
1355 0 27
1356 0 27
1357 0 27
1358 0 27
1359 0 27
1360 0 28
1361 0 28
1362 0 27
1363 0 27
1364 0 27
1365 0 28
1366 0 28
1367 0 27
1368 0 27
1369 0 27
1370 0 27
1371 0 27
1372 0 27
1373 0 27
1374 0 27
1375 0 27
1376 0 27
1377 0 27
1378 0 28
1379 0 28
1380 0 28
1381 0 28
1382 0 28
1383 0 27
1384 0 28
1385 0 28
1386 0 27
1387 0 27
1388 0 28
1389 0 28
1390 0 28
1391 0 28
1392 0 28
1393 0 27
1394 0 28
1395 0 28
1396 0 27
1397 0 27
1398 0 27
1399 0 28
1400 0 28
1401 0 27
1402 0 27
1403 0 27
1404 0 27
1405 0 27
1406 0 27
1407 0 27
1408 0 27
1409 0 27
1410 0 27
1411 0 27
1412 0 28
1413 0 28
1414 0 27
1415 0 27
1416 0 27
1417 0 28
1418 0 28
1419 0 27
1420 0 27
1421 0 28
1422 0 28
1423 0 28
1424 0 27
1425 0 27
1426 0 27
1427 0 27
1428 0 27
1429 0 27
1430 0 28
1431 0 28
1432 0 28
1433 0 27
1434 0 27
1435 0 26
1436 0 28
1437 0 28
1438 0 27
1439 0 27
1440 0 27
1441 0 28
1442 0 28
1443 0 27
1444 0 27
1445 0 28
1446 0 28
1447 0 28
1448 0 27
1449 0 27
1450 0 27
1451 0 27
1452 0 27
1453 0 27
1454 0 27
1455 0 27
1456 0 27
1457 0 27
1458 0 27
1459 0 26
1460 0 27
1461 0 27
1462 0 26
1463 0 26
1464 0 27
1465 0 27
1466 0 27
1467 0 27
1468 0 27
1469 0 26
1470 0 27
1471 0 27
1472 0 27
1473 0 27
1474 0 27
1475 0 26
1476 0 27
1477 0 27
1478 0 26
1479 0 26
1480 0 27
1481 0 27
1482 0 27
1483 0 27
1484 0 27
1485 0 26
1486 0 27
1487 0 27
1488 0 26
1489 0 26
1490 0 26
1491 0 27
1492 0 27
1493 0 26
1494 0 26
1495 0 27
1496 0 27
1497 0 27
1498 0 27
1499 0 27
1500 0 27
1501 0 27
1502 0 27
1503 0 26
1504 0 28
1505 0 28
1506 0 27
1507 0 27
1508 0 27
1509 0 28
1510 0 28
1511 0 27
1512 0 27
1513 0 28
1514 0 28
1515 0 28
1516 0 27
1517 0 27
1518 0 27
1519 0 27
1520 0 27
1521 0 27
1522 0 28
1523 0 28
1524 0 28
1525 0 27
1526 0 27
1527 0 26
1528 0 28
1529 0 28
1530 0 27
1531 0 27
1532 0 27
1533 0 28
1534 0 28
1535 0 27
1536 0 27
1537 0 28
1538 0 28
1539 0 28
1540 0 27
1541 0 27
1542 0 27
1543 0 27
1544 0 27
1545 0 27
1546 0 27
1547 0 27
1548 0 27
1549 0 27
1550 0 27
1551 0 26
1552 0 27
1553 0 27
1554 0 26
1555 0 26
1556 0 27
1557 0 27
1558 0 27
1559 0 27
1560 0 27
1561 0 26
1562 0 27
1563 0 27
1564 0 26
1565 0 26
1566 0 26
1567 0 27
1568 0 27
1569 0 26
1570 0 26
1571 0 27
1572 0 27
1573 0 26
1574 0 26
1575 0 26
1576 0 27
1577 0 27
1578 0 26
1579 0 26
1580 0 26
1581 0 26
1582 0 26
1583 0 27
1584 0 27
1585 0 27
1586 0 27
1587 0 26
1588 0 26
1589 0 28
1590 0 28
1591 0 28
1592 0 28
1593 0 28
1594 0 27
1595 0 28
1596 0 28
1597 0 27
1598 0 27
1599 0 28
1600 0 28
1601 0 28
1602 0 28
1603 0 28
1604 0 27
1605 0 28
1606 0 28
1607 0 27
1608 0 27
1609 0 27
1610 0 28
1611 0 28
1612 0 27
1613 0 27
1614 0 27
1615 0 27
1616 0 27
1617 0 27
1618 0 27
1619 0 27
1620 0 27
1621 0 27
1622 0 27
1623 0 28
1624 0 28
1625 0 27
1626 0 27
1627 0 27
1628 0 28
1629 0 28
1630 0 27
1631 0 27
1632 0 27
1633 0 27
1634 0 27
1635 0 27
1636 0 27
1637 0 27
1638 0 27
1639 0 27
1640 0 27
1641 0 28
1642 0 28
1643 0 28
1644 0 28
1645 0 28
1646 0 27
1647 0 28
1648 0 28
1649 0 27
1650 0 27
1651 0 28
1652 0 28
1653 0 28
1654 0 28
1655 0 28
1656 0 27
1657 0 28
1658 0 28
1659 0 27
1660 0 27
1661 0 27
1662 0 28
1663 0 28
1664 0 27
1665 0 27
1666 0 27
1667 0 27
1668 0 27
1669 0 27
1670 0 27
1671 0 27
1672 0 27
1673 0 27
1674 0 27
1675 0 28
1676 0 28
1677 0 27
1678 0 27
1679 0 27
1680 0 28
1681 0 28
1682 0 27
1683 0 27
1684 0 28
1685 0 28
1686 0 28
1687 0 27
1688 0 27
1689 0 27
1690 0 27
1691 0 27
1692 0 27
1693 0 28
1694 0 28
1695 0 28
1696 0 27
1697 0 27
1698 0 26
1699 0 28
1700 0 28
1701 0 27
1702 0 27
1703 0 27
1704 0 28
1705 0 28
1706 0 27
1707 0 27
1708 0 28
1709 0 28
1710 0 28
1711 0 27
1712 0 27
1713 0 27
1714 0 27
1715 0 27
1716 0 27
1717 0 27
1718 0 27
1719 0 27
1720 0 27
1721 0 27
1722 0 26
1723 0 27
1724 0 27
1725 0 26
1726 0 26
1727 0 27
1728 0 27
1729 0 27
1730 0 27
1731 0 27
1732 0 26
1733 0 27
1734 0 27
1735 0 27
1736 0 27
1737 0 27
1738 0 26
1739 0 27
1740 0 27
1741 0 26
1742 0 26
1743 0 27
1744 0 27
1745 0 27
1746 0 27
1747 0 27
1748 0 26
1749 0 27
1750 0 27
1751 0 26
1752 0 26
1753 0 26
1754 0 27
1755 0 27
1756 0 26
1757 0 26
1758 0 27
1759 0 27
1760 0 27
1761 0 27
1762 0 27
1763 0 27
1764 0 27
1765 0 27
1766 0 26
1767 0 28
1768 0 28
1769 0 27
1770 0 27
1771 0 27
1772 0 28
1773 0 28
1774 0 27
1775 0 27
1776 0 28
1777 0 28
1778 0 28
1779 0 27
1780 0 27
1781 0 27
1782 0 27
1783 0 27
1784 0 27
1785 0 28
1786 0 28
1787 0 28
1788 0 27
1789 0 27
1790 0 26
1791 0 28
1792 0 28
1793 0 27
1794 0 27
1795 0 27
1796 0 28
1797 0 28
1798 0 27
1799 0 27
1800 0 28
1801 0 28
1802 0 28
1803 0 27
1804 0 27
1805 0 27
1806 0 27
1807 0 27
1808 0 27
1809 0 28
1810 0 28
1811 0 28
1812 0 28
1813 0 28
1814 0 27
1815 0 28
1816 0 28
1817 0 27
1818 0 27
1819 0 28
1820 0 28
1821 0 28
1822 0 28
1823 0 28
1824 0 27
1825 0 27
1826 0 27
1827 0 27
1828 0 27
1829 0 27
1830 0 27
1831 0 27
1832 0 27
1833 0 27
1834 0 27
1835 0 27
1836 0 27
1837 0 27
1838 0 27
1839 0 27
1840 0 27
1841 0 27
1842 0 27
1843 0 27
1844 0 27
1845 0 27
1846 0 27
1847 0 27
1848 0 27
1849 0 27
1850 0 27
1851 0 27
1852 0 28
1853 0 28
1854 0 28
1855 0 28
1856 0 28
1857 0 27
1858 0 28
1859 0 28
1860 0 27
1861 0 27
1862 0 28
1863 0 28
1864 0 28
1865 0 28
1866 0 28
1867 0 27
1868 0 27
1869 0 27
1870 0 26
1871 0 26
1872 0 26
1873 0 27
1874 0 27
1875 0 26
1876 0 26
1877 0 27
1878 0 27
1879 0 27
1880 0 27
1881 0 27
1882 0 27
1883 0 26
1884 0 26
1885 0 25
1886 0 28
1887 0 28
1888 0 27
1889 0 27
1890 0 27
1891 0 28
1892 0 28
1893 0 27
1894 0 27
1895 0 28
1896 0 28
1897 0 28
1898 0 27
1899 0 27
1900 0 27
1901 0 27
1902 0 27
1903 0 27
1904 0 28
1905 0 28
1906 0 28
1907 0 27
1908 0 27
1909 0 26
1910 0 28
1911 0 28
1912 0 27
1913 0 27
1914 0 27
1915 0 28
1916 0 28
1917 0 27
1918 0 27
1919 0 28
1920 0 28
1921 0 28
1922 0 27
1923 0 27
1924 0 27
1925 0 27
1926 0 27
1927 0 27
1928 0 28
1929 0 28
1930 0 28
1931 0 28
1932 0 28
1933 0 27
1934 0 28
1935 0 28
1936 0 27
1937 0 27
1938 0 28
1939 0 28
1940 0 28
1941 0 28
1942 0 28
1943 0 27
1944 0 27
1945 0 27
1946 0 27
1947 0 27
1948 0 27
1949 0 27
1950 0 27
1951 0 27
1952 0 27
1953 0 27
1954 0 27
1955 0 27
1956 0 27
1957 0 27
1958 0 27
1959 0 27
1960 0 27
1961 0 27
1962 0 27
1963 0 27
1964 0 27
1965 0 27
1966 0 27
1967 0 27
1968 0 27
1969 0 27
1970 0 27
1971 0 27
1972 0 27
1973 0 27
1974 0 27
1975 0 27
1976 0 26
1977 0 27
1978 0 27
1979 0 26
1980 0 26
1981 0 27
1982 0 27
1983 0 27
1984 0 27
1985 0 27
1986 0 26
1987 0 27
1988 0 27
1989 0 27
1990 0 27
1991 0 26
1992 0 27
1993 0 27
1994 0 27
1995 0 27
1996 0 27
1997 0 27
1998 0 27
1999 0 27
2000 0 27
2001 0 27
2002 0 26
2003 0 26
2004 0 25
2005 0 27
2006 0 27
2007 0 27
2008 0 27
2009 0 27
2010 0 27
2011 0 27
2012 0 27
2013 0 27
2014 0 26
2015 0 26
2016 0 27
2017 0 26
2018 0 26
2019 0 26
2020 0 26
2021 0 25
2022 0 25
2023 0 27
2024 0 27
2025 0 27
2026 0 27
2027 0 27
2028 0 26
2029 0 27
2030 0 27
2031 0 26
2032 0 26
2033 0 27
2034 0 27
2035 0 27
2036 0 27
2037 0 27
2038 0 26
2039 0 27
2040 0 27
2041 0 27
2042 0 27
2043 0 26
2044 0 27
2045 0 27
2046 0 27
2047 0 27
2048 0 27
2049 0 27
2050 0 27
2051 0 27
2052 0 27
2053 0 27
2054 0 26
2055 0 26
2056 0 25
2057 0 27
2058 0 27
2059 0 27
2060 0 27
2061 0 27
2062 0 26
2063 0 27
2064 0 27
2065 0 26
2066 0 26
2067 0 27
2068 0 27
2069 0 27
2070 0 27
2071 0 27
2072 0 26
2073 0 27
2074 0 27
2075 0 27
2076 0 27
2077 0 26
2078 0 27
2079 0 27
2080 0 27
2081 0 27
2082 0 27
2083 0 27
2084 0 27
2085 0 27
2086 0 27
2087 0 27
2088 0 26
2089 0 26
2090 0 25
2091 0 27
2092 0 27
2093 0 27
2094 0 27
2095 0 27
2096 0 27
2097 0 27
2098 0 27
2099 0 27
2100 0 26
2101 0 26
2102 0 27
2103 0 26
2104 0 26
2105 0 26
2106 0 26
2107 0 25
2108 0 25
2109 0 27
2110 0 27
2111 0 27
2112 0 27
2113 0 27
2114 0 26
2115 0 27
2116 0 27
2117 0 26
2118 0 26
2119 0 27
2120 0 27
2121 0 27
2122 0 27
2123 0 27
2124 0 26
2125 0 27
2126 0 27
2127 0 27
2128 0 27
2129 0 26
2130 0 27
2131 0 27
2132 0 27
2133 0 27
2134 0 27
2135 0 27
2136 0 27
2137 0 27
2138 0 27
2139 0 27
2140 0 26
2141 0 26
2142 0 25
2143 0 27
2144 0 27
2145 0 26
2146 0 26
2147 0 26
2148 0 27
2149 0 27
2150 0 26
2151 0 26
2152 0 27
2153 0 27
2154 0 27
2155 0 26
2156 0 26
2157 0 26
2158 0 26
2159 0 26
2160 0 26
2161 0 27
2162 0 27
2163 0 27
2164 0 26
2165 0 26
2166 0 25
2167 0 27
2168 0 27
2169 0 26
2170 0 26
2171 0 26
2172 0 27
2173 0 27
2174 0 26
2175 0 26
2176 0 27
2177 0 27
2178 0 27
2179 0 26
2180 0 26
2181 0 26
2182 0 26
2183 0 26
2184 0 26
2185 0 27
2186 0 27
2187 0 27
2188 0 27
2189 0 27
2190 0 26
2191 0 27
2192 0 27
2193 0 26
2194 0 26
2195 0 27
2196 0 27
2197 0 27
2198 0 27
2199 0 27
2200 0 26
2201 0 27
2202 0 27
2203 0 27
2204 0 27
2205 0 27
2206 0 26
2207 0 27
2208 0 27
2209 0 26
2210 0 26
2211 0 27
2212 0 27
2213 0 27
2214 0 27
2215 0 27
2216 0 26
2217 0 27
2218 0 27
2219 0 25
2220 0 25
2221 0 26
2222 0 27
2223 0 27
2224 0 25
2225 0 25
2226 0 27
2227 0 27
2228 0 27
2229 0 27
2230 0 27
2231 0 27
2232 0 26
2233 0 26
2234 0 26
2235 0 28
2236 0 28
2237 0 28
2238 0 27
2239 0 28
2240 0 27
2241 0 28
2242 0 28
2243 0 28
2244 0 27
2245 0 28
2246 0 27
2247 0 27
2248 0 28
2249 0 27
2250 0 27
2251 0 27
2252 0 27
2253 0 27
2254 0 27
2255 0 27
2256 0 28
2257 0 27
2258 0 27
2259 0 28
2260 0 27
2261 0 27
2262 0 27
2263 0 27
2264 0 27
2265 0 27
2266 0 28
2267 0 28
2268 0 28
2269 0 27
2270 0 28
2271 0 27
2272 0 28
2273 0 28
2274 0 28
2275 0 27
2276 0 28
2277 0 27
2278 0 27
2279 0 28
2280 0 27
2281 0 27
2282 0 27
2283 0 27
2284 0 27
2285 0 27
2286 0 27
2287 0 28
2288 0 27
2289 0 27
2290 0 28
2291 0 27
2292 0 28
2293 0 28
2294 0 27
2295 0 27
2296 0 27
2297 0 28
2298 0 28
2299 0 27
2300 0 26
2301 0 28
2302 0 27
2303 0 27
2304 0 28
2305 0 27
2306 0 28
2307 0 28
2308 0 27
2309 0 27
2310 0 27
2311 0 27
2312 0 27
2313 0 27
2314 0 26
2315 0 27
2316 0 26
2317 0 27
2318 0 27
2319 0 27
2320 0 26
2321 0 27
2322 0 27
2323 0 27
2324 0 26
2325 0 27
2326 0 26
2327 0 27
2328 0 27
2329 0 27
2330 0 26
2331 0 27
2332 0 26
2333 0 26
2334 0 27
2335 0 26
2336 0 27
2337 0 27
2338 0 27
2339 0 27
2340 0 27
2341 0 26
2342 0 28
2343 0 27
2344 0 27
2345 0 28
2346 0 27
2347 0 28
2348 0 28
2349 0 27
2350 0 27
2351 0 27
2352 0 28
2353 0 28
2354 0 27
2355 0 26
2356 0 28
2357 0 27
2358 0 27
2359 0 28
2360 0 27
2361 0 28
2362 0 28
2363 0 27
2364 0 27
2365 0 27
2366 0 27
2367 0 27
2368 0 27
2369 0 26
2370 0 27
2371 0 26
2372 0 27
2373 0 27
2374 0 27
2375 0 26
2376 0 27
2377 0 26
2378 0 26
2379 0 27
2380 0 26
2381 0 27
2382 0 26
2383 0 26
2384 0 27
2385 0 26
2386 0 26
2387 0 26
2388 0 27
2389 0 27
2390 0 26
2391 0 28
2392 0 28
2393 0 28
2394 0 27
2395 0 28
2396 0 27
2397 0 28
2398 0 28
2399 0 28
2400 0 27
2401 0 28
2402 0 27
2403 0 27
2404 0 28
2405 0 27
2406 0 27
2407 0 27
2408 0 27
2409 0 27
2410 0 27
2411 0 27
2412 0 28
2413 0 27
2414 0 27
2415 0 28
2416 0 27
2417 0 27
2418 0 27
2419 0 27
2420 0 27
2421 0 27
2422 0 28
2423 0 28
2424 0 28
2425 0 27
2426 0 28
2427 0 27
2428 0 28
2429 0 28
2430 0 28
2431 0 27
2432 0 28
2433 0 27
2434 0 27
2435 0 28
2436 0 27
2437 0 27
2438 0 27
2439 0 27
2440 0 27
2441 0 27
2442 0 27
2443 0 28
2444 0 27
2445 0 27
2446 0 28
2447 0 27
2448 0 28
2449 0 28
2450 0 27
2451 0 27
2452 0 27
2453 0 28
2454 0 28
2455 0 27
2456 0 26
2457 0 28
2458 0 27
2459 0 27
2460 0 28
2461 0 27
2462 0 28
2463 0 28
2464 0 27
2465 0 27
2466 0 27
2467 0 27
2468 0 27
2469 0 27
2470 0 26
2471 0 27
2472 0 26
2473 0 27
2474 0 27
2475 0 27
2476 0 26
2477 0 27
2478 0 27
2479 0 27
2480 0 26
2481 0 27
2482 0 26
2483 0 27
2484 0 27
2485 0 27
2486 0 26
2487 0 27
2488 0 26
2489 0 26
2490 0 27
2491 0 26
2492 0 27
2493 0 27
2494 0 27
2495 0 27
2496 0 27
2497 0 26
2498 0 28
2499 0 27
2500 0 27
2501 0 28
2502 0 27
2503 0 28
2504 0 28
2505 0 27
2506 0 27
2507 0 27
2508 0 28
2509 0 28
2510 0 27
2511 0 26
2512 0 28
2513 0 27
2514 0 27
2515 0 28
2516 0 27
2517 0 28
2518 0 28
2519 0 27
2520 0 27
2521 0 27
2522 0 28
2523 0 28
2524 0 28
2525 0 27
2526 0 28
2527 0 27
2528 0 28
2529 0 28
2530 0 28
2531 0 27
2532 0 27
2533 0 27
2534 0 26
2535 0 27
2536 0 27
2537 0 27
2538 0 27
2539 0 26
2540 0 27
2541 0 27
2542 0 27
2543 0 27
2544 0 27
2545 0 27
2546 0 27
2547 0 28
2548 0 28
2549 0 28
2550 0 27
2551 0 28
2552 0 27
2553 0 28
2554 0 28
2555 0 28
2556 0 27
2557 0 27
2558 0 26
2559 0 26
2560 0 27
2561 0 26
2562 0 27
2563 0 27
2564 0 27
2565 0 27
2566 0 26
2567 0 25
2568 0 28
2569 0 27
2570 0 27
2571 0 28
2572 0 27
2573 0 28
2574 0 28
2575 0 27
2576 0 27
2577 0 27
2578 0 28
2579 0 28
2580 0 27
2581 0 26
2582 0 28
2583 0 27
2584 0 27
2585 0 28
2586 0 27
2587 0 28
2588 0 28
2589 0 27
2590 0 27
2591 0 27
2592 0 28
2593 0 28
2594 0 28
2595 0 27
2596 0 28
2597 0 27
2598 0 28
2599 0 28
2600 0 28
2601 0 27
2602 0 27
2603 0 27
2604 0 26
2605 0 27
2606 0 27
2607 0 27
2608 0 27
2609 0 26
2610 0 27
2611 0 27
2612 0 27
2613 0 27
2614 0 27
2615 0 27
2616 0 27
2617 0 27
2618 0 27
2619 0 27
2620 0 26
2621 0 27
2622 0 26
2623 0 27
2624 0 27
2625 0 27
2626 0 26
2627 0 27
2628 0 27
2629 0 26
2630 0 27
2631 0 27
2632 0 27
2633 0 27
2634 0 27
2635 0 27
2636 0 26
2637 0 25
2638 0 27
2639 0 27
2640 0 27
2641 0 27
2642 0 27
2643 0 26
2644 0 27
2645 0 26
2646 0 26
2647 0 25
2648 0 27
2649 0 27
2650 0 27
2651 0 26
2652 0 27
2653 0 26
2654 0 27
2655 0 27
2656 0 27
2657 0 26
2658 0 27
2659 0 27
2660 0 26
2661 0 27
2662 0 27
2663 0 27
2664 0 27
2665 0 27
2666 0 27
2667 0 26
2668 0 25
2669 0 27
2670 0 27
2671 0 27
2672 0 26
2673 0 27
2674 0 26
2675 0 27
2676 0 27
2677 0 27
2678 0 26
2679 0 27
2680 0 27
2681 0 26
2682 0 27
2683 0 27
2684 0 27
2685 0 27
2686 0 27
2687 0 27
2688 0 26
2689 0 25
2690 0 27
2691 0 27
2692 0 27
2693 0 27
2694 0 27
2695 0 26
2696 0 27
2697 0 26
2698 0 26
2699 0 25
2700 0 27
2701 0 27
2702 0 27
2703 0 26
2704 0 27
2705 0 26
2706 0 27
2707 0 27
2708 0 27
2709 0 26
2710 0 27
2711 0 27
2712 0 26
2713 0 27
2714 0 27
2715 0 27
2716 0 27
2717 0 27
2718 0 27
2719 0 26
2720 0 25
2721 0 27
2722 0 26
2723 0 26
2724 0 27
2725 0 26
2726 0 27
2727 0 27
2728 0 26
2729 0 26
2730 0 26
2731 0 27
2732 0 27
2733 0 26
2734 0 25
2735 0 27
2736 0 26
2737 0 26
2738 0 27
2739 0 26
2740 0 27
2741 0 27
2742 0 26
2743 0 26
2744 0 26
2745 0 27
2746 0 27
2747 0 27
2748 0 26
2749 0 27
2750 0 26
2751 0 27
2752 0 27
2753 0 27
2754 0 26
2755 0 27
2756 0 27
2757 0 27
2758 0 26
2759 0 27
2760 0 26
2761 0 27
2762 0 27
2763 0 27
2764 0 26
2765 0 27
2766 0 25
2767 0 26
2768 0 27
2769 0 25
2770 0 27
2771 0 27
2772 0 27
2773 0 27
2774 0 26
2775 0 26
2776 0 28
2777 0 27
2778 0 27
2779 0 28
2780 0 27
2781 0 28
2782 0 28
2783 0 27
2784 0 27
2785 0 27
2786 0 28
2787 0 28
2788 0 27
2789 0 26
2790 0 28
2791 0 27
2792 0 27
2793 0 28
2794 0 27
2795 0 28
2796 0 28
2797 0 27
2798 0 27
2799 0 27
2800 0 28
2801 0 28
2802 0 28
2803 0 27
2804 0 28
2805 0 27
2806 0 28
2807 0 28
2808 0 28
2809 0 27
2810 0 27
2811 0 27
2812 0 26
2813 0 27
2814 0 27
2815 0 27
2816 0 27
2817 0 26
2818 0 27
2819 0 27
2820 0 27
2821 0 27
2822 0 27
2823 0 27
2824 0 27
2825 0 28
2826 0 28
2827 0 28
2828 0 27
2829 0 28
2830 0 27
2831 0 28
2832 0 28
2833 0 28
2834 0 27
2835 0 27
2836 0 27
2837 0 26
2838 0 27
2839 0 27
2840 0 27
2841 0 27
2842 0 27
2843 0 27
2844 0 26
2845 0 25
2846 0 28
2847 0 27
2848 0 27
2849 0 28
2850 0 27
2851 0 28
2852 0 28
2853 0 27
2854 0 27
2855 0 27
2856 0 28
2857 0 28
2858 0 27
2859 0 26
2860 0 28
2861 0 27
2862 0 27
2863 0 28
2864 0 27
2865 0 28
2866 0 28
2867 0 27
2868 0 27
2869 0 27
2870 0 28
2871 0 28
2872 0 28
2873 0 27
2874 0 28
2875 0 27
2876 0 28
2877 0 28
2878 0 28
2879 0 27
2880 0 27
2881 0 27
2882 0 26
2883 0 27
2884 0 27
2885 0 27
2886 0 27
2887 0 26
2888 0 27
2889 0 27
2890 0 27
2891 0 27
2892 0 27
2893 0 27
2894 0 27
2895 0 27
2896 0 27
2897 0 27
2898 0 26
2899 0 27
2900 0 26
2901 0 27
2902 0 27
2903 0 27
2904 0 26
2905 0 27
2906 0 26
2907 0 26
2908 0 27
2909 0 26
2910 0 26
2911 0 26
2912 0 26
2913 0 26
2914 0 26
2915 0 26
2916 0 27
2917 0 26
2918 0 26
2919 0 27
2920 0 26
2921 0 26
2922 0 26
2923 0 26
2924 0 26
2925 0 26
2926 0 27
2927 0 27
2928 0 27
2929 0 26
2930 0 27
2931 0 26
2932 0 27
2933 0 27
2934 0 27
2935 0 26
2936 0 27
2937 0 27
2938 0 26
2939 0 27
2940 0 27
2941 0 26
2942 0 26
2943 0 26
2944 0 26
2945 0 26
2946 0 26
2947 0 27
2948 0 26
2949 0 26
2950 0 27
2951 0 26
2952 0 27
2953 0 27
2954 0 26
2955 0 26
2956 0 26
2957 0 27
2958 0 27
2959 0 26
2960 0 25
2961 0 27
2962 0 26
2963 0 26
2964 0 27
2965 0 26
2966 0 27
2967 0 27
2968 0 26
2969 0 26
2970 0 26
2971 0 27
2972 0 26
2973 0 26
2974 0 27
2975 0 26
2976 0 27
2977 0 27
2978 0 26
2979 0 26
2980 0 26
2981 0 27
2982 0 27
2983 0 26
2984 0 25
2985 0 27
2986 0 26
2987 0 26
2988 0 27
2989 0 26
2990 0 27
2991 0 27
2992 0 26
2993 0 26
2994 0 26
2995 0 26
2996 0 26
2997 0 26
2998 0 25
2999 0 26
3000 0 25
3001 0 26
3002 0 26
3003 0 26
3004 0 25
3005 0 27
3006 0 25
3007 0 26
3008 0 27
3009 0 25
3010 0 27
3011 0 25
3012 0 26
3013 0 27
3014 0 25
3015 0 25
3016 0 25
3017 0 26
3018 0 26
3019 0 26
3020 0 28
3021 0 28
3022 0 28
3023 0 27
3024 0 28
3025 0 27
3026 0 28
3027 0 28
3028 0 28
3029 0 27
3030 0 28
3031 0 27
3032 0 27
3033 0 28
3034 0 27
3035 0 27
3036 0 27
3037 0 27
3038 0 27
3039 0 27
3040 0 27
3041 0 28
3042 0 27
3043 0 27
3044 0 28
3045 0 27
3046 0 27
3047 0 27
3048 0 27
3049 0 27
3050 0 27
3051 0 28
3052 0 28
3053 0 28
3054 0 27
3055 0 28
3056 0 27
3057 0 28
3058 0 28
3059 0 28
3060 0 27
3061 0 28
3062 0 27
3063 0 27
3064 0 28
3065 0 27
3066 0 27
3067 0 27
3068 0 27
3069 0 27
3070 0 27
3071 0 27
3072 0 28
3073 0 27
3074 0 27
3075 0 28
3076 0 27
3077 0 28
3078 0 28
3079 0 27
3080 0 27
3081 0 27
3082 0 28
3083 0 28
3084 0 27
3085 0 26
3086 0 28
3087 0 27
3088 0 27
3089 0 28
3090 0 27
3091 0 28
3092 0 28
3093 0 27
3094 0 27
3095 0 27
3096 0 27
3097 0 27
3098 0 27
3099 0 26
3100 0 27
3101 0 26
3102 0 27
3103 0 27
3104 0 27
3105 0 26
3106 0 27
3107 0 27
3108 0 27
3109 0 26
3110 0 27
3111 0 26
3112 0 27
3113 0 27
3114 0 27
3115 0 26
3116 0 27
3117 0 26
3118 0 26
3119 0 27
3120 0 26
3121 0 27
3122 0 27
3123 0 27
3124 0 27
3125 0 27
3126 0 26
3127 0 28
3128 0 27
3129 0 27
3130 0 28
3131 0 27
3132 0 28
3133 0 28
3134 0 27
3135 0 27
3136 0 27
3137 0 28
3138 0 28
3139 0 27
3140 0 26
3141 0 28
3142 0 27
3143 0 27
3144 0 28
3145 0 27
3146 0 28
3147 0 28
3148 0 27
3149 0 27
3150 0 27
3151 0 27
3152 0 27
3153 0 27
3154 0 26
3155 0 27
3156 0 26
3157 0 27
3158 0 27
3159 0 27
3160 0 26
3161 0 27
3162 0 26
3163 0 26
3164 0 27
3165 0 26
3166 0 27
3167 0 26
3168 0 26
3169 0 27
3170 0 26
3171 0 26
3172 0 26
3173 0 27
3174 0 27
3175 0 26
3176 0 28
3177 0 28
3178 0 28
3179 0 27
3180 0 28
3181 0 27
3182 0 28
3183 0 28
3184 0 28
3185 0 27
3186 0 28
3187 0 27
3188 0 27
3189 0 28
3190 0 27
3191 0 27
3192 0 27
3193 0 27
3194 0 27
3195 0 27
3196 0 27
3197 0 28
3198 0 27
3199 0 27
3200 0 28
3201 0 27
3202 0 27
3203 0 27
3204 0 27
3205 0 27
3206 0 27
3207 0 28
3208 0 28
3209 0 28
3210 0 27
3211 0 28
3212 0 27
3213 0 28
3214 0 28
3215 0 28
3216 0 27
3217 0 28
3218 0 27
3219 0 27
3220 0 28
3221 0 27
3222 0 27
3223 0 27
3224 0 27
3225 0 27
3226 0 27
3227 0 27
3228 0 28
3229 0 27
3230 0 27
3231 0 28
3232 0 27
3233 0 28
3234 0 28
3235 0 27
3236 0 27
3237 0 27
3238 0 28
3239 0 28
3240 0 27
3241 0 26
3242 0 28
3243 0 27
3244 0 27
3245 0 28
3246 0 27
3247 0 28
3248 0 28
3249 0 27
3250 0 27
3251 0 27
3252 0 27
3253 0 27
3254 0 27
3255 0 26
3256 0 27
3257 0 26
3258 0 27
3259 0 27
3260 0 27
3261 0 26
3262 0 27
3263 0 27
3264 0 27
3265 0 26
3266 0 27
3267 0 26
3268 0 27
3269 0 27
3270 0 27
3271 0 26
3272 0 27
3273 0 26
3274 0 26
3275 0 27
3276 0 26
3277 0 27
3278 0 27
3279 0 27
3280 0 27
3281 0 27
3282 0 26
3283 0 28
3284 0 27
3285 0 27
3286 0 28
3287 0 27
3288 0 28
3289 0 28
3290 0 27
3291 0 27
3292 0 27
3293 0 28
3294 0 28
3295 0 27
3296 0 26
3297 0 28
3298 0 27
3299 0 27
3300 0 28
3301 0 27
3302 0 28
3303 0 28
3304 0 27
3305 0 27
3306 0 27
3307 0 28
3308 0 28
3309 0 28
3310 0 27
3311 0 28
3312 0 27
3313 0 28
3314 0 28
3315 0 28
3316 0 27
3317 0 27
3318 0 27
3319 0 27
3320 0 27
3321 0 27
3322 0 27
3323 0 27
3324 0 27
3325 0 27
3326 0 27
3327 0 27
3328 0 27
3329 0 27
3330 0 27
3331 0 27
3332 0 28
3333 0 28
3334 0 28
3335 0 27
3336 0 28
3337 0 27
3338 0 28
3339 0 28
3340 0 28
3341 0 27
3342 0 27
3343 0 26
3344 0 26
3345 0 27
3346 0 26
3347 0 27
3348 0 27
3349 0 27
3350 0 27
3351 0 26
3352 0 25
3353 0 28
3354 0 27
3355 0 27
3356 0 28
3357 0 27
3358 0 28
3359 0 28
3360 0 27
3361 0 27
3362 0 27
3363 0 28
3364 0 28
3365 0 27
3366 0 26
3367 0 28
3368 0 27
3369 0 27
3370 0 28
3371 0 27
3372 0 28
3373 0 28
3374 0 27
3375 0 27
3376 0 27
3377 0 28
3378 0 28
3379 0 28
3380 0 27
3381 0 28
3382 0 27
3383 0 28
3384 0 28
3385 0 28
3386 0 27
3387 0 27
3388 0 27
3389 0 27
3390 0 27
3391 0 27
3392 0 27
3393 0 27
3394 0 27
3395 0 27
3396 0 27
3397 0 27
3398 0 27
3399 0 27
3400 0 27
3401 0 27
3402 0 27
3403 0 27
3404 0 27
3405 0 26
3406 0 27
3407 0 26
3408 0 27
3409 0 27
3410 0 27
3411 0 26
3412 0 27
3413 0 27
3414 0 26
3415 0 27
3416 0 27
3417 0 27
3418 0 27
3419 0 27
3420 0 27
3421 0 26
3422 0 25
3423 0 27
3424 0 27
3425 0 27
3426 0 27
3427 0 27
3428 0 26
3429 0 27
3430 0 26
3431 0 26
3432 0 25
3433 0 27
3434 0 27
3435 0 27
3436 0 26
3437 0 27
3438 0 26
3439 0 27
3440 0 27
3441 0 27
3442 0 26
3443 0 27
3444 0 27
3445 0 26
3446 0 27
3447 0 27
3448 0 27
3449 0 27
3450 0 27
3451 0 27
3452 0 26
3453 0 25
3454 0 27
3455 0 27
3456 0 27
3457 0 26
3458 0 27
3459 0 26
3460 0 27
3461 0 27
3462 0 27
3463 0 26
3464 0 27
3465 0 27
3466 0 26
3467 0 27
3468 0 27
3469 0 27
3470 0 27
3471 0 27
3472 0 27
3473 0 26
3474 0 25
3475 0 27
3476 0 27
3477 0 27
3478 0 27
3479 0 27
3480 0 26
3481 0 27
3482 0 26
3483 0 26
3484 0 25
3485 0 27
3486 0 27
3487 0 27
3488 0 26
3489 0 27
3490 0 26
3491 0 27
3492 0 27
3493 0 27
3494 0 26
3495 0 27
3496 0 27
3497 0 26
3498 0 27
3499 0 27
3500 0 27
3501 0 27
3502 0 27
3503 0 27
3504 0 26
3505 0 25
3506 0 27
3507 0 26
3508 0 26
3509 0 27
3510 0 26
3511 0 27
3512 0 27
3513 0 26
3514 0 26
3515 0 26
3516 0 27
3517 0 27
3518 0 26
3519 0 25
3520 0 27
3521 0 26
3522 0 26
3523 0 27
3524 0 26
3525 0 27
3526 0 27
3527 0 26
3528 0 26
3529 0 26
3530 0 27
3531 0 27
3532 0 27
3533 0 26
3534 0 27
3535 0 26
3536 0 27
3537 0 27
3538 0 27
3539 0 26
3540 0 27
3541 0 27
3542 0 27
3543 0 26
3544 0 27
3545 0 26
3546 0 27
3547 0 27
3548 0 27
3549 0 26
3550 0 27
3551 0 25
3552 0 26
3553 0 27
3554 0 25
3555 0 27
3556 0 27
3557 0 27
3558 0 27
3559 0 26
3560 0 26
3561 0 28
3562 0 27
3563 0 28
3564 0 27
3565 0 27
3566 0 27
3567 0 27
3568 0 27
3569 0 27
3570 0 27
3571 0 27
3572 0 28
3573 0 27
3574 0 28
3575 0 27
3576 0 27
3577 0 27
3578 0 27
3579 0 27
3580 0 27
3581 0 28
3582 0 27
3583 0 28
3584 0 27
3585 0 27
3586 0 28
3587 0 27
3588 0 27
3589 0 26
3590 0 27
3591 0 27
3592 0 26
3593 0 27
3594 0 26
3595 0 26
3596 0 27
3597 0 27
3598 0 27
3599 0 27
3600 0 28
3601 0 27
3602 0 28
3603 0 27
3604 0 27
3605 0 28
3606 0 27
3607 0 27
3608 0 26
3609 0 27
3610 0 26
3611 0 26
3612 0 26
3613 0 26
3614 0 26
3615 0 26
3616 0 28
3617 0 27
3618 0 28
3619 0 27
3620 0 27
3621 0 27
3622 0 27
3623 0 27
3624 0 27
3625 0 27
3626 0 27
3627 0 28
3628 0 27
3629 0 28
3630 0 27
3631 0 27
3632 0 27
3633 0 27
3634 0 27
3635 0 27
3636 0 28
3637 0 27
3638 0 28
3639 0 27
3640 0 27
3641 0 28
3642 0 27
3643 0 27
3644 0 26
3645 0 27
3646 0 27
3647 0 26
3648 0 27
3649 0 26
3650 0 26
3651 0 27
3652 0 27
3653 0 27
3654 0 27
3655 0 28
3656 0 27
3657 0 28
3658 0 27
3659 0 27
3660 0 28
3661 0 27
3662 0 28
3663 0 27
3664 0 28
3665 0 27
3666 0 27
3667 0 27
3668 0 27
3669 0 27
3670 0 27
3671 0 28
3672 0 27
3673 0 28
3674 0 26
3675 0 26
3676 0 27
3677 0 27
3678 0 27
3679 0 27
3680 0 28
3681 0 27
3682 0 28
3683 0 27
3684 0 27
3685 0 28
3686 0 27
3687 0 28
3688 0 27
3689 0 28
3690 0 27
3691 0 27
3692 0 27
3693 0 27
3694 0 27
3695 0 27
3696 0 27
3697 0 26
3698 0 27
3699 0 27
3700 0 27
3701 0 27
3702 0 27
3703 0 27
3704 0 27
3705 0 26
3706 0 25
3707 0 27
3708 0 26
3709 0 27
3710 0 27
3711 0 27
3712 0 27
3713 0 27
3714 0 27
3715 0 26
3716 0 27
3717 0 27
3718 0 27
3719 0 27
3720 0 27
3721 0 27
3722 0 27
3723 0 26
3724 0 25
3725 0 27
3726 0 26
3727 0 27
3728 0 27
3729 0 27
3730 0 27
3731 0 27
3732 0 26
3733 0 26
3734 0 27
3735 0 26
3736 0 27
3737 0 26
3738 0 26
3739 0 27
3740 0 26
3741 0 27
3742 0 26
3743 0 27
3744 0 27
3745 0 26
3746 0 27
3747 0 25
3748 0 25
3749 0 27
3750 0 27
3751 0 27
3752 0 27
3753 0 28
3754 0 27
3755 0 28
3756 0 27
3757 0 27
3758 0 28
3759 0 27
3760 0 28
3761 0 27
3762 0 28
3763 0 27
3764 0 27
3765 0 27
3766 0 27
3767 0 27
3768 0 27
3769 0 28
3770 0 27
3771 0 28
3772 0 27
3773 0 27
3774 0 27
3775 0 27
3776 0 27
3777 0 27
3778 0 28
3779 0 27
3780 0 28
3781 0 27
3782 0 27
3783 0 28
3784 0 27
3785 0 28
3786 0 27
3787 0 28
3788 0 27
3789 0 27
3790 0 27
3791 0 27
3792 0 27
3793 0 27
3794 0 27
3795 0 26
3796 0 27
3797 0 26
3798 0 26
3799 0 26
3800 0 26
3801 0 26
3802 0 26
3803 0 26
3804 0 26
3805 0 27
3806 0 26
3807 0 27
3808 0 27
3809 0 27
3810 0 26
3811 0 26
3812 0 26
3813 0 26
3814 0 27
3815 0 26
3816 0 27
3817 0 26
3818 0 26
3819 0 27
3820 0 26
3821 0 26
3822 0 26
3823 0 27
3824 0 26
3825 0 27
3826 0 26
3827 0 26
3828 0 27
3829 0 26
3830 0 26
3831 0 25
3832 0 26
3833 0 25
3834 0 25
3835 0 25
3836 0 25
3837 0 25
3838 0 26
3839 0 28
3840 0 27
3841 0 28
3842 0 27
3843 0 27
3844 0 27
3845 0 27
3846 0 27
3847 0 27
3848 0 27
3849 0 27
3850 0 28
3851 0 27
3852 0 28
3853 0 27
3854 0 27
3855 0 27
3856 0 27
3857 0 27
3858 0 27
3859 0 28
3860 0 27
3861 0 28
3862 0 27
3863 0 27
3864 0 28
3865 0 27
3866 0 27
3867 0 26
3868 0 27
3869 0 27
3870 0 26
3871 0 27
3872 0 26
3873 0 26
3874 0 27
3875 0 27
3876 0 27
3877 0 27
3878 0 28
3879 0 27
3880 0 28
3881 0 27
3882 0 27
3883 0 28
3884 0 27
3885 0 27
3886 0 26
3887 0 27
3888 0 26
3889 0 26
3890 0 26
3891 0 26
3892 0 26
3893 0 26
3894 0 28
3895 0 27
3896 0 28
3897 0 27
3898 0 27
3899 0 27
3900 0 27
3901 0 27
3902 0 27
3903 0 27
3904 0 27
3905 0 28
3906 0 27
3907 0 28
3908 0 27
3909 0 27
3910 0 27
3911 0 27
3912 0 27
3913 0 27
3914 0 28
3915 0 27
3916 0 28
3917 0 27
3918 0 27
3919 0 28
3920 0 27
3921 0 27
3922 0 26
3923 0 27
3924 0 27
3925 0 26
3926 0 27
3927 0 26
3928 0 26
3929 0 27
3930 0 27
3931 0 27
3932 0 27
3933 0 28
3934 0 27
3935 0 28
3936 0 27
3937 0 27
3938 0 28
3939 0 27
3940 0 28
3941 0 27
3942 0 28
3943 0 27
3944 0 27
3945 0 27
3946 0 27
3947 0 27
3948 0 27
3949 0 28
3950 0 27
3951 0 28
3952 0 26
3953 0 26
3954 0 27
3955 0 27
3956 0 27
3957 0 27
3958 0 28
3959 0 27
3960 0 28
3961 0 27
3962 0 27
3963 0 28
3964 0 27
3965 0 28
3966 0 27
3967 0 28
3968 0 27
3969 0 27
3970 0 27
3971 0 27
3972 0 27
3973 0 27
3974 0 27
3975 0 26
3976 0 27
3977 0 27
3978 0 27
3979 0 27
3980 0 27
3981 0 27
3982 0 27
3983 0 26
3984 0 25
3985 0 27
3986 0 26
3987 0 27
3988 0 27
3989 0 27
3990 0 27
3991 0 27
3992 0 27
3993 0 26
3994 0 27
3995 0 27
3996 0 27
3997 0 27
3998 0 27
3999 0 27
4000 0 27
4001 0 26
4002 0 25
4003 0 27
4004 0 26
4005 0 27
4006 0 27
4007 0 27
4008 0 27
4009 0 27
4010 0 26
4011 0 26
4012 0 27
4013 0 26
4014 0 27
4015 0 26
4016 0 26
4017 0 27
4018 0 26
4019 0 27
4020 0 26
4021 0 27
4022 0 27
4023 0 26
4024 0 27
4025 0 25
4026 0 25
4027 0 27
4028 0 27
4029 0 27
4030 0 27
4031 0 27
4032 0 27
4033 0 27
4034 0 26
4035 0 27
4036 0 27
4037 0 26
4038 0 26
4039 0 27
4040 0 27
4041 0 27
4042 0 27
4043 0 27
4044 0 26
4045 0 27
4046 0 27
4047 0 27
4048 0 27
4049 0 26
4050 0 27
4051 0 27
4052 0 27
4053 0 27
4054 0 27
4055 0 27
4056 0 27
4057 0 27
4058 0 27
4059 0 27
4060 0 26
4061 0 26
4062 0 25
4063 0 27
4064 0 27
4065 0 27
4066 0 27
4067 0 27
4068 0 27
4069 0 27
4070 0 27
4071 0 27
4072 0 26
4073 0 26
4074 0 27
4075 0 26
4076 0 26
4077 0 26
4078 0 26
4079 0 25
4080 0 25
4081 0 27
4082 0 27
4083 0 27
4084 0 27
4085 0 27
4086 0 26
4087 0 27
4088 0 27
4089 0 26
4090 0 26
4091 0 27
4092 0 27
4093 0 27
4094 0 27
4095 0 27
4096 0 26
4097 0 27
4098 0 27
4099 0 27
4100 0 27
4101 0 26
4102 0 27
4103 0 27
4104 0 27
4105 0 27
4106 0 27
4107 0 27
4108 0 27
4109 0 27
4110 0 27
4111 0 27
4112 0 26
4113 0 26
4114 0 25
4115 0 27
4116 0 27
4117 0 27
4118 0 27
4119 0 27
4120 0 26
4121 0 27
4122 0 27
4123 0 26
4124 0 26
4125 0 27
4126 0 27
4127 0 27
4128 0 27
4129 0 27
4130 0 26
4131 0 27
4132 0 27
4133 0 27
4134 0 27
4135 0 26
4136 0 27
4137 0 27
4138 0 27
4139 0 27
4140 0 27
4141 0 27
4142 0 27
4143 0 27
4144 0 27
4145 0 27
4146 0 26
4147 0 26
4148 0 25
4149 0 27
4150 0 27
4151 0 27
4152 0 27
4153 0 27
4154 0 27
4155 0 27
4156 0 27
4157 0 27
4158 0 26
4159 0 26
4160 0 27
4161 0 26
4162 0 26
4163 0 26
4164 0 26
4165 0 25
4166 0 25
4167 0 27
4168 0 27
4169 0 27
4170 0 27
4171 0 27
4172 0 26
4173 0 27
4174 0 27
4175 0 26
4176 0 26
4177 0 27
4178 0 27
4179 0 27
4180 0 27
4181 0 27
4182 0 26
4183 0 27
4184 0 27
4185 0 27
4186 0 27
4187 0 26
4188 0 27
4189 0 27
4190 0 27
4191 0 27
4192 0 27
4193 0 27
4194 0 27
4195 0 27
4196 0 27
4197 0 27
4198 0 26
4199 0 26
4200 0 25
4201 0 27
4202 0 27
4203 0 26
4204 0 26
4205 0 26
4206 0 27
4207 0 27
4208 0 26
4209 0 26
4210 0 27
4211 0 27
4212 0 27
4213 0 26
4214 0 26
4215 0 26
4216 0 26
4217 0 26
4218 0 26
4219 0 27
4220 0 27
4221 0 27
4222 0 26
4223 0 26
4224 0 25
4225 0 27
4226 0 27
4227 0 26
4228 0 26
4229 0 26
4230 0 27
4231 0 27
4232 0 26
4233 0 26
4234 0 27
4235 0 27
4236 0 27
4237 0 26
4238 0 26
4239 0 26
4240 0 26
4241 0 26
4242 0 26
4243 0 27
4244 0 27
4245 0 27
4246 0 27
4247 0 27
4248 0 26
4249 0 27
4250 0 27
4251 0 26
4252 0 26
4253 0 27
4254 0 27
4255 0 27
4256 0 27
4257 0 27
4258 0 26
4259 0 27
4260 0 27
4261 0 27
4262 0 27
4263 0 27
4264 0 26
4265 0 27
4266 0 27
4267 0 26
4268 0 26
4269 0 27
4270 0 27
4271 0 27
4272 0 27
4273 0 27
4274 0 26
4275 0 27
4276 0 27
4277 0 25
4278 0 25
4279 0 26
4280 0 27
4281 0 27
4282 0 25
4283 0 25
4284 0 27
4285 0 27
4286 0 27
4287 0 27
4288 0 27
4289 0 27
4290 0 26
4291 0 26
4292 0 26
4293 0 28
4294 0 27
4295 0 28
4296 0 27
4297 0 27
4298 0 27
4299 0 27
4300 0 27
4301 0 27
4302 0 27
4303 0 27
4304 0 28
4305 0 27
4306 0 28
4307 0 27
4308 0 27
4309 0 27
4310 0 27
4311 0 27
4312 0 27
4313 0 28
4314 0 27
4315 0 28
4316 0 27
4317 0 27
4318 0 28
4319 0 27
4320 0 27
4321 0 26
4322 0 27
4323 0 27
4324 0 26
4325 0 27
4326 0 26
4327 0 26
4328 0 27
4329 0 27
4330 0 27
4331 0 27
4332 0 28
4333 0 27
4334 0 28
4335 0 27
4336 0 27
4337 0 28
4338 0 27
4339 0 27
4340 0 26
4341 0 27
4342 0 26
4343 0 26
4344 0 26
4345 0 26
4346 0 26
4347 0 26
4348 0 28
4349 0 27
4350 0 28
4351 0 27
4352 0 27
4353 0 27
4354 0 27
4355 0 27
4356 0 27
4357 0 27
4358 0 27
4359 0 28
4360 0 27
4361 0 28
4362 0 27
4363 0 27
4364 0 27
4365 0 27
4366 0 27
4367 0 27
4368 0 28
4369 0 27
4370 0 28
4371 0 27
4372 0 27
4373 0 28
4374 0 27
4375 0 27
4376 0 26
4377 0 27
4378 0 27
4379 0 26
4380 0 27
4381 0 26
4382 0 26
4383 0 27
4384 0 27
4385 0 27
4386 0 27
4387 0 28
4388 0 27
4389 0 28
4390 0 27
4391 0 27
4392 0 28
4393 0 27
4394 0 28
4395 0 27
4396 0 28
4397 0 27
4398 0 27
4399 0 27
4400 0 27
4401 0 27
4402 0 27
4403 0 28
4404 0 27
4405 0 28
4406 0 26
4407 0 26
4408 0 27
4409 0 27
4410 0 27
4411 0 27
4412 0 28
4413 0 27
4414 0 28
4415 0 27
4416 0 27
4417 0 28
4418 0 27
4419 0 28
4420 0 27
4421 0 28
4422 0 27
4423 0 27
4424 0 27
4425 0 27
4426 0 27
4427 0 27
4428 0 27
4429 0 26
4430 0 27
4431 0 27
4432 0 27
4433 0 27
4434 0 27
4435 0 27
4436 0 27
4437 0 26
4438 0 25
4439 0 27
4440 0 26
4441 0 27
4442 0 27
4443 0 27
4444 0 27
4445 0 27
4446 0 27
4447 0 26
4448 0 27
4449 0 27
4450 0 27
4451 0 27
4452 0 27
4453 0 27
4454 0 27
4455 0 26
4456 0 25
4457 0 27
4458 0 26
4459 0 27
4460 0 27
4461 0 27
4462 0 27
4463 0 27
4464 0 26
4465 0 26
4466 0 27
4467 0 26
4468 0 27
4469 0 26
4470 0 26
4471 0 27
4472 0 26
4473 0 27
4474 0 26
4475 0 27
4476 0 27
4477 0 26
4478 0 27
4479 0 25
4480 0 25
4481 0 27
4482 0 27
4483 0 27
4484 0 27
4485 0 28
4486 0 27
4487 0 28
4488 0 27
4489 0 27
4490 0 28
4491 0 27
4492 0 28
4493 0 27
4494 0 28
4495 0 27
4496 0 27
4497 0 27
4498 0 27
4499 0 27
4500 0 27
4501 0 28
4502 0 27
4503 0 28
4504 0 27
4505 0 27
4506 0 27
4507 0 27
4508 0 27
4509 0 27
4510 0 28
4511 0 27
4512 0 28
4513 0 27
4514 0 27
4515 0 28
4516 0 27
4517 0 28
4518 0 27
4519 0 28
4520 0 27
4521 0 27
4522 0 27
4523 0 27
4524 0 27
4525 0 27
4526 0 27
4527 0 26
4528 0 27
4529 0 26
4530 0 26
4531 0 27
4532 0 27
4533 0 26
4534 0 26
4535 0 26
4536 0 26
4537 0 27
4538 0 26
4539 0 27
4540 0 27
4541 0 27
4542 0 27
4543 0 27
4544 0 26
4545 0 26
4546 0 27
4547 0 26
4548 0 27
4549 0 26
4550 0 26
4551 0 27
4552 0 26
4553 0 26
4554 0 26
4555 0 27
4556 0 26
4557 0 27
4558 0 26
4559 0 26
4560 0 27
4561 0 26
4562 0 26
4563 0 25
4564 0 26
4565 0 25
4566 0 25
4567 0 25
4568 0 25
4569 0 25
4570 0 26
4571 0 28
4572 0 27
4573 0 28
4574 0 27
4575 0 27
4576 0 27
4577 0 27
4578 0 27
4579 0 27
4580 0 27
4581 0 27
4582 0 28
4583 0 27
4584 0 28
4585 0 27
4586 0 27
4587 0 27
4588 0 27
4589 0 27
4590 0 27
4591 0 28
4592 0 27
4593 0 28
4594 0 27
4595 0 27
4596 0 28
4597 0 27
4598 0 27
4599 0 26
4600 0 27
4601 0 27
4602 0 26
4603 0 27
4604 0 26
4605 0 26
4606 0 27
4607 0 27
4608 0 27
4609 0 27
4610 0 28
4611 0 27
4612 0 28
4613 0 27
4614 0 27
4615 0 28
4616 0 27
4617 0 27
4618 0 26
4619 0 27
4620 0 26
4621 0 26
4622 0 26
4623 0 26
4624 0 26
4625 0 26
4626 0 28
4627 0 27
4628 0 28
4629 0 27
4630 0 27
4631 0 27
4632 0 27
4633 0 27
4634 0 27
4635 0 27
4636 0 27
4637 0 28
4638 0 27
4639 0 28
4640 0 27
4641 0 27
4642 0 27
4643 0 27
4644 0 27
4645 0 27
4646 0 28
4647 0 27
4648 0 28
4649 0 27
4650 0 27
4651 0 28
4652 0 27
4653 0 27
4654 0 26
4655 0 27
4656 0 27
4657 0 26
4658 0 27
4659 0 26
4660 0 26
4661 0 27
4662 0 27
4663 0 27
4664 0 27
4665 0 28
4666 0 27
4667 0 28
4668 0 27
4669 0 27
4670 0 28
4671 0 27
4672 0 28
4673 0 27
4674 0 28
4675 0 27
4676 0 27
4677 0 27
4678 0 27
4679 0 27
4680 0 27
4681 0 28
4682 0 27
4683 0 28
4684 0 26
4685 0 26
4686 0 27
4687 0 27
4688 0 27
4689 0 27
4690 0 28
4691 0 27
4692 0 28
4693 0 27
4694 0 27
4695 0 28
4696 0 27
4697 0 28
4698 0 27
4699 0 28
4700 0 27
4701 0 27
4702 0 27
4703 0 27
4704 0 27
4705 0 27
4706 0 27
4707 0 26
4708 0 27
4709 0 27
4710 0 27
4711 0 27
4712 0 27
4713 0 27
4714 0 27
4715 0 26
4716 0 25
4717 0 27
4718 0 26
4719 0 27
4720 0 27
4721 0 27
4722 0 27
4723 0 27
4724 0 27
4725 0 26
4726 0 27
4727 0 27
4728 0 27
4729 0 27
4730 0 27
4731 0 27
4732 0 27
4733 0 26
4734 0 25
4735 0 27
4736 0 26
4737 0 27
4738 0 27
4739 0 27
4740 0 27
4741 0 27
4742 0 26
4743 0 26
4744 0 27
4745 0 26
4746 0 27
4747 0 26
4748 0 26
4749 0 27
4750 0 26
4751 0 27
4752 0 26
4753 0 27
4754 0 27
4755 0 26
4756 0 27
4757 0 25
4758 0 25
4759 0 27
4760 0 27
4761 0 27
4762 0 27
4763 0 27
4764 0 27
4765 0 27
4766 0 27
4767 0 27
4768 0 27
4769 0 27
4770 0 27
4771 0 26
4772 0 27
4773 0 26
4774 0 26
4775 0 26
4776 0 26
4777 0 26
4778 0 26
4779 0 27
4780 0 26
4781 0 27
4782 0 26
4783 0 26
4784 0 26
4785 0 26
4786 0 27
4787 0 27
4788 0 27
4789 0 27
4790 0 27
4791 0 27
4792 0 27
4793 0 27
4794 0 27
4795 0 27
4796 0 26
4797 0 27
4798 0 26
4799 0 26
4800 0 26
4801 0 26
4802 0 26
4803 0 26
4804 0 27
4805 0 26
4806 0 27
4807 0 27
4808 0 27
4809 0 26
4810 0 26
4811 0 27
4812 0 27
4813 0 26
4814 0 25
4815 0 27
4816 0 26
4817 0 27
4818 0 27
4819 0 27
4820 0 26
4821 0 26
4822 0 26
4823 0 26
4824 0 26
4825 0 25
4826 0 27
4827 0 26
4828 0 26
4829 0 26
4830 0 25
4831 0 26
4832 0 26
4833 0 26
4834 0 25
4835 0 27
4836 0 26
4837 0 26
4838 0 26
4839 0 25
4840 0 26
4841 0 25
4842 0 26
4843 0 26
4844 0 26
4845 0 26
4846 0 26
4847 0 26
4848 0 26
4849 0 27
4850 0 26
4851 0 27
4852 0 27
4853 0 27
4854 0 26
4855 0 26
4856 0 27
4857 0 27
4858 0 26
4859 0 25
4860 0 27
4861 0 26
4862 0 27
4863 0 27
4864 0 27
4865 0 26
4866 0 26
4867 0 26
4868 0 26
4869 0 26
4870 0 26
4871 0 26
4872 0 26
4873 0 26
4874 0 26
4875 0 26
4876 0 26
4877 0 25
4878 0 26
4879 0 26
4880 0 25
4881 0 26
4882 0 25
4883 0 25
4884 0 26
4885 0 26
4886 0 27
4887 0 27
4888 0 27
4889 0 27
4890 0 27
4891 0 27
4892 0 27
4893 0 27
4894 0 27
4895 0 27
4896 0 26
4897 0 27
4898 0 26
4899 0 26
4900 0 26
4901 0 26
4902 0 26
4903 0 26
4904 0 27
4905 0 26
4906 0 27
4907 0 26
4908 0 26
4909 0 26
4910 0 26
4911 0 27
4912 0 27
4913 0 27
4914 0 27
4915 0 27
4916 0 27
4917 0 27
4918 0 27
4919 0 27
4920 0 27
4921 0 26
4922 0 27
4923 0 26
4924 0 26
4925 0 26
4926 0 26
4927 0 26
4928 0 26
4929 0 27
4930 0 26
4931 0 27
4932 0 27
4933 0 27
4934 0 27
4935 0 27
4936 0 27
4937 0 27
4938 0 26
4939 0 25
4940 0 27
4941 0 26
4942 0 27
4943 0 27
4944 0 27
4945 0 27
4946 0 27
4947 0 26
4948 0 26
4949 0 26
4950 0 25
4951 0 27
4952 0 26
4953 0 26
4954 0 26
4955 0 25
4956 0 26
4957 0 26
4958 0 26
4959 0 25
4960 0 27
4961 0 26
4962 0 26
4963 0 26
4964 0 25
4965 0 26
4966 0 25
4967 0 26
4968 0 26
4969 0 26
4970 0 26
4971 0 26
4972 0 26
4973 0 26
4974 0 27
4975 0 27
4976 0 27
4977 0 27
4978 0 27
4979 0 26
4980 0 26
4981 0 27
4982 0 27
4983 0 26
4984 0 26
4985 0 27
4986 0 27
4987 0 27
4988 0 27
4989 0 27
4990 0 26
4991 0 26
4992 0 27
4993 0 27
4994 0 27
4995 0 27
4996 0 27
4997 0 27
4998 0 27
4999 0 27
5000 0 27
5001 0 26
5002 0 25
5003 0 26
5004 0 26
5005 0 25
5006 0 26
5007 0 26
5008 0 26
5009 0 26
5010 0 26
5011 0 27
5012 0 27
5013 0 27
5014 0 27
5015 0 27
5016 0 27
5017 0 27
5018 0 27
5019 0 27
5020 0 26
5021 0 26
5022 0 26
5023 0 26
5024 0 26
5025 0 26
5026 0 26
5027 0 25
5028 0 26
5029 0 27
5030 0 27
5031 0 27
5032 0 27
5033 0 27
5034 0 26
5035 0 26
5036 0 27
5037 0 27
5038 0 26
5039 0 26
5040 0 27
5041 0 27
5042 0 27
5043 0 27
5044 0 27
5045 0 26
5046 0 26
5047 0 27
5048 0 27
5049 0 27
5050 0 27
5051 0 27
5052 0 27
5053 0 27
5054 0 27
5055 0 27
5056 0 26
5057 0 25
5058 0 26
5059 0 26
5060 0 25
5061 0 26
5062 0 26
5063 0 26
5064 0 26
5065 0 26
5066 0 27
5067 0 27
5068 0 27
5069 0 27
5070 0 27
5071 0 26
5072 0 26
5073 0 27
5074 0 27
5075 0 26
5076 0 26
5077 0 27
5078 0 27
5079 0 27
5080 0 27
5081 0 27
5082 0 26
5083 0 26
5084 0 27
5085 0 27
5086 0 27
5087 0 27
5088 0 27
5089 0 27
5090 0 27
5091 0 27
5092 0 27
5093 0 26
5094 0 25
5095 0 26
5096 0 26
5097 0 25
5098 0 26
5099 0 26
5100 0 26
5101 0 26
5102 0 26
5103 0 27
5104 0 27
5105 0 27
5106 0 27
5107 0 27
5108 0 27
5109 0 27
5110 0 27
5111 0 27
5112 0 26
5113 0 26
5114 0 26
5115 0 26
5116 0 26
5117 0 26
5118 0 26
5119 0 25
5120 0 26
5121 0 27
5122 0 27
5123 0 27
5124 0 27
5125 0 27
5126 0 26
5127 0 26
5128 0 27
5129 0 27
5130 0 26
5131 0 26
5132 0 27
5133 0 27
5134 0 27
5135 0 27
5136 0 27
5137 0 26
5138 0 26
5139 0 27
5140 0 27
5141 0 27
5142 0 27
5143 0 27
5144 0 27
5145 0 27
5146 0 27
5147 0 27
5148 0 26
5149 0 25
5150 0 26
5151 0 26
5152 0 25
5153 0 26
5154 0 26
5155 0 26
5156 0 26
5157 0 26
5158 0 27
5159 0 27
5160 0 26
5161 0 26
5162 0 26
5163 0 27
5164 0 27
5165 0 26
5166 0 26
5167 0 26
5168 0 25
5169 0 26
5170 0 25
5171 0 25
5172 0 25
5173 0 25
5174 0 25
5175 0 26
5176 0 26
5177 0 25
5178 0 26
5179 0 26
5180 0 26
5181 0 25
5182 0 25
5183 0 27
5184 0 27
5185 0 26
5186 0 26
5187 0 26
5188 0 27
5189 0 27
5190 0 26
5191 0 26
5192 0 26
5193 0 25
5194 0 26
5195 0 25
5196 0 25
5197 0 25
5198 0 25
5199 0 25
5200 0 26
5201 0 27
5202 0 26
5203 0 27
5204 0 27
5205 0 27
5206 0 25
5207 0 25
5208 0 27
5209 0 27
5210 0 26
5211 0 26
5212 0 27
5213 0 26
5214 0 27
5215 0 27
5216 0 27
5217 0 25
5218 0 25
5219 0 27
5220 0 26
5221 0 27
5222 0 27
5223 0 27
5224 0 25
5225 0 25
5226 0 27
5227 0 27
5228 0 26
5229 0 26
5230 0 27
5231 0 26
5232 0 27
5233 0 27
5234 0 27
5235 0 25
5236 0 25
5237 0 26
5238 0 26
5239 0 25
5240 0 26
5241 0 25
5242 0 26
5243 0 26
5244 0 25
5245 0 26
5246 0 26
5247 0 26
5248 0 26
5249 0 26
5250 0 26
5251 0 26
5252 0 26
5253 0 26
5254 0 26
5255 0 26
5256 0 28
5257 0 28
5258 0 28
5259 0 27
5260 0 28
5261 0 28
5262 0 28
5263 0 27
5264 0 28
5265 0 27
5266 0 27
5267 0 27
5268 0 27
5269 0 28
5270 0 27
5271 0 28
5272 0 27
5273 0 27
5274 0 27
5275 0 27
5276 0 27
5277 0 28
5278 0 28
5279 0 28
5280 0 27
5281 0 28
5282 0 28
5283 0 28
5284 0 27
5285 0 28
5286 0 27
5287 0 27
5288 0 27
5289 0 27
5290 0 28
5291 0 27
5292 0 28
5293 0 27
5294 0 28
5295 0 27
5296 0 27
5297 0 27
5298 0 28
5299 0 27
5300 0 28
5301 0 27
5302 0 28
5303 0 27
5304 0 28
5305 0 27
5306 0 27
5307 0 27
5308 0 27
5309 0 27
5310 0 27
5311 0 26
5312 0 27
5313 0 27
5314 0 27
5315 0 27
5316 0 27
5317 0 26
5318 0 27
5319 0 27
5320 0 27
5321 0 26
5322 0 27
5323 0 26
5324 0 27
5325 0 27
5326 0 27
5327 0 28
5328 0 27
5329 0 28
5330 0 27
5331 0 28
5332 0 27
5333 0 27
5334 0 27
5335 0 28
5336 0 27
5337 0 28
5338 0 27
5339 0 28
5340 0 27
5341 0 28
5342 0 27
5343 0 27
5344 0 27
5345 0 27
5346 0 27
5347 0 27
5348 0 26
5349 0 27
5350 0 27
5351 0 27
5352 0 26
5353 0 27
5354 0 26
5355 0 27
5356 0 26
5357 0 27
5358 0 26
5359 0 26
5360 0 27
5361 0 27
5362 0 26
5363 0 28
5364 0 28
5365 0 28
5366 0 27
5367 0 28
5368 0 28
5369 0 28
5370 0 27
5371 0 28
5372 0 27
5373 0 27
5374 0 27
5375 0 27
5376 0 28
5377 0 27
5378 0 28
5379 0 27
5380 0 27
5381 0 27
5382 0 27
5383 0 27
5384 0 28
5385 0 28
5386 0 28
5387 0 27
5388 0 28
5389 0 28
5390 0 28
5391 0 27
5392 0 28
5393 0 27
5394 0 27
5395 0 27
5396 0 27
5397 0 28
5398 0 27
5399 0 28
5400 0 27
5401 0 28
5402 0 27
5403 0 27
5404 0 27
5405 0 28
5406 0 27
5407 0 28
5408 0 27
5409 0 28
5410 0 27
5411 0 28
5412 0 27
5413 0 27
5414 0 27
5415 0 27
5416 0 27
5417 0 27
5418 0 26
5419 0 27
5420 0 27
5421 0 27
5422 0 27
5423 0 27
5424 0 26
5425 0 27
5426 0 27
5427 0 27
5428 0 26
5429 0 27
5430 0 26
5431 0 27
5432 0 27
5433 0 27
5434 0 28
5435 0 27
5436 0 28
5437 0 27
5438 0 28
5439 0 27
5440 0 27
5441 0 27
5442 0 28
5443 0 27
5444 0 28
5445 0 27
5446 0 28
5447 0 27
5448 0 28
5449 0 27
5450 0 27
5451 0 27
5452 0 28
5453 0 28
5454 0 28
5455 0 27
5456 0 28
5457 0 28
5458 0 27
5459 0 27
5460 0 27
5461 0 27
5462 0 27
5463 0 27
5464 0 27
5465 0 27
5466 0 27
5467 0 27
5468 0 27
5469 0 27
5470 0 28
5471 0 28
5472 0 28
5473 0 27
5474 0 28
5475 0 28
5476 0 27
5477 0 26
5478 0 27
5479 0 26
5480 0 27
5481 0 27
5482 0 26
5483 0 28
5484 0 27
5485 0 28
5486 0 27
5487 0 28
5488 0 27
5489 0 27
5490 0 27
5491 0 28
5492 0 27
5493 0 28
5494 0 27
5495 0 28
5496 0 27
5497 0 28
5498 0 27
5499 0 27
5500 0 27
5501 0 28
5502 0 28
5503 0 28
5504 0 27
5505 0 28
5506 0 28
5507 0 27
5508 0 27
5509 0 27
5510 0 27
5511 0 27
5512 0 27
5513 0 27
5514 0 27
5515 0 27
5516 0 27
5517 0 27
5518 0 27
5519 0 27
5520 0 27
5521 0 27
5522 0 26
5523 0 27
5524 0 27
5525 0 27
5526 0 27
5527 0 27
5528 0 27
5529 0 27
5530 0 27
5531 0 26
5532 0 27
5533 0 27
5534 0 27
5535 0 27
5536 0 26
5537 0 26
5538 0 26
5539 0 25
5540 0 27
5541 0 27
5542 0 27
5543 0 26
5544 0 27
5545 0 27
5546 0 27
5547 0 27
5548 0 27
5549 0 27
5550 0 27
5551 0 27
5552 0 26
5553 0 27
5554 0 27
5555 0 27
5556 0 26
5557 0 27
5558 0 27
5559 0 27
5560 0 27
5561 0 27
5562 0 27
5563 0 27
5564 0 27
5565 0 26
5566 0 27
5567 0 27
5568 0 27
5569 0 27
5570 0 26
5571 0 26
5572 0 26
5573 0 25
5574 0 27
5575 0 27
5576 0 27
5577 0 26
5578 0 27
5579 0 27
5580 0 27
5581 0 27
5582 0 27
5583 0 27
5584 0 27
5585 0 27
5586 0 26
5587 0 27
5588 0 26
5589 0 27
5590 0 26
5591 0 27
5592 0 26
5593 0 26
5594 0 26
5595 0 27
5596 0 26
5597 0 27
5598 0 26
5599 0 27
5600 0 26
5601 0 27
5602 0 26
5603 0 26
5604 0 26
5605 0 27
5606 0 27
5607 0 27
5608 0 26
5609 0 27
5610 0 27
5611 0 27
5612 0 27
5613 0 27
5614 0 26
5615 0 27
5616 0 27
5617 0 27
5618 0 25
5619 0 27
5620 0 25
5621 0 27
5622 0 27
5623 0 26
5624 0 28
5625 0 27
5626 0 28
5627 0 27
5628 0 28
5629 0 27
5630 0 27
5631 0 27
5632 0 28
5633 0 27
5634 0 28
5635 0 27
5636 0 28
5637 0 27
5638 0 28
5639 0 27
5640 0 27
5641 0 27
5642 0 28
5643 0 28
5644 0 28
5645 0 27
5646 0 28
5647 0 28
5648 0 27
5649 0 27
5650 0 27
5651 0 27
5652 0 27
5653 0 27
5654 0 27
5655 0 27
5656 0 27
5657 0 27
5658 0 27
5659 0 27
5660 0 28
5661 0 28
5662 0 28
5663 0 27
5664 0 28
5665 0 28
5666 0 27
5667 0 27
5668 0 27
5669 0 27
5670 0 27
5671 0 27
5672 0 26
5673 0 28
5674 0 27
5675 0 28
5676 0 27
5677 0 28
5678 0 27
5679 0 27
5680 0 27
5681 0 28
5682 0 27
5683 0 28
5684 0 27
5685 0 28
5686 0 27
5687 0 28
5688 0 27
5689 0 27
5690 0 27
5691 0 28
5692 0 28
5693 0 28
5694 0 27
5695 0 28
5696 0 28
5697 0 27
5698 0 27
5699 0 27
5700 0 27
5701 0 27
5702 0 27
5703 0 27
5704 0 27
5705 0 27
5706 0 27
5707 0 27
5708 0 27
5709 0 27
5710 0 27
5711 0 27
5712 0 26
5713 0 27
5714 0 27
5715 0 27
5716 0 26
5717 0 27
5718 0 26
5719 0 27
5720 0 27
5721 0 26
5722 0 27
5723 0 26
5724 0 27
5725 0 26
5726 0 26
5727 0 26
5728 0 26
5729 0 26
5730 0 27
5731 0 27
5732 0 27
5733 0 26
5734 0 27
5735 0 27
5736 0 27
5737 0 27
5738 0 27
5739 0 27
5740 0 27
5741 0 27
5742 0 26
5743 0 27
5744 0 26
5745 0 27
5746 0 26
5747 0 27
5748 0 26
5749 0 26
5750 0 26
5751 0 27
5752 0 26
5753 0 27
5754 0 26
5755 0 27
5756 0 26
5757 0 27
5758 0 26
5759 0 26
5760 0 26
5761 0 27
5762 0 26
5763 0 27
5764 0 26
5765 0 27
5766 0 26
5767 0 26
5768 0 26
5769 0 27
5770 0 26
5771 0 27
5772 0 26
5773 0 27
5774 0 26
5775 0 27
5776 0 26
5777 0 26
5778 0 26
5779 0 26
5780 0 26
5781 0 26
5782 0 25
5783 0 26
5784 0 26
5785 0 27
5786 0 25
5787 0 27
5788 0 25
5789 0 27
5790 0 25
5791 0 27
5792 0 25
5793 0 25
5794 0 26
5795 0 26
5796 0 26
5797 0 28
5798 0 28
5799 0 28
5800 0 27
5801 0 28
5802 0 28
5803 0 28
5804 0 27
5805 0 28
5806 0 27
5807 0 27
5808 0 27
5809 0 27
5810 0 28
5811 0 27
5812 0 28
5813 0 27
5814 0 27
5815 0 27
5816 0 27
5817 0 27
5818 0 28
5819 0 28
5820 0 28
5821 0 27
5822 0 28
5823 0 28
5824 0 28
5825 0 27
5826 0 28
5827 0 27
5828 0 27
5829 0 27
5830 0 27
5831 0 28
5832 0 27
5833 0 28
5834 0 27
5835 0 28
5836 0 27
5837 0 27
5838 0 27
5839 0 28
5840 0 27
5841 0 28
5842 0 27
5843 0 28
5844 0 27
5845 0 28
5846 0 27
5847 0 27
5848 0 27
5849 0 27
5850 0 27
5851 0 27
5852 0 26
5853 0 27
5854 0 27
5855 0 27
5856 0 27
5857 0 27
5858 0 26
5859 0 27
5860 0 27
5861 0 27
5862 0 26
5863 0 27
5864 0 26
5865 0 27
5866 0 27
5867 0 27
5868 0 28
5869 0 27
5870 0 28
5871 0 27
5872 0 28
5873 0 27
5874 0 27
5875 0 27
5876 0 28
5877 0 27
5878 0 28
5879 0 27
5880 0 28
5881 0 27
5882 0 28
5883 0 27
5884 0 27
5885 0 27
5886 0 27
5887 0 27
5888 0 27
5889 0 26
5890 0 27
5891 0 27
5892 0 27
5893 0 26
5894 0 27
5895 0 26
5896 0 27
5897 0 26
5898 0 27
5899 0 26
5900 0 26
5901 0 27
5902 0 27
5903 0 26
5904 0 28
5905 0 28
5906 0 28
5907 0 27
5908 0 28
5909 0 28
5910 0 28
5911 0 27
5912 0 28
5913 0 27
5914 0 27
5915 0 27
5916 0 27
5917 0 28
5918 0 27
5919 0 28
5920 0 27
5921 0 27
5922 0 27
5923 0 27
5924 0 27
5925 0 28
5926 0 28
5927 0 28
5928 0 27
5929 0 28
5930 0 28
5931 0 28
5932 0 27
5933 0 28
5934 0 27
5935 0 27
5936 0 27
5937 0 27
5938 0 28
5939 0 27
5940 0 28
5941 0 27
5942 0 28
5943 0 27
5944 0 27
5945 0 27
5946 0 28
5947 0 27
5948 0 28
5949 0 27
5950 0 28
5951 0 27
5952 0 28
5953 0 27
5954 0 27
5955 0 27
5956 0 27
5957 0 27
5958 0 27
5959 0 26
5960 0 27
5961 0 27
5962 0 27
5963 0 27
5964 0 27
5965 0 26
5966 0 27
5967 0 27
5968 0 27
5969 0 26
5970 0 27
5971 0 26
5972 0 27
5973 0 27
5974 0 27
5975 0 28
5976 0 27
5977 0 28
5978 0 27
5979 0 28
5980 0 27
5981 0 27
5982 0 27
5983 0 28
5984 0 27
5985 0 28
5986 0 27
5987 0 28
5988 0 27
5989 0 28
5990 0 27
5991 0 27
5992 0 27
5993 0 28
5994 0 28
5995 0 28
5996 0 27
5997 0 28
5998 0 28
5999 0 27
6000 0 27
6001 0 27
6002 0 27
6003 0 27
6004 0 27
6005 0 27
6006 0 27
6007 0 27
6008 0 27
6009 0 27
6010 0 27
6011 0 28
6012 0 28
6013 0 28
6014 0 27
6015 0 28
6016 0 28
6017 0 27
6018 0 26
6019 0 27
6020 0 26
6021 0 27
6022 0 27
6023 0 26
6024 0 28
6025 0 27
6026 0 28
6027 0 27
6028 0 28
6029 0 27
6030 0 27
6031 0 27
6032 0 28
6033 0 27
6034 0 28
6035 0 27
6036 0 28
6037 0 27
6038 0 28
6039 0 27
6040 0 27
6041 0 27
6042 0 28
6043 0 28
6044 0 28
6045 0 27
6046 0 28
6047 0 28
6048 0 27
6049 0 27
6050 0 27
6051 0 27
6052 0 27
6053 0 27
6054 0 27
6055 0 27
6056 0 27
6057 0 27
6058 0 27
6059 0 27
6060 0 27
6061 0 27
6062 0 27
6063 0 26
6064 0 27
6065 0 27
6066 0 27
6067 0 27
6068 0 27
6069 0 27
6070 0 27
6071 0 27
6072 0 26
6073 0 27
6074 0 27
6075 0 27
6076 0 27
6077 0 26
6078 0 26
6079 0 26
6080 0 25
6081 0 27
6082 0 27
6083 0 27
6084 0 26
6085 0 27
6086 0 27
6087 0 27
6088 0 27
6089 0 27
6090 0 27
6091 0 27
6092 0 27
6093 0 26
6094 0 27
6095 0 27
6096 0 27
6097 0 26
6098 0 27
6099 0 27
6100 0 27
6101 0 27
6102 0 27
6103 0 27
6104 0 27
6105 0 27
6106 0 26
6107 0 27
6108 0 27
6109 0 27
6110 0 27
6111 0 26
6112 0 26
6113 0 26
6114 0 25
6115 0 27
6116 0 27
6117 0 27
6118 0 26
6119 0 27
6120 0 27
6121 0 27
6122 0 27
6123 0 27
6124 0 27
6125 0 27
6126 0 27
6127 0 26
6128 0 27
6129 0 26
6130 0 27
6131 0 26
6132 0 27
6133 0 26
6134 0 26
6135 0 26
6136 0 27
6137 0 26
6138 0 27
6139 0 26
6140 0 27
6141 0 26
6142 0 27
6143 0 26
6144 0 26
6145 0 26
6146 0 27
6147 0 27
6148 0 27
6149 0 26
6150 0 27
6151 0 27
6152 0 27
6153 0 27
6154 0 27
6155 0 26
6156 0 27
6157 0 27
6158 0 27
6159 0 25
6160 0 27
6161 0 25
6162 0 27
6163 0 27
6164 0 26
6165 0 28
6166 0 27
6167 0 28
6168 0 27
6169 0 27
6170 0 27
6171 0 27
6172 0 27
6173 0 27
6174 0 27
6175 0 28
6176 0 27
6177 0 28
6178 0 27
6179 0 27
6180 0 27
6181 0 27
6182 0 27
6183 0 27
6184 0 28
6185 0 28
6186 0 26
6187 0 27
6188 0 28
6189 0 27
6190 0 26
6191 0 27
6192 0 26
6193 0 27
6194 0 26
6195 0 27
6196 0 26
6197 0 26
6198 0 27
6199 0 27
6200 0 26
6201 0 27
6202 0 28
6203 0 28
6204 0 26
6205 0 27
6206 0 28
6207 0 27
6208 0 26
6209 0 27
6210 0 26
6211 0 26
6212 0 26
6213 0 26
6214 0 28
6215 0 27
6216 0 28
6217 0 27
6218 0 27
6219 0 27
6220 0 27
6221 0 27
6222 0 27
6223 0 27
6224 0 28
6225 0 27
6226 0 28
6227 0 27
6228 0 27
6229 0 27
6230 0 27
6231 0 27
6232 0 27
6233 0 28
6234 0 28
6235 0 26
6236 0 27
6237 0 28
6238 0 27
6239 0 26
6240 0 27
6241 0 26
6242 0 27
6243 0 26
6244 0 27
6245 0 26
6246 0 26
6247 0 27
6248 0 27
6249 0 26
6250 0 27
6251 0 28
6252 0 28
6253 0 26
6254 0 27
6255 0 28
6256 0 28
6257 0 27
6258 0 28
6259 0 27
6260 0 26
6261 0 26
6262 0 27
6263 0 28
6264 0 27
6265 0 28
6266 0 27
6267 0 26
6268 0 27
6269 0 27
6270 0 25
6271 0 27
6272 0 28
6273 0 28
6274 0 26
6275 0 27
6276 0 28
6277 0 28
6278 0 27
6279 0 28
6280 0 27
6281 0 26
6282 0 26
6283 0 27
6284 0 27
6285 0 26
6286 0 27
6287 0 26
6288 0 26
6289 0 27
6290 0 27
6291 0 25
6292 0 27
6293 0 27
6294 0 27
6295 0 26
6296 0 27
6297 0 26
6298 0 26
6299 0 27
6300 0 27
6301 0 25
6302 0 27
6303 0 26
6304 0 27
6305 0 26
6306 0 26
6307 0 27
6308 0 27
6309 0 25
6310 0 27
6311 0 27
6312 0 27
6313 0 26
6314 0 27
6315 0 26
6316 0 26
6317 0 27
6318 0 27
6319 0 25
6320 0 26
6321 0 27
6322 0 27
6323 0 25
6324 0 26
6325 0 27
6326 0 27
6327 0 26
6328 0 27
6329 0 26
6330 0 27
6331 0 26
6332 0 27
6333 0 26
6334 0 26
6335 0 27
6336 0 27
6337 0 26
6338 0 27
6339 0 28
6340 0 28
6341 0 26
6342 0 27
6343 0 28
6344 0 28
6345 0 27
6346 0 28
6347 0 27
6348 0 26
6349 0 26
6350 0 27
6351 0 28
6352 0 27
6353 0 28
6354 0 27
6355 0 26
6356 0 27
6357 0 27
6358 0 25
6359 0 27
6360 0 28
6361 0 28
6362 0 26
6363 0 27
6364 0 28
6365 0 28
6366 0 27
6367 0 28
6368 0 27
6369 0 26
6370 0 26
6371 0 27
6372 0 27
6373 0 26
6374 0 27
6375 0 26
6376 0 26
6377 0 26
6378 0 26
6379 0 26
6380 0 26
6381 0 26
6382 0 27
6383 0 26
6384 0 27
6385 0 26
6386 0 26
6387 0 26
6388 0 26
6389 0 26
6390 0 26
6391 0 27
6392 0 27
6393 0 25
6394 0 26
6395 0 27
6396 0 26
6397 0 27
6398 0 27
6399 0 25
6400 0 26
6401 0 27
6402 0 26
6403 0 25
6404 0 26
6405 0 25
6406 0 26
6407 0 26
6408 0 25
6409 0 28
6410 0 27
6411 0 28
6412 0 27
6413 0 27
6414 0 27
6415 0 27
6416 0 27
6417 0 27
6418 0 27
6419 0 28
6420 0 27
6421 0 28
6422 0 27
6423 0 27
6424 0 27
6425 0 27
6426 0 27
6427 0 27
6428 0 28
6429 0 28
6430 0 26
6431 0 27
6432 0 28
6433 0 27
6434 0 26
6435 0 27
6436 0 26
6437 0 27
6438 0 26
6439 0 27
6440 0 26
6441 0 26
6442 0 27
6443 0 27
6444 0 26
6445 0 27
6446 0 28
6447 0 28
6448 0 26
6449 0 27
6450 0 28
6451 0 27
6452 0 26
6453 0 27
6454 0 26
6455 0 26
6456 0 26
6457 0 26
6458 0 28
6459 0 27
6460 0 28
6461 0 27
6462 0 27
6463 0 27
6464 0 27
6465 0 27
6466 0 27
6467 0 27
6468 0 28
6469 0 27
6470 0 28
6471 0 27
6472 0 27
6473 0 27
6474 0 27
6475 0 27
6476 0 27
6477 0 28
6478 0 28
6479 0 26
6480 0 27
6481 0 28
6482 0 27
6483 0 26
6484 0 27
6485 0 26
6486 0 27
6487 0 26
6488 0 27
6489 0 26
6490 0 26
6491 0 27
6492 0 27
6493 0 26
6494 0 27
6495 0 28
6496 0 28
6497 0 26
6498 0 27
6499 0 28
6500 0 28
6501 0 27
6502 0 28
6503 0 27
6504 0 27
6505 0 27
6506 0 27
6507 0 28
6508 0 27
6509 0 28
6510 0 27
6511 0 26
6512 0 27
6513 0 27
6514 0 25
6515 0 27
6516 0 28
6517 0 28
6518 0 26
6519 0 27
6520 0 28
6521 0 28
6522 0 27
6523 0 28
6524 0 27
6525 0 27
6526 0 27
6527 0 27
6528 0 27
6529 0 26
6530 0 27
6531 0 26
6532 0 26
6533 0 27
6534 0 27
6535 0 25
6536 0 27
6537 0 27
6538 0 27
6539 0 26
6540 0 27
6541 0 26
6542 0 26
6543 0 27
6544 0 27
6545 0 25
6546 0 27
6547 0 26
6548 0 27
6549 0 26
6550 0 26
6551 0 27
6552 0 27
6553 0 25
6554 0 27
6555 0 27
6556 0 27
6557 0 26
6558 0 27
6559 0 26
6560 0 26
6561 0 27
6562 0 27
6563 0 25
6564 0 26
6565 0 27
6566 0 27
6567 0 25
6568 0 26
6569 0 27
6570 0 27
6571 0 26
6572 0 27
6573 0 26
6574 0 27
6575 0 26
6576 0 27
6577 0 26
6578 0 26
6579 0 27
6580 0 27
6581 0 26
6582 0 27
6583 0 27
6584 0 27
6585 0 27
6586 0 27
6587 0 27
6588 0 27
6589 0 27
6590 0 27
6591 0 27
6592 0 26
6593 0 26
6594 0 26
6595 0 27
6596 0 27
6597 0 27
6598 0 27
6599 0 26
6600 0 26
6601 0 26
6602 0 26
6603 0 27
6604 0 27
6605 0 27
6606 0 27
6607 0 27
6608 0 27
6609 0 27
6610 0 27
6611 0 27
6612 0 27
6613 0 26
6614 0 26
6615 0 26
6616 0 27
6617 0 27
6618 0 27
6619 0 27
6620 0 27
6621 0 27
6622 0 27
6623 0 27
6624 0 27
6625 0 26
6626 0 27
6627 0 27
6628 0 27
6629 0 27
6630 0 27
6631 0 27
6632 0 27
6633 0 27
6634 0 26
6635 0 27
6636 0 27
6637 0 25
6638 0 26
6639 0 27
6640 0 26
6641 0 27
6642 0 27
6643 0 25
6644 0 26
6645 0 27
6646 0 26
6647 0 26
6648 0 26
6649 0 26
6650 0 26
6651 0 26
6652 0 25
6653 0 27
6654 0 27
6655 0 27
6656 0 27
6657 0 27
6658 0 27
6659 0 27
6660 0 27
6661 0 27
6662 0 27
6663 0 27
6664 0 27
6665 0 27
6666 0 27
6667 0 27
6668 0 27
6669 0 27
6670 0 27
6671 0 26
6672 0 26
6673 0 26
6674 0 26
6675 0 26
6676 0 27
6677 0 26
6678 0 26
6679 0 26
6680 0 26
6681 0 26
6682 0 26
6683 0 26
6684 0 26
6685 0 25
6686 0 25
6687 0 25
6688 0 26
6689 0 27
6690 0 27
6691 0 27
6692 0 27
6693 0 27
6694 0 27
6695 0 27
6696 0 27
6697 0 27
6698 0 27
6699 0 26
6700 0 26
6701 0 26
6702 0 27
6703 0 27
6704 0 27
6705 0 27
6706 0 26
6707 0 26
6708 0 26
6709 0 26
6710 0 27
6711 0 27
6712 0 27
6713 0 27
6714 0 27
6715 0 27
6716 0 27
6717 0 27
6718 0 27
6719 0 27
6720 0 26
6721 0 26
6722 0 26
6723 0 27
6724 0 27
6725 0 27
6726 0 27
6727 0 27
6728 0 27
6729 0 27
6730 0 27
6731 0 27
6732 0 26
6733 0 27
6734 0 27
6735 0 27
6736 0 27
6737 0 27
6738 0 27
6739 0 27
6740 0 27
6741 0 26
6742 0 27
6743 0 27
6744 0 25
6745 0 26
6746 0 27
6747 0 26
6748 0 27
6749 0 27
6750 0 25
6751 0 26
6752 0 27
6753 0 26
6754 0 26
6755 0 26
6756 0 26
6757 0 26
6758 0 26
6759 0 25
6760 0 27
6761 0 27
6762 0 27
6763 0 27
6764 0 27
6765 0 27
6766 0 27
6767 0 27
6768 0 27
6769 0 27
6770 0 26
6771 0 26
6772 0 26
6773 0 27
6774 0 27
6775 0 27
6776 0 27
6777 0 26
6778 0 26
6779 0 26
6780 0 26
6781 0 27
6782 0 27
6783 0 27
6784 0 27
6785 0 27
6786 0 27
6787 0 27
6788 0 27
6789 0 27
6790 0 27
6791 0 26
6792 0 26
6793 0 26
6794 0 27
6795 0 27
6796 0 27
6797 0 27
6798 0 27
6799 0 27
6800 0 27
6801 0 27
6802 0 27
6803 0 26
6804 0 27
6805 0 27
6806 0 27
6807 0 27
6808 0 27
6809 0 27
6810 0 27
6811 0 27
6812 0 26
6813 0 27
6814 0 27
6815 0 25
6816 0 26
6817 0 27
6818 0 26
6819 0 27
6820 0 27
6821 0 25
6822 0 26
6823 0 27
6824 0 26
6825 0 26
6826 0 26
6827 0 26
6828 0 26
6829 0 26
6830 0 25
6831 0 27
6832 0 27
6833 0 27
6834 0 27
6835 0 27
6836 0 27
6837 0 27
6838 0 27
6839 0 27
6840 0 27
6841 0 27
6842 0 27
6843 0 27
6844 0 27
6845 0 27
6846 0 27
6847 0 27
6848 0 27
6849 0 26
6850 0 26
6851 0 26
6852 0 26
6853 0 26
6854 0 27
6855 0 26
6856 0 26
6857 0 26
6858 0 26
6859 0 26
6860 0 26
6861 0 26
6862 0 26
6863 0 25
6864 0 25
6865 0 25
6866 0 26
6867 0 27
6868 0 27
6869 0 27
6870 0 27
6871 0 27
6872 0 27
6873 0 27
6874 0 27
6875 0 27
6876 0 27
6877 0 26
6878 0 26
6879 0 26
6880 0 27
6881 0 27
6882 0 27
6883 0 27
6884 0 26
6885 0 26
6886 0 26
6887 0 26
6888 0 27
6889 0 27
6890 0 27
6891 0 27
6892 0 27
6893 0 27
6894 0 27
6895 0 27
6896 0 27
6897 0 27
6898 0 26
6899 0 26
6900 0 26
6901 0 27
6902 0 27
6903 0 27
6904 0 27
6905 0 27
6906 0 27
6907 0 27
6908 0 27
6909 0 27
6910 0 26
6911 0 27
6912 0 27
6913 0 27
6914 0 27
6915 0 27
6916 0 27
6917 0 27
6918 0 27
6919 0 26
6920 0 27
6921 0 27
6922 0 25
6923 0 26
6924 0 27
6925 0 26
6926 0 27
6927 0 27
6928 0 25
6929 0 26
6930 0 27
6931 0 26
6932 0 26
6933 0 26
6934 0 26
6935 0 26
6936 0 26
6937 0 25
6938 0 27
6939 0 27
6940 0 27
6941 0 27
6942 0 26
6943 0 26
6944 0 26
6945 0 26
6946 0 26
6947 0 26
6948 0 27
6949 0 27
6950 0 27
6951 0 27
6952 0 26
6953 0 26
6954 0 26
6955 0 26
6956 0 26
6957 0 27
6958 0 27
6959 0 25
6960 0 26
6961 0 27
6962 0 26
6963 0 25
6964 0 26
6965 0 25
6966 0 26
6967 0 25
6968 0 26
6969 0 25
6970 0 25
6971 0 26
6972 0 26
6973 0 26
6974 0 26
6975 0 27
6976 0 27
6977 0 25
6978 0 26
6979 0 27
6980 0 26
6981 0 26
6982 0 26
6983 0 26
6984 0 25
6985 0 25
6986 0 25
6987 0 27
6988 0 27
6989 0 27
6990 0 27
6991 0 26
6992 0 26
6993 0 26
6994 0 26
6995 0 26
6996 0 26
6997 0 27
6998 0 27
6999 0 27
7000 0 27
7001 0 26
7002 0 26
7003 0 26
7004 0 26
7005 0 26
7006 0 27
7007 0 27
7008 0 25
7009 0 26
7010 0 27
7011 0 26
7012 0 25
7013 0 26
7014 0 25
7015 0 26
7016 0 25
7017 0 26
7018 0 25
7019 0 25
7020 0 26
7021 0 26
7022 0 26
7023 0 27
7024 0 27
7025 0 27
7026 0 26
7027 0 27
7028 0 27
7029 0 27
7030 0 27
7031 0 27
7032 0 27
7033 0 25
7034 0 25
7035 0 26
7036 0 27
7037 0 27
7038 0 27
7039 0 27
7040 0 26
7041 0 26
7042 0 26
7043 0 26
7044 0 27
7045 0 27
7046 0 27
7047 0 26
7048 0 27
7049 0 27
7050 0 27
7051 0 27
7052 0 27
7053 0 27
7054 0 25
7055 0 25
7056 0 26
7057 0 27
7058 0 27
7059 0 27
7060 0 26
7061 0 27
7062 0 27
7063 0 27
7064 0 27
7065 0 27
7066 0 27
7067 0 25
7068 0 25
7069 0 26
7070 0 27
7071 0 27
7072 0 27
7073 0 27
7074 0 26
7075 0 26
7076 0 26
7077 0 26
7078 0 27
7079 0 27
7080 0 27
7081 0 26
7082 0 27
7083 0 27
7084 0 27
7085 0 27
7086 0 27
7087 0 27
7088 0 25
7089 0 25
7090 0 26
7091 0 27
7092 0 26
7093 0 27
7094 0 26
7095 0 25
7096 0 25
7097 0 25
7098 0 26
7099 0 25
7100 0 26
7101 0 27
7102 0 26
7103 0 27
7104 0 26
7105 0 25
7106 0 25
7107 0 25
7108 0 26
7109 0 26
7110 0 27
7111 0 27
7112 0 26
7113 0 26
7114 0 27
7115 0 26
7116 0 27
7117 0 27
7118 0 26
7119 0 26
7120 0 27
7121 0 26
7122 0 26
7123 0 26
7124 0 26
7125 0 26
7126 0 26
7127 0 26
