      17 0 7
      18 0 8
      35 0 7
      65 0 7
      16 0 8
      63 0 7
      67 0 8
      7 0 7
      9 0 8
      13 0 8
      8 0 7
      14 0 8
      21 0 7
      61 0 7
      12 0 8
      58 0 7
      60 0 8
      23 0 7
      26 0 8
      49 0 8
      30 0 7
      39 0 7
      48 0 7
      51 0 8
      37 0 7
      50 0 8
      55 0 8
      41 0 7
      44 0 8
      52 0 8
      40 0 7
      43 0 7
      56 0 7
      57 0 8
      4 0 7
      28 0 7
      42 0 7
      53 0 8
      62 0 7
      64 0 7
      66 0 7
      68 0 8
