      4 0 10
      28 0 10
      42 0 10
      53 0 11
      41 0 10
      44 0 11
      52 0 11
      40 0 10
      3 0 10
      43 0 10
      56 0 10
      57 0 11
      37 0 10
      50 0 11
      55 0 11
      23 0 10
      26 0 11
      49 0 11
      30 0 10
      10 0 10
      39 0 10
      48 0 10
      51 0 11
      8 0 10
      14 0 11
      21 0 10
      61 0 10
      12 0 11
      58 0 10
      60 0 11
      7 0 10
      9 0 11
      13 0 11
      24 0 10
      62 0 10
      64 0 10
      66 0 10
      68 0 11
      16 0 11
      63 0 10
      67 0 11
      17 0 10
      18 0 11
      35 0 10
      65 0 10
      34 0 10
      46 0 10
      32 0 10
