      37 0 11
      50 0 12
      55 0 12
      34 0 12
      24 0 12
      62 0 11
      21 0 11
      23 0 11
      26 0 12
      49 0 12
      30 0 11
      39 0 11
      48 0 11
      51 0 12
      46 0 12
      35 0 11
      41 0 11
      44 0 12
      52 0 12
      40 0 11
      43 0 11
      56 0 11
      57 0 12
      32 0 12
      16 0 12
      63 0 11
      67 0 12
      3 0 12
      4 0 11
      17 0 11
      18 0 12
      65 0 11
      7 0 11
      9 0 12
      13 0 12
      10 0 12
      12 0 12
      58 0 11
      60 0 12
      8 0 11
      14 0 12
      61 0 11
      64 0 11
      66 0 11
      68 0 12
      28 0 11
      42 0 11
      53 0 12
