      46 0 13
      35 0 13
      21 0 13
      8 0 13
      14 0 14
      61 0 13
      17 0 13
      18 0 14
      65 0 13
      7 0 12
      9 0 13
      13 0 13
      16 0 13
      63 0 12
      67 0 13
      34 0 13
      62 0 13
      41 0 12
      44 0 13
      52 0 13
      64 0 13
      66 0 13
      68 0 14
      12 0 13
      58 0 12
      60 0 13
      24 0 13
      23 0 12
      26 0 13
      49 0 13
      4 0 13
      28 0 13
      42 0 13
      53 0 14
      30 0 13
      10 0 13
      39 0 13
      48 0 13
      51 0 14
      37 0 12
      50 0 13
      55 0 13
      32 0 13
      40 0 13
      43 0 13
      56 0 13
      57 0 14
      3 0 13
