      62 0 14
      64 0 14
      66 0 14
      68 0 15
      12 0 15
      58 0 14
      60 0 15
      16 0 15
      63 0 14
      67 0 15
      32 0 14
      40 0 14
      3 0 14
      30 0 14
      10 0 14
      4 0 14
      8 0 14
      14 0 15
      21 0 14
      61 0 14
      7 0 14
      9 0 15
      13 0 15
      24 0 14
      17 0 14
      18 0 15
      35 0 14
      65 0 14
      34 0 14
      37 0 14
      50 0 15
      55 0 15
      41 0 14
      44 0 15
      52 0 15
      43 0 14
      56 0 14
      57 0 15
      46 0 14
      28 0 14
      42 0 14
      53 0 15
      23 0 14
      26 0 15
      49 0 15
      39 0 14
      48 0 14
      51 0 15
