30 3 1
39 3 1
48 3 1
51 3 2
37 4 1
50 4 2
55 4 2
30 6 1
32 7 2
32 8 2
30 9 1
40 10 1
43 10 1
56 10 1
57 10 2
40 11 1
40 12 1
40 13 1
40 14 1
30 16 1
32 17 2
30 18 1
16 21 2
63 21 1
67 21 2
34 23 2
17 24 1
18 24 2
35 24 1
65 24 1
35 25 1
35 26 1
34 28 2
41 30 1
44 30 2
52 30 2
4 32 1
28 32 1
42 32 1
53 32 2
8 34 1
14 34 2
21 34 1
61 34 1
12 35 2
58 35 1
60 35 2
46 37 2
21 38 1
46 39 2
23 40 1
26 40 2
49 40 2
24 41 2
24 42 2
46 43 2
21 44 1
62 46 1
64 46 1
66 46 1
68 46 2
62 47 1
34 48 2
62 49 1
35 50 1
35 51 1
62 52 1
62 53 1
21 55 1
24 56 2
21 57 1
3 58 2
4 59 1
4 60 1
3 61 2
7 62 1
9 62 2
13 62 2
10 63 2
10 64 2
10 65 2
3 66 2
4 67 1
4 68 1
