5057 0 12
5059 0 11
5069 0 11
5070 0 10
5116 0 11
5118 0 10
5125 0 10
5126 0 9
5353 0 11
5355 0 10
5365 0 10
5366 0 9
5397 0 10
5399 0 9
5406 0 9
5407 0 8
6541 0 11
6543 0 10
6553 0 10
6554 0 9
6600 0 10
6602 0 9
6609 0 9
6610 0 8
6764 0 10
6766 0 9
6776 0 9
6777 0 8
6808 0 9
6810 0 8
6817 0 8
6818 0 7
10785 0 11
10786 0 10
10794 0 10
10795 0 9
10831 0 10
10832 0 9
10838 0 9
10839 0 8
11018 0 10
11019 0 9
11027 0 9
11028 0 8
11054 0 9
11055 0 8
11061 0 8
11062 0 7
11679 0 10
11680 0 9
11688 0 9
11689 0 8
11725 0 9
11726 0 8
11732 0 8
11733 0 7
11857 0 9
11858 0 8
11866 0 8
11867 0 7
11893 0 8
11894 0 7
11900 0 7
11901 0 6
5062 0 10
5063 0 10
5067 0 10
5068 0 10
5121 0 9
5122 0 9
5123 0 9
5124 0 9
5358 0 9
5359 0 9
5363 0 9
5364 0 9
5402 0 8
5403 0 8
5404 0 8
5405 0 8
6546 0 9
6547 0 9
6551 0 9
6552 0 9
6605 0 8
6606 0 8
6607 0 8
6608 0 8
6769 0 8
6770 0 8
6774 0 8
6775 0 8
6813 0 7
6814 0 7
6815 0 7
6816 0 7
10788 0 9
10789 0 9
10792 0 9
10793 0 9
10834 0 8
10835 0 8
10836 0 8
10837 0 8
11021 0 8
11022 0 8
11025 0 8
11026 0 8
11057 0 7
11058 0 7
11059 0 7
11060 0 7
11682 0 8
11683 0 8
11686 0 8
11687 0 8
11728 0 7
11729 0 7
11730 0 7
11731 0 7
11860 0 7
11861 0 7
11864 0 7
11865 0 7
11896 0 6
11897 0 6
11898 0 6
11899 0 6
5064 0 10
5065 0 10
5076 0 10
5077 0 10
5078 0 10
5079 0 10
5081 0 10
5082 0 10
5083 0 10
5085 0 10
5106 0 10
5107 0 10
5108 0 10
5110 0 10
5360 0 9
5361 0 9
5372 0 9
5373 0 9
5374 0 9
5375 0 9
5377 0 9
5378 0 9
5379 0 9
5381 0 9
5387 0 9
5388 0 9
5389 0 9
5391 0 9
6548 0 9
6549 0 9
6560 0 9
6561 0 9
6562 0 9
6563 0 9
6565 0 9
6566 0 9
6567 0 9
6569 0 9
6590 0 9
6591 0 9
6592 0 9
6594 0 9
6771 0 8
6772 0 8
6783 0 8
6784 0 8
6785 0 8
6786 0 8
6788 0 8
6789 0 8
6790 0 8
6792 0 8
6798 0 8
6799 0 8
6800 0 8
6802 0 8
10790 0 9
10791 0 9
10799 0 9
10800 0 9
10801 0 9
10802 0 9
10803 0 9
10804 0 9
10805 0 9
10807 0 9
10822 0 9
10823 0 9
10824 0 9
10826 0 9
11023 0 8
11024 0 8
11032 0 8
11033 0 8
11034 0 8
11035 0 8
11036 0 8
11037 0 8
11038 0 8
11040 0 8
11045 0 8
11046 0 8
11047 0 8
11049 0 8
11684 0 8
11685 0 8
11693 0 8
11694 0 8
11695 0 8
11696 0 8
11697 0 8
11698 0 8
11699 0 8
11701 0 8
11716 0 8
11717 0 8
11718 0 8
11720 0 8
11862 0 7
11863 0 7
11871 0 7
11872 0 7
11873 0 7
11874 0 7
11875 0 7
11876 0 7
11877 0 7
11879 0 7
11884 0 7
11885 0 7
11886 0 7
11888 0 7
5084 0 9
5089 0 10
5090 0 9
5109 0 9
5114 0 10
5115 0 9
5380 0 8
5385 0 9
5386 0 8
5390 0 8
5395 0 9
5396 0 8
6568 0 8
6573 0 9
6574 0 8
6593 0 8
6598 0 9
6599 0 8
6791 0 7
6796 0 8
6797 0 7
6801 0 7
6806 0 8
6807 0 7
10806 0 8
10810 0 9
10811 0 8
10825 0 8
10829 0 9
10830 0 8
11039 0 7
11043 0 8
11044 0 7
11048 0 7
11052 0 8
11053 0 7
11700 0 7
11704 0 8
11705 0 7
11719 0 7
11723 0 8
11724 0 7
11878 0 6
11882 0 7
11883 0 6
11887 0 6
11891 0 7
11892 0 6
5101 0 9
5102 0 9
5103 0 9
5104 0 9
5151 0 10
5152 0 10
5153 0 10
5155 0 10
5171 0 9
5172 0 9
5173 0 9
5174 0 9
5176 0 10
5177 0 10
5178 0 10
5180 0 10
5202 0 9
5203 0 9
5204 0 9
5205 0 9
5301 0 10
5302 0 10
5303 0 10
5305 0 10
5327 0 9
5328 0 9
5329 0 9
5330 0 9
6585 0 8
6586 0 8
6587 0 8
6588 0 8
6635 0 9
6636 0 9
6637 0 9
6639 0 9
6655 0 8
6656 0 8
6657 0 8
6658 0 8
6660 0 9
6661 0 9
6662 0 9
6664 0 9
6686 0 8
6687 0 8
6688 0 8
6689 0 8
6712 0 9
6713 0 9
6714 0 9
6716 0 9
6738 0 8
6739 0 8
6740 0 8
6741 0 8
10818 0 8
10819 0 8
10820 0 8
10821 0 8
10858 0 9
10859 0 9
10860 0 9
10862 0 9
10873 0 8
10874 0 8
10875 0 8
10876 0 8
10877 0 9
10878 0 9
10879 0 9
10881 0 9
10898 0 8
10899 0 8
10900 0 8
10901 0 8
10975 0 9
10976 0 9
10977 0 9
10979 0 9
10996 0 8
10997 0 8
10998 0 8
10999 0 8
11712 0 7
11713 0 7
11714 0 7
11715 0 7
11752 0 8
11753 0 8
11754 0 8
11756 0 8
11767 0 7
11768 0 7
11769 0 7
11770 0 7
11771 0 8
11772 0 8
11773 0 8
11775 0 8
11792 0 7
11793 0 7
11794 0 7
11795 0 7
11814 0 8
11815 0 8
11816 0 8
11818 0 8
11835 0 7
11836 0 7
11837 0 7
11838 0 7
5091 0 10
5093 0 9
5096 0 10
5098 0 9
5154 0 9
5159 0 10
5160 0 9
5161 0 10
5163 0 9
5166 0 10
5168 0 9
5179 0 9
5184 0 10
5185 0 9
5186 0 10
5188 0 9
5197 0 10
5199 0 9
5304 0 9
5309 0 10
5310 0 9
5311 0 10
5313 0 9
5322 0 10
5324 0 9
6575 0 9
6577 0 8
6580 0 9
6582 0 8
6638 0 8
6643 0 9
6644 0 8
6645 0 9
6647 0 8
6650 0 9
6652 0 8
6663 0 8
6668 0 9
6669 0 8
6670 0 9
6672 0 8
6681 0 9
6683 0 8
6715 0 8
6720 0 9
6721 0 8
6722 0 9
6724 0 8
6733 0 9
6735 0 8
10812 0 9
10813 0 8
10815 0 9
10816 0 8
10861 0 8
10865 0 9
10866 0 8
10867 0 9
10868 0 8
10870 0 9
10871 0 8
10880 0 8
10884 0 9
10885 0 8
10886 0 9
10887 0 8
10895 0 9
10896 0 8
10978 0 8
10982 0 9
10983 0 8
10984 0 9
10985 0 8
10993 0 9
10994 0 8
11706 0 8
11707 0 7
11709 0 8
11710 0 7
11755 0 7
11759 0 8
11760 0 7
11761 0 8
11762 0 7
11764 0 8
11765 0 7
11774 0 7
11778 0 8
11779 0 7
11780 0 8
11781 0 7
11789 0 8
11790 0 7
11817 0 7
11821 0 8
11822 0 7
11823 0 8
11824 0 7
11832 0 8
11833 0 7
5195 0 9
5196 0 8
5217 0 10
5219 0 9
5226 0 9
5227 0 8
5320 0 9
5321 0 8
5342 0 10
5344 0 9
5351 0 9
5352 0 8
6679 0 8
6680 0 7
6701 0 9
6703 0 8
6710 0 8
6711 0 7
6731 0 8
6732 0 7
6753 0 9
6755 0 8
6762 0 8
6763 0 7
10893 0 8
10894 0 7
10911 0 9
10912 0 8
10918 0 8
10919 0 7
10991 0 8
10992 0 7
11009 0 9
11010 0 8
11016 0 8
11017 0 7
11787 0 7
11788 0 6
11805 0 8
11806 0 7
11812 0 7
11813 0 6
11830 0 7
11831 0 6
11848 0 8
11849 0 7
11855 0 7
11856 0 6
5191 0 8
5192 0 8
5193 0 8
5194 0 8
5222 0 8
5223 0 8
5224 0 8
5225 0 8
5316 0 8
5317 0 8
5318 0 8
5319 0 8
5347 0 8
5348 0 8
5349 0 8
5350 0 8
6675 0 7
6676 0 7
6677 0 7
6678 0 7
6706 0 7
6707 0 7
6708 0 7
6709 0 7
6727 0 7
6728 0 7
6729 0 7
6730 0 7
6758 0 7
6759 0 7
6760 0 7
6761 0 7
10889 0 7
10890 0 7
10891 0 7
10892 0 7
10914 0 7
10915 0 7
10916 0 7
10917 0 7
10987 0 7
10988 0 7
10989 0 7
10990 0 7
11012 0 7
11013 0 7
11014 0 7
11015 0 7
11783 0 6
11784 0 6
11785 0 6
11786 0 6
11808 0 6
11809 0 6
11810 0 6
11811 0 6
11826 0 6
11827 0 6
11828 0 6
11829 0 6
11851 0 6
11852 0 6
11853 0 6
11854 0 6
5276 0 9
5277 0 9
5278 0 9
5280 0 9
5296 0 8
5297 0 8
5298 0 8
5299 0 8
5527 0 10
5528 0 10
5529 0 10
5531 0 10
5553 0 9
5554 0 9
5555 0 9
5556 0 9
5627 0 9
5628 0 9
5629 0 9
5631 0 9
5647 0 8
5648 0 8
5649 0 8
5650 0 8
5652 0 10
5653 0 10
5654 0 10
5656 0 10
5678 0 9
5679 0 9
5680 0 9
5681 0 9
5783 0 9
5784 0 9
5785 0 9
5787 0 9
5803 0 8
5804 0 8
5805 0 8
5806 0 8
6278 0 10
6279 0 10
6280 0 10
6282 0 10
6304 0 9
6305 0 9
6306 0 9
6307 0 9
6409 0 9
6410 0 9
6411 0 9
6413 0 9
6429 0 8
6430 0 8
6431 0 8
6432 0 8
10956 0 8
10957 0 8
10958 0 8
10960 0 8
10971 0 7
10972 0 7
10973 0 7
10974 0 7
11155 0 9
11156 0 9
11157 0 9
11159 0 9
11176 0 8
11177 0 8
11178 0 8
11179 0 8
11234 0 8
11235 0 8
11236 0 8
11238 0 8
11249 0 7
11250 0 7
11251 0 7
11252 0 7
11253 0 9
11254 0 9
11255 0 9
11257 0 9
11274 0 8
11275 0 8
11276 0 8
11277 0 8
11359 0 8
11360 0 8
11361 0 8
11363 0 8
11374 0 7
11375 0 7
11376 0 7
11377 0 7
11466 0 9
11467 0 9
11468 0 9
11470 0 9
11487 0 8
11488 0 8
11489 0 8
11490 0 8
11572 0 8
11573 0 8
11574 0 8
11576 0 8
11587 0 7
11588 0 7
11589 0 7
11590 0 7
5279 0 8
5284 0 9
5285 0 8
5286 0 9
5288 0 8
5291 0 9
5293 0 8
5530 0 9
5535 0 10
5536 0 9
5537 0 10
5539 0 9
5548 0 10
5550 0 9
5630 0 8
5635 0 9
5636 0 8
5637 0 9
5639 0 8
5642 0 9
5644 0 8
5655 0 9
5660 0 10
5661 0 9
5662 0 10
5664 0 9
5673 0 10
5675 0 9
5786 0 8
5791 0 9
5792 0 8
5793 0 9
5795 0 8
5798 0 9
5800 0 8
6281 0 9
6286 0 10
6287 0 9
6288 0 10
6290 0 9
6299 0 10
6301 0 9
6412 0 8
6417 0 9
6418 0 8
6419 0 9
6421 0 8
6424 0 9
6426 0 8
10959 0 7
10963 0 8
10964 0 7
10965 0 8
10966 0 7
10968 0 8
10969 0 7
11158 0 8
11162 0 9
11163 0 8
11164 0 9
11165 0 8
11173 0 9
11174 0 8
11237 0 7
11241 0 8
11242 0 7
11243 0 8
11244 0 7
11246 0 8
11247 0 7
11256 0 8
11260 0 9
11261 0 8
11262 0 9
11263 0 8
11271 0 9
11272 0 8
11362 0 7
11366 0 8
11367 0 7
11368 0 8
11369 0 7
11371 0 8
11372 0 7
11469 0 8
11473 0 9
11474 0 8
11475 0 9
11476 0 8
11484 0 9
11485 0 8
11575 0 7
11579 0 8
11580 0 7
11581 0 8
11582 0 7
11584 0 8
11585 0 7
5228 0 10
5230 0 9
5240 0 9
5241 0 8
5252 0 10
5254 0 9
5264 0 9
5265 0 8
5546 0 9
5547 0 8
5568 0 10
5570 0 9
5577 0 9
5578 0 8
5579 0 10
5581 0 9
5591 0 9
5592 0 8
5603 0 10
5605 0 9
5615 0 9
5616 0 8
5671 0 9
5672 0 8
5693 0 10
5695 0 9
5702 0 9
5703 0 8
5704 0 10
5706 0 9
5716 0 9
5717 0 8
5759 0 10
5761 0 9
5771 0 9
5772 0 8
6297 0 9
6298 0 8
6319 0 10
6321 0 9
6328 0 9
6329 0 8
6330 0 10
6332 0 9
6342 0 9
6343 0 8
6385 0 10
6387 0 9
6397 0 9
6398 0 8
10920 0 9
10921 0 8
10929 0 8
10930 0 7
10938 0 9
10939 0 8
10947 0 8
10948 0 7
11171 0 8
11172 0 7
11189 0 9
11190 0 8
11196 0 8
11197 0 7
11198 0 9
11199 0 8
11207 0 8
11208 0 7
11216 0 9
11217 0 8
11225 0 8
11226 0 7
11269 0 8
11270 0 7
11287 0 9
11288 0 8
11294 0 8
11295 0 7
11296 0 9
11297 0 8
11305 0 8
11306 0 7
11341 0 9
11342 0 8
11350 0 8
11351 0 7
11482 0 8
11483 0 7
11500 0 9
11501 0 8
11507 0 8
11508 0 7
11509 0 9
11510 0 8
11518 0 8
11519 0 7
11554 0 9
11555 0 8
11563 0 8
11564 0 7
5233 0 8
5234 0 8
5238 0 8
5239 0 8
5257 0 8
5258 0 8
5262 0 8
5263 0 8
5542 0 8
5543 0 8
5544 0 8
5545 0 8
5573 0 8
5574 0 8
5575 0 8
5576 0 8
5584 0 8
5585 0 8
5589 0 8
5590 0 8
5608 0 8
5609 0 8
5613 0 8
5614 0 8
5667 0 8
5668 0 8
5669 0 8
5670 0 8
5698 0 8
5699 0 8
5700 0 8
5701 0 8
5709 0 8
5710 0 8
5714 0 8
5715 0 8
5764 0 8
5765 0 8
5769 0 8
5770 0 8
6293 0 8
6294 0 8
6295 0 8
6296 0 8
6324 0 8
6325 0 8
6326 0 8
6327 0 8
6335 0 8
6336 0 8
6340 0 8
6341 0 8
6390 0 8
6391 0 8
6395 0 8
6396 0 8
10923 0 7
10924 0 7
10927 0 7
10928 0 7
10941 0 7
10942 0 7
10945 0 7
10946 0 7
11167 0 7
11168 0 7
11169 0 7
11170 0 7
11192 0 7
11193 0 7
11194 0 7
11195 0 7
11201 0 7
11202 0 7
11205 0 7
11206 0 7
11219 0 7
11220 0 7
11223 0 7
11224 0 7
11265 0 7
11266 0 7
11267 0 7
11268 0 7
11290 0 7
11291 0 7
11292 0 7
11293 0 7
11299 0 7
11300 0 7
11303 0 7
11304 0 7
11344 0 7
11345 0 7
11348 0 7
11349 0 7
11478 0 7
11479 0 7
11480 0 7
11481 0 7
11503 0 7
11504 0 7
11505 0 7
11506 0 7
11512 0 7
11513 0 7
11516 0 7
11517 0 7
11557 0 7
11558 0 7
11561 0 7
11562 0 7
5235 0 8
5236 0 8
5247 0 8
5248 0 8
5249 0 8
5250 0 8
5259 0 8
5260 0 8
5271 0 8
5272 0 8
5273 0 8
5274 0 8
5586 0 8
5587 0 8
5598 0 8
5599 0 8
5600 0 8
5601 0 8
5610 0 8
5611 0 8
5622 0 8
5623 0 8
5624 0 8
5625 0 8
5711 0 8
5712 0 8
5723 0 8
5724 0 8
5725 0 8
5726 0 8
5766 0 8
5767 0 8
5778 0 8
5779 0 8
5780 0 8
5781 0 8
6337 0 8
6338 0 8
6349 0 8
6350 0 8
6351 0 8
6352 0 8
6392 0 8
6393 0 8
6404 0 8
6405 0 8
6406 0 8
6407 0 8
10925 0 7
10926 0 7
10934 0 7
10935 0 7
10936 0 7
10937 0 7
10943 0 7
10944 0 7
10952 0 7
10953 0 7
10954 0 7
10955 0 7
11203 0 7
11204 0 7
11212 0 7
11213 0 7
11214 0 7
11215 0 7
11221 0 7
11222 0 7
11230 0 7
11231 0 7
11232 0 7
11233 0 7
11301 0 7
11302 0 7
11310 0 7
11311 0 7
11312 0 7
11313 0 7
11346 0 7
11347 0 7
11355 0 7
11356 0 7
11357 0 7
11358 0 7
11514 0 7
11515 0 7
11523 0 7
11524 0 7
11525 0 7
11526 0 7
11559 0 7
11560 0 7
11568 0 7
11569 0 7
11570 0 7
11571 0 7
5748 0 9
5750 0 8
5757 0 8
5758 0 7
5860 0 10
5862 0 9
5872 0 9
5873 0 8
5904 0 9
5906 0 8
5913 0 8
5914 0 7
6374 0 9
6376 0 8
6383 0 8
6384 0 7
6486 0 10
6488 0 9
6498 0 9
6499 0 8
6530 0 9
6532 0 8
6539 0 8
6540 0 7
11332 0 8
11333 0 7
11339 0 7
11340 0 6
11421 0 9
11422 0 8
11430 0 8
11431 0 7
11457 0 8
11458 0 7
11464 0 7
11465 0 6
11545 0 8
11546 0 7
11552 0 7
11553 0 6
11634 0 9
11635 0 8
11643 0 8
11644 0 7
11670 0 8
11671 0 7
11677 0 7
11678 0 6
5753 0 7
5754 0 7
5755 0 7
5756 0 7
5865 0 8
5866 0 8
5870 0 8
5871 0 8
5909 0 7
5910 0 7
5911 0 7
5912 0 7
6379 0 7
6380 0 7
6381 0 7
6382 0 7
6491 0 8
6492 0 8
6496 0 8
6497 0 8
6535 0 7
6536 0 7
6537 0 7
6538 0 7
11335 0 6
11336 0 6
11337 0 6
11338 0 6
11424 0 7
11425 0 7
11428 0 7
11429 0 7
11460 0 6
11461 0 6
11462 0 6
11463 0 6
11548 0 6
11549 0 6
11550 0 6
11551 0 6
11637 0 7
11638 0 7
11641 0 7
11642 0 7
11673 0 6
11674 0 6
11675 0 6
11676 0 6
5728 0 8
5729 0 8
5730 0 8
5732 0 8
5738 0 8
5739 0 8
5740 0 8
5742 0 8
5867 0 8
5868 0 8
5879 0 8
5880 0 8
5881 0 8
5882 0 8
5884 0 8
5885 0 8
5886 0 8
5888 0 8
5894 0 8
5895 0 8
5896 0 8
5898 0 8
6354 0 8
6355 0 8
6356 0 8
6358 0 8
6364 0 8
6365 0 8
6366 0 8
6368 0 8
6493 0 8
6494 0 8
6505 0 8
6506 0 8
6507 0 8
6508 0 8
6510 0 8
6511 0 8
6512 0 8
6514 0 8
6520 0 8
6521 0 8
6522 0 8
6524 0 8
11314 0 7
11315 0 7
11316 0 7
11318 0 7
11323 0 7
11324 0 7
11325 0 7
11327 0 7
11426 0 7
11427 0 7
11435 0 7
11436 0 7
11437 0 7
11438 0 7
11439 0 7
11440 0 7
11441 0 7
11443 0 7
11448 0 7
11449 0 7
11450 0 7
11452 0 7
11527 0 7
11528 0 7
11529 0 7
11531 0 7
11536 0 7
11537 0 7
11538 0 7
11540 0 7
11639 0 7
11640 0 7
11648 0 7
11649 0 7
11650 0 7
11651 0 7
11652 0 7
11653 0 7
11654 0 7
11656 0 7
11661 0 7
11662 0 7
11663 0 7
11665 0 7
5731 0 7
5736 0 8
5737 0 7
5741 0 7
5746 0 8
5747 0 7
5887 0 7
5892 0 8
5893 0 7
5897 0 7
5902 0 8
5903 0 7
6357 0 7
6362 0 8
6363 0 7
6367 0 7
6372 0 8
6373 0 7
6513 0 7
6518 0 8
6519 0 7
6523 0 7
6528 0 8
6529 0 7
11317 0 6
11321 0 7
11322 0 6
11326 0 6
11330 0 7
11331 0 6
11442 0 6
11446 0 7
11447 0 6
11451 0 6
11455 0 7
11456 0 6
11530 0 6
11534 0 7
11535 0 6
11539 0 6
11543 0 7
11544 0 6
11655 0 6
11659 0 7
11660 0 6
11664 0 6
11668 0 7
11669 0 6
6153 0 9
6154 0 9
6155 0 9
6157 0 9
6179 0 8
6180 0 8
6181 0 8
6182 0 8
6253 0 8
6254 0 8
6255 0 8
6257 0 8
6273 0 7
6274 0 7
6275 0 7
6276 0 7
7414 0 10
7415 0 10
7416 0 10
7418 0 10
7440 0 9
7441 0 9
7442 0 9
7443 0 9
7545 0 9
7546 0 9
7547 0 9
7549 0 9
7565 0 8
7566 0 8
7567 0 8
7568 0 8
7915 0 9
7916 0 9
7917 0 9
7919 0 9
7941 0 8
7942 0 8
7943 0 8
7944 0 8
8015 0 8
8016 0 8
8017 0 8
8019 0 8
8035 0 7
8036 0 7
8037 0 7
8038 0 7
8040 0 10
8041 0 10
8042 0 10
8044 0 10
8061 0 9
8062 0 9
8063 0 9
8064 0 9
8146 0 9
8147 0 9
8148 0 9
8150 0 9
8161 0 8
8162 0 8
8163 0 8
8164 0 8
8568 0 9
8569 0 9
8570 0 9
8572 0 9
8589 0 8
8590 0 8
8591 0 8
8592 0 8
8647 0 8
8648 0 8
8649 0 8
8651 0 8
8662 0 7
8663 0 7
8664 0 7
8665 0 7
9723 0 10
9724 0 10
9725 0 10
9727 0 10
9744 0 9
9745 0 9
9746 0 9
9747 0 9
9829 0 9
9830 0 9
9831 0 9
9833 0 9
9844 0 8
9845 0 8
9846 0 8
9847 0 8
10251 0 9
10252 0 9
10253 0 9
10255 0 9
10272 0 8
10273 0 8
10274 0 8
10275 0 8
10330 0 8
10331 0 8
10332 0 8
10334 0 8
10345 0 7
10346 0 7
10347 0 7
10348 0 7
6156 0 8
6161 0 9
6162 0 8
6163 0 9
6165 0 8
6174 0 9
6176 0 8
6256 0 7
6261 0 8
6262 0 7
6263 0 8
6265 0 7
6268 0 8
6270 0 7
7417 0 9
7422 0 10
7423 0 9
7424 0 10
7426 0 9
7435 0 10
7437 0 9
7548 0 8
7553 0 9
7554 0 8
7555 0 9
7557 0 8
7560 0 9
7562 0 8
7918 0 8
7923 0 9
7924 0 8
7925 0 9
7927 0 8
7936 0 9
7938 0 8
8018 0 7
8023 0 8
8024 0 7
8025 0 8
8027 0 7
8030 0 8
8032 0 7
8043 0 9
8047 0 10
8048 0 9
8049 0 10
8050 0 9
8058 0 10
8059 0 9
8149 0 8
8153 0 9
8154 0 8
8155 0 9
8156 0 8
8158 0 9
8159 0 8
8571 0 8
8575 0 9
8576 0 8
8577 0 9
8578 0 8
8586 0 9
8587 0 8
8650 0 7
8654 0 8
8655 0 7
8656 0 8
8657 0 7
8659 0 8
8660 0 7
9726 0 9
9730 0 10
9731 0 9
9732 0 10
9733 0 9
9741 0 10
9742 0 9
9832 0 8
9836 0 9
9837 0 8
9838 0 9
9839 0 8
9841 0 9
9842 0 8
10254 0 8
10258 0 9
10259 0 8
10260 0 9
10261 0 8
10269 0 9
10270 0 8
10333 0 7
10337 0 8
10338 0 7
10339 0 8
10340 0 7
10342 0 8
10343 0 7
6172 0 8
6173 0 7
6194 0 9
6196 0 8
6203 0 8
6204 0 7
6205 0 9
6207 0 8
6217 0 8
6218 0 7
6229 0 9
6231 0 8
6241 0 8
6242 0 7
7433 0 9
7434 0 8
7455 0 10
7457 0 9
7464 0 9
7465 0 8
7466 0 10
7468 0 9
7478 0 9
7479 0 8
7521 0 10
7523 0 9
7533 0 9
7534 0 8
7934 0 8
7935 0 7
7956 0 9
7958 0 8
7965 0 8
7966 0 7
7967 0 9
7969 0 8
7979 0 8
7980 0 7
7991 0 9
7993 0 8
8003 0 8
8004 0 7
8056 0 9
8057 0 8
8074 0 10
8075 0 9
8081 0 9
8082 0 8
8083 0 10
8084 0 9
8092 0 9
8093 0 8
8128 0 10
8129 0 9
8137 0 9
8138 0 8
8584 0 8
8585 0 7
8602 0 9
8603 0 8
8609 0 8
8610 0 7
8611 0 9
8612 0 8
8620 0 8
8621 0 7
8629 0 9
8630 0 8
8638 0 8
8639 0 7
9739 0 9
9740 0 8
9757 0 10
9758 0 9
9764 0 9
9765 0 8
9766 0 10
9767 0 9
9775 0 9
9776 0 8
9811 0 10
9812 0 9
9820 0 9
9821 0 8
10267 0 8
10268 0 7
10285 0 9
10286 0 8
10292 0 8
10293 0 7
10294 0 9
10295 0 8
10303 0 8
10304 0 7
10312 0 9
10313 0 8
10321 0 8
10322 0 7
6168 0 7
6169 0 7
6170 0 7
6171 0 7
6199 0 7
6200 0 7
6201 0 7
6202 0 7
6210 0 7
6211 0 7
6215 0 7
6216 0 7
6234 0 7
6235 0 7
6239 0 7
6240 0 7
7429 0 8
7430 0 8
7431 0 8
7432 0 8
7460 0 8
7461 0 8
7462 0 8
7463 0 8
7471 0 8
7472 0 8
7476 0 8
7477 0 8
7526 0 8
7527 0 8
7531 0 8
7532 0 8
7930 0 7
7931 0 7
7932 0 7
7933 0 7
7961 0 7
7962 0 7
7963 0 7
7964 0 7
7972 0 7
7973 0 7
7977 0 7
7978 0 7
7996 0 7
7997 0 7
8001 0 7
8002 0 7
8052 0 8
8053 0 8
8054 0 8
8055 0 8
8077 0 8
8078 0 8
8079 0 8
8080 0 8
8086 0 8
8087 0 8
8090 0 8
8091 0 8
8131 0 8
8132 0 8
8135 0 8
8136 0 8
8580 0 7
8581 0 7
8582 0 7
8583 0 7
8605 0 7
8606 0 7
8607 0 7
8608 0 7
8614 0 7
8615 0 7
8618 0 7
8619 0 7
8632 0 7
8633 0 7
8636 0 7
8637 0 7
9735 0 8
9736 0 8
9737 0 8
9738 0 8
9760 0 8
9761 0 8
9762 0 8
9763 0 8
9769 0 8
9770 0 8
9773 0 8
9774 0 8
9814 0 8
9815 0 8
9818 0 8
9819 0 8
10263 0 7
10264 0 7
10265 0 7
10266 0 7
10288 0 7
10289 0 7
10290 0 7
10291 0 7
10297 0 7
10298 0 7
10301 0 7
10302 0 7
10315 0 7
10316 0 7
10319 0 7
10320 0 7
6212 0 7
6213 0 7
6224 0 7
6225 0 7
6226 0 7
6227 0 7
6236 0 7
6237 0 7
6248 0 7
6249 0 7
6250 0 7
6251 0 7
7473 0 8
7474 0 8
7485 0 8
7486 0 8
7487 0 8
7488 0 8
7528 0 8
7529 0 8
7540 0 8
7541 0 8
7542 0 8
7543 0 8
7974 0 7
7975 0 7
7986 0 7
7987 0 7
7988 0 7
7989 0 7
7998 0 7
7999 0 7
8010 0 7
8011 0 7
8012 0 7
8013 0 7
8088 0 8
8089 0 8
8097 0 8
8098 0 8
8099 0 8
8100 0 8
8133 0 8
8134 0 8
8142 0 8
8143 0 8
8144 0 8
8145 0 8
8616 0 7
8617 0 7
8625 0 7
8626 0 7
8627 0 7
8628 0 7
8634 0 7
8635 0 7
8643 0 7
8644 0 7
8645 0 7
8646 0 7
9771 0 8
9772 0 8
9780 0 8
9781 0 8
9782 0 8
9783 0 8
9816 0 8
9817 0 8
9825 0 8
9826 0 8
9827 0 8
9828 0 8
10299 0 7
10300 0 7
10308 0 7
10309 0 7
10310 0 7
10311 0 7
10317 0 7
10318 0 7
10326 0 7
10327 0 7
10328 0 7
10329 0 7
5915 0 10
5917 0 9
5927 0 9
5928 0 8
5974 0 9
5976 0 8
5983 0 8
5984 0 7
6034 0 10
6036 0 9
6046 0 9
6047 0 8
6093 0 9
6095 0 8
6102 0 8
6103 0 7
7510 0 9
7512 0 8
7519 0 8
7520 0 7
7622 0 10
7624 0 9
7634 0 9
7635 0 8
7666 0 9
7668 0 8
7675 0 8
7676 0 7
7677 0 10
7679 0 9
7689 0 9
7690 0 8
7736 0 9
7738 0 8
7745 0 8
7746 0 7
7796 0 10
7798 0 9
7808 0 9
7809 0 8
7855 0 9
7857 0 8
7864 0 8
7865 0 7
8119 0 9
8120 0 8
8126 0 8
8127 0 7
8208 0 10
8209 0 9
8217 0 9
8218 0 8
8244 0 9
8245 0 8
8251 0 8
8252 0 7
8253 0 10
8254 0 9
8262 0 9
8263 0 8
8299 0 9
8300 0 8
8306 0 8
8307 0 7
8476 0 10
8477 0 9
8485 0 9
8486 0 8
8522 0 9
8523 0 8
8529 0 8
8530 0 7
9802 0 9
9803 0 8
9809 0 8
9810 0 7
9891 0 10
9892 0 9
9900 0 9
9901 0 8
9927 0 9
9928 0 8
9934 0 8
9935 0 7
9936 0 10
9937 0 9
9945 0 9
9946 0 8
9982 0 9
9983 0 8
9989 0 8
9990 0 7
10159 0 10
10160 0 9
10168 0 9
10169 0 8
10205 0 9
10206 0 8
10212 0 8
10213 0 7
5920 0 8
5921 0 8
5925 0 8
5926 0 8
5979 0 7
5980 0 7
5981 0 7
5982 0 7
6039 0 8
6040 0 8
6044 0 8
6045 0 8
6098 0 7
6099 0 7
6100 0 7
6101 0 7
7515 0 7
7516 0 7
7517 0 7
7518 0 7
7627 0 8
7628 0 8
7632 0 8
7633 0 8
7671 0 7
7672 0 7
7673 0 7
7674 0 7
7682 0 8
7683 0 8
7687 0 8
7688 0 8
7741 0 7
7742 0 7
7743 0 7
7744 0 7
7801 0 8
7802 0 8
7806 0 8
7807 0 8
7860 0 7
7861 0 7
7862 0 7
7863 0 7
8122 0 7
8123 0 7
8124 0 7
8125 0 7
8211 0 8
8212 0 8
8215 0 8
8216 0 8
8247 0 7
8248 0 7
8249 0 7
8250 0 7
8256 0 8
8257 0 8
8260 0 8
8261 0 8
8302 0 7
8303 0 7
8304 0 7
8305 0 7
8479 0 8
8480 0 8
8483 0 8
8484 0 8
8525 0 7
8526 0 7
8527 0 7
8528 0 7
9805 0 7
9806 0 7
9807 0 7
9808 0 7
9894 0 8
9895 0 8
9898 0 8
9899 0 8
9930 0 7
9931 0 7
9932 0 7
9933 0 7
9939 0 8
9940 0 8
9943 0 8
9944 0 8
9985 0 7
9986 0 7
9987 0 7
9988 0 7
10162 0 8
10163 0 8
10166 0 8
10167 0 8
10208 0 7
10209 0 7
10210 0 7
10211 0 7
5922 0 8
5923 0 8
5934 0 8
5935 0 8
5936 0 8
5937 0 8
5939 0 8
5940 0 8
5941 0 8
5943 0 8
5964 0 8
5965 0 8
5966 0 8
5968 0 8
6041 0 8
6042 0 8
6053 0 8
6054 0 8
6055 0 8
6056 0 8
6058 0 8
6059 0 8
6060 0 8
6062 0 8
6083 0 8
6084 0 8
6085 0 8
6087 0 8
7490 0 8
7491 0 8
7492 0 8
7494 0 8
7500 0 8
7501 0 8
7502 0 8
7504 0 8
7629 0 8
7630 0 8
7641 0 8
7642 0 8
7643 0 8
7644 0 8
7646 0 8
7647 0 8
7648 0 8
7650 0 8
7656 0 8
7657 0 8
7658 0 8
7660 0 8
7684 0 8
7685 0 8
7696 0 8
7697 0 8
7698 0 8
7699 0 8
7701 0 8
7702 0 8
7703 0 8
7705 0 8
7726 0 8
7727 0 8
7728 0 8
7730 0 8
7803 0 8
7804 0 8
7815 0 8
7816 0 8
7817 0 8
7818 0 8
7820 0 8
7821 0 8
7822 0 8
7824 0 8
7845 0 8
7846 0 8
7847 0 8
7849 0 8
8101 0 8
8102 0 8
8103 0 8
8105 0 8
8110 0 8
8111 0 8
8112 0 8
8114 0 8
8213 0 8
8214 0 8
8222 0 8
8223 0 8
8224 0 8
8225 0 8
8226 0 8
8227 0 8
8228 0 8
8230 0 8
8235 0 8
8236 0 8
8237 0 8
8239 0 8
8258 0 8
8259 0 8
8267 0 8
8268 0 8
8269 0 8
8270 0 8
8271 0 8
8272 0 8
8273 0 8
8275 0 8
8290 0 8
8291 0 8
8292 0 8
8294 0 8
8481 0 8
8482 0 8
8490 0 8
8491 0 8
8492 0 8
8493 0 8
8494 0 8
8495 0 8
8496 0 8
8498 0 8
8513 0 8
8514 0 8
8515 0 8
8517 0 8
9784 0 8
9785 0 8
9786 0 8
9788 0 8
9793 0 8
9794 0 8
9795 0 8
9797 0 8
9896 0 8
9897 0 8
9905 0 8
9906 0 8
9907 0 8
9908 0 8
9909 0 8
9910 0 8
9911 0 8
9913 0 8
9918 0 8
9919 0 8
9920 0 8
9922 0 8
9941 0 8
9942 0 8
9950 0 8
9951 0 8
9952 0 8
9953 0 8
9954 0 8
9955 0 8
9956 0 8
9958 0 8
9973 0 8
9974 0 8
9975 0 8
9977 0 8
10164 0 8
10165 0 8
10173 0 8
10174 0 8
10175 0 8
10176 0 8
10177 0 8
10178 0 8
10179 0 8
10181 0 8
10196 0 8
10197 0 8
10198 0 8
10200 0 8
5942 0 7
5947 0 8
5948 0 7
5967 0 7
5972 0 8
5973 0 7
6061 0 7
6066 0 8
6067 0 7
6086 0 7
6091 0 8
6092 0 7
7493 0 7
7498 0 8
7499 0 7
7503 0 7
7508 0 8
7509 0 7
7649 0 7
7654 0 8
7655 0 7
7659 0 7
7664 0 8
7665 0 7
7704 0 7
7709 0 8
7710 0 7
7729 0 7
7734 0 8
7735 0 7
7823 0 7
7828 0 8
7829 0 7
7848 0 7
7853 0 8
7854 0 7
8104 0 7
8108 0 8
8109 0 7
8113 0 7
8117 0 8
8118 0 7
8229 0 7
8233 0 8
8234 0 7
8238 0 7
8242 0 8
8243 0 7
8274 0 7
8278 0 8
8279 0 7
8293 0 7
8297 0 8
8298 0 7
8497 0 7
8501 0 8
8502 0 7
8516 0 7
8520 0 8
8521 0 7
9787 0 7
9791 0 8
9792 0 7
9796 0 7
9800 0 8
9801 0 7
9912 0 7
9916 0 8
9917 0 7
9921 0 7
9925 0 8
9926 0 7
9957 0 7
9961 0 8
9962 0 7
9976 0 7
9980 0 8
9981 0 7
10180 0 7
10184 0 8
10185 0 7
10199 0 7
10203 0 8
10204 0 7
5959 0 7
5960 0 7
5961 0 7
5962 0 7
6009 0 8
6010 0 8
6011 0 8
6013 0 8
6029 0 7
6030 0 7
6031 0 7
6032 0 7
6078 0 7
6079 0 7
6080 0 7
6081 0 7
6128 0 8
6129 0 8
6130 0 8
6132 0 8
6148 0 7
6149 0 7
6150 0 7
6151 0 7
7721 0 7
7722 0 7
7723 0 7
7724 0 7
7771 0 8
7772 0 8
7773 0 8
7775 0 8
7791 0 7
7792 0 7
7793 0 7
7794 0 7
7840 0 7
7841 0 7
7842 0 7
7843 0 7
7890 0 8
7891 0 8
7892 0 8
7894 0 8
7910 0 7
7911 0 7
7912 0 7
7913 0 7
8286 0 7
8287 0 7
8288 0 7
8289 0 7
8326 0 8
8327 0 8
8328 0 8
8330 0 8
8341 0 7
8342 0 7
8343 0 7
8344 0 7
8509 0 7
8510 0 7
8511 0 7
8512 0 7
8549 0 8
8550 0 8
8551 0 8
8553 0 8
8564 0 7
8565 0 7
8566 0 7
8567 0 7
9969 0 7
9970 0 7
9971 0 7
9972 0 7
10009 0 8
10010 0 8
10011 0 8
10013 0 8
10024 0 7
10025 0 7
10026 0 7
10027 0 7
10192 0 7
10193 0 7
10194 0 7
10195 0 7
10232 0 8
10233 0 8
10234 0 8
10236 0 8
10247 0 7
10248 0 7
10249 0 7
10250 0 7
5949 0 8
5951 0 7
5954 0 8
5956 0 7
6012 0 7
6017 0 8
6018 0 7
6019 0 8
6021 0 7
6024 0 8
6026 0 7
6068 0 8
6070 0 7
6073 0 8
6075 0 7
6131 0 7
6136 0 8
6137 0 7
6138 0 8
6140 0 7
6143 0 8
6145 0 7
7711 0 8
7713 0 7
7716 0 8
7718 0 7
7774 0 7
7779 0 8
7780 0 7
7781 0 8
7783 0 7
7786 0 8
7788 0 7
7830 0 8
7832 0 7
7835 0 8
7837 0 7
7893 0 7
7898 0 8
7899 0 7
7900 0 8
7902 0 7
7905 0 8
7907 0 7
8280 0 8
8281 0 7
8283 0 8
8284 0 7
8329 0 7
8333 0 8
8334 0 7
8335 0 8
8336 0 7
8338 0 8
8339 0 7
8503 0 8
8504 0 7
8506 0 8
8507 0 7
8552 0 7
8556 0 8
8557 0 7
8558 0 8
8559 0 7
8561 0 8
8562 0 7
9963 0 8
9964 0 7
9966 0 8
9967 0 7
10012 0 7
10016 0 8
10017 0 7
10018 0 8
10019 0 7
10021 0 8
10022 0 7
10186 0 8
10187 0 7
10189 0 8
10190 0 7
10235 0 7
10239 0 8
10240 0 7
10241 0 8
10242 0 7
10244 0 8
10245 0 7
8431 0 9
8432 0 8
8440 0 8
8441 0 7
8467 0 8
8468 0 7
8474 0 7
8475 0 6
8879 0 10
8880 0 9
8888 0 9
8889 0 8
8925 0 9
8926 0 8
8932 0 8
8933 0 7
9057 0 9
9058 0 8
9066 0 8
9067 0 7
9093 0 8
9094 0 7
9100 0 7
9101 0 6
10114 0 9
10115 0 8
10123 0 8
10124 0 7
10150 0 8
10151 0 7
10157 0 7
10158 0 6
10562 0 10
10563 0 9
10571 0 9
10572 0 8
10608 0 9
10609 0 8
10615 0 8
10616 0 7
10740 0 9
10741 0 8
10749 0 8
10750 0 7
10776 0 8
10777 0 7
10783 0 7
10784 0 6
8434 0 7
8435 0 7
8438 0 7
8439 0 7
8470 0 6
8471 0 6
8472 0 6
8473 0 6
8882 0 8
8883 0 8
8886 0 8
8887 0 8
8928 0 7
8929 0 7
8930 0 7
8931 0 7
9060 0 7
9061 0 7
9064 0 7
9065 0 7
9096 0 6
9097 0 6
9098 0 6
9099 0 6
10117 0 7
10118 0 7
10121 0 7
10122 0 7
10153 0 6
10154 0 6
10155 0 6
10156 0 6
10565 0 8
10566 0 8
10569 0 8
10570 0 8
10611 0 7
10612 0 7
10613 0 7
10614 0 7
10743 0 7
10744 0 7
10747 0 7
10748 0 7
10779 0 6
10780 0 6
10781 0 6
10782 0 6
8436 0 7
8437 0 7
8445 0 7
8446 0 7
8447 0 7
8448 0 7
8449 0 7
8450 0 7
8451 0 7
8453 0 7
8458 0 7
8459 0 7
8460 0 7
8462 0 7
8884 0 8
8885 0 8
8893 0 8
8894 0 8
8895 0 8
8896 0 8
8897 0 8
8898 0 8
8899 0 8
8901 0 8
8916 0 8
8917 0 8
8918 0 8
8920 0 8
9062 0 7
9063 0 7
9071 0 7
9072 0 7
9073 0 7
9074 0 7
9075 0 7
9076 0 7
9077 0 7
9079 0 7
9084 0 7
9085 0 7
9086 0 7
9088 0 7
10119 0 7
10120 0 7
10128 0 7
10129 0 7
10130 0 7
10131 0 7
10132 0 7
10133 0 7
10134 0 7
10136 0 7
10141 0 7
10142 0 7
10143 0 7
10145 0 7
10567 0 8
10568 0 8
10576 0 8
10577 0 8
10578 0 8
10579 0 8
10580 0 8
10581 0 8
10582 0 8
10584 0 8
10599 0 8
10600 0 8
10601 0 8
10603 0 8
10745 0 7
10746 0 7
10754 0 7
10755 0 7
10756 0 7
10757 0 7
10758 0 7
10759 0 7
10760 0 7
10762 0 7
10767 0 7
10768 0 7
10769 0 7
10771 0 7
8452 0 6
8456 0 7
8457 0 6
8461 0 6
8465 0 7
8466 0 6
8900 0 7
8904 0 8
8905 0 7
8919 0 7
8923 0 8
8924 0 7
9078 0 6
9082 0 7
9083 0 6
9087 0 6
9091 0 7
9092 0 6
10135 0 6
10139 0 7
10140 0 6
10144 0 6
10148 0 7
10149 0 6
10583 0 7
10587 0 8
10588 0 7
10602 0 7
10606 0 8
10607 0 7
10761 0 6
10765 0 7
10766 0 6
10770 0 6
10774 0 7
10775 0 6
8345 0 8
8346 0 8
8347 0 8
8349 0 8
8366 0 7
8367 0 7
8368 0 7
8369 0 7
8388 0 8
8389 0 8
8390 0 8
8392 0 8
8409 0 7
8410 0 7
8411 0 7
8412 0 7
8912 0 7
8913 0 7
8914 0 7
8915 0 7
8952 0 8
8953 0 8
8954 0 8
8956 0 8
8967 0 7
8968 0 7
8969 0 7
8970 0 7
8971 0 8
8972 0 8
8973 0 8
8975 0 8
8992 0 7
8993 0 7
8994 0 7
8995 0 7
9014 0 8
9015 0 8
9016 0 8
9018 0 8
9035 0 7
9036 0 7
9037 0 7
9038 0 7
10028 0 8
10029 0 8
10030 0 8
10032 0 8
10049 0 7
10050 0 7
10051 0 7
10052 0 7
10071 0 8
10072 0 8
10073 0 8
10075 0 8
10092 0 7
10093 0 7
10094 0 7
10095 0 7
10595 0 7
10596 0 7
10597 0 7
10598 0 7
10635 0 8
10636 0 8
10637 0 8
10639 0 8
10650 0 7
10651 0 7
10652 0 7
10653 0 7
10654 0 8
10655 0 8
10656 0 8
10658 0 8
10675 0 7
10676 0 7
10677 0 7
10678 0 7
10697 0 8
10698 0 8
10699 0 8
10701 0 8
10718 0 7
10719 0 7
10720 0 7
10721 0 7
8348 0 7
8352 0 8
8353 0 7
8354 0 8
8355 0 7
8363 0 8
8364 0 7
8391 0 7
8395 0 8
8396 0 7
8397 0 8
8398 0 7
8406 0 8
8407 0 7
8906 0 8
8907 0 7
8909 0 8
8910 0 7
8955 0 7
8959 0 8
8960 0 7
8961 0 8
8962 0 7
8964 0 8
8965 0 7
8974 0 7
8978 0 8
8979 0 7
8980 0 8
8981 0 7
8989 0 8
8990 0 7
9017 0 7
9021 0 8
9022 0 7
9023 0 8
9024 0 7
9032 0 8
9033 0 7
10031 0 7
10035 0 8
10036 0 7
10037 0 8
10038 0 7
10046 0 8
10047 0 7
10074 0 7
10078 0 8
10079 0 7
10080 0 8
10081 0 7
10089 0 8
10090 0 7
10589 0 8
10590 0 7
10592 0 8
10593 0 7
10638 0 7
10642 0 8
10643 0 7
10644 0 8
10645 0 7
10647 0 8
10648 0 7
10657 0 7
10661 0 8
10662 0 7
10663 0 8
10664 0 7
10672 0 8
10673 0 7
10700 0 7
10704 0 8
10705 0 7
10706 0 8
10707 0 7
10715 0 8
10716 0 7
8361 0 7
8362 0 6
8379 0 8
8380 0 7
8386 0 7
8387 0 6
8404 0 7
8405 0 6
8422 0 8
8423 0 7
8429 0 7
8430 0 6
8987 0 7
8988 0 6
9005 0 8
9006 0 7
9012 0 7
9013 0 6
9030 0 7
9031 0 6
9048 0 8
9049 0 7
9055 0 7
9056 0 6
10044 0 7
10045 0 6
10062 0 8
10063 0 7
10069 0 7
10070 0 6
10087 0 7
10088 0 6
10105 0 8
10106 0 7
10112 0 7
10113 0 6
10670 0 7
10671 0 6
10688 0 8
10689 0 7
10695 0 7
10696 0 6
10713 0 7
10714 0 6
10731 0 8
10732 0 7
10738 0 7
10739 0 6
8357 0 6
8358 0 6
8359 0 6
8360 0 6
8382 0 6
8383 0 6
8384 0 6
8385 0 6
8400 0 6
8401 0 6
8402 0 6
8403 0 6
8425 0 6
8426 0 6
8427 0 6
8428 0 6
8983 0 6
8984 0 6
8985 0 6
8986 0 6
9008 0 6
9009 0 6
9010 0 6
9011 0 6
9026 0 6
9027 0 6
9028 0 6
9029 0 6
9051 0 6
9052 0 6
9053 0 6
9054 0 6
10040 0 6
10041 0 6
10042 0 6
10043 0 6
10065 0 6
10066 0 6
10067 0 6
10068 0 6
10083 0 6
10084 0 6
10085 0 6
10086 0 6
10108 0 6
10109 0 6
10110 0 6
10111 0 6
10666 0 6
10667 0 6
10668 0 6
10669 0 6
10691 0 6
10692 0 6
10693 0 6
10694 0 6
10709 0 6
10710 0 6
10711 0 6
10712 0 6
10734 0 6
10735 0 6
10736 0 6
10737 0 6
0 0 12
4 0 11
21 0 11
23 0 10
101 0 11
105 0 10
116 0 10
118 0 9
503 0 11
507 0 10
524 0 10
526 0 9
577 0 10
581 0 9
592 0 9
594 0 8
2515 0 11
2519 0 10
2536 0 10
2538 0 9
2616 0 10
2620 0 9
2631 0 9
2633 0 8
2891 0 10
2895 0 9
2912 0 9
2914 0 8
2965 0 9
2969 0 8
2980 0 8
2982 0 7
13976 0 11
13979 0 10
13993 0 10
13996 0 9
14065 0 10
14068 0 9
14079 0 9
14082 0 8
14429 0 10
14432 0 9
14446 0 9
14449 0 8
14499 0 9
14502 0 8
14513 0 8
14516 0 7
15719 0 10
15722 0 9
15736 0 9
15739 0 8
15808 0 9
15811 0 8
15822 0 8
15825 0 7
16067 0 9
16070 0 8
16084 0 8
16087 0 7
16137 0 8
16140 0 7
16151 0 7
16154 0 6
9510 0 9
9511 0 9
9518 0 8
9519 0 8
9553 0 8
9554 0 8
9560 0 7
9561 0 7
9680 0 8
9681 0 8
9688 0 7
9689 0 7
9714 0 7
9715 0 7
9721 0 6
9722 0 6
13977 0 10
13978 0 10
13994 0 9
13995 0 9
14066 0 9
14067 0 9
14080 0 8
14081 0 8
14430 0 9
14431 0 9
14447 0 8
14448 0 8
14500 0 8
14501 0 8
14514 0 7
14515 0 7
15720 0 9
15721 0 9
15737 0 8
15738 0 8
15809 0 8
15810 0 8
15823 0 7
15824 0 7
16068 0 8
16069 0 8
16085 0 7
16086 0 7
16138 0 7
16139 0 7
16152 0 6
16153 0 6
2 0 10
3 0 10
7 0 10
8 0 10
9 0 10
10 0 10
18 0 10
19 0 10
103 0 9
104 0 9
108 0 9
109 0 9
110 0 9
111 0 9
113 0 9
114 0 9
505 0 9
506 0 9
510 0 9
511 0 9
512 0 9
513 0 9
521 0 9
522 0 9
579 0 8
580 0 8
584 0 8
585 0 8
586 0 8
587 0 8
589 0 8
590 0 8
2517 0 9
2518 0 9
2522 0 9
2523 0 9
2524 0 9
2525 0 9
2533 0 9
2534 0 9
2618 0 8
2619 0 8
2623 0 8
2624 0 8
2625 0 8
2626 0 8
2628 0 8
2629 0 8
2893 0 8
2894 0 8
2898 0 8
2899 0 8
2900 0 8
2901 0 8
2909 0 8
2910 0 8
2967 0 7
2968 0 7
2972 0 7
2973 0 7
2974 0 7
2975 0 7
2977 0 7
2978 0 7
9512 0 9
9513 0 9
9516 0 9
9555 0 8
9556 0 8
9558 0 8
9682 0 8
9683 0 8
9686 0 8
9716 0 7
9717 0 7
9719 0 7
13981 0 10
13982 0 10
13989 0 10
14070 0 9
14071 0 9
14075 0 9
14434 0 9
14435 0 9
14442 0 9
14504 0 8
14505 0 8
14509 0 8
15724 0 9
15725 0 9
15732 0 9
15813 0 8
15814 0 8
15818 0 8
16072 0 8
16073 0 8
16080 0 8
16142 0 7
16143 0 7
16147 0 7
11 0 10
20 0 10
112 0 9
115 0 9
514 0 9
523 0 9
588 0 8
591 0 8
2526 0 9
2535 0 9
2627 0 8
2630 0 8
2902 0 8
2911 0 8
2976 0 7
2979 0 7
13983 0 9
13985 0 9
13990 0 9
13992 0 9
14072 0 8
14074 0 8
14076 0 8
14078 0 8
14436 0 8
14438 0 8
14443 0 8
14445 0 8
14506 0 7
14508 0 7
14510 0 7
14512 0 7
15726 0 8
15728 0 8
15733 0 8
15735 0 8
15815 0 7
15817 0 7
15819 0 7
15821 0 7
16074 0 7
16076 0 7
16081 0 7
16083 0 7
16144 0 6
16146 0 6
16148 0 6
16150 0 6
16 0 9
17 0 9
33 0 10
34 0 10
40 0 9
41 0 9
42 0 10
43 0 10
50 0 9
51 0 9
85 0 10
86 0 10
93 0 9
94 0 9
519 0 8
520 0 8
536 0 9
537 0 9
543 0 8
544 0 8
545 0 9
546 0 9
553 0 8
554 0 8
561 0 9
562 0 9
569 0 8
570 0 8
2531 0 8
2532 0 8
2548 0 9
2549 0 9
2555 0 8
2556 0 8
2557 0 9
2558 0 9
2565 0 8
2566 0 8
2600 0 9
2601 0 9
2608 0 8
2609 0 8
2907 0 7
2908 0 7
2924 0 8
2925 0 8
2931 0 7
2932 0 7
2933 0 8
2934 0 8
2941 0 7
2942 0 7
2949 0 8
2950 0 8
2957 0 7
2958 0 7
9515 0 8
9523 0 9
9525 0 8
9526 0 9
9530 0 8
9544 0 9
9548 0 8
9685 0 7
9693 0 8
9695 0 7
9696 0 8
9700 0 7
9705 0 8
9709 0 7
13988 0 9
14003 0 10
14009 0 9
14010 0 10
14019 0 9
14047 0 10
14056 0 9
14441 0 8
14456 0 9
14462 0 8
14463 0 9
14472 0 8
14481 0 9
14490 0 8
15731 0 8
15746 0 9
15752 0 8
15753 0 9
15762 0 8
15790 0 9
15799 0 8
16079 0 7
16094 0 8
16100 0 7
16101 0 8
16110 0 7
16119 0 8
16128 0 7
12 0 10
14 0 10
35 0 10
36 0 10
38 0 10
44 0 10
45 0 10
48 0 10
87 0 10
88 0 10
91 0 10
515 0 9
517 0 9
538 0 9
539 0 9
541 0 9
547 0 9
548 0 9
551 0 9
563 0 9
564 0 9
567 0 9
2527 0 9
2529 0 9
2550 0 9
2551 0 9
2553 0 9
2559 0 9
2560 0 9
2563 0 9
2602 0 9
2603 0 9
2606 0 9
2903 0 8
2905 0 8
2926 0 8
2927 0 8
2929 0 8
2935 0 8
2936 0 8
2939 0 8
2951 0 8
2952 0 8
2955 0 8
13986 0 9
13987 0 9
14004 0 9
14006 0 9
14007 0 9
14008 0 9
14011 0 9
14013 0 9
14014 0 9
14018 0 9
14048 0 9
14050 0 9
14051 0 9
14055 0 9
14439 0 8
14440 0 8
14457 0 8
14459 0 8
14460 0 8
14461 0 8
14464 0 8
14466 0 8
14467 0 8
14471 0 8
14482 0 8
14484 0 8
14485 0 8
14489 0 8
15729 0 8
15730 0 8
15747 0 8
15749 0 8
15750 0 8
15751 0 8
15754 0 8
15756 0 8
15757 0 8
15761 0 8
15791 0 8
15793 0 8
15794 0 8
15798 0 8
16077 0 7
16078 0 7
16095 0 7
16097 0 7
16098 0 7
16099 0 7
16102 0 7
16104 0 7
16105 0 7
16109 0 7
16120 0 7
16122 0 7
16123 0 7
16127 0 7
47 0 9
55 0 10
57 0 9
90 0 9
98 0 10
100 0 9
550 0 8
558 0 9
560 0 8
566 0 8
574 0 9
576 0 8
2562 0 8
2570 0 9
2572 0 8
2605 0 8
2613 0 9
2615 0 8
2938 0 7
2946 0 8
2948 0 7
2954 0 7
2962 0 8
2964 0 7
14017 0 8
14024 0 9
14027 0 8
14054 0 8
14061 0 9
14064 0 8
14470 0 7
14477 0 8
14480 0 7
14488 0 7
14495 0 8
14498 0 7
15760 0 7
15767 0 8
15770 0 7
15797 0 7
15804 0 8
15807 0 7
16108 0 6
16115 0 7
16118 0 6
16126 0 6
16133 0 7
16136 0 6
9528 0 7
9529 0 7
9533 0 7
9534 0 7
9546 0 7
9547 0 7
9551 0 7
9552 0 7
9698 0 6
9699 0 6
9703 0 6
9704 0 6
9707 0 6
9708 0 6
9712 0 6
9713 0 6
14015 0 8
14016 0 8
14025 0 8
14026 0 8
14052 0 8
14053 0 8
14062 0 8
14063 0 8
14468 0 7
14469 0 7
14478 0 7
14479 0 7
14486 0 7
14487 0 7
14496 0 7
14497 0 7
15758 0 7
15759 0 7
15768 0 7
15769 0 7
15795 0 7
15796 0 7
15805 0 7
15806 0 7
16106 0 6
16107 0 6
16116 0 6
16117 0 6
16124 0 6
16125 0 6
16134 0 6
16135 0 6
76 0 9
77 0 9
83 0 8
84 0 8
161 0 10
162 0 10
169 0 9
170 0 9
195 0 9
196 0 9
202 0 8
203 0 8
204 0 10
205 0 10
212 0 9
213 0 9
247 0 9
248 0 9
254 0 8
255 0 8
417 0 10
418 0 10
425 0 9
426 0 9
460 0 9
461 0 9
467 0 8
468 0 8
2591 0 8
2592 0 8
2598 0 7
2599 0 7
2676 0 9
2677 0 9
2684 0 8
2685 0 8
2710 0 8
2711 0 8
2717 0 7
2718 0 7
2719 0 9
2720 0 9
2727 0 8
2728 0 8
2762 0 8
2763 0 8
2769 0 7
2770 0 7
2805 0 9
2806 0 9
2813 0 8
2814 0 8
2848 0 8
2849 0 8
2855 0 7
2856 0 7
9541 0 8
9543 0 7
9578 0 9
9582 0 8
9593 0 8
9595 0 7
9596 0 9
9600 0 8
9617 0 8
9619 0 7
9638 0 9
9642 0 8
9659 0 8
9661 0 7
14040 0 9
14046 0 8
14117 0 10
14126 0 9
14147 0 9
14153 0 8
14154 0 10
14163 0 9
14196 0 9
14202 0 8
14344 0 10
14353 0 9
14386 0 9
14392 0 8
15783 0 8
15789 0 7
15860 0 9
15869 0 8
15890 0 8
15896 0 7
15897 0 9
15906 0 8
15939 0 8
15945 0 7
15982 0 9
15991 0 8
16024 0 8
16030 0 7
78 0 9
79 0 9
81 0 9
163 0 10
164 0 10
167 0 10
197 0 9
198 0 9
200 0 9
206 0 10
207 0 10
210 0 10
249 0 9
250 0 9
252 0 9
419 0 10
420 0 10
423 0 10
462 0 9
463 0 9
465 0 9
2593 0 8
2594 0 8
2596 0 8
2678 0 9
2679 0 9
2682 0 9
2712 0 8
2713 0 8
2715 0 8
2721 0 9
2722 0 9
2725 0 9
2764 0 8
2765 0 8
2767 0 8
2807 0 9
2808 0 9
2811 0 9
2850 0 8
2851 0 8
2853 0 8
14041 0 8
14043 0 8
14044 0 8
14045 0 8
14118 0 9
14120 0 9
14121 0 9
14125 0 9
14148 0 8
14150 0 8
14151 0 8
14152 0 8
14155 0 9
14157 0 9
14158 0 9
14162 0 9
14197 0 8
14199 0 8
14200 0 8
14201 0 8
14345 0 9
14347 0 9
14348 0 9
14352 0 9
14387 0 8
14389 0 8
14390 0 8
14391 0 8
15784 0 7
15786 0 7
15787 0 7
15788 0 7
15861 0 8
15863 0 8
15864 0 8
15868 0 8
15891 0 7
15893 0 7
15894 0 7
15895 0 7
15898 0 8
15900 0 8
15901 0 8
15905 0 8
15940 0 7
15942 0 7
15943 0 7
15944 0 7
15983 0 8
15985 0 8
15986 0 8
15990 0 8
16025 0 7
16027 0 7
16028 0 7
16029 0 7
58 0 10
62 0 9
67 0 10
71 0 9
166 0 9
174 0 10
176 0 9
177 0 10
181 0 9
186 0 10
190 0 9
209 0 9
217 0 10
219 0 9
220 0 10
224 0 9
238 0 10
242 0 9
422 0 9
430 0 10
432 0 9
433 0 10
437 0 9
451 0 10
455 0 9
2573 0 9
2577 0 8
2582 0 9
2586 0 8
2681 0 8
2689 0 9
2691 0 8
2692 0 9
2696 0 8
2701 0 9
2705 0 8
2724 0 8
2732 0 9
2734 0 8
2735 0 9
2739 0 8
2753 0 9
2757 0 8
2810 0 8
2818 0 9
2820 0 8
2821 0 9
2825 0 8
2839 0 9
2843 0 8
14028 0 9
14031 0 8
14034 0 9
14037 0 8
14124 0 8
14131 0 9
14134 0 8
14135 0 9
14138 0 8
14141 0 9
14144 0 8
14161 0 8
14168 0 9
14171 0 8
14172 0 9
14175 0 8
14190 0 9
14193 0 8
14351 0 8
14358 0 9
14361 0 8
14362 0 9
14365 0 8
14380 0 9
14383 0 8
15771 0 8
15774 0 7
15777 0 8
15780 0 7
15867 0 7
15874 0 8
15877 0 7
15878 0 8
15881 0 7
15884 0 8
15887 0 7
15904 0 7
15911 0 8
15914 0 7
15915 0 8
15918 0 7
15933 0 8
15936 0 7
15989 0 7
15996 0 8
15999 0 7
16000 0 8
16003 0 7
16018 0 8
16021 0 7
9535 0 7
9536 0 7
9538 0 7
9539 0 7
9580 0 7
9581 0 7
9585 0 7
9586 0 7
9587 0 7
9588 0 7
9590 0 7
9591 0 7
9598 0 7
9599 0 7
9603 0 7
9604 0 7
9605 0 7
9606 0 7
9614 0 7
9615 0 7
9640 0 7
9641 0 7
9645 0 7
9646 0 7
9647 0 7
9648 0 7
9656 0 7
9657 0 7
14029 0 8
14030 0 8
14035 0 8
14036 0 8
14122 0 8
14123 0 8
14132 0 8
14133 0 8
14136 0 8
14137 0 8
14142 0 8
14143 0 8
14159 0 8
14160 0 8
14169 0 8
14170 0 8
14173 0 8
14174 0 8
14191 0 8
14192 0 8
14349 0 8
14350 0 8
14359 0 8
14360 0 8
14363 0 8
14364 0 8
14381 0 8
14382 0 8
15772 0 7
15773 0 7
15778 0 7
15779 0 7
15865 0 7
15866 0 7
15875 0 7
15876 0 7
15879 0 7
15880 0 7
15885 0 7
15886 0 7
15902 0 7
15903 0 7
15912 0 7
15913 0 7
15916 0 7
15917 0 7
15934 0 7
15935 0 7
15987 0 7
15988 0 7
15997 0 7
15998 0 7
16001 0 7
16002 0 7
16019 0 7
16020 0 7
60 0 8
61 0 8
65 0 8
66 0 8
69 0 8
70 0 8
74 0 8
75 0 8
179 0 8
180 0 8
184 0 8
185 0 8
188 0 8
189 0 8
193 0 8
194 0 8
222 0 8
223 0 8
227 0 8
228 0 8
240 0 8
241 0 8
245 0 8
246 0 8
435 0 8
436 0 8
440 0 8
441 0 8
453 0 8
454 0 8
458 0 8
459 0 8
2575 0 7
2576 0 7
2580 0 7
2581 0 7
2584 0 7
2585 0 7
2589 0 7
2590 0 7
2694 0 7
2695 0 7
2699 0 7
2700 0 7
2703 0 7
2704 0 7
2708 0 7
2709 0 7
2737 0 7
2738 0 7
2742 0 7
2743 0 7
2755 0 7
2756 0 7
2760 0 7
2761 0 7
2823 0 7
2824 0 7
2828 0 7
2829 0 7
2841 0 7
2842 0 7
2846 0 7
2847 0 7
9537 0 7
9540 0 7
9589 0 7
9592 0 7
9607 0 7
9616 0 7
9649 0 7
9658 0 7
14033 0 8
14039 0 8
14140 0 8
14146 0 8
14177 0 8
14195 0 8
14367 0 8
14385 0 8
15776 0 7
15782 0 7
15883 0 7
15889 0 7
15920 0 7
15938 0 7
16005 0 7
16023 0 7
235 0 9
237 0 8
272 0 10
276 0 9
287 0 9
289 0 8
448 0 9
450 0 8
485 0 10
489 0 9
500 0 9
502 0 8
2750 0 8
2752 0 7
2787 0 9
2791 0 8
2802 0 8
2804 0 7
2836 0 8
2838 0 7
2873 0 9
2877 0 8
2888 0 8
2890 0 7
14186 0 8
14189 0 7
14221 0 9
14224 0 8
14235 0 8
14238 0 7
14376 0 8
14379 0 7
14411 0 9
14414 0 8
14425 0 8
14428 0 7
15929 0 7
15932 0 6
15964 0 8
15967 0 7
15978 0 7
15981 0 6
16014 0 7
16017 0 6
16049 0 8
16052 0 7
16063 0 7
16066 0 6
9612 0 6
9613 0 6
9629 0 7
9630 0 7
9636 0 6
9637 0 6
9654 0 6
9655 0 6
9671 0 7
9672 0 7
9678 0 6
9679 0 6
14187 0 7
14188 0 7
14222 0 8
14223 0 8
14236 0 7
14237 0 7
14377 0 7
14378 0 7
14412 0 8
14413 0 8
14426 0 7
14427 0 7
15930 0 6
15931 0 6
15965 0 7
15966 0 7
15979 0 6
15980 0 6
16015 0 6
16016 0 6
16050 0 7
16051 0 7
16064 0 6
16065 0 6
229 0 8
230 0 8
232 0 8
233 0 8
274 0 8
275 0 8
279 0 8
280 0 8
281 0 8
282 0 8
284 0 8
285 0 8
442 0 8
443 0 8
445 0 8
446 0 8
487 0 8
488 0 8
492 0 8
493 0 8
494 0 8
495 0 8
497 0 8
498 0 8
2744 0 7
2745 0 7
2747 0 7
2748 0 7
2789 0 7
2790 0 7
2794 0 7
2795 0 7
2796 0 7
2797 0 7
2799 0 7
2800 0 7
2830 0 7
2831 0 7
2833 0 7
2834 0 7
2875 0 7
2876 0 7
2880 0 7
2881 0 7
2882 0 7
2883 0 7
2885 0 7
2886 0 7
9608 0 7
9610 0 7
9631 0 7
9632 0 7
9634 0 7
9650 0 7
9652 0 7
9673 0 7
9674 0 7
9676 0 7
14178 0 8
14182 0 8
14226 0 8
14227 0 8
14231 0 8
14368 0 8
14372 0 8
14416 0 8
14417 0 8
14421 0 8
15921 0 7
15925 0 7
15969 0 7
15970 0 7
15974 0 7
16006 0 7
16010 0 7
16054 0 7
16055 0 7
16059 0 7
231 0 8
234 0 8
283 0 8
286 0 8
444 0 8
447 0 8
496 0 8
499 0 8
2746 0 7
2749 0 7
2798 0 7
2801 0 7
2832 0 7
2835 0 7
2884 0 7
2887 0 7
14179 0 7
14181 0 7
14183 0 7
14185 0 7
14228 0 7
14230 0 7
14232 0 7
14234 0 7
14369 0 7
14371 0 7
14373 0 7
14375 0 7
14418 0 7
14420 0 7
14422 0 7
14424 0 7
15922 0 6
15924 0 6
15926 0 6
15928 0 6
15971 0 6
15973 0 6
15975 0 6
15977 0 6
16007 0 6
16009 0 6
16011 0 6
16013 0 6
16056 0 6
16058 0 6
16060 0 6
16062 0 6
374 0 9
375 0 9
382 0 8
383 0 8
408 0 8
409 0 8
415 0 7
416 0 7
799 0 10
800 0 10
807 0 9
808 0 9
842 0 9
843 0 9
849 0 8
850 0 8
969 0 9
970 0 9
977 0 8
978 0 8
1003 0 8
1004 0 8
1010 0 7
1011 0 7
1012 0 10
1013 0 10
1020 0 9
1021 0 9
1055 0 9
1056 0 9
1062 0 8
1063 0 8
1232 0 9
1233 0 9
1240 0 8
1241 0 8
1266 0 8
1267 0 8
1273 0 7
1274 0 7
2074 0 10
2075 0 10
2082 0 9
2083 0 9
2117 0 9
2118 0 9
2124 0 8
2125 0 8
2294 0 9
2295 0 9
2302 0 8
2303 0 8
2328 0 8
2329 0 8
2335 0 7
2336 0 7
9102 0 10
9106 0 9
9123 0 9
9125 0 8
9203 0 9
9207 0 8
9218 0 8
9220 0 7
9306 0 10
9310 0 9
9327 0 9
9329 0 8
9407 0 9
9411 0 8
9422 0 8
9424 0 7
14307 0 9
14316 0 8
14337 0 8
14343 0 7
14695 0 10
14704 0 9
14737 0 9
14743 0 8
14848 0 9
14857 0 8
14878 0 8
14884 0 7
14885 0 10
14894 0 9
14927 0 9
14933 0 8
15092 0 9
15101 0 8
15122 0 8
15128 0 7
15302 0 10
15311 0 9
15344 0 9
15350 0 8
15509 0 9
15518 0 8
15539 0 8
15545 0 7
376 0 9
377 0 9
380 0 9
410 0 8
411 0 8
413 0 8
801 0 10
802 0 10
805 0 10
844 0 9
845 0 9
847 0 9
971 0 9
972 0 9
975 0 9
1005 0 8
1006 0 8
1008 0 8
1014 0 10
1015 0 10
1018 0 10
1057 0 9
1058 0 9
1060 0 9
1234 0 9
1235 0 9
1238 0 9
1268 0 8
1269 0 8
1271 0 8
2076 0 10
2077 0 10
2080 0 10
2119 0 9
2120 0 9
2122 0 9
2296 0 9
2297 0 9
2300 0 9
2330 0 8
2331 0 8
2333 0 8
14308 0 8
14310 0 8
14311 0 8
14315 0 8
14338 0 7
14340 0 7
14341 0 7
14342 0 7
14696 0 9
14698 0 9
14699 0 9
14703 0 9
14738 0 8
14740 0 8
14741 0 8
14742 0 8
14849 0 8
14851 0 8
14852 0 8
14856 0 8
14879 0 7
14881 0 7
14882 0 7
14883 0 7
14886 0 9
14888 0 9
14889 0 9
14893 0 9
14928 0 8
14930 0 8
14931 0 8
14932 0 8
15093 0 8
15095 0 8
15096 0 8
15100 0 8
15123 0 7
15125 0 7
15126 0 7
15127 0 7
15303 0 9
15305 0 9
15306 0 9
15310 0 9
15345 0 8
15347 0 8
15348 0 8
15349 0 8
15510 0 8
15512 0 8
15513 0 8
15517 0 8
15540 0 7
15542 0 7
15543 0 7
15544 0 7
379 0 8
387 0 9
389 0 8
390 0 9
394 0 8
399 0 9
403 0 8
804 0 9
812 0 10
814 0 9
815 0 10
819 0 9
833 0 10
837 0 9
974 0 8
982 0 9
984 0 8
985 0 9
989 0 8
994 0 9
998 0 8
1017 0 9
1025 0 10
1027 0 9
1028 0 10
1032 0 9
1046 0 10
1050 0 9
1237 0 8
1245 0 9
1247 0 8
1248 0 9
1252 0 8
1257 0 9
1261 0 8
2079 0 9
2087 0 10
2089 0 9
2090 0 10
2094 0 9
2108 0 10
2112 0 9
2299 0 8
2307 0 9
2309 0 8
2310 0 9
2314 0 8
2319 0 9
2323 0 8
14314 0 7
14321 0 8
14324 0 7
14325 0 8
14328 0 7
14331 0 8
14334 0 7
14702 0 8
14709 0 9
14712 0 8
14713 0 9
14716 0 8
14731 0 9
14734 0 8
14855 0 7
14862 0 8
14865 0 7
14866 0 8
14869 0 7
14872 0 8
14875 0 7
14892 0 8
14899 0 9
14902 0 8
14903 0 9
14906 0 8
14921 0 9
14924 0 8
15099 0 7
15106 0 8
15109 0 7
15110 0 8
15113 0 7
15116 0 8
15119 0 7
15309 0 8
15316 0 9
15319 0 8
15320 0 9
15323 0 8
15338 0 9
15341 0 8
15516 0 7
15523 0 8
15526 0 7
15527 0 8
15530 0 7
15533 0 8
15536 0 7
9104 0 8
9105 0 8
9109 0 8
9110 0 8
9111 0 8
9112 0 8
9120 0 8
9121 0 8
9205 0 7
9206 0 7
9210 0 7
9211 0 7
9212 0 7
9213 0 7
9215 0 7
9216 0 7
9308 0 8
9309 0 8
9313 0 8
9314 0 8
9315 0 8
9316 0 8
9324 0 8
9325 0 8
9409 0 7
9410 0 7
9414 0 7
9415 0 7
9416 0 7
9417 0 7
9419 0 7
9420 0 7
14312 0 7
14313 0 7
14322 0 7
14323 0 7
14326 0 7
14327 0 7
14332 0 7
14333 0 7
14700 0 8
14701 0 8
14710 0 8
14711 0 8
14714 0 8
14715 0 8
14732 0 8
14733 0 8
14853 0 7
14854 0 7
14863 0 7
14864 0 7
14867 0 7
14868 0 7
14873 0 7
14874 0 7
14890 0 8
14891 0 8
14900 0 8
14901 0 8
14904 0 8
14905 0 8
14922 0 8
14923 0 8
15097 0 7
15098 0 7
15107 0 7
15108 0 7
15111 0 7
15112 0 7
15117 0 7
15118 0 7
15307 0 8
15308 0 8
15317 0 8
15318 0 8
15321 0 8
15322 0 8
15339 0 8
15340 0 8
15514 0 7
15515 0 7
15524 0 7
15525 0 7
15528 0 7
15529 0 7
15534 0 7
15535 0 7
392 0 7
393 0 7
397 0 7
398 0 7
401 0 7
402 0 7
406 0 7
407 0 7
817 0 8
818 0 8
822 0 8
823 0 8
835 0 8
836 0 8
840 0 8
841 0 8
987 0 7
988 0 7
992 0 7
993 0 7
996 0 7
997 0 7
1001 0 7
1002 0 7
1030 0 8
1031 0 8
1035 0 8
1036 0 8
1048 0 8
1049 0 8
1053 0 8
1054 0 8
1250 0 7
1251 0 7
1255 0 7
1256 0 7
1259 0 7
1260 0 7
1264 0 7
1265 0 7
2092 0 8
2093 0 8
2097 0 8
2098 0 8
2110 0 8
2111 0 8
2115 0 8
2116 0 8
2312 0 7
2313 0 7
2317 0 7
2318 0 7
2321 0 7
2322 0 7
2326 0 7
2327 0 7
9113 0 8
9122 0 8
9214 0 7
9217 0 7
9317 0 8
9326 0 8
9418 0 7
9421 0 7
14330 0 7
14336 0 7
14718 0 8
14736 0 8
14871 0 7
14877 0 7
14908 0 8
14926 0 8
15115 0 7
15121 0 7
15325 0 8
15343 0 8
15532 0 7
15538 0 7
290 0 10
294 0 9
311 0 9
313 0 8
332 0 10
336 0 9
353 0 9
355 0 8
830 0 9
832 0 8
867 0 10
871 0 9
882 0 9
884 0 8
885 0 10
889 0 9
906 0 9
908 0 8
927 0 10
931 0 9
948 0 9
950 0 8
1043 0 9
1045 0 8
1080 0 10
1084 0 9
1095 0 9
1097 0 8
1098 0 10
1102 0 9
1119 0 9
1121 0 8
1190 0 10
1194 0 9
1211 0 9
1213 0 8
2105 0 9
2107 0 8
2142 0 10
2146 0 9
2157 0 9
2159 0 8
2160 0 10
2164 0 9
2181 0 9
2183 0 8
2252 0 10
2256 0 9
2273 0 9
2275 0 8
14239 0 9
14242 0 8
14256 0 8
14259 0 7
14273 0 9
14276 0 8
14290 0 8
14293 0 7
14727 0 8
14730 0 7
14762 0 9
14765 0 8
14776 0 8
14779 0 7
14780 0 9
14783 0 8
14797 0 8
14800 0 7
14814 0 9
14817 0 8
14831 0 8
14834 0 7
14917 0 8
14920 0 7
14952 0 9
14955 0 8
14966 0 8
14969 0 7
14970 0 9
14973 0 8
14987 0 8
14990 0 7
15058 0 9
15061 0 8
15075 0 8
15078 0 7
15334 0 8
15337 0 7
15369 0 9
15372 0 8
15383 0 8
15386 0 7
15387 0 9
15390 0 8
15404 0 8
15407 0 7
15475 0 9
15478 0 8
15492 0 8
15495 0 7
9118 0 7
9119 0 7
9135 0 8
9136 0 8
9142 0 7
9143 0 7
9144 0 8
9145 0 8
9152 0 7
9153 0 7
9187 0 8
9188 0 8
9195 0 7
9196 0 7
9322 0 7
9323 0 7
9339 0 8
9340 0 8
9346 0 7
9347 0 7
9348 0 8
9349 0 8
9356 0 7
9357 0 7
9391 0 8
9392 0 8
9399 0 7
9400 0 7
14240 0 8
14241 0 8
14257 0 7
14258 0 7
14274 0 8
14275 0 8
14291 0 7
14292 0 7
14728 0 7
14729 0 7
14763 0 8
14764 0 8
14777 0 7
14778 0 7
14781 0 8
14782 0 8
14798 0 7
14799 0 7
14815 0 8
14816 0 8
14832 0 7
14833 0 7
14918 0 7
14919 0 7
14953 0 8
14954 0 8
14967 0 7
14968 0 7
14971 0 8
14972 0 8
14988 0 7
14989 0 7
15059 0 8
15060 0 8
15076 0 7
15077 0 7
15335 0 7
15336 0 7
15370 0 8
15371 0 8
15384 0 7
15385 0 7
15388 0 8
15389 0 8
15405 0 7
15406 0 7
15476 0 8
15477 0 8
15493 0 7
15494 0 7
292 0 8
293 0 8
297 0 8
298 0 8
299 0 8
300 0 8
308 0 8
309 0 8
334 0 8
335 0 8
339 0 8
340 0 8
341 0 8
342 0 8
350 0 8
351 0 8
824 0 8
825 0 8
827 0 8
828 0 8
869 0 8
870 0 8
874 0 8
875 0 8
876 0 8
877 0 8
879 0 8
880 0 8
887 0 8
888 0 8
892 0 8
893 0 8
894 0 8
895 0 8
903 0 8
904 0 8
929 0 8
930 0 8
934 0 8
935 0 8
936 0 8
937 0 8
945 0 8
946 0 8
1037 0 8
1038 0 8
1040 0 8
1041 0 8
1082 0 8
1083 0 8
1087 0 8
1088 0 8
1089 0 8
1090 0 8
1092 0 8
1093 0 8
1100 0 8
1101 0 8
1105 0 8
1106 0 8
1107 0 8
1108 0 8
1116 0 8
1117 0 8
1192 0 8
1193 0 8
1197 0 8
1198 0 8
1199 0 8
1200 0 8
1208 0 8
1209 0 8
2099 0 8
2100 0 8
2102 0 8
2103 0 8
2144 0 8
2145 0 8
2149 0 8
2150 0 8
2151 0 8
2152 0 8
2154 0 8
2155 0 8
2162 0 8
2163 0 8
2167 0 8
2168 0 8
2169 0 8
2170 0 8
2178 0 8
2179 0 8
2254 0 8
2255 0 8
2259 0 8
2260 0 8
2261 0 8
2262 0 8
2270 0 8
2271 0 8
9114 0 8
9116 0 8
9137 0 8
9138 0 8
9140 0 8
9146 0 8
9147 0 8
9150 0 8
9189 0 8
9190 0 8
9193 0 8
9318 0 8
9320 0 8
9341 0 8
9342 0 8
9344 0 8
9350 0 8
9351 0 8
9354 0 8
9393 0 8
9394 0 8
9397 0 8
14244 0 8
14245 0 8
14252 0 8
14278 0 8
14279 0 8
14286 0 8
14719 0 8
14723 0 8
14767 0 8
14768 0 8
14772 0 8
14785 0 8
14786 0 8
14793 0 8
14819 0 8
14820 0 8
14827 0 8
14909 0 8
14913 0 8
14957 0 8
14958 0 8
14962 0 8
14975 0 8
14976 0 8
14983 0 8
15063 0 8
15064 0 8
15071 0 8
15326 0 8
15330 0 8
15374 0 8
15375 0 8
15379 0 8
15392 0 8
15393 0 8
15400 0 8
15480 0 8
15481 0 8
15488 0 8
301 0 8
310 0 8
343 0 8
352 0 8
826 0 8
829 0 8
878 0 8
881 0 8
896 0 8
905 0 8
938 0 8
947 0 8
1039 0 8
1042 0 8
1091 0 8
1094 0 8
1109 0 8
1118 0 8
1201 0 8
1210 0 8
2101 0 8
2104 0 8
2153 0 8
2156 0 8
2171 0 8
2180 0 8
2263 0 8
2272 0 8
14246 0 7
14248 0 7
14253 0 7
14255 0 7
14280 0 7
14282 0 7
14287 0 7
14289 0 7
14720 0 7
14722 0 7
14724 0 7
14726 0 7
14769 0 7
14771 0 7
14773 0 7
14775 0 7
14787 0 7
14789 0 7
14794 0 7
14796 0 7
14821 0 7
14823 0 7
14828 0 7
14830 0 7
14910 0 7
14912 0 7
14914 0 7
14916 0 7
14959 0 7
14961 0 7
14963 0 7
14965 0 7
14977 0 7
14979 0 7
14984 0 7
14986 0 7
15065 0 7
15067 0 7
15072 0 7
15074 0 7
15327 0 7
15329 0 7
15331 0 7
15333 0 7
15376 0 7
15378 0 7
15380 0 7
15382 0 7
15394 0 7
15396 0 7
15401 0 7
15403 0 7
15482 0 7
15484 0 7
15489 0 7
15491 0 7
306 0 7
307 0 7
323 0 8
324 0 8
330 0 7
331 0 7
348 0 7
349 0 7
365 0 8
366 0 8
372 0 7
373 0 7
901 0 7
902 0 7
918 0 8
919 0 8
925 0 7
926 0 7
943 0 7
944 0 7
960 0 8
961 0 8
967 0 7
968 0 7
1114 0 7
1115 0 7
1131 0 8
1132 0 8
1138 0 7
1139 0 7
1206 0 7
1207 0 7
1223 0 8
1224 0 8
1230 0 7
1231 0 7
2176 0 7
2177 0 7
2193 0 8
2194 0 8
2200 0 7
2201 0 7
2268 0 7
2269 0 7
2285 0 8
2286 0 8
2292 0 7
2293 0 7
9149 0 7
9157 0 8
9159 0 7
9192 0 7
9200 0 8
9202 0 7
9353 0 7
9361 0 8
9363 0 7
9396 0 7
9404 0 8
9406 0 7
14251 0 7
14266 0 8
14272 0 7
14285 0 7
14300 0 8
14306 0 7
14792 0 7
14807 0 8
14813 0 7
14826 0 7
14841 0 8
14847 0 7
14982 0 7
14997 0 8
15003 0 7
15070 0 7
15085 0 8
15091 0 7
15399 0 7
15414 0 8
15420 0 7
15487 0 7
15502 0 8
15508 0 7
302 0 8
304 0 8
325 0 8
326 0 8
328 0 8
344 0 8
346 0 8
367 0 8
368 0 8
370 0 8
897 0 8
899 0 8
920 0 8
921 0 8
923 0 8
939 0 8
941 0 8
962 0 8
963 0 8
965 0 8
1110 0 8
1112 0 8
1133 0 8
1134 0 8
1136 0 8
1202 0 8
1204 0 8
1225 0 8
1226 0 8
1228 0 8
2172 0 8
2174 0 8
2195 0 8
2196 0 8
2198 0 8
2264 0 8
2266 0 8
2287 0 8
2288 0 8
2290 0 8
14249 0 7
14250 0 7
14267 0 7
14269 0 7
14270 0 7
14271 0 7
14283 0 7
14284 0 7
14301 0 7
14303 0 7
14304 0 7
14305 0 7
14790 0 7
14791 0 7
14808 0 7
14810 0 7
14811 0 7
14812 0 7
14824 0 7
14825 0 7
14842 0 7
14844 0 7
14845 0 7
14846 0 7
14980 0 7
14981 0 7
14998 0 7
15000 0 7
15001 0 7
15002 0 7
15068 0 7
15069 0 7
15086 0 7
15088 0 7
15089 0 7
15090 0 7
15397 0 7
15398 0 7
15415 0 7
15417 0 7
15418 0 7
15419 0 7
15485 0 7
15486 0 7
15503 0 7
15505 0 7
15506 0 7
15507 0 7
1172 0 9
1176 0 8
1187 0 8
1189 0 7
1361 0 10
1365 0 9
1382 0 9
1384 0 8
1435 0 9
1439 0 8
1450 0 8
1452 0 7
2234 0 9
2238 0 8
2249 0 8
2251 0 7
2423 0 10
2427 0 9
2444 0 9
2446 0 8
2497 0 9
2501 0 8
2512 0 8
2514 0 7
15040 0 8
15043 0 7
15054 0 7
15057 0 6
15214 0 9
15217 0 8
15231 0 8
15234 0 7
15284 0 8
15287 0 7
15298 0 7
15301 0 6
15457 0 8
15460 0 7
15471 0 7
15474 0 6
15631 0 9
15634 0 8
15648 0 8
15651 0 7
15701 0 8
15704 0 7
15715 0 7
15718 0 6
9178 0 7
9179 0 7
9185 0 6
9186 0 6
9263 0 8
9264 0 8
9271 0 7
9272 0 7
9297 0 7
9298 0 7
9304 0 6
9305 0 6
9382 0 7
9383 0 7
9389 0 6
9390 0 6
9467 0 8
9468 0 8
9475 0 7
9476 0 7
9501 0 7
9502 0 7
9508 0 6
9509 0 6
15041 0 7
15042 0 7
15055 0 6
15056 0 6
15215 0 8
15216 0 8
15232 0 7
15233 0 7
15285 0 7
15286 0 7
15299 0 6
15300 0 6
15458 0 7
15459 0 7
15472 0 6
15473 0 6
15632 0 8
15633 0 8
15649 0 7
15650 0 7
15702 0 7
15703 0 7
15716 0 6
15717 0 6
1174 0 7
1175 0 7
1179 0 7
1180 0 7
1181 0 7
1182 0 7
1184 0 7
1185 0 7
1363 0 8
1364 0 8
1368 0 8
1369 0 8
1370 0 8
1371 0 8
1379 0 8
1380 0 8
1437 0 7
1438 0 7
1442 0 7
1443 0 7
1444 0 7
1445 0 7
1447 0 7
1448 0 7
2236 0 7
2237 0 7
2241 0 7
2242 0 7
2243 0 7
2244 0 7
2246 0 7
2247 0 7
2425 0 8
2426 0 8
2430 0 8
2431 0 8
2432 0 8
2433 0 8
2441 0 8
2442 0 8
2499 0 7
2500 0 7
2504 0 7
2505 0 7
2506 0 7
2507 0 7
2509 0 7
2510 0 7
9180 0 7
9181 0 7
9183 0 7
9265 0 8
9266 0 8
9269 0 8
9299 0 7
9300 0 7
9302 0 7
9384 0 7
9385 0 7
9387 0 7
9469 0 8
9470 0 8
9473 0 8
9503 0 7
9504 0 7
9506 0 7
15045 0 7
15046 0 7
15050 0 7
15219 0 8
15220 0 8
15227 0 8
15289 0 7
15290 0 7
15294 0 7
15462 0 7
15463 0 7
15467 0 7
15636 0 8
15637 0 8
15644 0 8
15706 0 7
15707 0 7
15711 0 7
1183 0 7
1186 0 7
1372 0 8
1381 0 8
1446 0 7
1449 0 7
2245 0 7
2248 0 7
2434 0 8
2443 0 8
2508 0 7
2511 0 7
15047 0 6
15049 0 6
15051 0 6
15053 0 6
15221 0 7
15223 0 7
15228 0 7
15230 0 7
15291 0 6
15293 0 6
15295 0 6
15297 0 6
15464 0 6
15466 0 6
15468 0 6
15470 0 6
15638 0 7
15640 0 7
15645 0 7
15647 0 7
15708 0 6
15710 0 6
15712 0 6
15714 0 6
1140 0 8
1141 0 8
1148 0 7
1149 0 7
1156 0 8
1157 0 8
1164 0 7
1165 0 7
1377 0 7
1378 0 7
1394 0 8
1395 0 8
1401 0 7
1402 0 7
1403 0 8
1404 0 8
1411 0 7
1412 0 7
1419 0 8
1420 0 8
1427 0 7
1428 0 7
2202 0 8
2203 0 8
2210 0 7
2211 0 7
2218 0 8
2219 0 8
2226 0 7
2227 0 7
2439 0 7
2440 0 7
2456 0 8
2457 0 8
2463 0 7
2464 0 7
2465 0 8
2466 0 8
2473 0 7
2474 0 7
2481 0 8
2482 0 8
2489 0 7
2490 0 7
9160 0 8
9164 0 7
9169 0 8
9173 0 7
9268 0 7
9276 0 8
9278 0 7
9279 0 8
9283 0 7
9288 0 8
9292 0 7
9364 0 8
9368 0 7
9373 0 8
9377 0 7
9472 0 7
9480 0 8
9482 0 7
9483 0 8
9487 0 7
9492 0 8
9496 0 7
15004 0 8
15013 0 7
15022 0 8
15031 0 7
15226 0 7
15241 0 8
15247 0 7
15248 0 8
15257 0 7
15266 0 8
15275 0 7
15421 0 8
15430 0 7
15439 0 8
15448 0 7
15643 0 7
15658 0 8
15664 0 7
15665 0 8
15674 0 7
15683 0 8
15692 0 7
1142 0 8
1143 0 8
1146 0 8
1158 0 8
1159 0 8
1162 0 8
1373 0 8
1375 0 8
1396 0 8
1397 0 8
1399 0 8
1405 0 8
1406 0 8
1409 0 8
1421 0 8
1422 0 8
1425 0 8
2204 0 8
2205 0 8
2208 0 8
2220 0 8
2221 0 8
2224 0 8
2435 0 8
2437 0 8
2458 0 8
2459 0 8
2461 0 8
2467 0 8
2468 0 8
2471 0 8
2483 0 8
2484 0 8
2487 0 8
15005 0 7
15007 0 7
15008 0 7
15012 0 7
15023 0 7
15025 0 7
15026 0 7
15030 0 7
15224 0 7
15225 0 7
15242 0 7
15244 0 7
15245 0 7
15246 0 7
15249 0 7
15251 0 7
15252 0 7
15256 0 7
15267 0 7
15269 0 7
15270 0 7
15274 0 7
15422 0 7
15424 0 7
15425 0 7
15429 0 7
15440 0 7
15442 0 7
15443 0 7
15447 0 7
15641 0 7
15642 0 7
15659 0 7
15661 0 7
15662 0 7
15663 0 7
15666 0 7
15668 0 7
15669 0 7
15673 0 7
15684 0 7
15686 0 7
15687 0 7
15691 0 7
1145 0 7
1153 0 8
1155 0 7
1161 0 7
1169 0 8
1171 0 7
1408 0 7
1416 0 8
1418 0 7
1424 0 7
1432 0 8
1434 0 7
2207 0 7
2215 0 8
2217 0 7
2223 0 7
2231 0 8
2233 0 7
2470 0 7
2478 0 8
2480 0 7
2486 0 7
2494 0 8
2496 0 7
15011 0 6
15018 0 7
15021 0 6
15029 0 6
15036 0 7
15039 0 6
15255 0 6
15262 0 7
15265 0 6
15273 0 6
15280 0 7
15283 0 6
15428 0 6
15435 0 7
15438 0 6
15446 0 6
15453 0 7
15456 0 6
15672 0 6
15679 0 7
15682 0 6
15690 0 6
15697 0 7
15700 0 6
9162 0 6
9163 0 6
9167 0 6
9168 0 6
9171 0 6
9172 0 6
9176 0 6
9177 0 6
9281 0 6
9282 0 6
9286 0 6
9287 0 6
9290 0 6
9291 0 6
9295 0 6
9296 0 6
9366 0 6
9367 0 6
9371 0 6
9372 0 6
9375 0 6
9376 0 6
9380 0 6
9381 0 6
9485 0 6
9486 0 6
9490 0 6
9491 0 6
9494 0 6
9495 0 6
9499 0 6
9500 0 6
15009 0 6
15010 0 6
15019 0 6
15020 0 6
15027 0 6
15028 0 6
15037 0 6
15038 0 6
15253 0 6
15254 0 6
15263 0 6
15264 0 6
15271 0 6
15272 0 6
15281 0 6
15282 0 6
15426 0 6
15427 0 6
15436 0 6
15437 0 6
15444 0 6
15445 0 6
15454 0 6
15455 0 6
15670 0 6
15671 0 6
15680 0 6
15681 0 6
15688 0 6
15689 0 6
15698 0 6
15699 0 6
1861 0 9
1863 0 9
1864 0 9
1867 0 9
1904 0 8
1906 0 8
1907 0 8
1909 0 8
2031 0 8
2033 0 8
2034 0 8
2037 0 8
2065 0 7
2067 0 7
2068 0 7
2070 0 7
3995 0 10
3997 0 10
3998 0 10
4001 0 10
4038 0 9
4040 0 9
4041 0 9
4043 0 9
4215 0 9
4217 0 9
4218 0 9
4221 0 9
4249 0 8
4251 0 8
4252 0 8
4254 0 8
4844 0 9
4846 0 9
4847 0 9
4850 0 9
4887 0 8
4889 0 8
4890 0 8
4892 0 8
5014 0 8
5016 0 8
5017 0 8
5020 0 8
5048 0 7
5050 0 7
5051 0 7
5053 0 7
5058 0 10
5061 0 10
5117 0 9
5120 0 9
5354 0 9
5357 0 9
5398 0 8
5401 0 8
6542 0 9
6545 0 9
6601 0 8
6604 0 8
6765 0 8
6768 0 8
6809 0 7
6812 0 7
11903 0 10
11905 0 10
11906 0 10
11910 0 10
11945 0 9
11947 0 9
11948 0 9
11949 0 9
12110 0 9
12112 0 9
12113 0 9
12117 0 9
12140 0 8
12142 0 8
12143 0 8
12144 0 8
12934 0 9
12936 0 9
12937 0 9
12941 0 9
12976 0 8
12978 0 8
12979 0 8
12980 0 8
13087 0 8
13089 0 8
13090 0 8
13094 0 8
13117 0 7
13119 0 7
13120 0 7
13121 0 7
1866 0 8
1874 0 9
1876 0 8
1877 0 9
1881 0 8
1895 0 9
1899 0 8
2036 0 7
2044 0 8
2046 0 7
2047 0 8
2051 0 7
2056 0 8
2060 0 7
4000 0 9
4008 0 10
4010 0 9
4011 0 10
4015 0 9
4029 0 10
4033 0 9
4220 0 8
4228 0 9
4230 0 8
4231 0 9
4235 0 8
4240 0 9
4244 0 8
4849 0 8
4857 0 9
4859 0 8
4860 0 9
4864 0 8
4878 0 9
4882 0 8
5019 0 7
5027 0 8
5029 0 7
5030 0 8
5034 0 7
5039 0 8
5043 0 7
5066 0 9
5080 0 9
5086 0 9
5111 0 9
5362 0 8
5376 0 8
5382 0 8
5392 0 8
6550 0 8
6564 0 8
6570 0 8
6595 0 8
6773 0 7
6787 0 7
6793 0 7
6803 0 7
11909 0 9
11916 0 10
11919 0 9
11920 0 10
11923 0 9
11938 0 10
11941 0 9
12116 0 8
12123 0 9
12126 0 8
12127 0 9
12130 0 8
12133 0 9
12136 0 8
12940 0 8
12947 0 9
12950 0 8
12951 0 9
12954 0 8
12969 0 9
12972 0 8
13093 0 7
13100 0 8
13103 0 7
13104 0 8
13107 0 7
13110 0 8
13113 0 7
1892 0 8
1894 0 7
1929 0 9
1933 0 8
1944 0 8
1946 0 7
1947 0 9
1951 0 8
1968 0 8
1970 0 7
1989 0 9
1993 0 8
2010 0 8
2012 0 7
4026 0 9
4028 0 8
4063 0 10
4067 0 9
4078 0 9
4080 0 8
4081 0 10
4085 0 9
4102 0 9
4104 0 8
4173 0 10
4177 0 9
4194 0 9
4196 0 8
4875 0 8
4877 0 7
4912 0 9
4916 0 8
4927 0 8
4929 0 7
4930 0 9
4934 0 8
4951 0 8
4953 0 7
4972 0 9
4976 0 8
4993 0 8
4995 0 7
5105 0 8
5156 0 9
5175 0 8
5181 0 9
5206 0 8
5306 0 9
5331 0 8
6589 0 7
6640 0 8
6659 0 7
6665 0 8
6690 0 7
6717 0 8
6742 0 7
11934 0 9
11937 0 8
11969 0 10
11972 0 9
11983 0 9
11986 0 8
11987 0 10
11990 0 9
12004 0 9
12007 0 8
12075 0 10
12078 0 9
12092 0 9
12095 0 8
12965 0 8
12968 0 7
13000 0 9
13003 0 8
13014 0 8
13017 0 7
13018 0 9
13021 0 8
13035 0 8
13038 0 7
13052 0 9
13055 0 8
13069 0 8
13072 0 7
1886 0 7
1888 0 7
1889 0 7
1891 0 7
1938 0 7
1940 0 7
1941 0 7
1943 0 7
1956 0 7
1958 0 7
1965 0 7
1967 0 7
1998 0 7
2000 0 7
2007 0 7
2009 0 7
4020 0 8
4022 0 8
4023 0 8
4025 0 8
4072 0 8
4074 0 8
4075 0 8
4077 0 8
4090 0 8
4092 0 8
4099 0 8
4101 0 8
4182 0 8
4184 0 8
4191 0 8
4193 0 8
4869 0 7
4871 0 7
4872 0 7
4874 0 7
4921 0 7
4923 0 7
4924 0 7
4926 0 7
4939 0 7
4941 0 7
4948 0 7
4950 0 7
4981 0 7
4983 0 7
4990 0 7
4992 0 7
5092 0 8
5095 0 8
5097 0 8
5100 0 8
5162 0 8
5165 0 8
5167 0 8
5170 0 8
5187 0 8
5190 0 8
5198 0 8
5201 0 8
5312 0 8
5315 0 8
5323 0 8
5326 0 8
6576 0 7
6579 0 7
6581 0 7
6584 0 7
6646 0 7
6649 0 7
6651 0 7
6654 0 7
6671 0 7
6674 0 7
6682 0 7
6685 0 7
6723 0 7
6726 0 7
6734 0 7
6737 0 7
11927 0 8
11929 0 8
11931 0 8
11933 0 8
11976 0 8
11978 0 8
11980 0 8
11982 0 8
11994 0 8
11996 0 8
12001 0 8
12003 0 8
12082 0 8
12084 0 8
12089 0 8
12091 0 8
12958 0 7
12960 0 7
12962 0 7
12964 0 7
13007 0 7
13009 0 7
13011 0 7
13013 0 7
13025 0 7
13027 0 7
13032 0 7
13034 0 7
13059 0 7
13061 0 7
13066 0 7
13068 0 7
1959 0 7
1961 0 7
1980 0 7
1982 0 7
1983 0 7
1985 0 7
2001 0 7
2003 0 7
2022 0 7
2024 0 7
2025 0 7
2027 0 7
4093 0 8
4095 0 8
4114 0 8
4116 0 8
4117 0 8
4119 0 8
4185 0 8
4187 0 8
4206 0 8
4208 0 8
4209 0 8
4211 0 8
4942 0 7
4944 0 7
4963 0 7
4965 0 7
4966 0 7
4968 0 7
4984 0 7
4986 0 7
5005 0 7
5007 0 7
5008 0 7
5010 0 7
5218 0 8
5221 0 8
5343 0 8
5346 0 8
6702 0 7
6705 0 7
6754 0 7
6757 0 7
11997 0 8
11998 0 8
12015 0 8
12017 0 8
12018 0 8
12019 0 8
12085 0 8
12086 0 8
12103 0 8
12105 0 8
12106 0 8
12107 0 8
13028 0 7
13029 0 7
13046 0 7
13048 0 7
13049 0 7
13050 0 7
13062 0 7
13063 0 7
13080 0 7
13082 0 7
13083 0 7
13084 0 7
1453 0 10
1457 0 9
1474 0 9
1476 0 8
1554 0 9
1558 0 8
1569 0 8
1571 0 7
1657 0 10
1661 0 9
1678 0 9
1680 0 8
1758 0 9
1762 0 8
1773 0 8
1775 0 7
4155 0 9
4159 0 8
4170 0 8
4172 0 7
4344 0 10
4348 0 9
4365 0 9
4367 0 8
4418 0 9
4422 0 8
4433 0 8
4435 0 7
4436 0 10
4440 0 9
4457 0 9
4459 0 8
4537 0 9
4541 0 8
4552 0 8
4554 0 7
4640 0 10
4644 0 9
4661 0 9
4663 0 8
4741 0 9
4745 0 8
4756 0 8
4758 0 7
5281 0 8
5300 0 7
5532 0 9
5557 0 8
5632 0 8
5651 0 7
5657 0 9
5682 0 8
5788 0 8
5807 0 7
6283 0 9
6308 0 8
6414 0 8
6433 0 7
12057 0 9
12060 0 8
12071 0 8
12074 0 7
12231 0 10
12234 0 9
12248 0 9
12251 0 8
12301 0 9
12304 0 8
12315 0 8
12318 0 7
12319 0 10
12322 0 9
12336 0 9
12339 0 8
12408 0 9
12411 0 8
12422 0 8
12425 0 7
12755 0 10
12758 0 9
12772 0 9
12775 0 8
12844 0 9
12847 0 8
12858 0 8
12861 0 7
1462 0 8
1464 0 8
1471 0 8
1473 0 8
1563 0 7
1565 0 7
1566 0 7
1568 0 7
1666 0 8
1668 0 8
1675 0 8
1677 0 8
1767 0 7
1769 0 7
1770 0 7
1772 0 7
4164 0 7
4166 0 7
4167 0 7
4169 0 7
4353 0 8
4355 0 8
4362 0 8
4364 0 8
4427 0 7
4429 0 7
4430 0 7
4432 0 7
4445 0 8
4447 0 8
4454 0 8
4456 0 8
4546 0 7
4548 0 7
4549 0 7
4551 0 7
4649 0 8
4651 0 8
4658 0 8
4660 0 8
4750 0 7
4752 0 7
4753 0 7
4755 0 7
5287 0 7
5290 0 7
5292 0 7
5295 0 7
5538 0 8
5541 0 8
5549 0 8
5552 0 8
5638 0 7
5641 0 7
5643 0 7
5646 0 7
5663 0 8
5666 0 8
5674 0 8
5677 0 8
5794 0 7
5797 0 7
5799 0 7
5802 0 7
6289 0 8
6292 0 8
6300 0 8
6303 0 8
6420 0 7
6423 0 7
6425 0 7
6428 0 7
12064 0 7
12066 0 7
12068 0 7
12070 0 7
12238 0 8
12240 0 8
12245 0 8
12247 0 8
12308 0 7
12310 0 7
12312 0 7
12314 0 7
12326 0 8
12328 0 8
12333 0 8
12335 0 8
12415 0 7
12417 0 7
12419 0 7
12421 0 7
12762 0 8
12764 0 8
12769 0 8
12771 0 8
12851 0 7
12853 0 7
12855 0 7
12857 0 7
1465 0 8
1467 0 8
1486 0 8
1488 0 8
1489 0 8
1491 0 8
1495 0 8
1497 0 8
1498 0 8
1501 0 8
1538 0 8
1540 0 8
1541 0 8
1544 0 8
1669 0 8
1671 0 8
1690 0 8
1692 0 8
1693 0 8
1695 0 8
1699 0 8
1701 0 8
1702 0 8
1705 0 8
1742 0 8
1744 0 8
1745 0 8
1748 0 8
4123 0 8
4125 0 8
4126 0 8
4129 0 8
4139 0 8
4141 0 8
4142 0 8
4145 0 8
4356 0 8
4358 0 8
4377 0 8
4379 0 8
4380 0 8
4382 0 8
4386 0 8
4388 0 8
4389 0 8
4392 0 8
4402 0 8
4404 0 8
4405 0 8
4408 0 8
4448 0 8
4450 0 8
4469 0 8
4471 0 8
4472 0 8
4474 0 8
4478 0 8
4480 0 8
4481 0 8
4484 0 8
4521 0 8
4523 0 8
4524 0 8
4527 0 8
4652 0 8
4654 0 8
4673 0 8
4675 0 8
4676 0 8
4678 0 8
4682 0 8
4684 0 8
4685 0 8
4688 0 8
4725 0 8
4727 0 8
4728 0 8
4731 0 8
5229 0 8
5232 0 8
5253 0 8
5256 0 8
5569 0 8
5572 0 8
5580 0 8
5583 0 8
5604 0 8
5607 0 8
5694 0 8
5697 0 8
5705 0 8
5708 0 8
5760 0 8
5763 0 8
6320 0 8
6323 0 8
6331 0 8
6334 0 8
6386 0 8
6389 0 8
12022 0 8
12024 0 8
12025 0 8
12029 0 8
12040 0 8
12042 0 8
12043 0 8
12047 0 8
12241 0 8
12242 0 8
12259 0 8
12261 0 8
12262 0 8
12263 0 8
12266 0 8
12268 0 8
12269 0 8
12273 0 8
12284 0 8
12286 0 8
12287 0 8
12291 0 8
12329 0 8
12330 0 8
12347 0 8
12349 0 8
12350 0 8
12351 0 8
12354 0 8
12356 0 8
12357 0 8
12361 0 8
12391 0 8
12393 0 8
12394 0 8
12398 0 8
12765 0 8
12766 0 8
12783 0 8
12785 0 8
12786 0 8
12787 0 8
12790 0 8
12792 0 8
12793 0 8
12797 0 8
12827 0 8
12829 0 8
12830 0 8
12834 0 8
1500 0 7
1508 0 8
1510 0 7
1543 0 7
1551 0 8
1553 0 7
1704 0 7
1712 0 8
1714 0 7
1747 0 7
1755 0 8
1757 0 7
4128 0 7
4136 0 8
4138 0 7
4144 0 7
4152 0 8
4154 0 7
4391 0 7
4399 0 8
4401 0 7
4407 0 7
4415 0 8
4417 0 7
4483 0 7
4491 0 8
4493 0 7
4526 0 7
4534 0 8
4536 0 7
4687 0 7
4695 0 8
4697 0 7
4730 0 7
4738 0 8
4740 0 7
5237 0 7
5251 0 7
5261 0 7
5275 0 7
5588 0 7
5602 0 7
5612 0 7
5626 0 7
5713 0 7
5727 0 7
5768 0 7
5782 0 7
6339 0 7
6353 0 7
6394 0 7
6408 0 7
12028 0 7
12035 0 8
12038 0 7
12046 0 7
12053 0 8
12056 0 7
12272 0 7
12279 0 8
12282 0 7
12290 0 7
12297 0 8
12300 0 7
12360 0 7
12367 0 8
12370 0 7
12397 0 7
12404 0 8
12407 0 7
12796 0 7
12803 0 8
12806 0 7
12833 0 7
12840 0 8
12843 0 7
1529 0 7
1531 0 7
1532 0 7
1534 0 7
1614 0 8
1616 0 8
1617 0 8
1620 0 8
1648 0 7
1650 0 7
1651 0 7
1653 0 7
1733 0 7
1735 0 7
1736 0 7
1738 0 7
1818 0 8
1820 0 8
1821 0 8
1824 0 8
1852 0 7
1854 0 7
1855 0 7
1857 0 7
4512 0 7
4514 0 7
4515 0 7
4517 0 7
4597 0 8
4599 0 8
4600 0 8
4603 0 8
4631 0 7
4633 0 7
4634 0 7
4636 0 7
4716 0 7
4718 0 7
4719 0 7
4721 0 7
4801 0 8
4803 0 8
4804 0 8
4807 0 8
4835 0 7
4837 0 7
4838 0 7
4840 0 7
5749 0 7
5752 0 7
5861 0 8
5864 0 8
5905 0 7
5908 0 7
6375 0 7
6378 0 7
6487 0 8
6490 0 8
6531 0 7
6534 0 7
12384 0 7
12386 0 7
12387 0 7
12388 0 7
12461 0 8
12463 0 8
12464 0 8
12468 0 8
12491 0 7
12493 0 7
12494 0 7
12495 0 7
12820 0 7
12822 0 7
12823 0 7
12824 0 7
12897 0 8
12899 0 8
12900 0 8
12904 0 8
12927 0 7
12929 0 7
12930 0 7
12931 0 7
1511 0 8
1515 0 7
1520 0 8
1524 0 7
1619 0 7
1627 0 8
1629 0 7
1630 0 8
1634 0 7
1639 0 8
1643 0 7
1715 0 8
1719 0 7
1724 0 8
1728 0 7
1823 0 7
1831 0 8
1833 0 7
1834 0 8
1838 0 7
1843 0 8
1847 0 7
4494 0 8
4498 0 7
4503 0 8
4507 0 7
4602 0 7
4610 0 8
4612 0 7
4613 0 8
4617 0 7
4622 0 8
4626 0 7
4698 0 8
4702 0 7
4707 0 8
4711 0 7
4806 0 7
4814 0 8
4816 0 7
4817 0 8
4821 0 7
4826 0 8
4830 0 7
5733 0 7
5743 0 7
5869 0 7
5883 0 7
5889 0 7
5899 0 7
6359 0 7
6369 0 7
6495 0 7
6509 0 7
6515 0 7
6525 0 7
12371 0 8
12374 0 7
12377 0 8
12380 0 7
12467 0 7
12474 0 8
12477 0 7
12478 0 8
12481 0 7
12484 0 8
12487 0 7
12807 0 8
12810 0 7
12813 0 8
12816 0 7
12903 0 7
12910 0 8
12913 0 7
12914 0 8
12917 0 7
12920 0 8
12923 0 7
6158 0 8
6183 0 7
6258 0 7
6277 0 6
7419 0 9
7444 0 8
7550 0 8
7569 0 7
7920 0 8
7945 0 7
8020 0 7
8039 0 6
12667 0 9
12670 0 8
12684 0 8
12687 0 7
12737 0 8
12740 0 7
12751 0 7
12754 0 6
13540 0 10
13543 0 9
13557 0 9
13560 0 8
13629 0 9
13632 0 8
13643 0 8
13646 0 7
13888 0 9
13891 0 8
13905 0 8
13908 0 7
13958 0 8
13961 0 7
13972 0 7
13975 0 6
6164 0 7
6167 0 7
6175 0 7
6178 0 7
6264 0 6
6267 0 6
6269 0 6
6272 0 6
7425 0 8
7428 0 8
7436 0 8
7439 0 8
7556 0 7
7559 0 7
7561 0 7
7564 0 7
7926 0 7
7929 0 7
7937 0 7
7940 0 7
8026 0 6
8029 0 6
8031 0 6
8034 0 6
12674 0 7
12676 0 7
12681 0 7
12683 0 7
12744 0 6
12746 0 6
12748 0 6
12750 0 6
13547 0 8
13549 0 8
13554 0 8
13556 0 8
13636 0 7
13638 0 7
13640 0 7
13642 0 7
13895 0 7
13897 0 7
13902 0 7
13904 0 7
13965 0 6
13967 0 6
13969 0 6
13971 0 6
6195 0 7
6198 0 7
6206 0 7
6209 0 7
6230 0 7
6233 0 7
7456 0 8
7459 0 8
7467 0 8
7470 0 8
7522 0 8
7525 0 8
7957 0 7
7960 0 7
7968 0 7
7971 0 7
7992 0 7
7995 0 7
12677 0 7
12678 0 7
12695 0 7
12697 0 7
12698 0 7
12699 0 7
12702 0 7
12704 0 7
12705 0 7
12709 0 7
12720 0 7
12722 0 7
12723 0 7
12727 0 7
13550 0 8
13551 0 8
13568 0 8
13570 0 8
13571 0 8
13572 0 8
13575 0 8
13577 0 8
13578 0 8
13582 0 8
13612 0 8
13614 0 8
13615 0 8
13619 0 8
13898 0 7
13899 0 7
13916 0 7
13918 0 7
13919 0 7
13920 0 7
13923 0 7
13925 0 7
13926 0 7
13930 0 7
13941 0 7
13943 0 7
13944 0 7
13948 0 7
6214 0 6
6228 0 6
6238 0 6
6252 0 6
7475 0 7
7489 0 7
7530 0 7
7544 0 7
7976 0 6
7990 0 6
8000 0 6
8014 0 6
12708 0 6
12715 0 7
12718 0 6
12726 0 6
12733 0 7
12736 0 6
13581 0 7
13588 0 8
13591 0 7
13618 0 7
13625 0 8
13628 0 7
13929 0 6
13936 0 7
13939 0 6
13947 0 6
13954 0 7
13957 0 6
5916 0 8
5919 0 8
5975 0 7
5978 0 7
6035 0 8
6038 0 8
6094 0 7
6097 0 7
7511 0 7
7514 0 7
7623 0 8
7626 0 8
7667 0 7
7670 0 7
7678 0 8
7681 0 8
7737 0 7
7740 0 7
7797 0 8
7800 0 8
7856 0 7
7859 0 7
12498 0 8
12500 0 8
12501 0 8
12505 0 8
12540 0 7
12542 0 7
12543 0 7
12544 0 7
12583 0 8
12585 0 8
12586 0 8
12590 0 8
12625 0 7
12627 0 7
12628 0 7
12629 0 7
13605 0 7
13607 0 7
13608 0 7
13609 0 7
13682 0 8
13684 0 8
13685 0 8
13689 0 8
13712 0 7
13714 0 7
13715 0 7
13716 0 7
13719 0 8
13721 0 8
13722 0 8
13726 0 8
13761 0 7
13763 0 7
13764 0 7
13765 0 7
13804 0 8
13806 0 8
13807 0 8
13811 0 8
13846 0 7
13848 0 7
13849 0 7
13850 0 7
5924 0 7
5938 0 7
5944 0 7
5969 0 7
6043 0 7
6057 0 7
6063 0 7
6088 0 7
7495 0 7
7505 0 7
7631 0 7
7645 0 7
7651 0 7
7661 0 7
7686 0 7
7700 0 7
7706 0 7
7731 0 7
7805 0 7
7819 0 7
7825 0 7
7850 0 7
12504 0 7
12511 0 8
12514 0 7
12515 0 8
12518 0 7
12533 0 8
12536 0 7
12589 0 7
12596 0 8
12599 0 7
12600 0 8
12603 0 7
12618 0 8
12621 0 7
13592 0 8
13595 0 7
13598 0 8
13601 0 7
13688 0 7
13695 0 8
13698 0 7
13699 0 8
13702 0 7
13705 0 8
13708 0 7
13725 0 7
13732 0 8
13735 0 7
13736 0 8
13739 0 7
13754 0 8
13757 0 7
13810 0 7
13817 0 8
13820 0 7
13821 0 8
13824 0 7
13839 0 8
13842 0 7
5963 0 6
6014 0 7
6033 0 6
6082 0 6
6133 0 7
6152 0 6
7725 0 6
7776 0 7
7795 0 6
7844 0 6
7895 0 7
7914 0 6
12529 0 7
12532 0 6
12564 0 8
12567 0 7
12578 0 7
12581 0 6
12614 0 7
12617 0 6
12649 0 8
12652 0 7
12663 0 7
12666 0 6
13750 0 7
13753 0 6
13785 0 8
13788 0 7
13799 0 7
13802 0 6
13835 0 7
13838 0 6
13870 0 8
13873 0 7
13884 0 7
13887 0 6
5950 0 6
5953 0 6
5955 0 6
5958 0 6
6020 0 6
6023 0 6
6025 0 6
6028 0 6
6069 0 6
6072 0 6
6074 0 6
6077 0 6
6139 0 6
6142 0 6
6144 0 6
6147 0 6
7712 0 6
7715 0 6
7717 0 6
7720 0 6
7782 0 6
7785 0 6
7787 0 6
7790 0 6
7831 0 6
7834 0 6
7836 0 6
7839 0 6
7901 0 6
7904 0 6
7906 0 6
7909 0 6
12522 0 6
12524 0 6
12526 0 6
12528 0 6
12571 0 6
12573 0 6
12575 0 6
12577 0 6
12607 0 6
12609 0 6
12611 0 6
12613 0 6
12656 0 6
12658 0 6
12660 0 6
12662 0 6
13743 0 6
13745 0 6
13747 0 6
13749 0 6
13792 0 6
13794 0 6
13796 0 6
13798 0 6
13828 0 6
13830 0 6
13832 0 6
13834 0 6
13877 0 6
13879 0 6
13881 0 6
13883 0 6
1862 0 9
1869 0 8
1870 0 8
1905 0 8
1911 0 7
1912 0 7
2032 0 8
2039 0 7
2040 0 7
2066 0 7
2072 0 6
2073 0 6
3996 0 10
4003 0 9
4004 0 9
4039 0 9
4045 0 8
4046 0 8
4216 0 9
4223 0 8
4224 0 8
4250 0 8
4256 0 7
4257 0 7
4845 0 9
4852 0 8
4853 0 8
4888 0 8
4894 0 7
4895 0 7
5015 0 8
5022 0 7
5023 0 7
5049 0 7
5055 0 6
5056 0 6
1879 0 7
1880 0 7
1884 0 7
1885 0 7
1897 0 7
1898 0 7
1902 0 7
1903 0 7
2049 0 6
2050 0 6
2054 0 6
2055 0 6
2058 0 6
2059 0 6
2063 0 6
2064 0 6
4013 0 8
4014 0 8
4018 0 8
4019 0 8
4031 0 8
4032 0 8
4036 0 8
4037 0 8
4233 0 7
4234 0 7
4238 0 7
4239 0 7
4242 0 7
4243 0 7
4247 0 7
4248 0 7
4862 0 7
4863 0 7
4867 0 7
4868 0 7
4880 0 7
4881 0 7
4885 0 7
4886 0 7
5032 0 6
5033 0 6
5037 0 6
5038 0 6
5041 0 6
5042 0 6
5046 0 6
5047 0 6
1887 0 7
1890 0 7
1931 0 7
1932 0 7
1936 0 7
1937 0 7
1939 0 7
1942 0 7
1949 0 7
1950 0 7
1954 0 7
1955 0 7
1957 0 7
1966 0 7
1991 0 7
1992 0 7
1996 0 7
1997 0 7
1999 0 7
2008 0 7
4021 0 8
4024 0 8
4065 0 8
4066 0 8
4070 0 8
4071 0 8
4073 0 8
4076 0 8
4083 0 8
4084 0 8
4088 0 8
4089 0 8
4091 0 8
4100 0 8
4175 0 8
4176 0 8
4180 0 8
4181 0 8
4183 0 8
4192 0 8
4870 0 7
4873 0 7
4914 0 7
4915 0 7
4919 0 7
4920 0 7
4922 0 7
4925 0 7
4932 0 7
4933 0 7
4937 0 7
4938 0 7
4940 0 7
4949 0 7
4974 0 7
4975 0 7
4979 0 7
4980 0 7
4982 0 7
4991 0 7
1963 0 6
1964 0 6
1981 0 7
1987 0 6
1988 0 6
2005 0 6
2006 0 6
2023 0 7
2029 0 6
2030 0 6
4097 0 7
4098 0 7
4115 0 8
4121 0 7
4122 0 7
4189 0 7
4190 0 7
4207 0 8
4213 0 7
4214 0 7
4946 0 6
4947 0 6
4964 0 7
4970 0 6
4971 0 6
4988 0 6
4989 0 6
5006 0 7
5012 0 6
5013 0 6
1455 0 8
1456 0 8
1460 0 8
1461 0 8
1463 0 8
1472 0 8
1556 0 7
1557 0 7
1561 0 7
1562 0 7
1564 0 7
1567 0 7
1659 0 8
1660 0 8
1664 0 8
1665 0 8
1667 0 8
1676 0 8
1760 0 7
1761 0 7
1765 0 7
1766 0 7
1768 0 7
1771 0 7
4157 0 7
4158 0 7
4162 0 7
4163 0 7
4165 0 7
4168 0 7
4346 0 8
4347 0 8
4351 0 8
4352 0 8
4354 0 8
4363 0 8
4420 0 7
4421 0 7
4425 0 7
4426 0 7
4428 0 7
4431 0 7
4438 0 8
4439 0 8
4443 0 8
4444 0 8
4446 0 8
4455 0 8
4539 0 7
4540 0 7
4544 0 7
4545 0 7
4547 0 7
4550 0 7
4642 0 8
4643 0 8
4647 0 8
4648 0 8
4650 0 8
4659 0 8
4743 0 7
4744 0 7
4748 0 7
4749 0 7
4751 0 7
4754 0 7
1469 0 7
1470 0 7
1487 0 8
1493 0 7
1494 0 7
1496 0 8
1503 0 7
1504 0 7
1539 0 8
1546 0 7
1547 0 7
1673 0 7
1674 0 7
1691 0 8
1697 0 7
1698 0 7
1700 0 8
1707 0 7
1708 0 7
1743 0 8
1750 0 7
1751 0 7
4124 0 8
4131 0 7
4132 0 7
4140 0 8
4147 0 7
4148 0 7
4360 0 7
4361 0 7
4378 0 8
4384 0 7
4385 0 7
4387 0 8
4394 0 7
4395 0 7
4403 0 8
4410 0 7
4411 0 7
4452 0 7
4453 0 7
4470 0 8
4476 0 7
4477 0 7
4479 0 8
4486 0 7
4487 0 7
4522 0 8
4529 0 7
4530 0 7
4656 0 7
4657 0 7
4674 0 8
4680 0 7
4681 0 7
4683 0 8
4690 0 7
4691 0 7
4726 0 8
4733 0 7
4734 0 7
1530 0 7
1536 0 6
1537 0 6
1615 0 8
1622 0 7
1623 0 7
1649 0 7
1655 0 6
1656 0 6
1734 0 7
1740 0 6
1741 0 6
1819 0 8
1826 0 7
1827 0 7
1853 0 7
1859 0 6
1860 0 6
4513 0 7
4519 0 6
4520 0 6
4598 0 8
4605 0 7
4606 0 7
4632 0 7
4638 0 6
4639 0 6
4717 0 7
4723 0 6
4724 0 6
4802 0 8
4809 0 7
4810 0 7
4836 0 7
4842 0 6
4843 0 6
1513 0 6
1514 0 6
1518 0 6
1519 0 6
1522 0 6
1523 0 6
1527 0 6
1528 0 6
1632 0 6
1633 0 6
1637 0 6
1638 0 6
1641 0 6
1642 0 6
1646 0 6
1647 0 6
1717 0 6
1718 0 6
1722 0 6
1723 0 6
1726 0 6
1727 0 6
1731 0 6
1732 0 6
1836 0 6
1837 0 6
1841 0 6
1842 0 6
1845 0 6
1846 0 6
1850 0 6
1851 0 6
4496 0 6
4497 0 6
4501 0 6
4502 0 6
4505 0 6
4506 0 6
4510 0 6
4511 0 6
4615 0 6
4616 0 6
4620 0 6
4621 0 6
4624 0 6
4625 0 6
4629 0 6
4630 0 6
4700 0 6
4701 0 6
4705 0 6
4706 0 6
4709 0 6
4710 0 6
4714 0 6
4715 0 6
4819 0 6
4820 0 6
4824 0 6
4825 0 6
4828 0 6
4829 0 6
4833 0 6
4834 0 6
