53 0 2
63 0 2
53 1 2
63 2 2
34 3 1
44 3 1
55 3 1
59 3 2
42 4 1
57 4 2
64 4 2
53 5 2
53 6 2
34 7 1
36 8 2
36 9 2
34 10 1
45 11 1
49 11 1
65 11 1
66 11 2
45 12 1
45 13 1
47 14 0
45 15 1
45 16 1
63 17 2
63 18 2
34 19 1
36 20 2
34 21 1
18 22 2
41 22 2
18 23 2
19 24 2
72 24 1
77 24 2
41 25 2
38 26 2
20 27 1
21 27 2
39 27 1
75 27 1
39 28 1
39 29 1
18 30 2
18 31 2
38 32 2
6 33 2
31 33 2
46 34 1
50 34 2
60 34 2
6 35 2
4 36 1
32 36 1
48 36 1
61 36 2
31 37 2
9 38 1
16 38 2
24 38 1
70 38 1
13 39 2
67 39 1
69 39 2
6 40 2
6 41 2
52 42 2
24 43 1
52 44 2
26 45 1
29 45 2
56 45 2
27 46 2
58 47 3
27 48 2
52 49 2
24 50 1
41 51 2
71 52 1
73 52 1
76 52 1
78 52 2
41 53 2
71 54 1
38 55 2
71 56 1
39 57 1
74 58 0
39 59 1
71 60 1
71 61 1
31 62 2
31 63 2
24 64 1
27 65 2
24 66 1
3 67 2
4 68 1
4 69 1
3 70 2
8 71 1
10 71 2
15 71 2
11 72 2
11 73 2
14 74 3
11 75 2
3 76 2
4 77 1
4 78 1
