1390 0 3
1982 0 3
2029 0 3
2034 0 3
1391 1 3
1983 1 3
2030 1 3
2036 1 4
1391 2 3
1983 2 3
2030 2 3
2036 2 4
2034 3 3
1388 4 3
1980 4 3
2027 4 3
2342 4 4
1393 5 3
1985 5 3
2032 5 3
2343 5 3
1393 6 3
1985 6 3
2032 6 3
2343 7 3
1390 8 3
1982 8 3
2029 8 3
1388 9 3
1980 9 3
2027 9 3
2342 9 4
1374 10 3
1378 10 3
1403 10 3
1966 10 3
1970 10 3
1995 10 3
2040 10 3
2044 10 3
2055 10 4
2337 10 3
2338 10 4
2347 10 3
1374 11 3
1403 11 3
1966 11 3
1995 11 3
2040 11 3
2055 11 4
1374 12 3
1403 12 3
1966 12 3
1995 12 3
2040 12 3
2055 12 4
1376 13 2
1405 13 2
1968 13 2
1997 13 2
2042 13 2
2057 13 3
1374 14 3
1403 14 3
1966 14 3
1995 14 3
2040 14 3
2055 14 4
1374 15 3
1403 15 3
1966 15 3
1995 15 3
2040 15 3
2055 15 4
1396 16 3
1988 16 3
2048 16 4
2344 16 3
1396 17 3
1988 17 3
2048 17 4
2344 18 3
1398 19 2
1402 19 3
1990 19 2
1994 19 3
2050 19 3
2054 19 4
1400 20 3
1992 20 3
2052 20 4
2346 20 4
1396 21 3
1988 21 3
2048 21 4
2344 21 3
1396 22 3
1988 22 3
2048 22 4
2029 23 3
2034 23 3
2030 24 3
2036 24 4
2030 25 3
2036 25 4
2034 26 3
2027 27 3
2032 28 3
2032 29 3
1374 31 3
1378 31 3
1966 31 3
1970 31 3
2337 31 3
2338 31 4
1374 32 3
1966 32 3
1374 33 3
1966 33 3
1376 34 2
1968 34 2
1374 35 3
1966 35 3
1374 36 3
1966 36 3
1382 37 3
1974 37 3
2339 37 3
2341 37 4
1382 38 3
1974 38 3
2339 39 3
2341 39 4
1384 40 3
1976 40 3
1386 41 4
1978 41 4
1386 42 4
1978 42 4
1384 43 3
1976 43 3
1374 44 3
1378 44 3
1966 44 3
1970 44 3
2337 44 3
2338 44 4
1374 45 3
1966 45 3
1374 46 3
1966 46 3
1376 47 2
1968 47 2
1423 48 3
2015 48 3
2349 48 3
2353 48 3
1423 49 3
2015 49 3
2349 50 3
2353 50 3
1408 51 2
1414 51 2
1425 51 2
1429 51 3
2000 51 2
2006 51 2
2017 51 2
2021 51 3
1412 52 2
1427 52 3
2004 52 2
2019 52 3
2350 52 3
2355 52 4
1423 53 3
2015 53 3
2353 53 3
1423 54 3
2015 54 3
1408 55 2
2000 55 2
1410 56 3
2002 56 3
1410 57 3
2002 57 3
1408 58 2
2000 58 2
1415 59 2
1419 59 2
2007 59 2
2011 59 2
2351 59 2
2352 59 3
1415 60 2
2007 60 2
1415 61 2
2007 61 2
1417 62 1
2009 62 1
1415 63 2
2007 63 2
1415 64 2
2007 64 2
2349 65 3
2349 67 3
1408 68 2
2000 68 2
1410 69 3
2002 69 3
1410 70 3
2002 70 3
1408 71 2
2000 71 2
1390 72 3
1982 72 3
1391 73 3
1983 73 3
1391 74 3
1983 74 3
1388 76 3
1980 76 3
2342 76 4
1393 77 3
1985 77 3
2343 77 3
1393 78 3
1985 78 3
2343 79 3
1390 80 3
1982 80 3
1388 81 3
1980 81 3
2342 81 4
1374 82 3
1378 82 3
1966 82 3
1970 82 3
2337 82 3
2338 82 4
1374 83 3
1966 83 3
1374 84 3
1966 84 3
1376 85 2
1968 85 2
1374 86 3
1966 86 3
1374 87 3
1966 87 3
1382 88 3
1974 88 3
2339 88 3
2341 88 4
1382 89 3
1974 89 3
2339 90 3
2341 90 4
1384 91 3
1976 91 3
1386 92 4
1978 92 4
1386 93 4
1978 93 4
1384 94 3
1976 94 3
1374 95 3
1378 95 3
1966 95 3
1970 95 3
2337 95 3
2338 95 4
1374 96 3
1966 96 3
1374 97 3
1966 97 3
1376 98 2
1968 98 2
1248 99 3
1270 99 3
1274 99 3
1700 99 3
2091 99 3
2113 99 3
2117 99 3
2210 99 4
2295 99 3
2302 99 3
2303 99 4
2384 99 3
1248 100 3
1270 100 3
1700 100 3
2091 100 3
2113 100 3
2210 100 4
1248 101 3
1270 101 3
1700 101 3
2091 101 3
2113 101 3
2210 101 4
1250 102 2
1272 102 2
1702 102 2
2093 102 2
2115 102 2
2212 102 3
1248 103 3
1270 103 3
1700 103 3
2091 103 3
2113 103 3
2210 103 4
1248 104 3
1270 104 3
1700 104 3
2091 104 3
2113 104 3
2210 104 4
1241 105 3
1278 105 3
1693 105 3
2084 105 3
2121 105 3
2203 105 4
2292 105 3
2297 105 3
2304 105 3
2306 105 4
2381 105 3
2386 105 3
1241 106 3
1278 106 3
1693 106 3
2084 106 3
2121 106 3
2203 106 4
2292 107 3
2297 107 3
2304 107 3
2306 107 4
2381 107 3
2386 107 3
1253 108 2
1280 108 3
1705 108 2
2096 108 2
2123 108 3
2215 108 3
1255 109 3
1282 109 4
1707 109 3
2098 109 3
2125 109 4
2217 109 4
1255 110 3
1282 110 4
1707 110 3
2098 110 3
2125 110 4
2217 110 4
1253 111 2
1280 111 3
1705 111 2
2096 111 2
2123 111 3
2215 111 3
1270 112 3
1274 112 3
2113 112 3
2117 112 3
2302 112 3
2303 112 4
1270 113 3
2113 113 3
1270 114 3
2113 114 3
1272 115 2
2115 115 2
1241 116 3
1693 116 3
2084 116 3
2203 116 4
2292 116 3
2381 116 3
1241 117 3
1693 117 3
2084 117 3
2203 117 4
2292 118 3
2381 118 3
1243 119 2
1247 119 3
1695 119 2
1699 119 3
2086 119 2
2090 119 3
2205 119 3
2209 119 4
1245 120 3
1697 120 3
2088 120 3
2207 120 4
2294 120 4
2383 120 4
1241 121 3
1693 121 3
2084 121 3
2203 121 4
2292 121 3
2381 121 3
1241 122 3
1693 122 3
2084 122 3
2203 122 4
1259 123 2
1264 123 2
1711 123 2
1716 123 2
2102 123 2
2107 123 2
2221 123 3
2226 123 3
1260 124 2
1266 124 3
1712 124 2
1718 124 3
2103 124 2
2109 124 3
2222 124 3
2228 124 4
1260 125 2
1266 125 3
1712 125 2
1718 125 3
2103 125 2
2109 125 3
2222 125 3
2228 125 4
1264 126 2
1716 126 2
2107 126 2
2226 126 3
1257 127 2
1709 127 2
2100 127 2
2219 127 3
2298 127 3
2387 127 3
1262 128 2
1714 128 2
2105 128 2
2224 128 3
2299 128 2
2388 128 2
1262 129 2
1714 129 2
2105 129 2
2224 129 3
2299 130 2
2388 130 2
1259 131 2
1711 131 2
2102 131 2
2221 131 3
1257 132 2
1709 132 2
2100 132 2
2219 132 3
2298 132 3
2387 132 3
1248 133 3
1700 133 3
2091 133 3
2210 133 4
2295 133 3
2384 133 3
1248 134 3
1700 134 3
2091 134 3
2210 134 4
1248 135 3
1700 135 3
2091 135 3
2210 135 4
1250 136 2
1702 136 2
2093 136 2
2212 136 3
1248 137 3
1700 137 3
2091 137 3
2210 137 4
1248 138 3
1700 138 3
2091 138 3
2210 138 4
1241 139 3
1693 139 3
2084 139 3
2203 139 4
2292 139 3
2381 139 3
1241 140 3
1693 140 3
2084 140 3
2203 140 4
2292 141 3
2381 141 3
1243 142 2
1247 142 3
1695 142 2
1699 142 3
2086 142 2
2090 142 3
2205 142 3
2209 142 4
1245 143 3
1697 143 3
2088 143 3
2207 143 4
2294 143 4
2383 143 4
1241 144 3
1693 144 3
2084 144 3
2203 144 4
2292 144 3
2381 144 3
1241 145 3
1693 145 3
2084 145 3
2203 145 4
1646 146 3
2156 146 4
2361 146 3
2365 146 3
1646 147 3
2156 147 4
2361 148 3
2365 148 3
1631 149 2
1637 149 2
1648 149 2
1652 149 3
2141 149 3
2147 149 3
2158 149 3
2162 149 4
1635 150 2
1650 150 3
2145 150 3
2160 150 4
2362 150 3
2367 150 4
1646 151 3
2156 151 4
2365 151 3
1646 152 3
2156 152 4
1631 153 2
2141 153 3
1633 154 3
2143 154 4
1633 155 3
2143 155 4
1631 156 2
2141 156 3
1638 157 2
1642 157 2
2148 157 3
2152 157 3
2363 157 2
2364 157 3
1638 158 2
2148 158 3
1638 159 2
2148 159 3
1640 160 1
2150 160 2
1638 161 2
2148 161 3
1638 162 2
2148 162 3
2361 163 3
2361 165 3
1631 166 2
2141 166 3
1633 167 3
2143 167 4
1633 168 3
2143 168 4
1631 169 2
2141 169 3
1660 170 2
1665 170 2
1687 170 3
2170 170 3
2175 170 3
2197 170 4
1661 171 2
1667 171 3
1688 171 3
2171 171 3
2177 171 4
2198 171 4
1661 172 2
1667 172 3
1688 172 3
2171 172 3
2177 172 4
2198 172 4
1665 173 2
2175 173 3
1658 174 2
1685 174 3
2168 174 3
2195 174 4
2370 174 3
2379 174 4
1663 175 2
1690 175 3
2173 175 3
2200 175 4
2371 175 2
2380 175 3
1663 176 2
1690 176 3
2173 176 3
2200 176 4
2371 177 2
2380 177 3
1660 178 2
1687 178 3
2170 178 3
2197 178 4
1658 179 2
1685 179 3
2168 179 3
2195 179 4
2370 179 3
2379 179 4
1671 180 3
1675 180 3
2181 180 4
2185 180 4
2374 180 3
2375 180 4
1671 181 3
2181 181 4
1671 182 3
2181 182 4
1673 183 2
2183 183 3
1671 184 3
2181 184 4
1671 185 3
2181 185 4
1679 186 3
2189 186 4
2376 186 3
2378 186 4
1679 187 3
2189 187 4
2376 188 3
2378 188 4
1681 189 3
2191 189 4
1683 190 4
2193 190 5
1683 191 4
2193 191 5
1681 192 3
2191 192 4
1671 193 3
1675 193 3
2181 193 4
2185 193 4
2374 193 3
2375 193 4
1671 194 3
2181 194 4
1671 195 3
2181 195 4
1673 196 2
2183 196 3
1646 197 3
2156 197 4
2361 197 3
2365 197 3
1646 198 3
2156 198 4
2361 199 3
2365 199 3
1631 200 2
1637 200 2
1648 200 2
1652 200 3
2141 200 3
2147 200 3
2158 200 3
2162 200 4
1635 201 2
1650 201 3
2145 201 3
2160 201 4
2362 201 3
2367 201 4
1646 202 3
2156 202 4
2365 202 3
1646 203 3
2156 203 4
1631 204 2
2141 204 3
1633 205 3
2143 205 4
1633 206 3
2143 206 4
1631 207 2
2141 207 3
1638 208 2
1642 208 2
2148 208 3
2152 208 3
2363 208 2
2364 208 3
1638 209 2
2148 209 3
1638 210 2
2148 210 3
1640 211 1
2150 211 2
1638 212 2
2148 212 3
1638 213 2
2148 213 3
1982 214 3
2029 214 3
2034 214 3
1983 215 3
2030 215 3
2036 215 4
1983 216 3
2030 216 3
2036 216 4
2034 217 3
1980 218 3
2027 218 3
1985 219 3
2032 219 3
1985 220 3
2032 220 3
1982 222 3
2029 222 3
1980 223 3
2027 223 3
1966 224 3
1970 224 3
1995 224 3
2040 224 3
2044 224 3
2055 224 4
1966 225 3
1995 225 3
2040 225 3
2055 225 4
1966 226 3
1995 226 3
2040 226 3
2055 226 4
1968 227 2
1997 227 2
2042 227 2
2057 227 3
1966 228 3
1995 228 3
2040 228 3
2055 228 4
1966 229 3
1995 229 3
2040 229 3
2055 229 4
1988 230 3
2048 230 4
1988 231 3
2048 231 4
1990 233 2
1994 233 3
2050 233 3
2054 233 4
1992 234 3
2052 234 4
1988 235 3
2048 235 4
1988 236 3
2048 236 4
2029 237 3
2034 237 3
2030 238 3
2036 238 4
2030 239 3
2036 239 4
2034 240 3
2027 241 3
2032 242 3
2032 243 3
1966 245 3
1970 245 3
1966 246 3
1966 247 3
1968 248 2
1966 249 3
1966 250 3
1974 251 3
1974 252 3
1976 254 3
1978 255 4
1978 256 4
1976 257 3
1966 258 3
1970 258 3
1966 259 3
1966 260 3
1968 261 2
2015 262 3
2015 263 3
2000 265 2
2006 265 2
2017 265 2
2021 265 3
2004 266 2
2019 266 3
2015 267 3
2015 268 3
2000 269 2
2002 270 3
2002 271 3
2000 272 2
2007 273 2
2011 273 2
2007 274 2
2007 275 2
2009 276 1
2007 277 2
2007 278 2
2000 282 2
2002 283 3
2002 284 3
2000 285 2
1248 286 3
1270 286 3
1274 286 3
2295 286 3
2302 286 3
2303 286 4
1248 287 3
1270 287 3
1248 288 3
1270 288 3
1250 289 2
1272 289 2
1248 290 3
1270 290 3
1248 291 3
1270 291 3
1241 292 3
1278 292 3
2292 292 3
2297 292 3
2304 292 3
2306 292 4
1241 293 3
1278 293 3
2292 294 3
2297 294 3
2304 294 3
2306 294 4
1253 295 2
1280 295 3
1255 296 3
1282 296 4
1255 297 3
1282 297 4
1253 298 2
1280 298 3
1270 299 3
1274 299 3
2302 299 3
2303 299 4
1270 300 3
1270 301 3
1272 302 2
1241 303 3
2292 303 3
1241 304 3
2292 305 3
1243 306 2
1247 306 3
1245 307 3
2294 307 4
1241 308 3
2292 308 3
1241 309 3
1259 310 2
1264 310 2
1260 311 2
1266 311 3
1260 312 2
1266 312 3
1264 313 2
1257 314 2
2298 314 3
1262 315 2
2299 315 2
1262 316 2
2299 317 2
1259 318 2
1257 319 2
2298 319 3
1248 320 3
2295 320 3
1248 321 3
1248 322 3
1250 323 2
1248 324 3
1248 325 3
1241 326 3
2292 326 3
1241 327 3
2292 328 3
1243 329 2
1247 329 3
1245 330 3
2294 330 4
1241 331 3
2292 331 3
1241 332 3
1313 333 3
2312 333 3
2316 333 3
2332 333 4
1313 334 3
2312 335 3
2316 335 3
2332 335 4
1298 336 2
1304 336 2
1315 336 2
1319 336 3
1358 336 3
1364 336 3
1302 337 2
1317 337 3
1362 337 3
2313 337 3
2318 337 4
2333 337 4
1313 338 3
2316 338 3
1313 339 3
1298 340 2
1358 340 3
1300 341 3
1360 341 4
1300 342 3
1360 342 4
1298 343 2
1358 343 3
1305 344 2
1309 344 2
1365 344 3
1369 344 3
2314 344 2
2315 344 3
2334 344 3
2335 344 4
1305 345 2
1365 345 3
1305 346 2
1365 346 3
1307 347 1
1367 347 2
1305 348 2
1365 348 3
1305 349 2
1365 349 3
2312 350 3
2332 350 4
2312 352 3
2332 352 4
1298 353 2
1358 353 3
1300 354 3
1360 354 4
1300 355 3
1360 355 4
1298 356 2
1358 356 3
1327 357 3
1332 357 3
1328 358 3
1334 358 4
1328 359 3
1334 359 4
1332 360 3
1325 361 3
2321 361 4
1330 362 3
2322 362 3
1330 363 3
2322 364 3
1327 365 3
1325 366 3
2321 366 4
1338 367 3
1342 367 3
1353 367 4
2325 367 3
2326 367 4
2330 367 4
1338 368 3
1353 368 4
1338 369 3
1353 369 4
1340 370 2
1355 370 3
1338 371 3
1353 371 4
1338 372 3
1353 372 4
1346 373 4
2327 373 4
1346 374 4
2327 375 4
1348 376 3
1352 376 4
1350 377 4
2329 377 5
1346 378 4
2327 378 4
1346 379 4
1327 380 3
1332 380 3
1328 381 3
1334 381 4
1328 382 3
1334 382 4
1332 383 3
1325 384 3
2321 384 4
1330 385 3
2322 385 3
1330 386 3
2322 387 3
1248 388 3
1270 388 3
1274 388 3
2295 388 3
2302 388 3
2303 388 4
1248 389 3
1270 389 3
1248 390 3
1270 390 3
1250 391 2
1272 391 2
1248 392 3
1270 392 3
1248 393 3
1270 393 3
1241 394 3
1278 394 3
2292 394 3
2297 394 3
2304 394 3
2306 394 4
1241 395 3
1278 395 3
2292 396 3
2297 396 3
2304 396 3
2306 396 4
1253 397 2
1280 397 3
1255 398 3
1282 398 4
1255 399 3
1282 399 4
1253 400 2
1280 400 3
1270 401 3
1274 401 3
2302 401 3
2303 401 4
1270 402 3
1270 403 3
1272 404 2
1241 405 3
2292 405 3
1241 406 3
2292 407 3
1243 408 2
1247 408 3
1245 409 3
2294 409 4
1241 410 3
2292 410 3
1241 411 3
1259 412 2
1264 412 2
1260 413 2
1266 413 3
1260 414 2
1266 414 3
1264 415 2
1257 416 2
2298 416 3
1262 417 2
2299 417 2
1262 418 2
2299 419 2
1259 420 2
1257 421 2
2298 421 3
1867 422 3
2403 422 3
2435 422 3
2439 422 3
1867 423 3
2403 424 3
2435 424 3
2439 424 3
1757 425 2
1763 425 2
1852 425 2
1858 425 2
1869 425 2
1873 425 3
1761 426 2
1856 426 2
1871 426 3
2404 426 3
2436 426 3
2441 426 4
1867 427 3
2439 427 3
1867 428 3
1757 429 2
1852 429 2
1759 430 3
1854 430 3
1759 431 3
1854 431 3
1757 432 2
1852 432 2
1764 433 2
1768 433 2
1859 433 2
1863 433 2
2405 433 2
2406 433 3
2437 433 2
2438 433 3
1764 434 2
1859 434 2
1764 435 2
1859 435 2
1766 436 1
1861 436 1
1764 437 2
1859 437 2
1764 438 2
1859 438 2
2403 439 3
2435 439 3
2403 441 3
2435 441 3
1757 442 2
1852 442 2
1759 443 3
1854 443 3
1759 444 3
1854 444 3
1757 445 2
1852 445 2
1726 446 2
1731 446 2
1789 446 2
1881 446 2
1886 446 2
1908 446 3
1727 447 2
1733 447 3
1790 447 2
1882 447 2
1888 447 3
1909 447 3
1727 448 2
1733 448 3
1790 448 2
1882 448 2
1888 448 3
1909 448 3
1731 449 2
1886 449 2
1724 450 2
1787 450 2
1879 450 2
1906 450 3
2392 450 3
2413 450 3
2444 450 3
2453 450 4
1729 451 2
1792 451 2
1884 451 2
1911 451 3
2393 451 2
2414 451 2
2445 451 2
2454 451 3
1729 452 2
1792 452 2
1884 452 2
1911 452 3
2393 453 2
2414 453 2
2445 453 2
2454 453 3
1726 454 2
1789 454 2
1881 454 2
1908 454 3
1724 455 2
1787 455 2
1879 455 2
1906 455 3
2392 455 3
2413 455 3
2444 455 3
2453 455 4
1773 456 2
1777 456 2
1892 456 3
1896 456 3
2408 456 2
2409 456 3
2448 456 3
2449 456 4
1773 457 2
1892 457 3
1773 458 2
1892 458 3
1775 459 1
1894 459 2
1773 460 2
1892 460 3
1773 461 2
1892 461 3
1781 462 2
1900 462 3
2410 462 2
2412 462 3
2450 462 3
2452 462 4
1781 463 2
1900 463 3
2410 464 2
2412 464 3
2450 464 3
2452 464 4
1783 465 2
1902 465 3
1785 466 3
1904 466 4
1785 467 3
1904 467 4
1783 468 2
1902 468 3
1773 469 2
1777 469 2
1892 469 3
1896 469 3
2408 469 2
2409 469 3
2448 469 3
2449 469 4
1773 470 2
1892 470 3
1773 471 2
1892 471 3
1775 472 1
1894 472 2
1867 473 3
2435 473 3
2439 473 3
1867 474 3
2435 475 3
2439 475 3
1852 476 2
1858 476 2
1869 476 2
1873 476 3
1856 477 2
1871 477 3
2436 477 3
2441 477 4
1867 478 3
2439 478 3
1867 479 3
1852 480 2
1854 481 3
1854 482 3
1852 483 2
1859 484 2
1863 484 2
2437 484 2
2438 484 3
1859 485 2
1859 486 2
1861 487 1
1859 488 2
1859 489 2
1726 490 2
1731 490 2
1727 491 2
1733 491 3
1727 492 2
1733 492 3
1731 493 2
1724 494 2
2392 494 3
1729 495 2
2393 495 2
1729 496 2
2393 497 2
1726 498 2
1724 499 2
2392 499 3
1737 500 2
1741 500 2
1752 500 3
2396 500 2
2397 500 3
2401 500 3
1737 501 2
1752 501 3
1737 502 2
1752 502 3
1739 503 1
1754 503 2
1737 504 2
1752 504 3
1737 505 2
1752 505 3
1745 506 3
2398 506 3
1745 507 3
2398 508 3
1747 509 2
1751 509 3
1749 510 3
2400 510 4
1745 511 3
2398 511 3
1745 512 3
1726 513 2
1731 513 2
1727 514 2
1733 514 3
1727 515 2
1733 515 3
1731 516 2
1724 517 2
2392 517 3
1729 518 2
2393 518 2
1729 519 2
2393 520 2
1802 521 2
1824 521 2
1828 521 2
2418 521 2
2425 521 2
2426 521 3
1802 522 2
1824 522 2
1802 523 2
1824 523 2
1804 524 1
1826 524 1
1802 525 2
1824 525 2
1802 526 2
1824 526 2
1795 527 2
1832 527 2
2415 527 2
2420 527 2
2427 527 2
2429 527 3
1795 528 2
1832 528 2
2415 529 2
2420 529 2
2427 529 2
2429 529 3
1807 530 1
1834 530 2
1809 531 2
1836 531 3
1809 532 2
1836 532 3
1807 533 1
1834 533 2
1824 534 2
1828 534 2
2425 534 2
2426 534 3
1824 535 2
1824 536 2
1826 537 1
1795 538 2
2415 538 2
1795 539 2
2415 540 2
1797 541 1
1801 541 2
1799 542 2
2417 542 3
1795 543 2
2415 543 2
1795 544 2
1813 545 1
1818 545 1
1814 546 1
1820 546 2
1814 547 1
1820 547 2
1818 548 1
1811 549 1
2421 549 2
1816 550 1
2422 550 1
1816 551 1
2422 552 1
1813 553 1
1811 554 1
2421 554 2
1802 555 2
2418 555 2
1802 556 2
1802 557 2
1804 558 1
1802 559 2
1802 560 2
1795 561 2
2415 561 2
1795 562 2
2415 563 2
1797 564 1
1801 564 2
1799 565 2
2417 565 3
1795 566 2
2415 566 2
1795 567 2
2403 568 3
2403 570 3
1757 571 2
1763 571 2
1761 572 2
2404 572 3
1757 575 2
1759 576 3
1759 577 3
1757 578 2
1764 579 2
1768 579 2
2405 579 2
2406 579 3
1764 580 2
1764 581 2
1766 582 1
1764 583 2
1764 584 2
2403 585 3
2403 587 3
1757 588 2
1759 589 3
1759 590 3
1757 591 2
1726 592 2
1731 592 2
1727 593 2
1733 593 3
1727 594 2
1733 594 3
1731 595 2
1724 596 2
2392 596 3
1729 597 2
2393 597 2
1729 598 2
2393 599 2
1726 600 2
1724 601 2
2392 601 3
1737 602 2
1741 602 2
1752 602 3
2396 602 2
2397 602 3
2401 602 3
1737 603 2
1752 603 3
1737 604 2
1752 604 3
1739 605 1
1754 605 2
1737 606 2
1752 606 3
1737 607 2
1752 607 3
1745 608 3
2398 608 3
1745 609 3
2398 610 3
1747 611 2
1751 611 3
1749 612 3
2400 612 4
1745 613 3
2398 613 3
1745 614 3
1726 615 2
1731 615 2
1727 616 2
1733 616 3
1727 617 2
1733 617 3
1731 618 2
1724 619 2
2392 619 3
1729 620 2
2393 620 2
1729 621 2
2393 622 2
1390 623 3
1391 624 3
1388 626 3
2342 626 4
1393 627 3
2343 627 3
2343 628 3
1390 629 3
1388 630 3
2342 630 4
1374 631 3
1378 631 3
1403 631 3
2337 631 3
2338 631 4
2347 631 3
1374 632 3
1403 632 3
1376 633 2
1405 633 2
1374 634 3
1403 634 3
1396 635 3
2344 635 3
2344 636 3
1398 637 2
1402 637 3
1400 638 3
2346 638 4
1396 639 3
2344 639 3
1374 646 3
1378 646 3
2337 646 3
2338 646 4
1374 647 3
1376 648 2
1374 649 3
1382 650 3
2339 650 3
2341 650 4
2339 651 3
2341 651 4
1384 652 3
1386 653 4
1384 654 3
1374 655 3
1378 655 3
2337 655 3
2338 655 4
1374 656 3
1376 657 2
1423 658 3
2349 658 3
2353 658 3
2349 659 3
2353 659 3
1408 660 2
1414 660 2
1425 660 2
1429 660 3
1412 661 2
1427 661 3
2350 661 3
2355 661 4
1423 662 3
2353 662 3
1408 663 2
1410 664 3
1408 665 2
1415 666 2
1419 666 2
2351 666 2
2352 666 3
1415 667 2
1417 668 1
1415 669 2
2349 670 3
2349 671 3
1408 672 2
1410 673 3
1408 674 2
1390 675 3
1391 676 3
1388 678 3
2342 678 4
1393 679 3
2343 679 3
2343 680 3
1390 681 3
1388 682 3
2342 682 4
1374 683 3
1378 683 3
2337 683 3
2338 683 4
1374 684 3
1376 685 2
1374 686 3
1382 687 3
2339 687 3
2341 687 4
2339 688 3
2341 688 4
1384 689 3
1386 690 4
1384 691 3
1374 692 3
1378 692 3
2337 692 3
2338 692 4
1374 693 3
1376 694 2
1248 695 3
1270 695 3
1274 695 3
2295 695 3
2302 695 3
2303 695 4
1248 696 3
1270 696 3
1250 697 2
1272 697 2
1248 698 3
1270 698 3
1241 699 3
1278 699 3
2292 699 3
2297 699 3
2304 699 3
2306 699 4
2292 700 3
2297 700 3
2304 700 3
2306 700 4
1253 701 2
1280 701 3
1255 702 3
1282 702 4
1253 703 2
1280 703 3
1270 704 3
1274 704 3
2302 704 3
2303 704 4
1270 705 3
1272 706 2
1241 707 3
2292 707 3
2292 708 3
1243 709 2
1247 709 3
1245 710 3
2294 710 4
1241 711 3
2292 711 3
1259 712 2
1264 712 2
1260 713 2
1266 713 3
1264 714 2
1257 715 2
2298 715 3
1262 716 2
2299 716 2
2299 717 2
1259 718 2
1257 719 2
2298 719 3
1248 720 3
2295 720 3
1248 721 3
1250 722 2
1248 723 3
1241 724 3
2292 724 3
2292 725 3
1243 726 2
1247 726 3
1245 727 3
2294 727 4
1241 728 3
2292 728 3
1313 729 3
2312 729 3
2316 729 3
2332 729 4
2312 730 3
2316 730 3
2332 730 4
1298 731 2
1304 731 2
1315 731 2
1319 731 3
1358 731 3
1364 731 3
1302 732 2
1317 732 3
1362 732 3
2313 732 3
2318 732 4
2333 732 4
1313 733 3
2316 733 3
1298 734 2
1358 734 3
1300 735 3
1360 735 4
1298 736 2
1358 736 3
1305 737 2
1309 737 2
1365 737 3
1369 737 3
2314 737 2
2315 737 3
2334 737 3
2335 737 4
1305 738 2
1365 738 3
1307 739 1
1367 739 2
1305 740 2
1365 740 3
2312 741 3
2332 741 4
2312 742 3
2332 742 4
1298 743 2
1358 743 3
1300 744 3
1360 744 4
1298 745 2
1358 745 3
1327 746 3
1332 746 3
1328 747 3
1334 747 4
1332 748 3
1325 749 3
2321 749 4
1330 750 3
2322 750 3
2322 751 3
1327 752 3
1325 753 3
2321 753 4
1338 754 3
1342 754 3
1353 754 4
2325 754 3
2326 754 4
2330 754 4
1338 755 3
1353 755 4
1340 756 2
1355 756 3
1338 757 3
1353 757 4
1346 758 4
2327 758 4
2327 759 4
1348 760 3
1352 760 4
1350 761 4
2329 761 5
1346 762 4
2327 762 4
1327 763 3
1332 763 3
1328 764 3
1334 764 4
1332 765 3
1325 766 3
2321 766 4
1330 767 3
2322 767 3
2322 768 3
1248 769 3
1270 769 3
1274 769 3
2295 769 3
2302 769 3
2303 769 4
1248 770 3
1270 770 3
1250 771 2
1272 771 2
1248 772 3
1270 772 3
1241 773 3
1278 773 3
2292 773 3
2297 773 3
2304 773 3
2306 773 4
2292 774 3
2297 774 3
2304 774 3
2306 774 4
1253 775 2
1280 775 3
1255 776 3
1282 776 4
1253 777 2
1280 777 3
1270 778 3
1274 778 3
2302 778 3
2303 778 4
1270 779 3
1272 780 2
1241 781 3
2292 781 3
2292 782 3
1243 783 2
1247 783 3
1245 784 3
2294 784 4
1241 785 3
2292 785 3
1259 786 2
1264 786 2
1260 787 2
1266 787 3
1264 788 2
1257 789 2
2298 789 3
1262 790 2
2299 790 2
2299 791 2
1259 792 2
1257 793 2
2298 793 3
1468 794 3
1559 794 3
1569 794 3
1571 794 4
681 795 4
2645 795 3
2772 795 3
2787 795 3
682 796 3
1469 796 3
1560 796 3
1570 796 3
682 797 3
681 798 4
2645 798 3
2772 798 3
2787 798 3
676 799 3
677 799 4
686 799 3
1464 799 3
1472 799 3
1555 799 3
1563 799 3
1572 799 3
1575 799 4
2643 799 3
2770 799 3
2793 799 3
1464 800 3
1472 800 3
1555 800 3
1563 800 3
1572 800 3
1575 800 4
1464 801 3
1472 801 3
1555 801 3
1563 801 3
1572 801 3
1575 801 4
683 802 3
1471 802 3
1562 802 3
1574 802 4
683 803 3
685 804 4
2648 804 3
2775 804 3
2795 804 4
683 805 3
1471 805 3
1562 805 3
1574 805 4
1569 806 3
1571 806 4
2787 807 3
1570 808 3
676 810 3
677 810 4
1464 810 3
1555 810 3
2643 810 3
2770 810 3
1464 811 3
1555 811 3
1464 812 3
1555 812 3
678 813 3
680 813 4
1466 813 3
1557 813 3
678 814 3
680 814 4
1467 815 4
1558 815 4
676 816 3
677 816 4
1464 816 3
1555 816 3
2643 816 3
2770 816 3
1464 817 3
1555 817 3
688 818 3
692 818 3
1476 818 3
1567 818 3
688 819 3
692 819 3
689 820 3
694 820 4
2652 820 2
2657 820 3
2779 820 2
2784 820 3
692 821 3
1476 821 3
1567 821 3
1473 822 3
1564 822 3
690 823 2
691 823 3
1474 823 2
1565 823 2
2655 823 2
2782 823 2
1474 824 2
1565 824 2
1474 825 2
1565 825 2
688 826 3
688 827 3
1473 828 3
1564 828 3
1468 829 3
1559 829 3
681 830 4
2645 830 3
2772 830 3
682 831 3
1469 831 3
1560 831 3
682 832 3
681 833 4
2645 833 3
2772 833 3
676 834 3
677 834 4
1464 834 3
1555 834 3
2643 834 3
2770 834 3
1464 835 3
1555 835 3
1464 836 3
1555 836 3
678 837 3
680 837 4
1466 837 3
1557 837 3
678 838 3
680 838 4
1467 839 4
1558 839 4
676 840 3
677 840 4
1464 840 3
1555 840 3
2643 840 3
2770 840 3
1464 841 3
1555 841 3
634 842 3
641 842 3
642 842 4
723 842 3
1438 842 3
1443 842 3
1496 842 3
1584 842 3
1589 842 3
1612 842 4
2609 842 3
2816 842 3
1438 843 3
1443 843 3
1496 843 3
1584 843 3
1589 843 3
1612 843 4
1438 844 3
1443 844 3
1496 844 3
1584 844 3
1589 844 3
1612 844 4
631 845 3
636 845 3
643 845 3
645 845 4
720 845 3
725 845 3
1437 845 3
1445 845 3
1495 845 3
1583 845 3
1591 845 3
1611 845 4
631 846 3
636 846 3
643 846 3
645 846 4
720 846 3
725 846 3
1439 847 3
1446 847 4
1497 847 3
1585 847 3
1592 847 4
1613 847 4
641 848 3
642 848 4
1443 848 3
1589 848 3
2609 848 3
2816 848 3
1443 849 3
1589 849 3
631 850 3
720 850 3
1437 850 3
1495 850 3
1583 850 3
1611 850 4
631 851 3
720 851 3
633 852 4
722 852 4
2599 852 3
2683 852 3
2806 852 3
2842 852 4
631 853 3
720 853 3
1437 853 3
1495 853 3
1583 853 3
1611 853 4
1440 854 2
1442 854 3
1498 854 2
1500 854 3
1586 854 2
1588 854 3
1614 854 3
1616 854 4
637 855 3
726 855 3
2603 855 2
2687 855 2
2810 855 2
2846 855 3
638 856 2
727 856 2
1441 856 2
1499 856 2
1587 856 2
1615 856 3
638 857 2
727 857 2
637 858 3
726 858 3
2603 858 2
2687 858 2
2810 858 2
2846 858 3
634 859 3
723 859 3
1438 859 3
1496 859 3
1584 859 3
1612 859 4
1438 860 3
1496 860 3
1584 860 3
1612 860 4
1438 861 3
1496 861 3
1584 861 3
1612 861 4
631 862 3
720 862 3
1437 862 3
1495 862 3
1583 862 3
1611 862 4
631 863 3
720 863 3
633 864 4
722 864 4
2599 864 3
2683 864 3
2806 864 3
2842 864 4
631 865 3
720 865 3
1437 865 3
1495 865 3
1583 865 3
1611 865 4
700 866 3
704 866 3
1483 866 3
1599 866 4
700 867 3
704 867 3
701 868 3
706 868 4
2664 868 2
2669 868 3
2823 868 3
2828 868 4
704 869 3
1483 869 3
1599 869 4
1480 870 3
1596 870 4
702 871 2
703 871 3
1481 871 2
1597 871 3
2667 871 2
2826 871 3
1481 872 2
1597 872 3
1481 873 2
1597 873 3
700 874 3
700 875 3
1480 876 3
1596 876 4
1485 877 2
1487 877 3
1492 877 3
1601 877 3
1603 877 4
1608 877 4
709 878 3
718 878 4
2672 878 2
2680 878 3
2831 878 3
2839 878 4
710 879 2
719 879 3
1486 879 2
1493 879 3
1602 879 3
1609 879 4
710 880 2
719 880 3
709 881 3
718 881 4
2672 881 2
2680 881 3
2831 881 3
2839 881 4
713 882 3
714 882 4
1488 882 3
1604 882 4
2678 882 3
2837 882 4
1488 883 3
1604 883 4
1488 884 3
1604 884 4
715 885 3
717 885 4
1490 885 3
1606 885 4
715 886 3
717 886 4
1491 887 4
1607 887 5
713 888 3
714 888 4
1488 888 3
1604 888 4
2678 888 3
2837 888 4
1488 889 3
1604 889 4
700 890 3
704 890 3
1483 890 3
1599 890 4
700 891 3
704 891 3
701 892 3
706 892 4
2664 892 2
2669 892 3
2823 892 3
2828 892 4
704 893 3
1483 893 3
1599 893 4
1480 894 3
1596 894 4
702 895 2
703 895 3
1481 895 2
1597 895 3
2667 895 2
2826 895 3
1481 896 2
1597 896 3
1481 897 2
1597 897 3
1559 898 3
1569 898 3
1571 898 4
2772 899 3
2787 899 3
1560 900 3
1570 900 3
2772 902 3
2787 902 3
1555 903 3
1563 903 3
1572 903 3
1575 903 4
2770 903 3
2793 903 3
1555 904 3
1563 904 3
1572 904 3
1575 904 4
1555 905 3
1563 905 3
1572 905 3
1575 905 4
1562 906 3
1574 906 4
2775 908 3
2795 908 4
1562 909 3
1574 909 4
1569 910 3
1571 910 4
2787 911 3
1570 912 3
1555 914 3
2770 914 3
1555 915 3
1555 916 3
1557 917 3
1558 919 4
1555 920 3
2770 920 3
1555 921 3
1567 922 3
2779 924 2
2784 924 3
1567 925 3
1564 926 3
1565 927 2
2782 927 2
1565 928 2
1565 929 2
1564 932 3
634 933 3
641 933 3
642 933 4
1438 933 3
1443 933 3
2609 933 3
1438 934 3
1443 934 3
1438 935 3
1443 935 3
631 936 3
636 936 3
643 936 3
645 936 4
1437 936 3
1445 936 3
631 937 3
636 937 3
643 937 3
645 937 4
1439 938 3
1446 938 4
641 939 3
642 939 4
1443 939 3
2609 939 3
1443 940 3
631 941 3
1437 941 3
631 942 3
633 943 4
2599 943 3
631 944 3
1437 944 3
1440 945 2
1442 945 3
637 946 3
2603 946 2
638 947 2
1441 947 2
638 948 2
637 949 3
2603 949 2
634 950 3
1438 950 3
1438 951 3
1438 952 3
631 953 3
1437 953 3
631 954 3
633 955 4
2599 955 3
631 956 3
1437 956 3
651 957 3
655 957 3
671 957 4
1453 957 3
651 958 3
655 958 3
671 958 4
652 959 3
657 959 4
672 959 4
2616 959 2
2621 959 3
2636 959 3
655 960 3
1453 960 3
1450 961 3
1462 961 4
653 962 2
654 962 3
673 962 3
674 962 4
1451 962 2
1463 962 3
2619 962 2
2639 962 3
1451 963 2
1463 963 3
1451 964 2
1463 964 3
651 965 3
671 965 4
651 966 3
671 966 4
1450 967 3
1462 967 4
1455 968 3
1457 968 4
660 969 4
2624 969 3
661 970 3
1456 970 3
661 971 3
660 972 4
2624 972 3
664 973 3
665 973 4
669 973 4
1458 973 3
1461 973 4
2630 973 3
1458 974 3
1461 974 4
1458 975 3
1461 975 4
666 976 4
1460 976 4
666 977 4
668 978 5
2632 978 4
666 979 4
1460 979 4
1455 980 3
1457 980 4
660 981 4
2624 981 3
661 982 3
1456 982 3
661 983 3
634 984 3
641 984 3
642 984 4
1438 984 3
1443 984 3
2609 984 3
1438 985 3
1443 985 3
1438 986 3
1443 986 3
631 987 3
636 987 3
643 987 3
645 987 4
1437 987 3
1445 987 3
631 988 3
636 988 3
643 988 3
645 988 4
1439 989 3
1446 989 4
641 990 3
642 990 4
1443 990 3
2609 990 3
1443 991 3
631 992 3
1437 992 3
631 993 3
633 994 4
2599 994 3
631 995 3
1437 995 3
1440 996 2
1442 996 3
637 997 3
2603 997 2
638 998 2
1441 998 2
638 999 2
637 1000 3
2603 1000 2
742 1001 3
774 1001 3
778 1001 3
1534 1001 3
742 1002 3
774 1002 3
778 1002 3
743 1003 3
775 1003 3
780 1003 4
2703 1003 2
2732 1003 2
2737 1003 3
778 1004 3
1534 1004 3
1509 1005 3
1531 1005 3
744 1006 2
745 1006 3
776 1006 2
777 1006 3
1510 1006 2
1532 1006 2
2706 1006 2
2735 1006 2
1510 1007 2
1532 1007 2
1510 1008 2
1532 1008 2
742 1009 3
774 1009 3
742 1010 3
774 1010 3
1509 1011 3
1531 1011 3
1502 1012 2
1504 1012 3
1515 1012 2
1536 1012 2
1538 1012 3
1543 1012 3
731 1013 3
752 1013 3
783 1013 3
792 1013 4
2691 1013 2
2712 1013 2
2740 1013 2
2748 1013 3
732 1014 2
753 1014 2
784 1014 2
793 1014 3
1503 1014 2
1516 1014 2
1537 1014 2
1544 1014 3
732 1015 2
753 1015 2
784 1015 2
793 1015 3
731 1016 3
752 1016 3
783 1016 3
792 1016 4
2691 1016 2
2712 1016 2
2740 1016 2
2748 1016 3
747 1017 2
748 1017 3
787 1017 3
788 1017 4
1511 1017 2
1539 1017 3
2710 1017 2
2746 1017 3
1511 1018 2
1539 1018 3
1511 1019 2
1539 1019 3
749 1020 2
751 1020 3
789 1020 3
791 1020 4
1513 1020 2
1541 1020 3
749 1021 2
751 1021 3
789 1021 3
791 1021 4
1514 1022 3
1542 1022 4
747 1023 2
748 1023 3
787 1023 3
788 1023 4
1511 1023 2
1539 1023 3
2710 1023 2
2746 1023 3
1511 1024 2
1539 1024 3
774 1025 3
778 1025 3
1534 1025 3
774 1026 3
778 1026 3
775 1027 3
780 1027 4
2732 1027 2
2737 1027 3
778 1028 3
1534 1028 3
1531 1029 3
776 1030 2
777 1030 3
1532 1030 2
2735 1030 2
1532 1031 2
1532 1032 2
1502 1033 2
1504 1033 3
731 1034 3
2691 1034 2
732 1035 2
1503 1035 2
732 1036 2
731 1037 3
2691 1037 2
735 1038 2
736 1038 3
740 1038 3
1505 1038 2
1508 1038 3
2697 1038 2
1505 1039 2
1508 1039 3
1505 1040 2
1508 1040 3
737 1041 3
1507 1041 3
737 1042 3
739 1043 4
2699 1043 3
737 1044 3
1507 1044 3
1502 1045 2
1504 1045 3
731 1046 3
2691 1046 2
732 1047 2
1503 1047 2
732 1048 2
757 1049 2
764 1049 2
765 1049 3
1519 1049 2
1524 1049 2
2725 1049 2
1519 1050 2
1524 1050 2
1519 1051 2
1524 1051 2
754 1052 2
759 1052 2
766 1052 2
768 1052 3
1518 1052 2
1526 1052 2
754 1053 2
759 1053 2
766 1053 2
768 1053 3
1520 1054 2
1527 1054 3
764 1055 2
765 1055 3
1524 1055 2
2725 1055 2
1524 1056 2
754 1057 2
1518 1057 2
754 1058 2
756 1059 3
2715 1059 2
754 1060 2
1518 1060 2
1521 1061 1
1523 1061 2
760 1062 2
2719 1062 1
761 1063 1
1522 1063 1
761 1064 1
760 1065 2
2719 1065 1
757 1066 2
1519 1066 2
1519 1067 2
1519 1068 2
754 1069 2
1518 1069 2
754 1070 2
756 1071 3
2715 1071 2
754 1072 2
1518 1072 2
742 1073 3
742 1074 3
743 1075 3
2703 1075 2
1509 1077 3
744 1078 2
745 1078 3
1510 1078 2
2706 1078 2
1510 1079 2
1510 1080 2
742 1081 3
742 1082 3
1509 1083 3
1502 1084 2
1504 1084 3
731 1085 3
2691 1085 2
732 1086 2
1503 1086 2
732 1087 2
731 1088 3
2691 1088 2
735 1089 2
736 1089 3
740 1089 3
1505 1089 2
1508 1089 3
2697 1089 2
1505 1090 2
1508 1090 3
1505 1091 2
1508 1091 3
737 1092 3
1507 1092 3
737 1093 3
739 1094 4
2699 1094 3
737 1095 3
1507 1095 3
1502 1096 2
1504 1096 3
731 1097 3
2691 1097 2
732 1098 2
1503 1098 2
732 1099 2
1468 1100 3
681 1101 4
2645 1101 3
682 1102 3
1469 1102 3
682 1103 3
681 1104 4
2645 1104 3
676 1105 3
677 1105 4
686 1105 3
1464 1105 3
1472 1105 3
2643 1105 3
1464 1106 3
1472 1106 3
1464 1107 3
1472 1107 3
683 1108 3
1471 1108 3
683 1109 3
685 1110 4
2648 1110 3
683 1111 3
1471 1111 3
676 1116 3
677 1116 4
1464 1116 3
2643 1116 3
1464 1117 3
1464 1118 3
678 1119 3
680 1119 4
1466 1119 3
678 1120 3
680 1120 4
1467 1121 4
676 1122 3
677 1122 4
1464 1122 3
2643 1122 3
1464 1123 3
688 1124 3
692 1124 3
1476 1124 3
688 1125 3
692 1125 3
689 1126 3
694 1126 4
2652 1126 2
2657 1126 3
692 1127 3
1476 1127 3
1473 1128 3
690 1129 2
691 1129 3
1474 1129 2
2655 1129 2
1474 1130 2
1474 1131 2
688 1132 3
688 1133 3
1473 1134 3
1468 1135 3
681 1136 4
2645 1136 3
682 1137 3
1469 1137 3
682 1138 3
681 1139 4
2645 1139 3
676 1140 3
677 1140 4
1464 1140 3
2643 1140 3
1464 1141 3
1464 1142 3
678 1143 3
680 1143 4
1466 1143 3
678 1144 3
680 1144 4
1467 1145 4
676 1146 3
677 1146 4
1464 1146 3
2643 1146 3
1464 1147 3
634 1148 3
641 1148 3
642 1148 4
1438 1148 3
1443 1148 3
2609 1148 3
1438 1149 3
1443 1149 3
1438 1150 3
1443 1150 3
631 1151 3
636 1151 3
643 1151 3
645 1151 4
1437 1151 3
1445 1151 3
631 1152 3
636 1152 3
643 1152 3
645 1152 4
1439 1153 3
1446 1153 4
641 1154 3
642 1154 4
1443 1154 3
2609 1154 3
1443 1155 3
631 1156 3
1437 1156 3
631 1157 3
633 1158 4
2599 1158 3
631 1159 3
1437 1159 3
1440 1160 2
1442 1160 3
637 1161 3
2603 1161 2
638 1162 2
1441 1162 2
638 1163 2
637 1164 3
2603 1164 2
634 1165 3
1438 1165 3
1438 1166 3
1438 1167 3
631 1168 3
1437 1168 3
631 1169 3
633 1170 4
2599 1170 3
631 1171 3
1437 1171 3
651 1172 3
655 1172 3
671 1172 4
1453 1172 3
651 1173 3
655 1173 3
671 1173 4
652 1174 3
657 1174 4
672 1174 4
2616 1174 2
2621 1174 3
2636 1174 3
655 1175 3
1453 1175 3
1450 1176 3
1462 1176 4
653 1177 2
654 1177 3
673 1177 3
674 1177 4
1451 1177 2
1463 1177 3
2619 1177 2
2639 1177 3
1451 1178 2
1463 1178 3
1451 1179 2
1463 1179 3
651 1180 3
671 1180 4
651 1181 3
671 1181 4
1450 1182 3
1462 1182 4
1455 1183 3
1457 1183 4
660 1184 4
2624 1184 3
661 1185 3
1456 1185 3
661 1186 3
660 1187 4
2624 1187 3
664 1188 3
665 1188 4
669 1188 4
1458 1188 3
1461 1188 4
2630 1188 3
1458 1189 3
1461 1189 4
1458 1190 3
1461 1190 4
666 1191 4
1460 1191 4
666 1192 4
668 1193 5
2632 1193 4
666 1194 4
1460 1194 4
1455 1195 3
1457 1195 4
660 1196 4
2624 1196 3
661 1197 3
1456 1197 3
661 1198 3
634 1199 3
641 1199 3
642 1199 4
1438 1199 3
1443 1199 3
2609 1199 3
1438 1200 3
1443 1200 3
1438 1201 3
1443 1201 3
631 1202 3
636 1202 3
643 1202 3
645 1202 4
1437 1202 3
1445 1202 3
631 1203 3
636 1203 3
643 1203 3
645 1203 4
1439 1204 3
1446 1204 4
641 1205 3
642 1205 4
1443 1205 3
2609 1205 3
1443 1206 3
631 1207 3
1437 1207 3
631 1208 3
633 1209 4
2599 1209 3
631 1210 3
1437 1210 3
1440 1211 2
1442 1211 3
637 1212 3
2603 1212 2
638 1213 2
1441 1213 2
638 1214 2
637 1215 3
2603 1215 2
1760 1216 3
1855 1216 3
1866 1216 3
2248 1216 4
138 1217 3
229 1217 3
239 1217 3
1139 1217 3
1760 1218 3
1855 1218 3
1866 1218 3
2248 1218 4
133 1219 3
141 1219 3
224 1219 3
232 1219 3
241 1219 3
244 1219 4
1135 1219 3
1142 1219 3
1758 1219 3
1853 1219 3
1870 1219 3
2247 1219 4
140 1220 3
231 1220 3
243 1220 4
1140 1220 3
1762 1221 3
1857 1221 3
1872 1221 4
2249 1221 4
140 1222 3
231 1222 3
243 1222 4
1140 1222 3
1866 1223 3
239 1224 3
133 1225 3
224 1225 3
1135 1225 3
1758 1225 3
1853 1225 3
2247 1225 4
135 1226 3
226 1226 3
1136 1226 3
1138 1226 4
133 1227 3
224 1227 3
1135 1227 3
1758 1227 3
1853 1227 3
2247 1227 4
145 1228 3
236 1228 3
1144 1228 3
1146 1228 3
1765 1229 2
1769 1229 3
1860 1229 2
1864 1229 3
2250 1229 3
2252 1229 4
145 1230 3
236 1230 3
1146 1230 3
143 1231 2
234 1231 2
1145 1231 2
1767 1231 2
1862 1231 2
2251 1231 3
1144 1232 3
1760 1233 3
1855 1233 3
2248 1233 4
138 1234 3
229 1234 3
1139 1234 3
1760 1235 3
1855 1235 3
2248 1235 4
133 1236 3
224 1236 3
1135 1236 3
1758 1236 3
1853 1236 3
2247 1236 4
135 1237 3
226 1237 3
1136 1237 3
1138 1237 4
133 1238 3
224 1238 3
1135 1238 3
1758 1238 3
1853 1238 3
2247 1238 4
107 1239 3
112 1239 3
165 1239 3
253 1239 3
258 1239 3
281 1239 4
1107 1239 3
1112 1239 3
1167 1239 3
1732 1239 3
1887 1239 3
2235 1239 4
106 1240 3
114 1240 3
164 1240 3
252 1240 3
260 1240 3
280 1240 4
1105 1240 3
1109 1240 3
1113 1240 3
1115 1240 4
1165 1240 3
1169 1240 3
112 1241 3
258 1241 3
1112 1241 3
1732 1241 3
1887 1241 3
2235 1241 4
106 1242 3
164 1242 3
252 1242 3
280 1242 4
1105 1242 3
1165 1242 3
1725 1243 3
1788 1243 3
1880 1243 3
1907 1243 4
2232 1243 4
2261 1243 4
106 1244 3
164 1244 3
252 1244 3
280 1244 4
1105 1244 3
1165 1244 3
1728 1245 2
1791 1245 2
1883 1245 2
1910 1245 3
2233 1245 3
2262 1245 3
110 1246 2
168 1246 2
256 1246 2
284 1246 3
1110 1246 2
1170 1246 2
1728 1247 2
1791 1247 2
1883 1247 2
1910 1247 3
2233 1247 3
2262 1247 3
107 1248 3
165 1248 3
253 1248 3
281 1248 4
1107 1248 3
1167 1248 3
106 1249 3
164 1249 3
252 1249 3
280 1249 4
1105 1249 3
1165 1249 3
1725 1250 3
1788 1250 3
1880 1250 3
1907 1250 4
2232 1250 4
2261 1250 4
106 1251 3
164 1251 3
252 1251 3
280 1251 4
1105 1251 3
1165 1251 3
152 1252 3
268 1252 4
1152 1252 3
1154 1252 3
1774 1253 2
1778 1253 3
1893 1253 3
1897 1253 4
2254 1253 3
2256 1253 4
152 1254 3
268 1254 4
1154 1254 3
150 1255 2
266 1255 3
1153 1255 2
1776 1255 2
1895 1255 3
2255 1255 3
1152 1256 3
1780 1257 2
1786 1257 3
1899 1257 3
1905 1257 4
2257 1257 3
2260 1257 4
155 1258 2
162 1258 3
271 1258 3
278 1258 4
1158 1258 2
1164 1258 3
1780 1259 2
1786 1259 3
1899 1259 3
1905 1259 4
2257 1259 3
2260 1259 4
157 1260 3
273 1260 4
1160 1260 3
1784 1260 3
1903 1260 4
2259 1260 4
159 1261 3
275 1261 4
1161 1261 3
1163 1261 4
157 1262 3
273 1262 4
1160 1262 3
1784 1262 3
1903 1262 4
2259 1262 4
152 1263 3
268 1263 4
1152 1263 3
1154 1263 3
1774 1264 2
1778 1264 3
1893 1264 3
1897 1264 4
2254 1264 3
2256 1264 4
152 1265 3
268 1265 4
1154 1265 3
150 1266 2
266 1266 3
1153 1266 2
1776 1266 2
1895 1266 3
2255 1266 3
1855 1267 3
1866 1267 3
229 1268 3
239 1268 3
1855 1269 3
1866 1269 3
224 1270 3
232 1270 3
241 1270 3
244 1270 4
1853 1270 3
1870 1270 3
231 1271 3
243 1271 4
1857 1272 3
1872 1272 4
231 1273 3
243 1273 4
1866 1274 3
239 1275 3
224 1276 3
1853 1276 3
226 1277 3
224 1278 3
1853 1278 3
236 1279 3
1860 1280 2
1864 1280 3
236 1281 3
234 1282 2
1862 1282 2
107 1284 3
112 1284 3
1107 1284 3
1112 1284 3
1732 1284 3
2235 1284 4
106 1285 3
114 1285 3
1105 1285 3
1109 1285 3
1113 1285 3
1115 1285 4
112 1286 3
1112 1286 3
1732 1286 3
2235 1286 4
106 1287 3
1105 1287 3
1725 1288 3
2232 1288 4
106 1289 3
1105 1289 3
1728 1290 2
2233 1290 3
110 1291 2
1110 1291 2
1728 1292 2
2233 1292 3
107 1293 3
1107 1293 3
106 1294 3
1105 1294 3
1725 1295 3
2232 1295 4
106 1296 3
1105 1296 3
122 1297 3
1120 1297 3
1122 1297 3
1133 1297 4
1738 1298 2
1742 1298 3
1753 1298 3
2237 1298 3
2239 1298 4
2244 1298 4
122 1299 3
1122 1299 3
120 1300 2
132 1300 3
1121 1300 2
1134 1300 3
1740 1300 2
1755 1300 3
2238 1300 3
2245 1300 4
1120 1301 3
1133 1301 4
1744 1302 3
2240 1302 4
125 1303 3
1126 1303 3
1744 1304 3
2240 1304 4
127 1305 3
130 1305 4
1128 1305 3
1131 1305 4
1748 1305 3
2242 1305 4
129 1306 4
1129 1306 4
1750 1307 4
2243 1307 5
129 1308 4
1129 1308 4
1744 1309 3
2240 1309 4
125 1310 3
1126 1310 3
107 1311 3
112 1311 3
1107 1311 3
1112 1311 3
1732 1311 3
2235 1311 4
106 1312 3
114 1312 3
1105 1312 3
1109 1312 3
1113 1312 3
1115 1312 4
112 1313 3
1112 1313 3
1732 1313 3
2235 1313 4
106 1314 3
1105 1314 3
1725 1315 3
2232 1315 4
106 1316 3
1105 1316 3
1728 1317 2
2233 1317 3
110 1318 2
1110 1318 2
1728 1319 2
2233 1319 3
203 1320 3
1181 1320 3
1203 1320 3
1205 1320 3
1803 1321 2
1825 1321 2
1829 1321 3
2267 1321 3
2277 1321 3
2279 1321 4
203 1322 3
1205 1322 3
179 1323 2
201 1323 2
1182 1323 2
1204 1323 2
1805 1323 2
1827 1323 2
2268 1323 3
2278 1323 3
1181 1324 3
1203 1324 3
1794 1325 2
1810 1325 2
1831 1325 2
1837 1325 3
2263 1325 3
2271 1325 3
2280 1325 3
2283 1325 4
172 1326 2
185 1326 2
206 1326 2
213 1326 3
1174 1326 2
1187 1326 2
1209 1326 2
1215 1326 3
1794 1327 2
1810 1327 2
1831 1327 2
1837 1327 3
2263 1327 3
2271 1327 3
2280 1327 3
2283 1327 4
180 1328 2
208 1328 3
1183 1328 2
1211 1328 3
1808 1328 2
1835 1328 3
2270 1328 3
2282 1328 4
182 1329 2
210 1329 3
1184 1329 2
1186 1329 3
1212 1329 3
1214 1329 4
180 1330 2
208 1330 3
1183 1330 2
1211 1330 3
1808 1330 2
1835 1330 3
2270 1330 3
2282 1330 4
203 1331 3
1203 1331 3
1205 1331 3
1825 1332 2
1829 1332 3
2277 1332 3
2279 1332 4
203 1333 3
1205 1333 3
201 1334 2
1204 1334 2
1827 1334 2
2278 1334 3
1794 1335 2
2263 1335 3
172 1336 2
1174 1336 2
1794 1337 2
2263 1337 3
174 1338 2
177 1338 3
1176 1338 2
1179 1338 3
1798 1338 2
2265 1338 3
176 1339 3
1177 1339 3
1800 1340 3
2266 1340 4
176 1341 3
1177 1341 3
1794 1342 2
2263 1342 3
172 1343 2
1174 1343 2
188 1344 2
193 1344 2
1190 1344 2
1195 1344 2
1819 1344 2
2275 1344 3
187 1345 2
195 1345 2
1188 1345 2
1192 1345 2
1196 1345 2
1198 1345 3
193 1346 2
1195 1346 2
1819 1346 2
2275 1346 3
187 1347 2
1188 1347 2
1812 1348 2
2272 1348 3
187 1349 2
1188 1349 2
1815 1350 1
2273 1350 2
191 1351 1
1193 1351 1
1815 1352 1
2273 1352 2
188 1353 2
1190 1353 2
187 1354 2
1188 1354 2
1812 1355 2
2272 1355 3
187 1356 2
1188 1356 2
1181 1357 3
1803 1358 2
2267 1358 3
179 1360 2
1182 1360 2
1805 1360 2
2268 1360 3
1181 1361 3
1794 1362 2
2263 1362 3
172 1363 2
1174 1363 2
1794 1364 2
2263 1364 3
174 1365 2
177 1365 3
1176 1365 2
1179 1365 3
1798 1365 2
2265 1365 3
176 1366 3
1177 1366 3
1800 1367 3
2266 1367 4
176 1368 3
1177 1368 3
1794 1369 2
2263 1369 3
172 1370 2
1174 1370 2
1760 1371 3
2248 1371 4
138 1372 3
1139 1372 3
1760 1373 3
2248 1373 4
133 1374 3
141 1374 3
1135 1374 3
1142 1374 3
1758 1374 3
2247 1374 4
140 1375 3
1140 1375 3
1762 1376 3
2249 1376 4
140 1377 3
1140 1377 3
133 1380 3
1135 1380 3
1758 1380 3
2247 1380 4
135 1381 3
1136 1381 3
1138 1381 4
133 1382 3
1135 1382 3
1758 1382 3
2247 1382 4
145 1383 3
1144 1383 3
1146 1383 3
1765 1384 2
1769 1384 3
2250 1384 3
2252 1384 4
145 1385 3
1146 1385 3
143 1386 2
1145 1386 2
1767 1386 2
2251 1386 3
1144 1387 3
1760 1388 3
2248 1388 4
138 1389 3
1139 1389 3
1760 1390 3
2248 1390 4
133 1391 3
1135 1391 3
1758 1391 3
2247 1391 4
135 1392 3
1136 1392 3
1138 1392 4
133 1393 3
1135 1393 3
1758 1393 3
2247 1393 4
107 1394 3
112 1394 3
1107 1394 3
1112 1394 3
1732 1394 3
2235 1394 4
106 1395 3
114 1395 3
1105 1395 3
1109 1395 3
1113 1395 3
1115 1395 4
112 1396 3
1112 1396 3
1732 1396 3
2235 1396 4
106 1397 3
1105 1397 3
1725 1398 3
2232 1398 4
106 1399 3
1105 1399 3
1728 1400 2
2233 1400 3
110 1401 2
1110 1401 2
1728 1402 2
2233 1402 3
107 1403 3
1107 1403 3
106 1404 3
1105 1404 3
1725 1405 3
2232 1405 4
106 1406 3
1105 1406 3
122 1407 3
1120 1407 3
1122 1407 3
1133 1407 4
1738 1408 2
1742 1408 3
1753 1408 3
2237 1408 3
2239 1408 4
2244 1408 4
122 1409 3
1122 1409 3
120 1410 2
132 1410 3
1121 1410 2
1134 1410 3
1740 1410 2
1755 1410 3
2238 1410 3
2245 1410 4
1120 1411 3
1133 1411 4
1744 1412 3
2240 1412 4
125 1413 3
1126 1413 3
1744 1414 3
2240 1414 4
127 1415 3
130 1415 4
1128 1415 3
1131 1415 4
1748 1415 3
2242 1415 4
129 1416 4
1129 1416 4
1750 1417 4
2243 1417 5
129 1418 4
1129 1418 4
1744 1419 3
2240 1419 4
125 1420 3
1126 1420 3
107 1421 3
112 1421 3
1107 1421 3
1112 1421 3
1732 1421 3
2235 1421 4
106 1422 3
114 1422 3
1105 1422 3
1109 1422 3
1113 1422 3
1115 1422 4
112 1423 3
1112 1423 3
1732 1423 3
2235 1423 4
106 1424 3
1105 1424 3
1725 1425 3
2232 1425 4
106 1426 3
1105 1426 3
1728 1427 2
2233 1427 3
110 1428 2
1110 1428 2
1728 1429 2
2233 1429 3
351 1430 3
395 1430 3
403 1430 3
586 1430 4
859 1430 3
863 1430 3
903 1430 3
907 1430 3
911 1430 3
913 1430 4
2566 1430 3
2568 1430 3
351 1431 3
395 1431 3
586 1431 4
859 1431 3
903 1431 3
2566 1431 3
351 1432 3
395 1432 3
586 1432 4
859 1432 3
903 1432 3
2566 1432 3
355 1433 2
399 1433 2
590 1433 3
864 1433 2
908 1433 2
2569 1433 2
351 1434 3
395 1434 3
586 1434 4
859 1434 3
903 1434 3
2566 1434 3
351 1435 3
395 1435 3
586 1435 4
859 1435 3
903 1435 3
2566 1435 3
339 1436 3
411 1436 3
574 1436 4
846 1436 3
848 1436 3
875 1436 3
918 1436 3
920 1436 3
931 1436 4
2556 1436 3
2557 1436 3
2577 1436 3
339 1437 3
411 1437 3
574 1437 4
848 1437 3
920 1437 3
2557 1437 3
846 1438 3
875 1438 3
918 1438 3
931 1438 4
2556 1438 3
2577 1438 3
359 1439 2
414 1439 3
594 1439 3
868 1439 2
924 1439 3
2573 1439 2
363 1440 3
418 1440 4
598 1440 4
871 1440 3
927 1440 4
2575 1440 3
363 1441 3
418 1441 4
598 1441 4
871 1441 3
927 1441 4
2575 1441 3
359 1442 2
414 1442 3
594 1442 3
868 1442 2
924 1442 3
2573 1442 2
395 1443 3
403 1443 3
903 1443 3
907 1443 3
911 1443 3
913 1443 4
395 1444 3
903 1444 3
395 1445 3
903 1445 3
399 1446 2
908 1446 2
339 1447 3
574 1447 4
846 1447 3
848 1447 3
2556 1447 3
2557 1447 3
339 1448 3
574 1448 4
848 1448 3
2557 1448 3
846 1449 3
2556 1449 3
342 1450 2
349 1450 3
577 1450 3
584 1450 4
852 1450 2
858 1450 3
2560 1450 2
2565 1450 3
346 1451 3
581 1451 4
855 1451 3
857 1451 4
2562 1451 3
2564 1451 4
339 1452 3
574 1452 4
846 1452 3
848 1452 3
2556 1452 3
2557 1452 3
339 1453 3
574 1453 4
848 1453 3
2557 1453 3
372 1454 2
382 1454 2
607 1454 3
617 1454 3
881 1454 2
892 1454 2
2581 1454 2
2588 1454 2
374 1455 2
386 1455 3
609 1455 3
621 1455 4
882 1455 2
895 1455 3
2582 1455 2
2590 1455 3
374 1456 2
386 1456 3
609 1456 3
621 1456 4
882 1456 2
895 1456 3
2582 1456 2
2590 1456 3
382 1457 2
617 1457 3
892 1457 2
2588 1457 2
369 1458 2
604 1458 3
878 1458 2
880 1458 3
2578 1458 2
2580 1458 3
379 1459 2
614 1459 3
886 1459 2
888 1459 2
2584 1459 2
2585 1459 2
379 1460 2
614 1460 3
888 1460 2
2585 1460 2
886 1461 2
2584 1461 2
372 1462 2
607 1462 3
881 1462 2
2581 1462 2
369 1463 2
604 1463 3
878 1463 2
880 1463 3
2578 1463 2
2580 1463 3
351 1464 3
586 1464 4
859 1464 3
863 1464 3
2566 1464 3
2568 1464 3
351 1465 3
586 1465 4
859 1465 3
2566 1465 3
351 1466 3
586 1466 4
859 1466 3
2566 1466 3
355 1467 2
590 1467 3
864 1467 2
2569 1467 2
351 1468 3
586 1468 4
859 1468 3
2566 1468 3
351 1469 3
586 1469 4
859 1469 3
2566 1469 3
339 1470 3
574 1470 4
846 1470 3
848 1470 3
2556 1470 3
2557 1470 3
339 1471 3
574 1471 4
848 1471 3
2557 1471 3
846 1472 3
2556 1472 3
342 1473 2
349 1473 3
577 1473 3
584 1473 4
852 1473 2
858 1473 3
2560 1473 2
2565 1473 3
346 1474 3
581 1474 4
855 1474 3
857 1474 4
2562 1474 3
2564 1474 4
339 1475 3
574 1475 4
846 1475 3
848 1475 3
2556 1475 3
2557 1475 3
339 1476 3
574 1476 4
848 1476 3
2557 1476 3
479 1477 4
2478 1477 3
2493 1477 3
2494 1477 3
479 1478 4
2494 1478 3
2478 1479 3
2493 1479 3
448 1480 3
461 1480 3
482 1480 3
489 1480 4
2474 1480 2
2482 1480 2
2497 1480 2
2502 1480 3
458 1481 3
486 1481 4
2479 1481 2
2481 1481 3
2499 1481 3
2501 1481 4
479 1482 4
2493 1482 3
2494 1482 3
479 1483 4
2494 1483 3
448 1484 3
2474 1484 2
452 1485 4
2476 1485 3
452 1486 4
2476 1486 3
448 1487 3
2474 1487 2
463 1488 3
471 1488 3
2483 1488 2
2485 1488 2
2488 1488 2
2490 1488 3
463 1489 3
2483 1489 2
463 1490 3
2483 1490 2
467 1491 2
2486 1491 1
463 1492 3
2483 1492 2
463 1493 3
2483 1493 2
2478 1494 3
2478 1496 3
448 1497 3
2474 1497 2
452 1498 4
2476 1498 3
452 1499 4
2476 1499 3
448 1500 3
2474 1500 2
505 1501 3
515 1501 3
560 1501 4
2513 1501 2
2520 1501 2
2549 1501 3
507 1502 3
519 1502 4
562 1502 4
2514 1502 2
2522 1502 3
2550 1502 3
507 1503 3
519 1503 4
562 1503 4
2514 1503 2
2522 1503 3
2550 1503 3
515 1504 3
2520 1504 2
502 1505 3
557 1505 4
2510 1505 2
2512 1505 3
2546 1505 3
2548 1505 4
512 1506 3
567 1506 4
2516 1506 2
2517 1506 2
2552 1506 3
2553 1506 3
512 1507 3
567 1507 4
2517 1507 2
2553 1507 3
2516 1508 2
2552 1508 3
505 1509 3
560 1509 4
2513 1509 2
2549 1509 3
502 1510 3
557 1510 4
2510 1510 2
2512 1510 3
2546 1510 3
2548 1510 4
528 1511 4
536 1511 4
2527 1511 3
2529 1511 3
2532 1511 3
2534 1511 4
528 1512 4
2527 1512 3
528 1513 4
2527 1513 3
532 1514 3
2530 1514 2
528 1515 4
2527 1515 3
528 1516 4
2527 1516 3
544 1517 4
2537 1517 3
2538 1517 3
2545 1517 4
544 1518 4
2538 1518 3
2537 1519 3
2545 1519 4
547 1520 4
2541 1520 3
551 1521 5
2543 1521 4
551 1522 5
2543 1522 4
547 1523 4
2541 1523 3
528 1524 4
536 1524 4
2527 1524 3
2529 1524 3
2532 1524 3
2534 1524 4
528 1525 4
2527 1525 3
528 1526 4
2527 1526 3
532 1527 3
2530 1527 2
479 1528 4
2478 1528 3
2493 1528 3
2494 1528 3
479 1529 4
2494 1529 3
2478 1530 3
2493 1530 3
448 1531 3
461 1531 3
482 1531 3
489 1531 4
2474 1531 2
2482 1531 2
2497 1531 2
2502 1531 3
458 1532 3
486 1532 4
2479 1532 2
2481 1532 3
2499 1532 3
2501 1532 4
479 1533 4
2493 1533 3
2494 1533 3
479 1534 4
2494 1534 3
448 1535 3
2474 1535 2
452 1536 4
2476 1536 3
452 1537 4
2476 1537 3
448 1538 3
2474 1538 2
463 1539 3
471 1539 3
2483 1539 2
2485 1539 2
2488 1539 2
2490 1539 3
463 1540 3
2483 1540 2
463 1541 3
2483 1541 2
467 1542 2
2486 1542 1
463 1543 3
2483 1543 2
463 1544 3
2483 1544 2
138 1545 3
229 1545 3
239 1545 3
140 1546 3
231 1546 3
243 1546 4
140 1547 3
231 1547 3
243 1547 4
239 1548 3
135 1549 3
226 1549 3
145 1550 3
236 1550 3
145 1551 3
236 1551 3
138 1553 3
229 1553 3
135 1554 3
226 1554 3
106 1555 3
114 1555 3
164 1555 3
252 1555 3
260 1555 3
280 1555 4
106 1556 3
164 1556 3
252 1556 3
280 1556 4
106 1557 3
164 1557 3
252 1557 3
280 1557 4
110 1558 2
168 1558 2
256 1558 2
284 1558 3
106 1559 3
164 1559 3
252 1559 3
280 1559 4
106 1560 3
164 1560 3
252 1560 3
280 1560 4
152 1561 3
268 1561 4
152 1562 3
268 1562 4
155 1564 2
162 1564 3
271 1564 3
278 1564 4
159 1565 3
275 1565 4
152 1566 3
268 1566 4
152 1567 3
268 1567 4
229 1568 3
239 1568 3
231 1569 3
243 1569 4
231 1570 3
243 1570 4
239 1571 3
226 1572 3
236 1573 3
236 1574 3
106 1576 3
114 1576 3
106 1577 3
106 1578 3
110 1579 2
106 1580 3
106 1581 3
122 1582 3
122 1583 3
125 1585 3
129 1586 4
129 1587 4
125 1588 3
106 1589 3
114 1589 3
106 1590 3
106 1591 3
110 1592 2
203 1593 3
203 1594 3
172 1596 2
185 1596 2
206 1596 2
213 1596 3
182 1597 2
210 1597 3
203 1598 3
203 1599 3
172 1600 2
176 1601 3
176 1602 3
172 1603 2
187 1604 2
195 1604 2
187 1605 2
187 1606 2
191 1607 1
187 1608 2
187 1609 2
172 1613 2
176 1614 3
176 1615 3
172 1616 2
861 1617 3
905 1617 3
910 1617 3
2035 1617 4
859 1618 3
863 1618 3
903 1618 3
907 1618 3
911 1618 3
913 1618 4
910 1619 3
2035 1619 4
859 1620 3
903 1620 3
1981 1621 4
2028 1621 4
859 1622 3
903 1622 3
1984 1623 3
2031 1623 3
864 1624 2
908 1624 2
1984 1625 3
2031 1625 3
861 1626 3
905 1626 3
859 1627 3
903 1627 3
1981 1628 4
2028 1628 4
859 1629 3
903 1629 3
846 1630 3
848 1630 3
875 1630 3
918 1630 3
920 1630 3
931 1630 4
1967 1631 3
1971 1631 4
1996 1631 3
2041 1631 3
2045 1631 4
2056 1631 4
848 1632 3
920 1632 3
847 1633 2
876 1633 2
919 1633 2
932 1633 3
1969 1633 3
1998 1633 3
2043 1633 3
2058 1633 4
846 1634 3
875 1634 3
918 1634 3
931 1634 4
1987 1635 3
2047 1635 4
868 1636 2
924 1636 3
1987 1637 3
2047 1637 4
870 1638 2
873 1638 3
926 1638 3
929 1638 4
1991 1638 3
2051 1638 4
871 1639 3
927 1639 4
1993 1640 4
2053 1640 5
871 1641 3
927 1641 4
1987 1642 3
2047 1642 4
868 1643 2
924 1643 3
905 1644 3
910 1644 3
2035 1644 4
903 1645 3
907 1645 3
911 1645 3
913 1645 4
910 1646 3
2035 1646 4
903 1647 3
2028 1648 4
903 1649 3
2031 1650 3
908 1651 2
2031 1652 3
846 1653 3
848 1653 3
1967 1654 3
1971 1654 4
848 1655 3
847 1656 2
1969 1656 3
846 1657 3
1973 1658 3
1979 1658 4
852 1659 2
858 1659 3
1973 1660 3
1979 1660 4
854 1661 3
1977 1661 4
855 1662 3
857 1662 4
854 1663 3
1977 1663 4
846 1664 3
848 1664 3
1967 1665 3
1971 1665 4
848 1666 3
847 1667 2
1969 1667 3
2003 1668 3
2014 1668 3
881 1669 2
892 1669 2
2003 1670 3
2014 1670 3
877 1671 2
884 1671 2
894 1671 2
897 1671 3
2001 1671 3
2018 1671 3
882 1672 2
895 1672 3
2005 1673 3
2020 1673 4
882 1674 2
895 1674 3
2014 1675 3
892 1676 2
877 1677 2
2001 1677 3
878 1678 2
880 1678 3
877 1679 2
2001 1679 3
886 1680 2
888 1680 2
2008 1681 2
2012 1681 3
888 1682 2
887 1683 1
2010 1683 2
886 1684 2
2003 1685 3
881 1686 2
2003 1687 3
877 1688 2
2001 1688 3
878 1689 2
880 1689 3
877 1690 2
2001 1690 3
861 1691 3
859 1692 3
863 1692 3
859 1694 3
1981 1695 4
859 1696 3
1984 1697 3
864 1698 2
1984 1699 3
861 1700 3
859 1701 3
1981 1702 4
859 1703 3
846 1704 3
848 1704 3
1967 1705 3
1971 1705 4
848 1706 3
847 1707 2
1969 1707 3
846 1708 3
1973 1709 3
1979 1709 4
852 1710 2
858 1710 3
1973 1711 3
1979 1711 4
854 1712 3
1977 1712 4
855 1713 3
857 1713 4
854 1714 3
1977 1714 4
846 1715 3
848 1715 3
1967 1716 3
1971 1716 4
848 1717 3
847 1718 2
1969 1718 3
966 1719 3
988 1719 3
990 1719 3
1082 1719 4
2092 1720 3
2114 1720 3
2118 1720 4
2211 1720 4
990 1721 3
967 1722 2
989 1722 2
1083 1722 3
2094 1722 3
2116 1722 3
2213 1722 4
966 1723 3
988 1723 3
1082 1723 4
2083 1724 3
2099 1724 3
2120 1724 3
2126 1724 4
2202 1724 4
2218 1724 4
959 1725 2
972 1725 2
994 1725 2
1000 1725 3
1075 1725 3
1088 1725 3
2083 1726 3
2099 1726 3
2120 1726 3
2126 1726 4
2202 1726 4
2218 1726 4
968 1727 2
996 1727 3
1084 1727 3
2097 1727 3
2124 1727 4
2216 1727 4
969 1728 2
971 1728 3
997 1728 3
999 1728 4
1085 1728 3
1087 1728 4
968 1729 2
996 1729 3
1084 1729 3
2097 1729 3
2124 1729 4
2216 1729 4
988 1730 3
990 1730 3
2114 1731 3
2118 1731 4
990 1732 3
989 1733 2
2116 1733 3
2083 1734 3
2202 1734 4
959 1735 2
1075 1735 3
2083 1736 3
2202 1736 4
961 1737 2
964 1737 3
1077 1737 3
1080 1737 4
2087 1737 3
2206 1737 4
962 1738 3
1078 1738 4
2089 1739 4
2208 1739 5
962 1740 3
1078 1740 4
2083 1741 3
2202 1741 4
959 1742 2
1075 1742 3
975 1743 2
980 1743 2
1091 1743 3
1096 1743 3
2108 1743 3
2227 1743 4
973 1744 2
977 1744 2
981 1744 2
983 1744 3
1089 1744 3
1093 1744 3
1097 1744 3
1099 1744 4
980 1745 2
1096 1745 3
2108 1745 3
2227 1745 4
973 1746 2
1089 1746 3
2101 1747 3
2220 1747 4
973 1748 2
1089 1748 3
2104 1749 2
2223 1749 3
978 1750 1
1094 1750 2
2104 1751 2
2223 1751 3
975 1752 2
1091 1752 3
973 1753 2
1089 1753 3
2101 1754 3
2220 1754 4
973 1755 2
1089 1755 3
966 1756 3
1082 1756 4
2092 1757 3
2211 1757 4
967 1759 2
1083 1759 3
2094 1759 3
2213 1759 4
966 1760 3
1082 1760 4
2083 1761 3
2202 1761 4
959 1762 2
1075 1762 3
2083 1763 3
2202 1763 4
961 1764 2
964 1764 3
1077 1764 3
1080 1764 4
2087 1764 3
2206 1764 4
962 1765 3
1078 1765 4
2089 1766 4
2208 1766 5
962 1767 3
1078 1767 4
2083 1768 3
2202 1768 4
959 1769 2
1075 1769 3
2144 1770 4
2155 1770 4
1016 1771 3
1027 1771 3
2144 1772 4
2155 1772 4
1012 1773 3
1019 1773 3
1029 1773 3
1032 1773 4
2142 1773 4
2159 1773 4
1017 1774 3
1030 1774 4
2146 1775 4
2161 1775 5
1017 1776 3
1030 1776 4
2155 1777 4
1027 1778 3
1012 1779 3
2142 1779 4
1013 1780 3
1015 1780 4
1012 1781 3
2142 1781 4
1021 1782 3
1023 1782 3
2149 1783 3
2153 1783 4
1023 1784 3
1022 1785 2
2151 1785 3
1021 1786 3
2144 1787 4
1016 1788 3
2144 1789 4
1012 1790 3
2142 1790 4
1013 1791 3
1015 1791 4
1012 1792 3
2142 1792 4
1040 1793 3
1045 1793 3
1068 1793 4
2176 1793 4
1038 1794 3
1042 1794 3
1046 1794 3
1048 1794 4
1066 1794 4
1070 1794 4
1045 1795 3
2176 1795 4
1038 1796 3
1066 1796 4
2169 1797 4
2196 1797 5
1038 1798 3
1066 1798 4
2172 1799 3
2199 1799 4
1043 1800 2
1071 1800 3
2172 1801 3
2199 1801 4
1040 1802 3
1068 1802 4
1038 1803 3
1066 1803 4
2169 1804 4
2196 1804 5
1038 1805 3
1066 1805 4
1053 1806 4
1055 1806 4
2182 1807 4
2186 1807 5
1055 1808 4
1054 1809 3
2184 1809 4
1053 1810 4
2188 1811 4
2194 1811 5
1059 1812 3
1065 1812 4
2188 1813 4
2194 1813 5
1061 1814 4
2192 1814 5
1062 1815 4
1064 1815 5
1061 1816 4
2192 1816 5
1053 1817 4
1055 1817 4
2182 1818 4
2186 1818 5
1055 1819 4
1054 1820 3
2184 1820 4
2144 1821 4
2155 1821 4
1016 1822 3
1027 1822 3
2144 1823 4
2155 1823 4
1012 1824 3
1019 1824 3
1029 1824 3
1032 1824 4
2142 1824 4
2159 1824 4
1017 1825 3
1030 1825 4
2146 1826 4
2161 1826 5
1017 1827 3
1030 1827 4
2155 1828 4
1027 1829 3
1012 1830 3
2142 1830 4
1013 1831 3
1015 1831 4
1012 1832 3
2142 1832 4
1021 1833 3
1023 1833 3
2149 1834 3
2153 1834 4
1023 1835 3
1022 1836 2
2151 1836 3
1021 1837 3
861 1838 3
905 1838 3
910 1838 3
2035 1838 4
859 1839 3
863 1839 3
903 1839 3
907 1839 3
911 1839 3
913 1839 4
910 1840 3
2035 1840 4
859 1841 3
903 1841 3
1981 1842 4
2028 1842 4
859 1843 3
903 1843 3
1984 1844 3
2031 1844 3
864 1845 2
908 1845 2
1984 1846 3
2031 1846 3
861 1847 3
905 1847 3
859 1848 3
903 1848 3
1981 1849 4
2028 1849 4
859 1850 3
903 1850 3
846 1851 3
848 1851 3
875 1851 3
918 1851 3
920 1851 3
931 1851 4
1967 1852 3
1971 1852 4
1996 1852 3
2041 1852 3
2045 1852 4
2056 1852 4
848 1853 3
920 1853 3
847 1854 2
876 1854 2
919 1854 2
932 1854 3
1969 1854 3
1998 1854 3
2043 1854 3
2058 1854 4
846 1855 3
875 1855 3
918 1855 3
931 1855 4
1987 1856 3
2047 1856 4
868 1857 2
924 1857 3
1987 1858 3
2047 1858 4
870 1859 2
873 1859 3
926 1859 3
929 1859 4
1991 1859 3
2051 1859 4
871 1860 3
927 1860 4
1993 1861 4
2053 1861 5
871 1862 3
927 1862 4
1987 1863 3
2047 1863 4
868 1864 2
924 1864 3
905 1865 3
910 1865 3
2035 1865 4
903 1866 3
907 1866 3
911 1866 3
913 1866 4
910 1867 3
2035 1867 4
903 1868 3
2028 1869 4
903 1870 3
2031 1871 3
908 1872 2
2031 1873 3
846 1874 3
848 1874 3
1967 1875 3
1971 1875 4
848 1876 3
847 1877 2
1969 1877 3
846 1878 3
1973 1879 3
1979 1879 4
852 1880 2
858 1880 3
1973 1881 3
1979 1881 4
854 1882 3
1977 1882 4
855 1883 3
857 1883 4
854 1884 3
1977 1884 4
846 1885 3
848 1885 3
1967 1886 3
1971 1886 4
848 1887 3
847 1888 2
1969 1888 3
2003 1889 3
2014 1889 3
881 1890 2
892 1890 2
2003 1891 3
2014 1891 3
877 1892 2
884 1892 2
894 1892 2
897 1892 3
2001 1892 3
2018 1892 3
882 1893 2
895 1893 3
2005 1894 3
2020 1894 4
882 1895 2
895 1895 3
2014 1896 3
892 1897 2
877 1898 2
2001 1898 3
878 1899 2
880 1899 3
877 1900 2
2001 1900 3
886 1901 2
888 1901 2
2008 1902 2
2012 1902 3
888 1903 2
887 1904 1
2010 1904 2
886 1905 2
2003 1906 3
881 1907 2
2003 1908 3
877 1909 2
2001 1909 3
878 1910 2
880 1910 3
877 1911 2
2001 1911 3
2646 1912 3
2773 1912 3
2788 1912 3
2789 1912 3
1468 1913 3
1559 1913 3
1569 1913 3
1571 1913 4
2789 1914 3
1469 1915 3
1560 1915 3
1570 1915 3
2646 1916 3
2773 1916 3
2788 1916 3
1464 1917 3
1472 1917 3
1555 1917 3
1563 1917 3
1572 1917 3
1575 1917 4
2642 1918 2
2650 1918 2
2769 1918 2
2777 1918 2
2792 1918 2
2797 1918 3
1464 1919 3
1472 1919 3
1555 1919 3
1563 1919 3
1572 1919 3
1575 1919 4
1471 1920 3
1562 1920 3
1574 1920 4
2647 1921 2
2649 1921 3
2774 1921 2
2776 1921 3
2794 1921 3
2796 1921 4
1471 1922 3
1562 1922 3
1574 1922 4
2788 1923 3
2789 1923 3
1569 1924 3
1571 1924 4
2789 1925 3
1570 1926 3
1464 1927 3
1555 1927 3
2642 1928 2
2769 1928 2
1464 1929 3
1555 1929 3
1466 1930 3
1557 1930 3
2644 1931 3
2771 1931 3
1467 1932 4
1558 1932 4
2644 1933 3
2771 1933 3
1464 1934 3
1555 1934 3
2642 1935 2
2769 1935 2
1476 1936 3
1567 1936 3
2651 1937 2
2653 1937 2
2656 1937 2
2658 1937 3
2778 1937 2
2780 1937 2
2783 1937 2
2785 1937 3
1476 1938 3
1567 1938 3
2651 1939 2
2778 1939 2
1473 1940 3
1564 1940 3
2651 1941 2
2778 1941 2
1474 1942 2
1565 1942 2
2654 1943 1
2781 1943 1
1474 1944 2
1565 1944 2
2651 1946 2
2778 1946 2
1473 1947 3
1564 1947 3
2651 1948 2
2778 1948 2
2646 1949 3
2773 1949 3
1468 1950 3
1559 1950 3
1469 1952 3
1560 1952 3
2646 1953 3
2773 1953 3
1464 1954 3
1555 1954 3
2642 1955 2
2769 1955 2
1464 1956 3
1555 1956 3
1466 1957 3
1557 1957 3
2644 1958 3
2771 1958 3
1467 1959 4
1558 1959 4
2644 1960 3
2771 1960 3
1464 1961 3
1555 1961 3
2642 1962 2
2769 1962 2
1438 1963 3
1443 1963 3
1496 1963 3
1584 1963 3
1589 1963 3
1612 1963 4
2601 1964 2
2608 1964 2
2685 1964 2
2808 1964 2
2815 1964 2
2844 1964 3
1438 1965 3
1443 1965 3
1496 1965 3
1584 1965 3
1589 1965 3
1612 1965 4
1437 1966 3
1445 1966 3
1495 1966 3
1583 1966 3
1591 1966 3
1611 1966 4
2602 1967 2
2610 1967 3
2686 1967 2
2809 1967 2
2817 1967 3
2845 1967 3
1439 1968 3
1446 1968 4
1497 1968 3
1585 1968 3
1592 1968 4
1613 1968 4
2602 1969 2
2610 1969 3
2686 1969 2
2809 1969 2
2817 1969 3
2845 1969 3
1443 1970 3
1589 1970 3
2608 1971 2
2815 1971 2
1437 1972 3
1495 1972 3
1583 1972 3
1611 1972 4
2598 1973 2
2600 1973 3
2682 1973 2
2684 1973 3
2805 1973 2
2807 1973 3
2841 1973 3
2843 1973 4
1437 1974 3
1495 1974 3
1583 1974 3
1611 1974 4
2604 1975 2
2605 1975 2
2688 1975 2
2689 1975 2
2811 1975 2
2812 1975 2
2847 1975 3
2848 1975 3
1440 1976 2
1442 1976 3
1498 1976 2
1500 1976 3
1586 1976 2
1588 1976 3
1614 1976 3
1616 1976 4
2605 1977 2
2689 1977 2
2812 1977 2
2848 1977 3
1441 1978 2
1499 1978 2
1587 1978 2
1615 1978 3
2604 1979 2
2688 1979 2
2811 1979 2
2847 1979 3
1438 1980 3
1496 1980 3
1584 1980 3
1612 1980 4
2601 1981 2
2685 1981 2
2808 1981 2
2844 1981 3
1438 1982 3
1496 1982 3
1584 1982 3
1612 1982 4
1437 1983 3
1495 1983 3
1583 1983 3
1611 1983 4
2598 1984 2
2600 1984 3
2682 1984 2
2684 1984 3
2805 1984 2
2807 1984 3
2841 1984 3
2843 1984 4
1437 1985 3
1495 1985 3
1583 1985 3
1611 1985 4
1483 1986 3
1599 1986 4
2663 1987 2
2665 1987 2
2668 1987 2
2670 1987 3
2822 1987 3
2824 1987 3
2827 1987 3
2829 1987 4
1483 1988 3
1599 1988 4
2663 1989 2
2822 1989 3
1480 1990 3
1596 1990 4
2663 1991 2
2822 1991 3
1481 1992 2
1597 1992 3
2666 1993 1
2825 1993 2
1481 1994 2
1597 1994 3
2663 1996 2
2822 1996 3
1480 1997 3
1596 1997 4
2663 1998 2
2822 1998 3
2673 1999 2
2674 1999 2
2681 1999 3
2832 1999 3
2833 1999 3
2840 1999 4
1485 2000 2
1487 2000 3
1492 2000 3
1601 2000 3
1603 2000 4
1608 2000 4
2674 2001 2
2833 2001 3
1486 2002 2
1493 2002 3
1602 2002 3
1609 2002 4
2673 2003 2
2681 2003 3
2832 2003 3
2840 2003 4
1488 2004 3
1604 2004 4
2677 2005 2
2836 2005 3
1488 2006 3
1604 2006 4
1490 2007 3
1606 2007 4
2679 2008 3
2838 2008 4
1491 2009 4
1607 2009 5
2679 2010 3
2838 2010 4
1488 2011 3
1604 2011 4
2677 2012 2
2836 2012 3
1483 2013 3
1599 2013 4
2663 2014 2
2665 2014 2
2668 2014 2
2670 2014 3
2822 2014 3
2824 2014 3
2827 2014 3
2829 2014 4
1483 2015 3
1599 2015 4
2663 2016 2
2822 2016 3
1480 2017 3
1596 2017 4
2663 2018 2
2822 2018 3
1481 2019 2
1597 2019 3
2666 2020 1
2825 2020 2
1481 2021 2
1597 2021 3
2773 2022 3
2788 2022 3
2789 2022 3
1559 2023 3
1569 2023 3
1571 2023 4
2789 2024 3
1560 2025 3
1570 2025 3
2773 2026 3
2788 2026 3
1555 2027 3
1563 2027 3
1572 2027 3
1575 2027 4
2769 2028 2
2777 2028 2
2792 2028 2
2797 2028 3
1555 2029 3
1563 2029 3
1572 2029 3
1575 2029 4
1562 2030 3
1574 2030 4
2774 2031 2
2776 2031 3
2794 2031 3
2796 2031 4
1562 2032 3
1574 2032 4
2788 2033 3
2789 2033 3
1569 2034 3
1571 2034 4
2789 2035 3
1570 2036 3
1555 2037 3
2769 2038 2
1555 2039 3
1557 2040 3
2771 2041 3
1558 2042 4
2771 2043 3
1555 2044 3
2769 2045 2
1567 2046 3
2778 2047 2
2780 2047 2
2783 2047 2
2785 2047 3
1567 2048 3
2778 2049 2
1564 2050 3
2778 2051 2
1565 2052 2
2781 2053 1
1565 2054 2
2778 2056 2
1564 2057 3
2778 2058 2
1438 2059 3
1443 2059 3
2601 2060 2
2608 2060 2
1438 2061 3
1443 2061 3
1437 2062 3
1445 2062 3
2602 2063 2
2610 2063 3
1439 2064 3
1446 2064 4
2602 2065 2
2610 2065 3
1443 2066 3
2608 2067 2
1437 2068 3
2598 2069 2
2600 2069 3
1437 2070 3
2604 2071 2
2605 2071 2
1440 2072 2
1442 2072 3
2605 2073 2
1441 2074 2
2604 2075 2
1438 2076 3
2601 2077 2
1438 2078 3
1437 2079 3
2598 2080 2
2600 2080 3
1437 2081 3
1453 2082 3
2615 2083 2
2617 2083 2
2620 2083 2
2622 2083 3
2635 2083 3
2637 2083 3
1453 2084 3
2615 2085 2
2635 2085 3
1450 2086 3
1462 2086 4
2615 2087 2
2635 2087 3
1451 2088 2
1463 2088 3
2618 2089 1
2638 2089 2
1451 2090 2
1463 2090 3
2615 2092 2
2635 2092 3
1450 2093 3
1462 2093 4
2615 2094 2
2635 2094 3
2625 2095 3
2626 2095 3
1455 2096 3
1457 2096 4
2626 2097 3
1456 2098 3
2625 2099 3
1458 2100 3
1461 2100 4
2629 2101 2
2634 2101 3
1458 2102 3
1461 2102 4
1460 2103 4
2631 2104 3
2633 2104 4
1460 2105 4
2625 2106 3
2626 2106 3
1455 2107 3
1457 2107 4
2626 2108 3
1456 2109 3
1438 2110 3
1443 2110 3
2601 2111 2
2608 2111 2
1438 2112 3
1443 2112 3
1437 2113 3
1445 2113 3
2602 2114 2
2610 2114 3
1439 2115 3
1446 2115 4
2602 2116 2
2610 2116 3
1443 2117 3
2608 2118 2
1437 2119 3
2598 2120 2
2600 2120 3
1437 2121 3
2604 2122 2
2605 2122 2
1440 2123 2
1442 2123 3
2605 2124 2
1441 2125 2
2604 2126 2
1534 2127 3
2702 2128 2
2704 2128 2
2731 2128 2
2733 2128 2
2736 2128 2
2738 2128 3
1534 2129 3
2702 2130 2
2731 2130 2
1509 2131 3
1531 2131 3
2702 2132 2
2731 2132 2
1510 2133 2
1532 2133 2
2705 2134 1
2734 2134 1
1510 2135 2
1532 2135 2
2702 2137 2
2731 2137 2
1509 2138 3
1531 2138 3
2702 2139 2
2731 2139 2
2692 2140 2
2693 2140 2
2713 2140 2
2741 2140 2
2742 2140 2
2749 2140 3
1502 2141 2
1504 2141 3
1515 2141 2
1536 2141 2
1538 2141 3
1543 2141 3
2693 2142 2
2742 2142 2
1503 2143 2
1516 2143 2
1537 2143 2
1544 2143 3
2692 2144 2
2713 2144 2
2741 2144 2
2749 2144 3
1511 2145 2
1539 2145 3
2709 2146 1
2745 2146 2
1511 2147 2
1539 2147 3
1513 2148 2
1541 2148 3
2711 2149 2
2747 2149 3
1514 2150 3
1542 2150 4
2711 2151 2
2747 2151 3
1511 2152 2
1539 2152 3
2709 2153 1
2745 2153 2
1534 2154 3
2731 2155 2
2733 2155 2
2736 2155 2
2738 2155 3
1534 2156 3
2731 2157 2
1531 2158 3
2731 2159 2
1532 2160 2
2734 2161 1
1532 2162 2
2692 2163 2
2693 2163 2
1502 2164 2
1504 2164 3
2693 2165 2
1503 2166 2
2692 2167 2
1505 2168 2
1508 2168 3
2696 2169 1
2701 2169 2
1505 2170 2
1508 2170 3
1507 2171 3
2698 2172 2
2700 2172 3
1507 2173 3
2692 2174 2
2693 2174 2
1502 2175 2
1504 2175 3
2693 2176 2
1503 2177 2
1519 2178 2
1524 2178 2
2717 2179 1
2724 2179 1
1519 2180 2
1524 2180 2
1518 2181 2
1526 2181 2
2718 2182 1
2726 2182 2
1520 2183 2
1527 2183 3
2718 2184 1
2726 2184 2
1524 2185 2
2724 2186 1
1518 2187 2
2714 2188 1
2716 2188 2
1518 2189 2
2720 2190 1
2721 2190 1
1521 2191 1
1523 2191 2
2721 2192 1
1522 2193 1
2720 2194 1
1519 2195 2
2717 2196 1
1519 2197 2
1518 2198 2
2714 2199 1
2716 2199 2
1518 2200 2
2702 2202 2
2704 2202 2
2702 2204 2
1509 2205 3
2702 2206 2
1510 2207 2
2705 2208 1
1510 2209 2
2702 2211 2
1509 2212 3
2702 2213 2
2692 2214 2
2693 2214 2
1502 2215 2
1504 2215 3
2693 2216 2
1503 2217 2
2692 2218 2
1505 2219 2
1508 2219 3
2696 2220 1
2701 2220 2
1505 2221 2
1508 2221 3
1507 2222 3
2698 2223 2
2700 2223 3
1507 2224 3
2692 2225 2
2693 2225 2
1502 2226 2
1504 2226 3
2693 2227 2
1503 2228 2
2646 2229 3
2646 2231 3
2642 2232 2
2650 2232 2
2647 2233 2
2649 2233 3
2642 2236 2
2644 2237 3
2644 2238 3
2642 2239 2
2651 2240 2
2653 2240 2
2656 2240 2
2658 2240 3
2651 2241 2
2651 2242 2
2654 2243 1
2651 2244 2
2651 2245 2
2646 2246 3
2646 2248 3
2642 2249 2
2644 2250 3
2644 2251 3
2642 2252 2
2601 2253 2
2608 2253 2
2602 2254 2
2610 2254 3
2602 2255 2
2610 2255 3
2608 2256 2
2598 2257 2
2600 2257 3
2604 2258 2
2605 2258 2
2605 2259 2
2604 2260 2
2601 2261 2
2598 2262 2
2600 2262 3
2615 2263 2
2617 2263 2
2620 2263 2
2622 2263 3
2635 2263 3
2637 2263 3
2615 2264 2
2635 2264 3
2615 2265 2
2635 2265 3
2618 2266 1
2638 2266 2
2615 2267 2
2635 2267 3
2615 2268 2
2635 2268 3
2625 2269 3
2626 2269 3
2626 2270 3
2625 2271 3
2629 2272 2
2634 2272 3
2631 2273 3
2633 2273 4
2625 2274 3
2626 2274 3
2626 2275 3
2601 2276 2
2608 2276 2
2602 2277 2
2610 2277 3
2602 2278 2
2610 2278 3
2608 2279 2
2598 2280 2
2600 2280 3
2604 2281 2
2605 2281 2
2605 2282 2
2604 2283 2
1139 2284 3
1140 2285 3
1136 2287 3
1138 2287 4
1144 2288 3
1146 2288 3
1144 2289 3
1139 2290 3
1136 2291 3
1138 2291 4
1105 2292 3
1109 2292 3
1113 2292 3
1115 2292 4
1165 2292 3
1169 2292 3
1105 2293 3
1165 2293 3
1110 2294 2
1170 2294 2
1105 2295 3
1165 2295 3
1152 2296 3
1154 2296 3
1152 2297 3
1158 2298 2
1164 2298 3
1161 2299 3
1163 2299 4
1152 2300 3
1154 2300 3
1105 2307 3
1109 2307 3
1113 2307 3
1115 2307 4
1105 2308 3
1110 2309 2
1105 2310 3
1120 2311 3
1122 2311 3
1133 2311 4
1120 2312 3
1133 2312 4
1126 2313 3
1129 2314 4
1126 2315 3
1105 2316 3
1109 2316 3
1113 2316 3
1115 2316 4
1105 2317 3
1110 2318 2
1181 2319 3
1203 2319 3
1205 2319 3
1181 2320 3
1203 2320 3
1174 2321 2
1187 2321 2
1209 2321 2
1215 2321 3
1184 2322 2
1186 2322 3
1212 2322 3
1214 2322 4
1203 2323 3
1205 2323 3
1174 2324 2
1177 2325 3
1174 2326 2
1188 2327 2
1192 2327 2
1196 2327 2
1198 2327 3
1188 2328 2
1193 2329 1
1188 2330 2
1181 2331 3
1181 2332 3
1174 2333 2
1177 2334 3
1174 2335 2
1139 2336 3
1140 2337 3
1136 2339 3
1138 2339 4
1144 2340 3
1146 2340 3
1144 2341 3
1139 2342 3
1136 2343 3
1138 2343 4
1105 2344 3
1109 2344 3
1113 2344 3
1115 2344 4
1105 2345 3
1110 2346 2
1105 2347 3
1120 2348 3
1122 2348 3
1133 2348 4
1120 2349 3
1133 2349 4
1126 2350 3
1129 2351 4
1126 2352 3
1105 2353 3
1109 2353 3
1113 2353 3
1115 2353 4
1105 2354 3
1110 2355 2
859 2356 3
863 2356 3
903 2356 3
907 2356 3
911 2356 3
913 2356 4
859 2357 3
903 2357 3
864 2358 2
908 2358 2
859 2359 3
903 2359 3
846 2360 3
848 2360 3
875 2360 3
918 2360 3
920 2360 3
931 2360 4
846 2361 3
875 2361 3
918 2361 3
931 2361 4
868 2362 2
924 2362 3
871 2363 3
927 2363 4
868 2364 2
924 2364 3
903 2365 3
907 2365 3
911 2365 3
913 2365 4
903 2366 3
908 2367 2
846 2368 3
848 2368 3
846 2369 3
852 2370 2
858 2370 3
855 2371 3
857 2371 4
846 2372 3
848 2372 3
881 2373 2
892 2373 2
882 2374 2
895 2374 3
892 2375 2
878 2376 2
880 2376 3
886 2377 2
888 2377 2
886 2378 2
881 2379 2
878 2380 2
880 2380 3
859 2381 3
863 2381 3
859 2382 3
864 2383 2
859 2384 3
846 2385 3
848 2385 3
846 2386 3
852 2387 2
858 2387 3
855 2388 3
857 2388 4
846 2389 3
848 2389 3
966 2390 3
988 2390 3
990 2390 3
1082 2390 4
966 2391 3
988 2391 3
1082 2391 4
959 2392 2
972 2392 2
994 2392 2
1000 2392 3
1075 2392 3
1088 2392 3
969 2393 2
971 2393 3
997 2393 3
999 2393 4
1085 2393 3
1087 2393 4
988 2394 3
990 2394 3
959 2395 2
1075 2395 3
962 2396 3
1078 2396 4
959 2397 2
1075 2397 3
973 2398 2
977 2398 2
981 2398 2
983 2398 3
1089 2398 3
1093 2398 3
1097 2398 3
1099 2398 4
973 2399 2
1089 2399 3
978 2400 1
1094 2400 2
973 2401 2
1089 2401 3
966 2402 3
1082 2402 4
966 2403 3
1082 2403 4
959 2404 2
1075 2404 3
962 2405 3
1078 2405 4
959 2406 2
1075 2406 3
1016 2407 3
1027 2407 3
1017 2408 3
1030 2408 4
1027 2409 3
1013 2410 3
1015 2410 4
1021 2411 3
1023 2411 3
1021 2412 3
1016 2413 3
1013 2414 3
1015 2414 4
1038 2415 3
1042 2415 3
1046 2415 3
1048 2415 4
1066 2415 4
1070 2415 4
1038 2416 3
1066 2416 4
1043 2417 2
1071 2417 3
1038 2418 3
1066 2418 4
1053 2419 4
1055 2419 4
1053 2420 4
1059 2421 3
1065 2421 4
1062 2422 4
1064 2422 5
1053 2423 4
1055 2423 4
1016 2424 3
1027 2424 3
1017 2425 3
1030 2425 4
1027 2426 3
1013 2427 3
1015 2427 4
1021 2428 3
1023 2428 3
1021 2429 3
859 2430 3
863 2430 3
903 2430 3
907 2430 3
911 2430 3
913 2430 4
859 2431 3
903 2431 3
864 2432 2
908 2432 2
859 2433 3
903 2433 3
846 2434 3
848 2434 3
875 2434 3
918 2434 3
920 2434 3
931 2434 4
846 2435 3
875 2435 3
918 2435 3
931 2435 4
868 2436 2
924 2436 3
871 2437 3
927 2437 4
868 2438 2
924 2438 3
903 2439 3
907 2439 3
911 2439 3
913 2439 4
903 2440 3
908 2441 2
846 2442 3
848 2442 3
846 2443 3
852 2444 2
858 2444 3
855 2445 3
857 2445 4
846 2446 3
848 2446 3
881 2447 2
892 2447 2
882 2448 2
895 2448 3
892 2449 2
878 2450 2
880 2450 3
886 2451 2
888 2451 2
886 2452 2
881 2453 2
878 2454 2
880 2454 3
137 2455 3
228 2455 3
238 2455 3
240 2455 4
133 2456 3
141 2456 3
224 2456 3
232 2456 3
241 2456 3
244 2456 4
133 2457 3
141 2457 3
224 2457 3
232 2457 3
241 2457 3
244 2457 4
238 2458 3
240 2458 4
133 2459 3
224 2459 3
133 2460 3
224 2460 3
136 2461 4
227 2461 4
133 2462 3
224 2462 3
142 2463 3
233 2463 3
143 2464 2
234 2464 2
143 2465 2
234 2465 2
142 2466 3
233 2466 3
137 2467 3
228 2467 3
133 2468 3
224 2468 3
133 2469 3
224 2469 3
136 2470 4
227 2470 4
133 2471 3
224 2471 3
107 2472 3
112 2472 3
165 2472 3
253 2472 3
258 2472 3
281 2472 4
107 2473 3
112 2473 3
165 2473 3
253 2473 3
258 2473 3
281 2473 4
108 2474 3
115 2474 4
166 2474 3
254 2474 3
261 2474 4
282 2474 4
112 2475 3
258 2475 3
109 2476 2
111 2476 3
167 2476 2
169 2476 3
255 2476 2
257 2476 3
283 2476 3
285 2476 4
107 2477 3
165 2477 3
253 2477 3
281 2477 4
107 2478 3
165 2478 3
253 2478 3
281 2478 4
149 2479 3
265 2479 4
150 2480 2
266 2480 3
150 2481 2
266 2481 3
149 2482 3
265 2482 4
154 2483 2
156 2483 3
161 2483 3
270 2483 3
272 2483 4
277 2483 4
157 2484 3
273 2484 4
157 2485 3
273 2485 4
160 2486 4
276 2486 5
157 2487 3
273 2487 4
149 2488 3
265 2488 4
150 2489 2
266 2489 3
150 2490 2
266 2490 3
228 2491 3
238 2491 3
240 2491 4
224 2492 3
232 2492 3
241 2492 3
244 2492 4
224 2493 3
232 2493 3
241 2493 3
244 2493 4
238 2494 3
240 2494 4
224 2495 3
224 2496 3
227 2497 4
224 2498 3
233 2499 3
234 2500 2
234 2501 2
233 2502 3
107 2503 3
112 2503 3
107 2504 3
112 2504 3
108 2505 3
115 2505 4
112 2506 3
109 2507 2
111 2507 3
107 2508 3
107 2509 3
119 2510 3
131 2510 4
120 2511 2
132 2511 3
120 2512 2
132 2512 3
119 2513 3
131 2513 4
124 2514 3
126 2514 4
127 2515 3
130 2515 4
127 2516 3
130 2516 4
124 2517 3
126 2517 4
107 2518 3
112 2518 3
107 2519 3
112 2519 3
108 2520 3
115 2520 4
112 2521 3
109 2522 2
111 2522 3
178 2523 3
200 2523 3
179 2524 2
201 2524 2
179 2525 2
201 2525 2
178 2526 3
200 2526 3
171 2527 2
173 2527 3
184 2527 2
205 2527 2
207 2527 3
212 2527 3
180 2528 2
208 2528 3
180 2529 2
208 2529 3
183 2530 3
211 2530 4
180 2531 2
208 2531 3
200 2532 3
201 2533 2
201 2534 2
171 2535 2
173 2535 3
174 2536 2
177 2536 3
174 2537 2
177 2537 3
171 2538 2
173 2538 3
188 2539 2
193 2539 2
188 2540 2
193 2540 2
189 2541 2
196 2541 3
193 2542 2
190 2543 1
192 2543 2
188 2544 2
188 2545 2
178 2546 3
179 2547 2
179 2548 2
178 2549 3
171 2550 2
173 2550 3
174 2551 2
177 2551 3
174 2552 2
177 2552 3
171 2553 2
173 2553 3
137 2554 3
133 2555 3
141 2555 3
133 2556 3
141 2556 3
133 2558 3
133 2559 3
136 2560 4
133 2561 3
142 2562 3
143 2563 2
143 2564 2
142 2565 3
137 2566 3
133 2567 3
133 2568 3
136 2569 4
133 2570 3
107 2571 3
112 2571 3
107 2572 3
112 2572 3
108 2573 3
115 2573 4
112 2574 3
109 2575 2
111 2575 3
107 2576 3
107 2577 3
119 2578 3
131 2578 4
120 2579 2
132 2579 3
120 2580 2
132 2580 3
119 2581 3
131 2581 4
124 2582 3
126 2582 4
127 2583 3
130 2583 4
127 2584 3
130 2584 4
124 2585 3
126 2585 4
107 2586 3
112 2586 3
107 2587 3
112 2587 3
108 2588 3
115 2588 4
112 2589 3
109 2590 2
111 2590 3
352 2591 3
396 2591 3
401 2591 3
587 2591 4
352 2592 3
396 2592 3
401 2592 3
587 2592 4
353 2593 3
397 2593 3
404 2593 4
588 2593 4
401 2594 3
354 2595 2
356 2595 3
398 2595 2
400 2595 3
589 2595 3
591 2595 4
352 2596 3
396 2596 3
587 2596 4
352 2597 3
396 2597 3
587 2597 4
336 2598 3
365 2598 3
408 2598 3
420 2598 4
571 2598 4
600 2598 4
337 2599 2
366 2599 2
409 2599 2
421 2599 3
572 2599 3
601 2599 3
337 2600 2
366 2600 2
409 2600 2
421 2600 3
572 2600 3
601 2600 3
336 2601 3
365 2601 3
408 2601 3
420 2601 4
571 2601 4
600 2601 4
358 2602 2
360 2602 3
413 2602 3
415 2602 4
593 2602 3
595 2602 4
361 2603 2
364 2603 3
416 2603 3
419 2603 4
596 2603 3
599 2603 4
361 2604 2
364 2604 3
416 2604 3
419 2604 4
596 2604 3
599 2604 4
358 2605 2
360 2605 3
413 2605 3
415 2605 4
593 2605 3
595 2605 4
396 2606 3
401 2606 3
396 2607 3
401 2607 3
397 2608 3
404 2608 4
401 2609 3
398 2610 2
400 2610 3
336 2611 3
571 2611 4
337 2612 2
572 2612 3
337 2613 2
572 2613 3
336 2614 3
571 2614 4
341 2615 2
343 2615 3
348 2615 3
576 2615 3
578 2615 4
583 2615 4
344 2616 3
579 2616 4
344 2617 3
579 2617 4
347 2618 4
582 2618 5
344 2619 3
579 2619 4
336 2620 3
571 2620 4
337 2621 2
572 2621 3
337 2622 2
572 2622 3
371 2623 2
381 2623 2
383 2623 3
606 2623 3
616 2623 3
618 2623 4
367 2624 2
375 2624 2
384 2624 2
387 2624 3
602 2624 3
610 2624 3
619 2624 3
622 2624 4
367 2625 2
375 2625 2
384 2625 2
387 2625 3
602 2625 3
610 2625 3
619 2625 3
622 2625 4
381 2626 2
383 2626 3
616 2626 3
618 2626 4
367 2627 2
602 2627 3
367 2628 2
602 2628 3
370 2629 3
605 2629 4
367 2630 2
602 2630 3
376 2631 2
611 2631 3
377 2632 1
612 2632 2
377 2633 1
612 2633 2
376 2634 2
611 2634 3
371 2635 2
606 2635 3
367 2636 2
602 2636 3
367 2637 2
602 2637 3
370 2638 3
605 2638 4
367 2639 2
602 2639 3
352 2640 3
587 2640 4
352 2641 3
587 2641 4
353 2642 3
588 2642 4
354 2644 2
356 2644 3
589 2644 3
591 2644 4
352 2645 3
587 2645 4
352 2646 3
587 2646 4
336 2647 3
571 2647 4
337 2648 2
572 2648 3
337 2649 2
572 2649 3
336 2650 3
571 2650 4
341 2651 2
343 2651 3
348 2651 3
576 2651 3
578 2651 4
583 2651 4
344 2652 3
579 2652 4
344 2653 3
579 2653 4
347 2654 4
582 2654 5
344 2655 3
579 2655 4
336 2656 3
571 2656 4
337 2657 2
572 2657 3
337 2658 2
572 2658 3
454 2659 4
476 2659 4
455 2660 3
477 2660 3
455 2661 3
477 2661 3
454 2662 4
476 2662 4
447 2663 3
449 2663 4
460 2663 3
481 2663 3
483 2663 4
488 2663 4
456 2664 3
484 2664 4
456 2665 3
484 2665 4
459 2666 4
487 2666 5
456 2667 3
484 2667 4
476 2668 4
477 2669 3
477 2670 3
447 2671 3
449 2671 4
450 2672 3
453 2672 4
450 2673 3
453 2673 4
447 2674 3
449 2674 4
464 2675 3
469 2675 3
464 2676 3
469 2676 3
465 2677 3
472 2677 4
469 2678 3
466 2679 2
468 2679 3
464 2680 3
464 2681 3
454 2682 4
455 2683 3
455 2684 3
454 2685 4
447 2686 3
449 2686 4
450 2687 3
453 2687 4
450 2688 3
453 2688 4
447 2689 3
449 2689 4
504 2690 3
514 2690 3
516 2690 4
559 2690 4
500 2691 3
508 2691 3
517 2691 3
520 2691 4
555 2691 4
563 2691 4
500 2692 3
508 2692 3
517 2692 3
520 2692 4
555 2692 4
563 2692 4
514 2693 3
516 2693 4
500 2694 3
555 2694 4
500 2695 3
555 2695 4
503 2696 4
558 2696 5
500 2697 3
555 2697 4
509 2698 3
564 2698 4
510 2699 2
565 2699 3
510 2700 2
565 2700 3
509 2701 3
564 2701 4
504 2702 3
559 2702 4
500 2703 3
555 2703 4
500 2704 3
555 2704 4
503 2705 4
558 2705 5
500 2706 3
555 2706 4
529 2707 4
534 2707 4
529 2708 4
534 2708 4
530 2709 4
537 2709 5
534 2710 4
531 2711 3
533 2711 4
529 2712 4
529 2713 4
541 2714 4
553 2714 5
542 2715 3
554 2715 4
542 2716 3
554 2716 4
541 2717 4
553 2717 5
546 2718 4
548 2718 5
549 2719 4
552 2719 5
549 2720 4
552 2720 5
546 2721 4
548 2721 5
529 2722 4
534 2722 4
529 2723 4
534 2723 4
530 2724 4
537 2724 5
534 2725 4
531 2726 3
533 2726 4
454 2727 4
476 2727 4
455 2728 3
477 2728 3
455 2729 3
477 2729 3
454 2730 4
476 2730 4
447 2731 3
449 2731 4
460 2731 3
481 2731 3
483 2731 4
488 2731 4
456 2732 3
484 2732 4
456 2733 3
484 2733 4
459 2734 4
487 2734 5
456 2735 3
484 2735 4
476 2736 4
477 2737 3
477 2738 3
447 2739 3
449 2739 4
450 2740 3
453 2740 4
450 2741 3
453 2741 4
447 2742 3
449 2742 4
464 2743 3
469 2743 3
464 2744 3
469 2744 3
465 2745 3
472 2745 4
469 2746 3
466 2747 2
468 2747 3
464 2748 3
464 2749 3
137 2750 3
228 2750 3
238 2750 3
240 2750 4
133 2751 3
141 2751 3
224 2751 3
232 2751 3
241 2751 3
244 2751 4
133 2752 3
141 2752 3
224 2752 3
232 2752 3
241 2752 3
244 2752 4
238 2753 3
240 2753 4
133 2754 3
224 2754 3
133 2755 3
224 2755 3
136 2756 4
227 2756 4
133 2757 3
224 2757 3
142 2758 3
233 2758 3
143 2759 2
234 2759 2
143 2760 2
234 2760 2
142 2761 3
233 2761 3
137 2762 3
228 2762 3
133 2763 3
224 2763 3
133 2764 3
224 2764 3
136 2765 4
227 2765 4
133 2766 3
224 2766 3
107 2767 3
112 2767 3
165 2767 3
253 2767 3
258 2767 3
281 2767 4
107 2768 3
112 2768 3
165 2768 3
253 2768 3
258 2768 3
281 2768 4
108 2769 3
115 2769 4
166 2769 3
254 2769 3
261 2769 4
282 2769 4
112 2770 3
258 2770 3
109 2771 2
111 2771 3
167 2771 2
169 2771 3
255 2771 2
257 2771 3
283 2771 3
285 2771 4
107 2772 3
165 2772 3
253 2772 3
281 2772 4
107 2773 3
165 2773 3
253 2773 3
281 2773 4
149 2774 3
265 2774 4
150 2775 2
266 2775 3
150 2776 2
266 2776 3
149 2777 3
265 2777 4
154 2778 2
156 2778 3
161 2778 3
270 2778 3
272 2778 4
277 2778 4
157 2779 3
273 2779 4
157 2780 3
273 2780 4
160 2781 4
276 2781 5
157 2782 3
273 2782 4
149 2783 3
265 2783 4
150 2784 2
266 2784 3
150 2785 2
266 2785 3
228 2786 3
238 2786 3
240 2786 4
224 2787 3
232 2787 3
241 2787 3
244 2787 4
224 2788 3
232 2788 3
241 2788 3
244 2788 4
238 2789 3
240 2789 4
224 2790 3
224 2791 3
227 2792 4
224 2793 3
233 2794 3
234 2795 2
234 2796 2
233 2797 3
107 2798 3
112 2798 3
107 2799 3
112 2799 3
108 2800 3
115 2800 4
112 2801 3
109 2802 2
111 2802 3
107 2803 3
107 2804 3
119 2805 3
131 2805 4
120 2806 2
132 2806 3
120 2807 2
132 2807 3
119 2808 3
131 2808 4
124 2809 3
126 2809 4
127 2810 3
130 2810 4
127 2811 3
130 2811 4
124 2812 3
126 2812 4
107 2813 3
112 2813 3
107 2814 3
112 2814 3
108 2815 3
115 2815 4
112 2816 3
109 2817 2
111 2817 3
178 2818 3
200 2818 3
179 2819 2
201 2819 2
179 2820 2
201 2820 2
178 2821 3
200 2821 3
171 2822 2
173 2822 3
184 2822 2
205 2822 2
207 2822 3
212 2822 3
180 2823 2
208 2823 3
180 2824 2
208 2824 3
183 2825 3
211 2825 4
180 2826 2
208 2826 3
200 2827 3
201 2828 2
201 2829 2
171 2830 2
173 2830 3
174 2831 2
177 2831 3
174 2832 2
177 2832 3
171 2833 2
173 2833 3
188 2834 2
193 2834 2
188 2835 2
193 2835 2
189 2836 2
196 2836 3
193 2837 2
190 2838 1
192 2838 2
188 2839 2
188 2840 2
178 2841 3
179 2842 2
179 2843 2
178 2844 3
171 2845 2
173 2845 3
174 2846 2
177 2846 3
174 2847 2
177 2847 3
171 2848 2
173 2848 3
