0 0 4
1 0 4
4 0 3
5 0 4
6 0 4
9 0 3
10 0 3
11 0 3
18 0 3
19 0 3
20 0 3
21 0 3
22 0 3
24 0 4
25 0 4
28 0 3
29 0 4
30 0 4
33 0 3
34 0 3
35 0 3
42 0 3
43 0 3
44 0 3
45 0 3
46 0 3
48 0 3
49 0 3
52 0 3
53 0 3
54 0 3
55 0 3
56 0 3
85 0 3
86 0 3
87 0 3
88 0 3
89 0 3
91 0 3
92 0 3
95 0 3
96 0 3
97 0 3
98 0 3
99 0 3
101 0 3
102 0 3
105 0 2
106 0 3
107 0 3
119 0 4
120 0 4
123 0 3
124 0 4
125 0 4
128 0 3
129 0 3
130 0 3
137 0 3
138 0 3
139 0 3
140 0 3
141 0 3
143 0 4
144 0 4
147 0 3
148 0 4
149 0 4
152 0 3
153 0 3
154 0 3
161 0 3
162 0 3
163 0 3
164 0 3
165 0 3
167 0 3
168 0 3
171 0 3
172 0 3
173 0 3
174 0 3
175 0 3
204 0 4
206 0 3
207 0 4
209 0 3
210 0 3
214 0 3
215 0 3
216 0 3
218 0 4
220 0 3
221 0 4
223 0 3
224 0 3
228 0 3
229 0 3
230 0 3
232 0 3
234 0 3
235 0 3
236 0 3
253 0 3
254 0 3
255 0 3
257 0 3
259 0 3
260 0 3
261 0 3
263 0 3
265 0 2
266 0 3
274 0 4
276 0 3
277 0 4
279 0 3
280 0 3
284 0 3
285 0 3
286 0 3
288 0 4
290 0 3
291 0 4
293 0 3
294 0 3
298 0 3
299 0 3
300 0 3
302 0 3
304 0 3
305 0 3
306 0 3
325 0 3
327 0 3
330 0 3
332 0 3
334 0 3
341 0 3
343 0 3
350 0 3
352 0 3
355 0 3
357 0 3
359 0 3
395 0 3
397 0 3
400 0 3
402 0 3
404 0 3
411 0 3
413 0 3
420 0 3
422 0 3
425 0 3
427 0 3
429 0 3
436 0 3
438 0 3
445 0 2
447 0 3
449 0 3
481 0 4
483 0 4
485 0 3
489 0 3
490 0 3
491 0 4
493 0 4
495 0 3
499 0 3
500 0 3
501 0 3
503 0 3
504 0 3
517 0 3
518 0 3
519 0 3
521 0 3
522 0 3
523 0 3
525 0 3
530 0 4
532 0 4
534 0 3
538 0 3
539 0 3
540 0 4
542 0 4
544 0 3
548 0 3
549 0 3
550 0 3
552 0 3
553 0 3
566 0 3
567 0 3
568 0 3
570 0 3
571 0 3
572 0 3
574 0 3
579 0 3
581 0 3
583 0 2
587 0 3
588 0 3
589 0 3
591 0 3
592 0 3
593 0 3
595 0 3
