0 0 5
1 0 5
4 0 4
5 0 5
6 0 5
9 0 4
10 0 4
11 0 4
18 0 4
19 0 4
20 0 4
21 0 4
22 0 4
24 0 5
25 0 5
28 0 4
29 0 5
30 0 5
33 0 4
34 0 4
35 0 4
42 0 4
43 0 4
44 0 4
45 0 4
46 0 4
48 0 4
49 0 4
52 0 4
53 0 4
54 0 4
55 0 4
56 0 4
85 0 4
86 0 4
87 0 4
88 0 4
89 0 4
91 0 4
92 0 4
95 0 4
96 0 4
97 0 4
98 0 4
99 0 4
101 0 4
102 0 4
105 0 3
106 0 4
107 0 4
119 0 5
120 0 5
123 0 4
124 0 5
125 0 5
128 0 4
129 0 4
130 0 4
137 0 4
138 0 4
139 0 4
140 0 4
141 0 4
143 0 5
144 0 5
147 0 4
148 0 5
149 0 5
152 0 4
153 0 4
154 0 4
161 0 4
162 0 4
163 0 4
164 0 4
165 0 4
167 0 4
168 0 4
171 0 4
172 0 4
173 0 4
174 0 4
175 0 4
204 0 4
205 0 4
206 0 4
207 0 4
208 0 4
210 0 4
211 0 4
214 0 4
215 0 4
216 0 4
217 0 4
218 0 4
220 0 4
221 0 4
224 0 3
225 0 4
226 0 4
238 0 4
239 0 4
242 0 3
243 0 4
244 0 4
247 0 3
248 0 3
249 0 3
256 0 4
257 0 4
258 0 4
259 0 4
260 0 4
262 0 4
263 0 4
266 0 4
267 0 4
268 0 4
269 0 4
270 0 4
272 0 4
273 0 4
276 0 3
277 0 4
278 0 4
417 0 4
418 0 4
419 0 4
420 0 4
421 0 4
423 0 4
424 0 4
427 0 4
428 0 4
429 0 4
430 0 4
431 0 4
433 0 4
434 0 4
437 0 3
438 0 4
439 0 4
451 0 4
452 0 4
455 0 3
456 0 4
457 0 4
460 0 3
461 0 3
462 0 3
469 0 4
470 0 4
471 0 4
472 0 4
473 0 4
475 0 4
476 0 4
479 0 4
480 0 4
481 0 4
482 0 4
483 0 4
485 0 4
486 0 4
489 0 3
490 0 4
491 0 4
503 0 4
504 0 4
507 0 3
508 0 4
509 0 4
512 0 3
513 0 3
514 0 3
521 0 3
522 0 3
523 0 3
524 0 3
525 0 3
527 0 4
528 0 4
531 0 3
532 0 4
533 0 4
536 0 3
537 0 3
538 0 3
595 0 5
596 0 5
599 0 4
600 0 5
601 0 5
604 0 4
605 0 4
606 0 4
613 0 4
614 0 4
615 0 4
616 0 4
617 0 4
619 0 5
620 0 5
623 0 4
624 0 5
625 0 5
628 0 4
629 0 4
630 0 4
637 0 4
638 0 4
639 0 4
640 0 4
641 0 4
643 0 4
644 0 4
647 0 4
648 0 4
649 0 4
650 0 4
651 0 4
680 0 4
681 0 4
682 0 4
683 0 4
684 0 4
686 0 4
687 0 4
690 0 4
691 0 4
692 0 4
693 0 4
694 0 4
696 0 4
697 0 4
700 0 3
701 0 4
702 0 4
714 0 5
715 0 5
718 0 4
719 0 5
720 0 5
723 0 4
724 0 4
725 0 4
732 0 4
733 0 4
734 0 4
735 0 4
736 0 4
738 0 5
739 0 5
742 0 4
743 0 5
744 0 5
747 0 4
748 0 4
749 0 4
756 0 4
757 0 4
758 0 4
759 0 4
760 0 4
762 0 4
763 0 4
766 0 4
767 0 4
768 0 4
769 0 4
770 0 4
799 0 4
800 0 4
801 0 4
802 0 4
803 0 4
805 0 4
806 0 4
809 0 4
810 0 4
811 0 4
812 0 4
813 0 4
815 0 4
816 0 4
819 0 3
820 0 4
821 0 4
833 0 4
834 0 4
837 0 3
838 0 4
839 0 4
842 0 3
843 0 3
844 0 3
851 0 4
852 0 4
853 0 4
854 0 4
855 0 4
857 0 4
858 0 4
861 0 4
862 0 4
863 0 4
864 0 4
865 0 4
867 0 4
868 0 4
871 0 3
872 0 4
873 0 4
1012 0 5
1014 0 4
1015 0 5
1017 0 4
1018 0 4
1022 0 4
1023 0 4
1024 0 4
1026 0 5
1028 0 4
1029 0 5
1031 0 4
1032 0 4
1036 0 4
1037 0 4
1038 0 4
1040 0 4
1042 0 4
1043 0 4
1044 0 4
1061 0 4
1062 0 4
1063 0 4
1065 0 4
1067 0 4
1068 0 4
1069 0 4
1071 0 4
1073 0 3
1074 0 4
1082 0 5
1084 0 4
1085 0 5
1087 0 4
1088 0 4
1092 0 4
1093 0 4
1094 0 4
1096 0 5
1098 0 4
1099 0 5
1101 0 4
1102 0 4
1106 0 4
1107 0 4
1108 0 4
1110 0 4
1112 0 4
1113 0 4
1114 0 4
1131 0 4
1132 0 4
1133 0 4
1135 0 4
1137 0 4
1138 0 4
1139 0 4
1141 0 4
1143 0 3
1144 0 4
1152 0 4
1154 0 3
1155 0 4
1157 0 3
1158 0 3
1162 0 4
1163 0 4
1164 0 4
1166 0 4
1168 0 4
1169 0 4
1170 0 4
1172 0 4
1174 0 3
1175 0 4
1256 0 4
1257 0 4
1258 0 4
1260 0 4
1262 0 4
1263 0 4
1264 0 4
1266 0 4
1268 0 3
1269 0 4
1277 0 4
1279 0 3
1280 0 4
1282 0 3
1283 0 3
1287 0 4
1288 0 4
1289 0 4
1291 0 4
1293 0 4
1294 0 4
1295 0 4
1297 0 4
1299 0 3
1300 0 4
1308 0 4
1310 0 3
1311 0 4
1313 0 3
1314 0 3
1318 0 3
1319 0 3
1320 0 3
1322 0 4
1324 0 3
1325 0 4
1327 0 3
1328 0 3
1363 0 5
1365 0 4
1366 0 5
1368 0 4
1369 0 4
1373 0 4
1374 0 4
1375 0 4
1377 0 5
1379 0 4
1380 0 5
1382 0 4
1383 0 4
1387 0 4
1388 0 4
1389 0 4
1391 0 4
1393 0 4
1394 0 4
1395 0 4
1412 0 4
1413 0 4
1414 0 4
1416 0 4
1418 0 4
1419 0 4
1420 0 4
1422 0 4
1424 0 3
1425 0 4
1433 0 5
1435 0 4
1436 0 5
1438 0 4
1439 0 4
1443 0 4
1444 0 4
1445 0 4
1447 0 5
1449 0 4
1450 0 5
1452 0 4
1453 0 4
1457 0 4
1458 0 4
1459 0 4
1461 0 4
1463 0 4
1464 0 4
1465 0 4
1482 0 4
1483 0 4
1484 0 4
1486 0 4
1488 0 4
1489 0 4
1490 0 4
1492 0 4
1494 0 3
1495 0 4
1503 0 4
1505 0 3
1506 0 4
1508 0 3
1509 0 3
1513 0 4
1514 0 4
1515 0 4
1517 0 4
1519 0 4
1520 0 4
1521 0 4
1523 0 4
1525 0 3
1526 0 4
1609 0 4
1611 0 4
1614 0 4
1616 0 4
1618 0 4
1625 0 4
1627 0 4
1634 0 4
1636 0 4
1639 0 4
1641 0 4
1643 0 4
1650 0 4
1652 0 4
1659 0 3
1661 0 4
1663 0 4
1695 0 4
1697 0 4
1704 0 3
1706 0 4
1708 0 4
1715 0 3
1717 0 3
1720 0 3
1734 0 4
1736 0 4
1739 0 4
1741 0 4
1743 0 4
1750 0 4
1752 0 4
1759 0 4
1761 0 4
1764 0 4
1766 0 4
1768 0 4
1775 0 4
1777 0 4
1784 0 3
1786 0 4
1788 0 4
1949 0 4
1951 0 4
1954 0 4
1956 0 4
1958 0 4
1965 0 4
1967 0 4
1974 0 4
1976 0 4
1979 0 4
1981 0 4
1983 0 4
1990 0 4
1992 0 4
1999 0 3
2001 0 4
2003 0 4
2035 0 4
2037 0 4
2044 0 3
2046 0 4
2048 0 4
2055 0 3
2057 0 3
2060 0 3
2074 0 4
2076 0 4
2079 0 4
2081 0 4
2083 0 4
2090 0 4
2092 0 4
2099 0 4
2101 0 4
2104 0 4
2106 0 4
2108 0 4
2115 0 4
2117 0 4
2124 0 3
2126 0 4
2128 0 4
2160 0 4
2162 0 4
2169 0 3
2171 0 4
2173 0 4
2180 0 3
2182 0 3
2185 0 3
2199 0 3
2201 0 3
2204 0 3
2206 0 3
2208 0 3
2215 0 4
2217 0 4
2224 0 3
2226 0 4
2228 0 4
2235 0 3
2237 0 3
2240 0 3
2383 0 5
2385 0 5
2387 0 4
2391 0 4
2392 0 4
2393 0 5
2395 0 5
2397 0 4
2401 0 4
2402 0 4
2403 0 4
2405 0 4
2406 0 4
2419 0 4
2420 0 4
2421 0 4
2423 0 4
2424 0 4
2425 0 4
2427 0 4
2432 0 5
2434 0 5
2436 0 4
2440 0 4
2441 0 4
2442 0 5
2444 0 5
2446 0 4
2450 0 4
2451 0 4
2452 0 4
2454 0 4
2455 0 4
2468 0 4
2469 0 4
2470 0 4
2472 0 4
2473 0 4
2474 0 4
2476 0 4
2481 0 4
2483 0 4
2485 0 3
2489 0 4
2490 0 4
2491 0 4
2493 0 4
2494 0 4
2495 0 4
2497 0 4
2556 0 4
2557 0 4
2558 0 4
2560 0 4
2561 0 4
2562 0 4
2564 0 4
2569 0 4
2571 0 4
2573 0 3
2577 0 4
2578 0 4
2579 0 4
2581 0 4
2582 0 4
2583 0 4
2585 0 4
2590 0 4
2592 0 4
2594 0 3
2598 0 3
2599 0 3
2600 0 4
2602 0 4
2604 0 3
2627 0 5
2629 0 5
2631 0 4
2635 0 4
2636 0 4
2637 0 5
2639 0 5
2641 0 4
2645 0 4
2646 0 4
2647 0 4
2649 0 4
2650 0 4
2663 0 4
2664 0 4
2665 0 4
2667 0 4
2668 0 4
2669 0 4
2671 0 4
2676 0 5
2678 0 5
2680 0 4
2684 0 4
2685 0 4
2686 0 5
2688 0 5
2690 0 4
2694 0 4
2695 0 4
2696 0 4
2698 0 4
2699 0 4
2712 0 4
2713 0 4
2714 0 4
2716 0 4
2717 0 4
2718 0 4
2720 0 4
2725 0 4
2727 0 4
2729 0 3
2733 0 4
2734 0 4
2735 0 4
2737 0 4
2738 0 4
2739 0 4
2741 0 4
2800 0 4
2801 0 4
2802 0 4
2804 0 4
2805 0 4
2806 0 4
2808 0 4
2813 0 4
2815 0 4
2817 0 3
2821 0 4
2822 0 4
2823 0 4
2825 0 4
2826 0 4
2827 0 4
2829 0 4
2834 0 4
2836 0 4
2838 0 3
2842 0 3
2843 0 3
2844 0 4
2846 0 4
2848 0 3
2871 0 4
2873 0 4
2875 0 3
2879 0 3
2880 0 3
2881 0 4
2883 0 4
2885 0 3
2889 0 3
2890 0 3
2891 0 3
2893 0 3
2894 0 3
2907 0 4
2908 0 4
2909 0 4
2911 0 4
2912 0 4
2913 0 4
2915 0 4
2920 0 4
2922 0 4
2924 0 3
2928 0 4
2929 0 4
2930 0 4
2932 0 4
2933 0 4
2934 0 4
2936 0 4
2941 0 4
2943 0 4
2945 0 3
2949 0 3
2950 0 3
2951 0 4
2953 0 4
2955 0 3
