0 0 6
1 0 6
4 0 5
5 0 6
6 0 6
9 0 5
10 0 5
11 0 5
18 0 5
19 0 5
20 0 5
21 0 5
22 0 5
24 0 6
25 0 6
28 0 5
29 0 6
30 0 6
33 0 5
34 0 5
35 0 5
42 0 5
43 0 5
44 0 5
45 0 5
46 0 5
48 0 5
49 0 5
52 0 5
53 0 5
54 0 5
55 0 5
56 0 5
85 0 5
86 0 5
87 0 5
88 0 5
89 0 5
91 0 5
92 0 5
95 0 5
96 0 5
97 0 5
98 0 5
99 0 5
101 0 5
102 0 5
105 0 4
106 0 5
107 0 5
119 0 6
120 0 6
123 0 5
124 0 6
125 0 6
128 0 5
129 0 5
130 0 5
137 0 5
138 0 5
139 0 5
140 0 5
141 0 5
143 0 6
144 0 6
147 0 5
148 0 6
149 0 6
152 0 5
153 0 5
154 0 5
161 0 5
162 0 5
163 0 5
164 0 5
165 0 5
167 0 5
168 0 5
171 0 5
172 0 5
173 0 5
174 0 5
175 0 5
204 0 5
205 0 5
206 0 5
207 0 5
208 0 5
210 0 5
211 0 5
214 0 5
215 0 5
216 0 5
217 0 5
218 0 5
220 0 5
221 0 5
224 0 4
225 0 5
226 0 5
238 0 5
239 0 5
242 0 4
243 0 5
244 0 5
247 0 4
248 0 4
249 0 4
256 0 5
257 0 5
258 0 5
259 0 5
260 0 5
262 0 5
263 0 5
266 0 5
267 0 5
268 0 5
269 0 5
270 0 5
272 0 5
273 0 5
276 0 4
277 0 5
278 0 5
417 0 5
418 0 5
419 0 5
420 0 5
421 0 5
423 0 5
424 0 5
427 0 5
428 0 5
429 0 5
430 0 5
431 0 5
433 0 5
434 0 5
437 0 4
438 0 5
439 0 5
451 0 5
452 0 5
455 0 4
456 0 5
457 0 5
460 0 4
461 0 4
462 0 4
469 0 5
470 0 5
471 0 5
472 0 5
473 0 5
475 0 5
476 0 5
479 0 5
480 0 5
481 0 5
482 0 5
483 0 5
485 0 5
486 0 5
489 0 4
490 0 5
491 0 5
503 0 5
504 0 5
507 0 4
508 0 5
509 0 5
512 0 4
513 0 4
514 0 4
521 0 4
522 0 4
523 0 4
524 0 4
525 0 4
527 0 5
528 0 5
531 0 4
532 0 5
533 0 5
536 0 4
537 0 4
538 0 4
595 0 6
596 0 6
599 0 5
600 0 6
601 0 6
604 0 5
605 0 5
606 0 5
613 0 5
614 0 5
615 0 5
616 0 5
617 0 5
619 0 6
620 0 6
623 0 5
624 0 6
625 0 6
628 0 5
629 0 5
630 0 5
637 0 5
638 0 5
639 0 5
640 0 5
641 0 5
643 0 5
644 0 5
647 0 5
648 0 5
649 0 5
650 0 5
651 0 5
680 0 5
681 0 5
682 0 5
683 0 5
684 0 5
686 0 5
687 0 5
690 0 5
691 0 5
692 0 5
693 0 5
694 0 5
696 0 5
697 0 5
700 0 4
701 0 5
702 0 5
714 0 6
715 0 6
718 0 5
719 0 6
720 0 6
723 0 5
724 0 5
725 0 5
732 0 5
733 0 5
734 0 5
735 0 5
736 0 5
738 0 6
739 0 6
742 0 5
743 0 6
744 0 6
747 0 5
748 0 5
749 0 5
756 0 5
757 0 5
758 0 5
759 0 5
760 0 5
762 0 5
763 0 5
766 0 5
767 0 5
768 0 5
769 0 5
770 0 5
799 0 5
800 0 5
801 0 5
802 0 5
803 0 5
805 0 5
806 0 5
809 0 5
810 0 5
811 0 5
812 0 5
813 0 5
815 0 5
816 0 5
819 0 4
820 0 5
821 0 5
833 0 5
834 0 5
837 0 4
838 0 5
839 0 5
842 0 4
843 0 4
844 0 4
851 0 5
852 0 5
853 0 5
854 0 5
855 0 5
857 0 5
858 0 5
861 0 5
862 0 5
863 0 5
864 0 5
865 0 5
867 0 5
868 0 5
871 0 4
872 0 5
873 0 5
1012 0 5
1013 0 5
1014 0 5
1015 0 5
1016 0 5
1018 0 5
1019 0 5
1022 0 5
1023 0 5
1024 0 5
1025 0 5
1026 0 5
1028 0 5
1029 0 5
1032 0 4
1033 0 5
1034 0 5
1046 0 5
1047 0 5
1050 0 4
1051 0 5
1052 0 5
1055 0 4
1056 0 4
1057 0 4
1064 0 5
1065 0 5
1066 0 5
1067 0 5
1068 0 5
1070 0 5
1071 0 5
1074 0 5
1075 0 5
1076 0 5
1077 0 5
1078 0 5
1080 0 5
1081 0 5
1084 0 4
1085 0 5
1086 0 5
1098 0 5
1099 0 5
1102 0 4
1103 0 5
1104 0 5
1107 0 4
1108 0 4
1109 0 4
1116 0 4
1117 0 4
1118 0 4
1119 0 4
1120 0 4
1122 0 5
1123 0 5
1126 0 4
1127 0 5
1128 0 5
1131 0 4
1132 0 4
1133 0 4
1190 0 5
1191 0 5
1194 0 4
1195 0 5
1196 0 5
1199 0 4
1200 0 4
1201 0 4
1208 0 4
1209 0 4
1210 0 4
1211 0 4
1212 0 4
1214 0 5
1215 0 5
1218 0 4
1219 0 5
1220 0 5
1223 0 4
1224 0 4
1225 0 4
1232 0 4
1233 0 4
1234 0 4
1235 0 4
1236 0 4
1238 0 4
1239 0 4
1242 0 4
1243 0 4
1244 0 4
1245 0 4
1246 0 4
1275 0 5
1276 0 5
1277 0 5
1278 0 5
1279 0 5
1281 0 5
1282 0 5
1285 0 5
1286 0 5
1287 0 5
1288 0 5
1289 0 5
1291 0 5
1292 0 5
1295 0 4
1296 0 5
1297 0 5
1309 0 5
1310 0 5
1313 0 4
1314 0 5
1315 0 5
1318 0 4
1319 0 4
1320 0 4
1327 0 5
1328 0 5
1329 0 5
1330 0 5
1331 0 5
1333 0 5
1334 0 5
1337 0 5
1338 0 5
1339 0 5
1340 0 5
1341 0 5
1343 0 5
1344 0 5
1347 0 4
1348 0 5
1349 0 5
1361 0 5
1362 0 5
1365 0 4
1366 0 5
1367 0 5
1370 0 4
1371 0 4
1372 0 4
1379 0 4
1380 0 4
1381 0 4
1382 0 4
1383 0 4
1385 0 5
1386 0 5
1389 0 4
1390 0 5
1391 0 5
1394 0 4
1395 0 4
1396 0 4
2074 0 5
2075 0 5
2076 0 5
2077 0 5
2078 0 5
2080 0 5
2081 0 5
2084 0 5
2085 0 5
2086 0 5
2087 0 5
2088 0 5
2090 0 5
2091 0 5
2094 0 4
2095 0 5
2096 0 5
2108 0 5
2109 0 5
2112 0 4
2113 0 5
2114 0 5
2117 0 4
2118 0 4
2119 0 4
2126 0 5
2127 0 5
2128 0 5
2129 0 5
2130 0 5
2132 0 5
2133 0 5
2136 0 5
2137 0 5
2138 0 5
2139 0 5
2140 0 5
2142 0 5
2143 0 5
2146 0 4
2147 0 5
2148 0 5
2160 0 5
2161 0 5
2164 0 4
2165 0 5
2166 0 5
2169 0 4
2170 0 4
2171 0 4
2178 0 4
2179 0 4
2180 0 4
2181 0 4
2182 0 4
2184 0 5
2185 0 5
2188 0 4
2189 0 5
2190 0 5
2193 0 4
2194 0 4
2195 0 4
2252 0 5
2253 0 5
2256 0 4
2257 0 5
2258 0 5
2261 0 4
2262 0 4
2263 0 4
2270 0 4
2271 0 4
2272 0 4
2273 0 4
2274 0 4
2276 0 5
2277 0 5
2280 0 4
2281 0 5
2282 0 5
2285 0 4
2286 0 4
2287 0 4
2294 0 4
2295 0 4
2296 0 4
2297 0 4
2298 0 4
2300 0 4
2301 0 4
2304 0 4
2305 0 4
2306 0 4
2307 0 4
2308 0 4
2337 0 5
2338 0 5
2339 0 5
2340 0 5
2341 0 5
2343 0 5
2344 0 5
2347 0 5
2348 0 5
2349 0 5
2350 0 5
2351 0 5
2353 0 5
2354 0 5
2357 0 4
2358 0 5
2359 0 5
2371 0 5
2372 0 5
2375 0 4
2376 0 5
2377 0 5
2380 0 4
2381 0 4
2382 0 4
2389 0 5
2390 0 5
2391 0 5
2392 0 5
2393 0 5
2395 0 5
2396 0 5
2399 0 5
2400 0 5
2401 0 5
2402 0 5
2403 0 5
2405 0 5
2406 0 5
2409 0 4
2410 0 5
2411 0 5
2423 0 5
2424 0 5
2427 0 4
2428 0 5
2429 0 5
2432 0 4
2433 0 4
2434 0 4
2441 0 4
2442 0 4
2443 0 4
2444 0 4
2445 0 4
2447 0 5
2448 0 5
2451 0 4
2452 0 5
2453 0 5
2456 0 4
2457 0 4
2458 0 4
2515 0 5
2516 0 5
2519 0 4
2520 0 5
2521 0 5
2524 0 4
2525 0 4
2526 0 4
2533 0 4
2534 0 4
2535 0 4
2536 0 4
2537 0 4
2539 0 5
2540 0 5
2543 0 4
2544 0 5
2545 0 5
2548 0 4
2549 0 4
2550 0 4
2557 0 4
2558 0 4
2559 0 4
2560 0 4
2561 0 4
2563 0 4
2564 0 4
2567 0 4
2568 0 4
2569 0 4
2570 0 4
2571 0 4
2600 0 4
2601 0 4
2602 0 4
2603 0 4
2604 0 4
2606 0 4
2607 0 4
2610 0 4
2611 0 4
2612 0 4
2613 0 4
2614 0 4
2616 0 4
2617 0 4
2620 0 3
2621 0 4
2622 0 4
2634 0 5
2635 0 5
2638 0 4
2639 0 5
2640 0 5
2643 0 4
2644 0 4
2645 0 4
2652 0 4
2653 0 4
2654 0 4
2655 0 4
2656 0 4
2658 0 5
2659 0 5
2662 0 4
2663 0 5
2664 0 5
2667 0 4
2668 0 4
2669 0 4
2676 0 4
2677 0 4
2678 0 4
2679 0 4
2680 0 4
2682 0 4
2683 0 4
2686 0 4
2687 0 4
2688 0 4
2689 0 4
2690 0 4
2983 0 6
2984 0 6
2987 0 5
2988 0 6
2989 0 6
2992 0 5
2993 0 5
2994 0 5
3001 0 5
3002 0 5
3003 0 5
3004 0 5
3005 0 5
3007 0 6
3008 0 6
3011 0 5
3012 0 6
3013 0 6
3016 0 5
3017 0 5
3018 0 5
3025 0 5
3026 0 5
3027 0 5
3028 0 5
3029 0 5
3031 0 5
3032 0 5
3035 0 5
3036 0 5
3037 0 5
3038 0 5
3039 0 5
3068 0 5
3069 0 5
3070 0 5
3071 0 5
3072 0 5
3074 0 5
3075 0 5
3078 0 5
3079 0 5
3080 0 5
3081 0 5
3082 0 5
3084 0 5
3085 0 5
3088 0 4
3089 0 5
3090 0 5
3102 0 6
3103 0 6
3106 0 5
3107 0 6
3108 0 6
3111 0 5
3112 0 5
3113 0 5
3120 0 5
3121 0 5
3122 0 5
3123 0 5
3124 0 5
3126 0 6
3127 0 6
3130 0 5
3131 0 6
3132 0 6
3135 0 5
3136 0 5
3137 0 5
3144 0 5
3145 0 5
3146 0 5
3147 0 5
3148 0 5
3150 0 5
3151 0 5
3154 0 5
3155 0 5
3156 0 5
3157 0 5
3158 0 5
3187 0 5
3188 0 5
3189 0 5
3190 0 5
3191 0 5
3193 0 5
3194 0 5
3197 0 5
3198 0 5
3199 0 5
3200 0 5
3201 0 5
3203 0 5
3204 0 5
3207 0 4
3208 0 5
3209 0 5
3221 0 5
3222 0 5
3225 0 4
3226 0 5
3227 0 5
3230 0 4
3231 0 4
3232 0 4
3239 0 5
3240 0 5
3241 0 5
3242 0 5
3243 0 5
3245 0 5
3246 0 5
3249 0 5
3250 0 5
3251 0 5
3252 0 5
3253 0 5
3255 0 5
3256 0 5
3259 0 4
3260 0 5
3261 0 5
3400 0 5
3401 0 5
3402 0 5
3403 0 5
3404 0 5
3406 0 5
3407 0 5
3410 0 5
3411 0 5
3412 0 5
3413 0 5
3414 0 5
3416 0 5
3417 0 5
3420 0 4
3421 0 5
3422 0 5
3434 0 5
3435 0 5
3438 0 4
3439 0 5
3440 0 5
3443 0 4
3444 0 4
3445 0 4
3452 0 5
3453 0 5
3454 0 5
3455 0 5
3456 0 5
3458 0 5
3459 0 5
3462 0 5
3463 0 5
3464 0 5
3465 0 5
3466 0 5
3468 0 5
3469 0 5
3472 0 4
3473 0 5
3474 0 5
3486 0 5
3487 0 5
3490 0 4
3491 0 5
3492 0 5
3495 0 4
3496 0 4
3497 0 4
3504 0 4
3505 0 4
3506 0 4
3507 0 4
3508 0 4
3510 0 5
3511 0 5
3514 0 4
3515 0 5
3516 0 5
3519 0 4
3520 0 4
3521 0 4
3578 0 6
3579 0 6
3582 0 5
3583 0 6
3584 0 6
3587 0 5
3588 0 5
3589 0 5
3596 0 5
3597 0 5
3598 0 5
3599 0 5
3600 0 5
3602 0 6
3603 0 6
3606 0 5
3607 0 6
3608 0 6
3611 0 5
3612 0 5
3613 0 5
3620 0 5
3621 0 5
3622 0 5
3623 0 5
3624 0 5
3626 0 5
3627 0 5
3630 0 5
3631 0 5
3632 0 5
3633 0 5
3634 0 5
3663 0 5
3664 0 5
3665 0 5
3666 0 5
3667 0 5
3669 0 5
3670 0 5
3673 0 5
3674 0 5
3675 0 5
3676 0 5
3677 0 5
3679 0 5
3680 0 5
3683 0 4
3684 0 5
3685 0 5
3697 0 6
3698 0 6
3701 0 5
3702 0 6
3703 0 6
3706 0 5
3707 0 5
3708 0 5
3715 0 5
3716 0 5
3717 0 5
3718 0 5
3719 0 5
3721 0 6
3722 0 6
3725 0 5
3726 0 6
3727 0 6
3730 0 5
3731 0 5
3732 0 5
3739 0 5
3740 0 5
3741 0 5
3742 0 5
3743 0 5
3745 0 5
3746 0 5
3749 0 5
3750 0 5
3751 0 5
3752 0 5
3753 0 5
3782 0 5
3783 0 5
3784 0 5
3785 0 5
3786 0 5
3788 0 5
3789 0 5
3792 0 5
3793 0 5
3794 0 5
3795 0 5
3796 0 5
3798 0 5
3799 0 5
3802 0 4
3803 0 5
3804 0 5
3816 0 5
3817 0 5
3820 0 4
3821 0 5
3822 0 5
3825 0 4
3826 0 4
3827 0 4
3834 0 5
3835 0 5
3836 0 5
3837 0 5
3838 0 5
3840 0 5
3841 0 5
3844 0 5
3845 0 5
3846 0 5
3847 0 5
3848 0 5
3850 0 5
3851 0 5
3854 0 4
3855 0 5
3856 0 5
3995 0 5
3996 0 5
3997 0 5
3998 0 5
3999 0 5
4001 0 5
4002 0 5
4005 0 5
4006 0 5
4007 0 5
4008 0 5
4009 0 5
4011 0 5
4012 0 5
4015 0 4
4016 0 5
4017 0 5
4029 0 5
4030 0 5
4033 0 4
4034 0 5
4035 0 5
4038 0 4
4039 0 4
4040 0 4
4047 0 5
4048 0 5
4049 0 5
4050 0 5
4051 0 5
4053 0 5
4054 0 5
4057 0 5
4058 0 5
4059 0 5
4060 0 5
4061 0 5
4063 0 5
4064 0 5
4067 0 4
4068 0 5
4069 0 5
4081 0 5
4082 0 5
4085 0 4
4086 0 5
4087 0 5
4090 0 4
4091 0 4
4092 0 4
4099 0 4
4100 0 4
4101 0 4
4102 0 4
4103 0 4
4105 0 5
4106 0 5
4109 0 4
4110 0 5
4111 0 5
4114 0 4
4115 0 4
4116 0 4
4173 0 5
4174 0 5
4177 0 4
4178 0 5
4179 0 5
4182 0 4
4183 0 4
4184 0 4
4191 0 4
4192 0 4
4193 0 4
4194 0 4
4195 0 4
4197 0 5
4198 0 5
4201 0 4
4202 0 5
4203 0 5
4206 0 4
4207 0 4
4208 0 4
4215 0 4
4216 0 4
4217 0 4
4218 0 4
4219 0 4
4221 0 4
4222 0 4
4225 0 4
4226 0 4
4227 0 4
4228 0 4
4229 0 4
4258 0 5
4259 0 5
4260 0 5
4261 0 5
4262 0 5
4264 0 5
4265 0 5
4268 0 5
4269 0 5
4270 0 5
4271 0 5
4272 0 5
4274 0 5
4275 0 5
4278 0 4
4279 0 5
4280 0 5
4292 0 5
4293 0 5
4296 0 4
4297 0 5
4298 0 5
4301 0 4
4302 0 4
4303 0 4
4310 0 5
4311 0 5
4312 0 5
4313 0 5
4314 0 5
4316 0 5
4317 0 5
4320 0 5
4321 0 5
4322 0 5
4323 0 5
4324 0 5
4326 0 5
4327 0 5
4330 0 4
4331 0 5
4332 0 5
4344 0 5
4345 0 5
4348 0 4
4349 0 5
4350 0 5
4353 0 4
4354 0 4
4355 0 4
4362 0 4
4363 0 4
4364 0 4
4365 0 4
4366 0 4
4368 0 5
4369 0 5
4372 0 4
4373 0 5
4374 0 5
4377 0 4
4378 0 4
4379 0 4
5057 0 6
5059 0 5
5060 0 6
5062 0 5
5063 0 5
5067 0 5
5068 0 5
5069 0 5
5071 0 6
5073 0 5
5074 0 6
5076 0 5
5077 0 5
5081 0 5
5082 0 5
5083 0 5
5085 0 5
5087 0 5
5088 0 5
5089 0 5
5106 0 5
5107 0 5
5108 0 5
5110 0 5
5112 0 5
5113 0 5
5114 0 5
5116 0 5
5118 0 4
5119 0 5
5127 0 6
5129 0 5
5130 0 6
5132 0 5
5133 0 5
5137 0 5
5138 0 5
5139 0 5
5141 0 6
5143 0 5
5144 0 6
5146 0 5
5147 0 5
5151 0 5
5152 0 5
5153 0 5
5155 0 5
5157 0 5
5158 0 5
5159 0 5
5176 0 5
5177 0 5
5178 0 5
5180 0 5
5182 0 5
5183 0 5
5184 0 5
5186 0 5
5188 0 4
5189 0 5
5197 0 5
5199 0 4
5200 0 5
5202 0 4
5203 0 4
5207 0 5
5208 0 5
5209 0 5
5211 0 5
5213 0 5
5214 0 5
5215 0 5
5217 0 5
5219 0 4
5220 0 5
5301 0 5
5302 0 5
5303 0 5
5305 0 5
5307 0 5
5308 0 5
5309 0 5
5311 0 5
5313 0 4
5314 0 5
5322 0 5
5324 0 4
5325 0 5
5327 0 4
5328 0 4
5332 0 5
5333 0 5
5334 0 5
5336 0 5
5338 0 5
5339 0 5
5340 0 5
5342 0 5
5344 0 4
5345 0 5
5353 0 5
5355 0 4
5356 0 5
5358 0 4
5359 0 4
5363 0 4
5364 0 4
5365 0 4
5367 0 5
5369 0 4
5370 0 5
5372 0 4
5373 0 4
5408 0 6
5410 0 5
5411 0 6
5413 0 5
5414 0 5
5418 0 5
5419 0 5
5420 0 5
5422 0 6
5424 0 5
5425 0 6
5427 0 5
5428 0 5
5432 0 5
5433 0 5
5434 0 5
5436 0 5
5438 0 5
5439 0 5
5440 0 5
5457 0 5
5458 0 5
5459 0 5
5461 0 5
5463 0 5
5464 0 5
5465 0 5
5467 0 5
5469 0 4
5470 0 5
5478 0 6
5480 0 5
5481 0 6
5483 0 5
5484 0 5
5488 0 5
5489 0 5
5490 0 5
5492 0 6
5494 0 5
5495 0 6
5497 0 5
5498 0 5
5502 0 5
5503 0 5
5504 0 5
5506 0 5
5508 0 5
5509 0 5
5510 0 5
5527 0 5
5528 0 5
5529 0 5
5531 0 5
5533 0 5
5534 0 5
5535 0 5
5537 0 5
5539 0 4
5540 0 5
5548 0 5
5550 0 4
5551 0 5
5553 0 4
5554 0 4
5558 0 5
5559 0 5
5560 0 5
5562 0 5
5564 0 5
5565 0 5
5566 0 5
5568 0 5
5570 0 4
5571 0 5
5652 0 5
5653 0 5
5654 0 5
5656 0 5
5658 0 5
5659 0 5
5660 0 5
5662 0 5
5664 0 4
5665 0 5
5673 0 5
5675 0 4
5676 0 5
5678 0 4
5679 0 4
5683 0 5
5684 0 5
5685 0 5
5687 0 5
5689 0 5
5690 0 5
5691 0 5
5693 0 5
5695 0 4
5696 0 5
5704 0 5
5706 0 4
5707 0 5
5709 0 4
5710 0 4
5714 0 4
5715 0 4
5716 0 4
5718 0 5
5720 0 4
5721 0 5
5723 0 4
5724 0 4
5759 0 5
5761 0 4
5762 0 5
5764 0 4
5765 0 4
5769 0 4
5770 0 4
5771 0 4
5773 0 5
5775 0 4
5776 0 5
5778 0 4
5779 0 4
5783 0 4
5784 0 4
5785 0 4
5787 0 4
5789 0 4
5790 0 4
5791 0 4
5808 0 5
5809 0 5
5810 0 5
5812 0 5
5814 0 5
5815 0 5
5816 0 5
5818 0 5
5820 0 4
5821 0 5
5829 0 5
5831 0 4
5832 0 5
5834 0 4
5835 0 4
5839 0 5
5840 0 5
5841 0 5
5843 0 5
5845 0 5
5846 0 5
5847 0 5
5849 0 5
5851 0 4
5852 0 5
5860 0 5
5862 0 4
5863 0 5
5865 0 4
5866 0 4
5870 0 4
5871 0 4
5872 0 4
5874 0 5
5876 0 4
5877 0 5
5879 0 4
5880 0 4
6278 0 5
6279 0 5
6280 0 5
6282 0 5
6284 0 5
6285 0 5
6286 0 5
6288 0 5
6290 0 4
6291 0 5
6299 0 5
6301 0 4
6302 0 5
6304 0 4
6305 0 4
6309 0 5
6310 0 5
6311 0 5
6313 0 5
6315 0 5
6316 0 5
6317 0 5
6319 0 5
6321 0 4
6322 0 5
6330 0 5
6332 0 4
6333 0 5
6335 0 4
6336 0 4
6340 0 4
6341 0 4
6342 0 4
6344 0 5
6346 0 4
6347 0 5
6349 0 4
6350 0 4
6385 0 5
6387 0 4
6388 0 5
6390 0 4
6391 0 4
6395 0 4
6396 0 4
6397 0 4
6399 0 5
6401 0 4
6402 0 5
6404 0 4
6405 0 4
6409 0 4
6410 0 4
6411 0 4
6413 0 4
6415 0 4
6416 0 4
6417 0 4
6434 0 5
6435 0 5
6436 0 5
6438 0 5
6440 0 5
6441 0 5
6442 0 5
6444 0 5
6446 0 4
6447 0 5
6455 0 5
6457 0 4
6458 0 5
6460 0 4
6461 0 4
6465 0 5
6466 0 5
6467 0 5
6469 0 5
6471 0 5
6472 0 5
6473 0 5
6475 0 5
6477 0 4
6478 0 5
6486 0 5
6488 0 4
6489 0 5
6491 0 4
6492 0 4
6496 0 4
6497 0 4
6498 0 4
6500 0 5
6502 0 4
6503 0 5
6505 0 4
6506 0 4
6541 0 5
6543 0 4
6544 0 5
6546 0 4
6547 0 4
6551 0 4
6552 0 4
6553 0 4
6555 0 5
6557 0 4
6558 0 5
6560 0 4
6561 0 4
6565 0 4
6566 0 4
6567 0 4
6569 0 4
6571 0 4
6572 0 4
6573 0 4
6590 0 4
6591 0 4
6592 0 4
6594 0 4
6596 0 4
6597 0 4
6598 0 4
6600 0 4
6602 0 3
6603 0 4
6611 0 5
6613 0 4
6614 0 5
6616 0 4
6617 0 4
6621 0 4
6622 0 4
6623 0 4
6625 0 5
6627 0 4
6628 0 5
6630 0 4
6631 0 4
6635 0 4
6636 0 4
6637 0 4
6639 0 4
6641 0 4
6642 0 4
6643 0 4
6819 0 6
6821 0 5
6822 0 6
6824 0 5
6825 0 5
6829 0 5
6830 0 5
6831 0 5
6833 0 6
6835 0 5
6836 0 6
6838 0 5
6839 0 5
6843 0 5
6844 0 5
6845 0 5
6847 0 5
6849 0 5
6850 0 5
6851 0 5
6868 0 5
6869 0 5
6870 0 5
6872 0 5
6874 0 5
6875 0 5
6876 0 5
6878 0 5
6880 0 4
6881 0 5
6889 0 6
6891 0 5
6892 0 6
6894 0 5
6895 0 5
6899 0 5
6900 0 5
6901 0 5
6903 0 6
6905 0 5
6906 0 6
6908 0 5
6909 0 5
6913 0 5
6914 0 5
6915 0 5
6917 0 5
6919 0 5
6920 0 5
6921 0 5
6938 0 5
6939 0 5
6940 0 5
6942 0 5
6944 0 5
6945 0 5
6946 0 5
6948 0 5
6950 0 4
6951 0 5
6959 0 5
6961 0 4
6962 0 5
6964 0 4
6965 0 4
6969 0 5
6970 0 5
6971 0 5
6973 0 5
6975 0 5
6976 0 5
6977 0 5
6979 0 5
6981 0 4
6982 0 5
7063 0 5
7064 0 5
7065 0 5
7067 0 5
7069 0 5
7070 0 5
7071 0 5
7073 0 5
7075 0 4
7076 0 5
7084 0 5
7086 0 4
7087 0 5
7089 0 4
7090 0 4
7094 0 5
7095 0 5
7096 0 5
7098 0 5
7100 0 5
7101 0 5
7102 0 5
7104 0 5
7106 0 4
7107 0 5
7115 0 5
7117 0 4
7118 0 5
7120 0 4
7121 0 4
7125 0 4
7126 0 4
7127 0 4
7129 0 5
7131 0 4
7132 0 5
7134 0 4
7135 0 4
7170 0 6
7172 0 5
7173 0 6
7175 0 5
7176 0 5
7180 0 5
7181 0 5
7182 0 5
7184 0 6
7186 0 5
7187 0 6
7189 0 5
7190 0 5
7194 0 5
7195 0 5
7196 0 5
7198 0 5
7200 0 5
7201 0 5
7202 0 5
7219 0 5
7220 0 5
7221 0 5
7223 0 5
7225 0 5
7226 0 5
7227 0 5
7229 0 5
7231 0 4
7232 0 5
7240 0 6
7242 0 5
7243 0 6
7245 0 5
7246 0 5
7250 0 5
7251 0 5
7252 0 5
7254 0 6
7256 0 5
7257 0 6
7259 0 5
7260 0 5
7264 0 5
7265 0 5
7266 0 5
7268 0 5
7270 0 5
7271 0 5
7272 0 5
7289 0 5
7290 0 5
7291 0 5
7293 0 5
7295 0 5
7296 0 5
7297 0 5
7299 0 5
7301 0 4
7302 0 5
7310 0 5
7312 0 4
7313 0 5
7315 0 4
7316 0 4
7320 0 5
7321 0 5
7322 0 5
7324 0 5
7326 0 5
7327 0 5
7328 0 5
7330 0 5
7332 0 4
7333 0 5
7414 0 5
7415 0 5
7416 0 5
7418 0 5
7420 0 5
7421 0 5
7422 0 5
7424 0 5
7426 0 4
7427 0 5
7435 0 5
7437 0 4
7438 0 5
7440 0 4
7441 0 4
7445 0 5
7446 0 5
7447 0 5
7449 0 5
7451 0 5
7452 0 5
7453 0 5
7455 0 5
7457 0 4
7458 0 5
7466 0 5
7468 0 4
7469 0 5
7471 0 4
7472 0 4
7476 0 4
7477 0 4
7478 0 4
7480 0 5
7482 0 4
7483 0 5
7485 0 4
7486 0 4
7521 0 5
7523 0 4
7524 0 5
7526 0 4
7527 0 4
7531 0 4
7532 0 4
7533 0 4
7535 0 5
7537 0 4
7538 0 5
7540 0 4
7541 0 4
7545 0 4
7546 0 4
7547 0 4
7549 0 4
7551 0 4
7552 0 4
7553 0 4
7570 0 5
7571 0 5
7572 0 5
7574 0 5
7576 0 5
7577 0 5
7578 0 5
7580 0 5
7582 0 4
7583 0 5
7591 0 5
7593 0 4
7594 0 5
7596 0 4
7597 0 4
7601 0 5
7602 0 5
7603 0 5
7605 0 5
7607 0 5
7608 0 5
7609 0 5
7611 0 5
7613 0 4
7614 0 5
7622 0 5
7624 0 4
7625 0 5
7627 0 4
7628 0 4
7632 0 4
7633 0 4
7634 0 4
7636 0 5
7638 0 4
7639 0 5
7641 0 4
7642 0 4
8042 0 5
8044 0 5
8047 0 5
8049 0 5
8051 0 5
8058 0 5
8060 0 5
8067 0 5
8069 0 5
8072 0 5
8074 0 5
8076 0 5
8083 0 5
8085 0 5
8092 0 4
8094 0 5
8096 0 5
8128 0 5
8130 0 5
8137 0 4
8139 0 5
8141 0 5
8148 0 4
8150 0 4
8153 0 4
8167 0 5
8169 0 5
8172 0 5
8174 0 5
8176 0 5
8183 0 5
8185 0 5
8192 0 5
8194 0 5
8197 0 5
8199 0 5
8201 0 5
8208 0 5
8210 0 5
8217 0 4
8219 0 5
8221 0 5
8253 0 5
8255 0 5
8262 0 4
8264 0 5
8266 0 5
8273 0 4
8275 0 4
8278 0 4
8292 0 4
8294 0 4
8297 0 4
8299 0 4
8301 0 4
8308 0 5
8310 0 5
8317 0 4
8319 0 5
8321 0 5
8328 0 4
8330 0 4
8333 0 4
8476 0 5
8478 0 5
8485 0 4
8487 0 5
8489 0 5
8496 0 4
8498 0 4
8501 0 4
8515 0 4
8517 0 4
8520 0 4
8522 0 4
8524 0 4
8531 0 5
8533 0 5
8540 0 4
8542 0 5
8544 0 5
8551 0 4
8553 0 4
8556 0 4
8570 0 4
8572 0 4
8575 0 4
8577 0 4
8579 0 4
8586 0 4
8588 0 4
8595 0 4
8597 0 4
8600 0 4
8602 0 4
8604 0 4
8668 0 5
8670 0 5
8673 0 5
8675 0 5
8677 0 5
8684 0 5
8686 0 5
8693 0 5
8695 0 5
8698 0 5
8700 0 5
8702 0 5
8709 0 5
8711 0 5
8718 0 4
8720 0 5
8722 0 5
8754 0 5
8756 0 5
8763 0 4
8765 0 5
8767 0 5
8774 0 4
8776 0 4
8779 0 4
8793 0 5
8795 0 5
8798 0 5
8800 0 5
8802 0 5
8809 0 5
8811 0 5
8818 0 5
8820 0 5
8823 0 5
8825 0 5
8827 0 5
8834 0 5
8836 0 5
8843 0 4
8845 0 5
8847 0 5
8879 0 5
8881 0 5
8888 0 4
8890 0 5
8892 0 5
8899 0 4
8901 0 4
8904 0 4
8918 0 4
8920 0 4
8923 0 4
8925 0 4
8927 0 4
8934 0 5
8936 0 5
8943 0 4
8945 0 5
8947 0 5
8954 0 4
8956 0 4
8959 0 4
9725 0 5
9727 0 5
9730 0 5
9732 0 5
9734 0 5
9741 0 5
9743 0 5
9750 0 5
9752 0 5
9755 0 5
9757 0 5
9759 0 5
9766 0 5
9768 0 5
9775 0 4
9777 0 5
9779 0 5
9811 0 5
9813 0 5
9820 0 4
9822 0 5
9824 0 5
9831 0 4
9833 0 4
9836 0 4
9850 0 5
9852 0 5
9855 0 5
9857 0 5
9859 0 5
9866 0 5
9868 0 5
9875 0 5
9877 0 5
9880 0 5
9882 0 5
9884 0 5
9891 0 5
9893 0 5
9900 0 4
9902 0 5
9904 0 5
9936 0 5
9938 0 5
9945 0 4
9947 0 5
9949 0 5
9956 0 4
9958 0 4
9961 0 4
9975 0 4
9977 0 4
9980 0 4
9982 0 4
9984 0 4
9991 0 5
9993 0 5
10000 0 4
10002 0 5
10004 0 5
10011 0 4
10013 0 4
10016 0 4
10159 0 5
10161 0 5
10168 0 4
10170 0 5
10172 0 5
10179 0 4
10181 0 4
10184 0 4
10198 0 4
10200 0 4
10203 0 4
10205 0 4
10207 0 4
10214 0 5
10216 0 5
10223 0 4
10225 0 5
10227 0 5
10234 0 4
10236 0 4
10239 0 4
10253 0 4
10255 0 4
10258 0 4
10260 0 4
10262 0 4
10269 0 4
10271 0 4
10278 0 4
10280 0 4
10283 0 4
10285 0 4
10287 0 4
10351 0 5
10353 0 5
10356 0 5
10358 0 5
10360 0 5
10367 0 5
10369 0 5
10376 0 5
10378 0 5
10381 0 5
10383 0 5
10385 0 5
10392 0 5
10394 0 5
10401 0 4
10403 0 5
10405 0 5
10437 0 5
10439 0 5
10446 0 4
10448 0 5
10450 0 5
10457 0 4
10459 0 4
10462 0 4
10476 0 5
10478 0 5
10481 0 5
10483 0 5
10485 0 5
10492 0 5
10494 0 5
10501 0 5
10503 0 5
10506 0 5
10508 0 5
10510 0 5
10517 0 5
10519 0 5
10526 0 4
10528 0 5
10530 0 5
10562 0 5
10564 0 5
10571 0 4
10573 0 5
10575 0 5
10582 0 4
10584 0 4
10587 0 4
10601 0 4
10603 0 4
10606 0 4
10608 0 4
10610 0 4
10617 0 5
10619 0 5
10626 0 4
10628 0 5
10630 0 5
10637 0 4
10639 0 4
10642 0 4
10785 0 5
10787 0 5
10794 0 4
10796 0 5
10798 0 5
10805 0 4
10807 0 4
10810 0 4
10824 0 4
10826 0 4
10829 0 4
10831 0 4
10833 0 4
10840 0 5
10842 0 5
10849 0 4
10851 0 5
10853 0 5
10860 0 4
10862 0 4
10865 0 4
10879 0 4
10881 0 4
10884 0 4
10886 0 4
10888 0 4
10895 0 4
10897 0 4
10904 0 4
10906 0 4
10909 0 4
10911 0 4
10913 0 4
10977 0 4
10979 0 4
10982 0 4
10984 0 4
10986 0 4
10993 0 4
10995 0 4
11002 0 4
11004 0 4
11007 0 4
11009 0 4
11011 0 4
11018 0 4
11020 0 4
11027 0 3
11029 0 4
11031 0 4
11063 0 5
11065 0 5
11072 0 4
11074 0 5
11076 0 5
11083 0 4
11085 0 4
11088 0 4
11102 0 4
11104 0 4
11107 0 4
11109 0 4
11111 0 4
11118 0 5
11120 0 5
11127 0 4
11129 0 5
11131 0 5
11138 0 4
11140 0 4
11143 0 4
11157 0 4
11159 0 4
11162 0 4
11164 0 4
11166 0 4
11173 0 4
11175 0 4
11182 0 4
11184 0 4
11187 0 4
11189 0 4
11191 0 4
11902 0 6
11904 0 6
11906 0 5
11910 0 5
11911 0 5
11912 0 6
11914 0 6
11916 0 5
11920 0 5
11921 0 5
11922 0 5
11924 0 5
11925 0 5
11938 0 5
11939 0 5
11940 0 5
11942 0 5
11943 0 5
11944 0 5
11946 0 5
11951 0 6
11953 0 6
11955 0 5
11959 0 5
11960 0 5
11961 0 6
11963 0 6
11965 0 5
11969 0 5
11970 0 5
11971 0 5
11973 0 5
11974 0 5
11987 0 5
11988 0 5
11989 0 5
11991 0 5
11992 0 5
11993 0 5
11995 0 5
12000 0 5
12002 0 5
12004 0 4
12008 0 5
12009 0 5
12010 0 5
12012 0 5
12013 0 5
12014 0 5
12016 0 5
12075 0 5
12076 0 5
12077 0 5
12079 0 5
12080 0 5
12081 0 5
12083 0 5
12088 0 5
12090 0 5
12092 0 4
12096 0 5
12097 0 5
12098 0 5
12100 0 5
12101 0 5
12102 0 5
12104 0 5
12109 0 5
12111 0 5
12113 0 4
12117 0 4
12118 0 4
12119 0 5
12121 0 5
12123 0 4
12146 0 6
12148 0 6
12150 0 5
12154 0 5
12155 0 5
12156 0 6
12158 0 6
12160 0 5
12164 0 5
12165 0 5
12166 0 5
12168 0 5
12169 0 5
12182 0 5
12183 0 5
12184 0 5
12186 0 5
12187 0 5
12188 0 5
12190 0 5
12195 0 6
12197 0 6
12199 0 5
12203 0 5
12204 0 5
12205 0 6
12207 0 6
12209 0 5
12213 0 5
12214 0 5
12215 0 5
12217 0 5
12218 0 5
12231 0 5
12232 0 5
12233 0 5
12235 0 5
12236 0 5
12237 0 5
12239 0 5
12244 0 5
12246 0 5
12248 0 4
12252 0 5
12253 0 5
12254 0 5
12256 0 5
12257 0 5
12258 0 5
12260 0 5
12319 0 5
12320 0 5
12321 0 5
12323 0 5
12324 0 5
12325 0 5
12327 0 5
12332 0 5
12334 0 5
12336 0 4
12340 0 5
12341 0 5
12342 0 5
12344 0 5
12345 0 5
12346 0 5
12348 0 5
12353 0 5
12355 0 5
12357 0 4
12361 0 4
12362 0 4
12363 0 5
12365 0 5
12367 0 4
12390 0 5
12392 0 5
12394 0 4
12398 0 4
12399 0 4
12400 0 5
12402 0 5
12404 0 4
12408 0 4
12409 0 4
12410 0 4
12412 0 4
12413 0 4
12426 0 5
12427 0 5
12428 0 5
12430 0 5
12431 0 5
12432 0 5
12434 0 5
12439 0 5
12441 0 5
12443 0 4
12447 0 5
12448 0 5
12449 0 5
12451 0 5
12452 0 5
12453 0 5
12455 0 5
12460 0 5
12462 0 5
12464 0 4
12468 0 4
12469 0 4
12470 0 5
12472 0 5
12474 0 4
12755 0 5
12756 0 5
12757 0 5
12759 0 5
12760 0 5
12761 0 5
12763 0 5
12768 0 5
12770 0 5
12772 0 4
12776 0 5
12777 0 5
12778 0 5
12780 0 5
12781 0 5
12782 0 5
12784 0 5
12789 0 5
12791 0 5
12793 0 4
12797 0 4
12798 0 4
12799 0 5
12801 0 5
12803 0 4
12826 0 5
12828 0 5
12830 0 4
12834 0 4
12835 0 4
12836 0 5
12838 0 5
12840 0 4
12844 0 4
12845 0 4
12846 0 4
12848 0 4
12849 0 4
12862 0 5
12863 0 5
12864 0 5
12866 0 5
12867 0 5
12868 0 5
12870 0 5
12875 0 5
12877 0 5
12879 0 4
12883 0 5
12884 0 5
12885 0 5
12887 0 5
12888 0 5
12889 0 5
12891 0 5
12896 0 5
12898 0 5
12900 0 4
12904 0 4
12905 0 4
12906 0 5
12908 0 5
12910 0 4
12933 0 5
12935 0 5
12937 0 4
12941 0 4
12942 0 4
12943 0 5
12945 0 5
12947 0 4
12951 0 4
12952 0 4
12953 0 4
12955 0 4
12956 0 4
12969 0 4
12970 0 4
12971 0 4
12973 0 4
12974 0 4
12975 0 4
12977 0 4
12982 0 5
12984 0 5
12986 0 4
12990 0 4
12991 0 4
12992 0 5
12994 0 5
12996 0 4
13000 0 4
13001 0 4
13002 0 4
13004 0 4
13005 0 4
13123 0 6
13125 0 6
13127 0 5
13131 0 5
13132 0 5
13133 0 6
13135 0 6
13137 0 5
13141 0 5
13142 0 5
13143 0 5
13145 0 5
13146 0 5
13159 0 5
13160 0 5
13161 0 5
13163 0 5
13164 0 5
13165 0 5
13167 0 5
13172 0 6
13174 0 6
13176 0 5
13180 0 5
13181 0 5
13182 0 6
13184 0 6
13186 0 5
13190 0 5
13191 0 5
13192 0 5
13194 0 5
13195 0 5
13208 0 5
13209 0 5
13210 0 5
13212 0 5
13213 0 5
13214 0 5
13216 0 5
13221 0 5
13223 0 5
13225 0 4
13229 0 5
13230 0 5
13231 0 5
13233 0 5
13234 0 5
13235 0 5
13237 0 5
13296 0 5
13297 0 5
13298 0 5
13300 0 5
13301 0 5
13302 0 5
13304 0 5
13309 0 5
13311 0 5
13313 0 4
13317 0 5
13318 0 5
13319 0 5
13321 0 5
13322 0 5
13323 0 5
13325 0 5
13330 0 5
13332 0 5
13334 0 4
13338 0 4
13339 0 4
13340 0 5
13342 0 5
13344 0 4
13367 0 6
13369 0 6
13371 0 5
13375 0 5
13376 0 5
13377 0 6
13379 0 6
13381 0 5
13385 0 5
13386 0 5
13387 0 5
13389 0 5
13390 0 5
13403 0 5
13404 0 5
13405 0 5
13407 0 5
13408 0 5
13409 0 5
13411 0 5
13416 0 6
13418 0 6
13420 0 5
13424 0 5
13425 0 5
13426 0 6
13428 0 6
13430 0 5
13434 0 5
13435 0 5
13436 0 5
13438 0 5
13439 0 5
13452 0 5
13453 0 5
13454 0 5
13456 0 5
13457 0 5
13458 0 5
13460 0 5
13465 0 5
13467 0 5
13469 0 4
13473 0 5
13474 0 5
13475 0 5
13477 0 5
13478 0 5
13479 0 5
13481 0 5
13540 0 5
13541 0 5
13542 0 5
13544 0 5
13545 0 5
13546 0 5
13548 0 5
13553 0 5
13555 0 5
13557 0 4
13561 0 5
13562 0 5
13563 0 5
13565 0 5
13566 0 5
13567 0 5
13569 0 5
13574 0 5
13576 0 5
13578 0 4
13582 0 4
13583 0 4
13584 0 5
13586 0 5
13588 0 4
13611 0 5
13613 0 5
13615 0 4
13619 0 4
13620 0 4
13621 0 5
13623 0 5
13625 0 4
13629 0 4
13630 0 4
13631 0 4
13633 0 4
13634 0 4
13647 0 5
13648 0 5
13649 0 5
13651 0 5
13652 0 5
13653 0 5
13655 0 5
13660 0 5
13662 0 5
13664 0 4
13668 0 5
13669 0 5
13670 0 5
13672 0 5
13673 0 5
13674 0 5
13676 0 5
13681 0 5
13683 0 5
13685 0 4
13689 0 4
13690 0 4
13691 0 5
13693 0 5
13695 0 4
13976 0 5
13977 0 5
13978 0 5
13980 0 5
13981 0 5
13982 0 5
13984 0 5
13989 0 5
13991 0 5
13993 0 4
13997 0 5
13998 0 5
13999 0 5
14001 0 5
14002 0 5
14003 0 5
14005 0 5
14010 0 5
14012 0 5
14014 0 4
14018 0 4
14019 0 4
14020 0 5
14022 0 5
14024 0 4
14047 0 5
14049 0 5
14051 0 4
14055 0 4
14056 0 4
14057 0 5
14059 0 5
14061 0 4
14065 0 4
14066 0 4
14067 0 4
14069 0 4
14070 0 4
14083 0 5
14084 0 5
14085 0 5
14087 0 5
14088 0 5
14089 0 5
14091 0 5
14096 0 5
14098 0 5
14100 0 4
14104 0 5
14105 0 5
14106 0 5
14108 0 5
14109 0 5
14110 0 5
14112 0 5
14117 0 5
14119 0 5
14121 0 4
14125 0 4
14126 0 4
14127 0 5
14129 0 5
14131 0 4
14154 0 5
14156 0 5
14158 0 4
14162 0 4
14163 0 4
14164 0 5
14166 0 5
14168 0 4
14172 0 4
14173 0 4
14174 0 4
14176 0 4
14177 0 4
14190 0 4
14191 0 4
14192 0 4
14194 0 4
14195 0 4
14196 0 4
14198 0 4
14203 0 5
14205 0 5
14207 0 4
14211 0 4
14212 0 4
14213 0 5
14215 0 5
14217 0 4
14221 0 4
14222 0 4
14223 0 4
14225 0 4
14226 0 4
14344 0 5
14346 0 5
14348 0 4
14352 0 4
14353 0 4
14354 0 5
14356 0 5
14358 0 4
14362 0 4
14363 0 4
14364 0 4
14366 0 4
14367 0 4
14380 0 4
14381 0 4
14382 0 4
14384 0 4
14385 0 4
14386 0 4
14388 0 4
14393 0 5
14395 0 5
14397 0 4
14401 0 4
14402 0 4
14403 0 5
14405 0 5
14407 0 4
14411 0 4
14412 0 4
14413 0 4
14415 0 4
14416 0 4
14429 0 4
14430 0 4
14431 0 4
14433 0 4
14434 0 4
14435 0 4
14437 0 4
14442 0 4
14444 0 4
14446 0 3
14450 0 4
14451 0 4
14452 0 4
14454 0 4
14455 0 4
14456 0 4
14458 0 4
14517 0 5
14518 0 5
14519 0 5
14521 0 5
14522 0 5
14523 0 5
14525 0 5
14530 0 5
14532 0 5
14534 0 4
14538 0 5
14539 0 5
14540 0 5
14542 0 5
14543 0 5
14544 0 5
14546 0 5
14551 0 5
14553 0 5
14555 0 4
14559 0 4
14560 0 4
14561 0 5
14563 0 5
14565 0 4
14588 0 5
14590 0 5
14592 0 4
14596 0 4
14597 0 4
14598 0 5
14600 0 5
14602 0 4
14606 0 4
14607 0 4
14608 0 4
14610 0 4
14611 0 4
14624 0 5
14625 0 5
14626 0 5
14628 0 5
14629 0 5
14630 0 5
14632 0 5
14637 0 5
14639 0 5
14641 0 4
14645 0 5
14646 0 5
14647 0 5
14649 0 5
14650 0 5
14651 0 5
14653 0 5
14658 0 5
14660 0 5
14662 0 4
14666 0 4
14667 0 4
14668 0 5
14670 0 5
14672 0 4
14695 0 5
14697 0 5
14699 0 4
14703 0 4
14704 0 4
14705 0 5
14707 0 5
14709 0 4
14713 0 4
14714 0 4
14715 0 4
14717 0 4
14718 0 4
14731 0 4
14732 0 4
14733 0 4
14735 0 4
14736 0 4
14737 0 4
14739 0 4
14744 0 5
14746 0 5
14748 0 4
14752 0 4
14753 0 4
14754 0 5
14756 0 5
14758 0 4
14762 0 4
14763 0 4
14764 0 4
14766 0 4
14767 0 4
