0 0 5
1 0 5
2 0 5
3 0 5
4 0 5
6 0 5
7 0 5
10 0 5
11 0 5
12 0 5
13 0 5
14 0 5
16 0 5
17 0 5
20 0 4
21 0 5
22 0 5
34 0 5
35 0 5
38 0 4
39 0 5
40 0 5
43 0 4
44 0 4
45 0 4
52 0 5
53 0 5
54 0 5
55 0 5
56 0 5
58 0 5
59 0 5
62 0 5
63 0 5
64 0 5
65 0 5
66 0 5
68 0 5
69 0 5
72 0 4
73 0 5
74 0 5
86 0 5
87 0 5
90 0 4
91 0 5
92 0 5
95 0 4
96 0 4
97 0 4
104 0 4
105 0 4
106 0 4
107 0 4
108 0 4
110 0 5
111 0 5
114 0 4
115 0 5
116 0 5
119 0 4
120 0 4
121 0 4
178 0 5
179 0 5
182 0 4
183 0 5
184 0 5
187 0 4
188 0 4
189 0 4
196 0 4
197 0 4
198 0 4
199 0 4
200 0 4
202 0 5
203 0 5
206 0 4
207 0 5
208 0 5
211 0 4
212 0 4
213 0 4
220 0 4
221 0 4
222 0 4
223 0 4
224 0 4
226 0 4
227 0 4
230 0 4
231 0 4
232 0 4
233 0 4
234 0 4
263 0 5
264 0 5
265 0 5
266 0 5
267 0 5
269 0 5
270 0 5
273 0 5
274 0 5
275 0 5
276 0 5
277 0 5
279 0 5
280 0 5
283 0 4
284 0 5
285 0 5
297 0 5
298 0 5
301 0 4
302 0 5
303 0 5
306 0 4
307 0 4
308 0 4
315 0 5
316 0 5
317 0 5
318 0 5
319 0 5
321 0 5
322 0 5
325 0 5
326 0 5
327 0 5
328 0 5
329 0 5
331 0 5
332 0 5
335 0 4
336 0 5
337 0 5
349 0 5
350 0 5
353 0 4
354 0 5
355 0 5
358 0 4
359 0 4
360 0 4
367 0 4
368 0 4
369 0 4
370 0 4
371 0 4
373 0 5
374 0 5
377 0 4
378 0 5
379 0 5
382 0 4
383 0 4
384 0 4
441 0 5
442 0 5
445 0 4
446 0 5
447 0 5
450 0 4
451 0 4
452 0 4
459 0 4
460 0 4
461 0 4
462 0 4
463 0 4
465 0 5
466 0 5
469 0 4
470 0 5
471 0 5
474 0 4
475 0 4
476 0 4
483 0 4
484 0 4
485 0 4
486 0 4
487 0 4
489 0 4
490 0 4
493 0 4
494 0 4
495 0 4
496 0 4
497 0 4
526 0 4
527 0 4
528 0 4
529 0 4
530 0 4
532 0 4
533 0 4
536 0 4
537 0 4
538 0 4
539 0 4
540 0 4
542 0 4
543 0 4
546 0 3
547 0 4
548 0 4
560 0 5
561 0 5
564 0 4
565 0 5
566 0 5
569 0 4
570 0 4
571 0 4
578 0 4
579 0 4
580 0 4
581 0 4
582 0 4
584 0 5
585 0 5
588 0 4
589 0 5
590 0 5
593 0 4
594 0 4
595 0 4
602 0 4
603 0 4
604 0 4
605 0 4
606 0 4
608 0 4
609 0 4
612 0 4
613 0 4
614 0 4
615 0 4
616 0 4
909 0 5
910 0 5
913 0 4
914 0 5
915 0 5
918 0 4
919 0 4
920 0 4
927 0 4
928 0 4
929 0 4
930 0 4
931 0 4
933 0 5
934 0 5
937 0 4
938 0 5
939 0 5
942 0 4
943 0 4
944 0 4
951 0 4
952 0 4
953 0 4
954 0 4
955 0 4
957 0 4
958 0 4
961 0 4
962 0 4
963 0 4
964 0 4
965 0 4
994 0 4
995 0 4
996 0 4
997 0 4
998 0 4
1000 0 4
1001 0 4
1004 0 4
1005 0 4
1006 0 4
1007 0 4
1008 0 4
1010 0 4
1011 0 4
1014 0 3
1015 0 4
1016 0 4
1028 0 5
1029 0 5
1032 0 4
1033 0 5
1034 0 5
1037 0 4
1038 0 4
1039 0 4
1046 0 4
1047 0 4
1048 0 4
1049 0 4
1050 0 4
1052 0 5
1053 0 5
1056 0 4
1057 0 5
1058 0 5
1061 0 4
1062 0 4
1063 0 4
1070 0 4
1071 0 4
1072 0 4
1073 0 4
1074 0 4
1076 0 4
1077 0 4
1080 0 4
1081 0 4
1082 0 4
1083 0 4
1084 0 4
1113 0 4
1114 0 4
1115 0 4
1116 0 4
1117 0 4
1119 0 4
1120 0 4
1123 0 4
1124 0 4
1125 0 4
1126 0 4
1127 0 4
1129 0 4
1130 0 4
1133 0 3
1134 0 4
1135 0 4
1147 0 4
1148 0 4
1151 0 3
1152 0 4
1153 0 4
1156 0 3
1157 0 3
1158 0 3
1165 0 4
1166 0 4
1167 0 4
1168 0 4
1169 0 4
1171 0 4
1172 0 4
1175 0 4
1176 0 4
1177 0 4
1178 0 4
1179 0 4
1181 0 4
1182 0 4
1185 0 3
1186 0 4
1187 0 4
1326 0 5
1327 0 5
1328 0 5
1329 0 5
1330 0 5
1332 0 5
1333 0 5
1336 0 5
1337 0 5
1338 0 5
1339 0 5
1340 0 5
1342 0 5
1343 0 5
1346 0 4
1347 0 5
1348 0 5
1360 0 5
1361 0 5
1364 0 4
1365 0 5
1366 0 5
1369 0 4
1370 0 4
1371 0 4
1378 0 5
1379 0 5
1380 0 5
1381 0 5
1382 0 5
1384 0 5
1385 0 5
1388 0 5
1389 0 5
1390 0 5
1391 0 5
1392 0 5
1394 0 5
1395 0 5
1398 0 4
1399 0 5
1400 0 5
1412 0 5
1413 0 5
1416 0 4
1417 0 5
1418 0 5
1421 0 4
1422 0 4
1423 0 4
1430 0 4
1431 0 4
1432 0 4
1433 0 4
1434 0 4
1436 0 5
1437 0 5
1440 0 4
1441 0 5
1442 0 5
1445 0 4
1446 0 4
1447 0 4
1504 0 5
1505 0 5
1508 0 4
1509 0 5
1510 0 5
1513 0 4
1514 0 4
1515 0 4
1522 0 4
1523 0 4
1524 0 4
1525 0 4
1526 0 4
1528 0 5
1529 0 5
1532 0 4
1533 0 5
1534 0 5
1537 0 4
1538 0 4
1539 0 4
1546 0 4
1547 0 4
1548 0 4
1549 0 4
1550 0 4
1552 0 4
1553 0 4
1556 0 4
1557 0 4
1558 0 4
1559 0 4
1560 0 4
1589 0 5
1590 0 5
1591 0 5
1592 0 5
1593 0 5
1595 0 5
1596 0 5
1599 0 5
1600 0 5
1601 0 5
1602 0 5
1603 0 5
1605 0 5
1606 0 5
1609 0 4
1610 0 5
1611 0 5
1623 0 5
1624 0 5
1627 0 4
1628 0 5
1629 0 5
1632 0 4
1633 0 4
1634 0 4
1641 0 5
1642 0 5
1643 0 5
1644 0 5
1645 0 5
1647 0 5
1648 0 5
1651 0 5
1652 0 5
1653 0 5
1654 0 5
1655 0 5
1657 0 5
1658 0 5
1661 0 4
1662 0 5
1663 0 5
1675 0 5
1676 0 5
1679 0 4
1680 0 5
1681 0 5
1684 0 4
1685 0 4
1686 0 4
1693 0 4
1694 0 4
1695 0 4
1696 0 4
1697 0 4
1699 0 5
1700 0 5
1703 0 4
1704 0 5
1705 0 5
1708 0 4
1709 0 4
1710 0 4
1767 0 5
1768 0 5
1771 0 4
1772 0 5
1773 0 5
1776 0 4
1777 0 4
1778 0 4
1785 0 4
1786 0 4
1787 0 4
1788 0 4
1789 0 4
1791 0 5
1792 0 5
1795 0 4
1796 0 5
1797 0 5
1800 0 4
1801 0 4
1802 0 4
1809 0 4
1810 0 4
1811 0 4
1812 0 4
1813 0 4
1815 0 4
1816 0 4
1819 0 4
1820 0 4
1821 0 4
1822 0 4
1823 0 4
1852 0 4
1853 0 4
1854 0 4
1855 0 4
1856 0 4
1858 0 4
1859 0 4
1862 0 4
1863 0 4
1864 0 4
1865 0 4
1866 0 4
1868 0 4
1869 0 4
1872 0 3
1873 0 4
1874 0 4
1886 0 5
1887 0 5
1890 0 4
1891 0 5
1892 0 5
1895 0 4
1896 0 4
1897 0 4
1904 0 4
1905 0 4
1906 0 4
1907 0 4
1908 0 4
1910 0 5
1911 0 5
1914 0 4
1915 0 5
1916 0 5
1919 0 4
1920 0 4
1921 0 4
1928 0 4
1929 0 4
1930 0 4
1931 0 4
1932 0 4
1934 0 4
1935 0 4
1938 0 4
1939 0 4
1940 0 4
1941 0 4
1942 0 4
2235 0 5
2236 0 5
2237 0 5
2239 0 5
2241 0 5
2242 0 5
2243 0 5
2245 0 5
2247 0 4
2248 0 5
2256 0 5
2258 0 4
2259 0 5
2261 0 4
2262 0 4
2266 0 5
2267 0 5
2268 0 5
2270 0 5
2272 0 5
2273 0 5
2274 0 5
2276 0 5
2278 0 4
2279 0 5
2287 0 5
2289 0 4
2290 0 5
2292 0 4
2293 0 4
2297 0 4
2298 0 4
2299 0 4
2301 0 5
2303 0 4
2304 0 5
2306 0 4
2307 0 4
2342 0 5
2344 0 4
2345 0 5
2347 0 4
2348 0 4
2352 0 4
2353 0 4
2354 0 4
2356 0 5
2358 0 4
2359 0 5
2361 0 4
2362 0 4
2366 0 4
2367 0 4
2368 0 4
2370 0 4
2372 0 4
2373 0 4
2374 0 4
2391 0 5
2392 0 5
2393 0 5
2395 0 5
2397 0 5
2398 0 5
2399 0 5
2401 0 5
2403 0 4
2404 0 5
2412 0 5
2414 0 4
2415 0 5
2417 0 4
2418 0 4
2422 0 5
2423 0 5
2424 0 5
2426 0 5
2428 0 5
2429 0 5
2430 0 5
2432 0 5
2434 0 4
2435 0 5
2443 0 5
2445 0 4
2446 0 5
2448 0 4
2449 0 4
2453 0 4
2454 0 4
2455 0 4
2457 0 5
2459 0 4
2460 0 5
2462 0 4
2463 0 4
2498 0 5
2500 0 4
2501 0 5
2503 0 4
2504 0 4
2508 0 4
2509 0 4
2510 0 4
2512 0 5
2514 0 4
2515 0 5
2517 0 4
2518 0 4
2522 0 4
2523 0 4
2524 0 4
2526 0 4
2528 0 4
2529 0 4
2530 0 4
2547 0 4
2548 0 4
2549 0 4
2551 0 4
2553 0 4
2554 0 4
2555 0 4
2557 0 4
2559 0 3
2560 0 4
2568 0 5
2570 0 4
2571 0 5
2573 0 4
2574 0 4
2578 0 4
2579 0 4
2580 0 4
2582 0 5
2584 0 4
2585 0 5
2587 0 4
2588 0 4
2592 0 4
2593 0 4
2594 0 4
2596 0 4
2598 0 4
2599 0 4
2600 0 4
2776 0 5
2778 0 4
2779 0 5
2781 0 4
2782 0 4
2786 0 4
2787 0 4
2788 0 4
2790 0 5
2792 0 4
2793 0 5
2795 0 4
2796 0 4
2800 0 4
2801 0 4
2802 0 4
2804 0 4
2806 0 4
2807 0 4
2808 0 4
2825 0 4
2826 0 4
2827 0 4
2829 0 4
2831 0 4
2832 0 4
2833 0 4
2835 0 4
2837 0 3
2838 0 4
2846 0 5
2848 0 4
2849 0 5
2851 0 4
2852 0 4
2856 0 4
2857 0 4
2858 0 4
2860 0 5
2862 0 4
2863 0 5
2865 0 4
2866 0 4
2870 0 4
2871 0 4
2872 0 4
2874 0 4
2876 0 4
2877 0 4
2878 0 4
2895 0 4
2896 0 4
2897 0 4
2899 0 4
2901 0 4
2902 0 4
2903 0 4
2905 0 4
2907 0 3
2908 0 4
2916 0 4
2918 0 3
2919 0 4
2921 0 3
2922 0 3
2926 0 4
2927 0 4
2928 0 4
2930 0 4
2932 0 4
2933 0 4
2934 0 4
2936 0 4
2938 0 3
2939 0 4
3020 0 5
3021 0 5
3022 0 5
3024 0 5
3026 0 5
3027 0 5
3028 0 5
3030 0 5
3032 0 4
3033 0 5
3041 0 5
3043 0 4
3044 0 5
3046 0 4
3047 0 4
3051 0 5
3052 0 5
3053 0 5
3055 0 5
3057 0 5
3058 0 5
3059 0 5
3061 0 5
3063 0 4
3064 0 5
3072 0 5
3074 0 4
3075 0 5
3077 0 4
3078 0 4
3082 0 4
3083 0 4
3084 0 4
3086 0 5
3088 0 4
3089 0 5
3091 0 4
3092 0 4
3127 0 5
3129 0 4
3130 0 5
3132 0 4
3133 0 4
3137 0 4
3138 0 4
3139 0 4
3141 0 5
3143 0 4
3144 0 5
3146 0 4
3147 0 4
3151 0 4
3152 0 4
3153 0 4
3155 0 4
3157 0 4
3158 0 4
3159 0 4
3176 0 5
3177 0 5
3178 0 5
3180 0 5
3182 0 5
3183 0 5
3184 0 5
3186 0 5
3188 0 4
3189 0 5
3197 0 5
3199 0 4
3200 0 5
3202 0 4
3203 0 4
3207 0 5
3208 0 5
3209 0 5
3211 0 5
3213 0 5
3214 0 5
3215 0 5
3217 0 5
3219 0 4
3220 0 5
3228 0 5
3230 0 4
3231 0 5
3233 0 4
3234 0 4
3238 0 4
3239 0 4
3240 0 4
3242 0 5
3244 0 4
3245 0 5
3247 0 4
3248 0 4
3283 0 5
3285 0 4
3286 0 5
3288 0 4
3289 0 4
3293 0 4
3294 0 4
3295 0 4
3297 0 5
3299 0 4
3300 0 5
3302 0 4
3303 0 4
3307 0 4
3308 0 4
3309 0 4
3311 0 4
3313 0 4
3314 0 4
3315 0 4
3332 0 4
3333 0 4
3334 0 4
3336 0 4
3338 0 4
3339 0 4
3340 0 4
3342 0 4
3344 0 3
3345 0 4
3353 0 5
3355 0 4
3356 0 5
3358 0 4
3359 0 4
3363 0 4
3364 0 4
3365 0 4
3367 0 5
3369 0 4
3370 0 5
3372 0 4
3373 0 4
3377 0 4
3378 0 4
3379 0 4
3381 0 4
3383 0 4
3384 0 4
3385 0 4
3561 0 5
3563 0 5
3570 0 4
3572 0 5
3574 0 5
3581 0 4
3583 0 4
3586 0 4
3600 0 4
3602 0 4
3605 0 4
3607 0 4
3609 0 4
3616 0 5
3618 0 5
3625 0 4
3627 0 5
3629 0 5
3636 0 4
3638 0 4
3641 0 4
3655 0 4
3657 0 4
3660 0 4
3662 0 4
3664 0 4
3671 0 4
3673 0 4
3680 0 4
3682 0 4
3685 0 4
3687 0 4
3689 0 4
3753 0 4
3755 0 4
3758 0 4
3760 0 4
3762 0 4
3769 0 4
3771 0 4
3778 0 4
3780 0 4
3783 0 4
3785 0 4
3787 0 4
3794 0 4
3796 0 4
3803 0 3
3805 0 4
3807 0 4
3839 0 5
3841 0 5
3848 0 4
3850 0 5
3852 0 5
3859 0 4
3861 0 4
3864 0 4
3878 0 4
3880 0 4
3883 0 4
3885 0 4
3887 0 4
3894 0 5
3896 0 5
3903 0 4
3905 0 5
3907 0 5
3914 0 4
3916 0 4
3919 0 4
3933 0 4
3935 0 4
3938 0 4
3940 0 4
3942 0 4
3949 0 4
3951 0 4
3958 0 4
3960 0 4
3963 0 4
3965 0 4
3967 0 4
4293 0 5
4295 0 5
4302 0 4
4304 0 5
4306 0 5
4313 0 4
4315 0 4
4318 0 4
4332 0 4
4334 0 4
4337 0 4
4339 0 4
4341 0 4
4348 0 5
4350 0 5
4357 0 4
4359 0 5
4361 0 5
4368 0 4
4370 0 4
4373 0 4
4387 0 4
4389 0 4
4392 0 4
4394 0 4
4396 0 4
4403 0 4
4405 0 4
4412 0 4
4414 0 4
4417 0 4
4419 0 4
4421 0 4
4485 0 4
4487 0 4
4490 0 4
4492 0 4
4494 0 4
4501 0 4
4503 0 4
4510 0 4
4512 0 4
4515 0 4
4517 0 4
4519 0 4
4526 0 4
4528 0 4
4535 0 3
4537 0 4
4539 0 4
4571 0 5
4573 0 5
4580 0 4
4582 0 5
4584 0 5
4591 0 4
4593 0 4
4596 0 4
4610 0 4
4612 0 4
4615 0 4
4617 0 4
4619 0 4
4626 0 5
4628 0 5
4635 0 4
4637 0 5
4639 0 5
4646 0 4
4648 0 4
4651 0 4
4665 0 4
4667 0 4
4670 0 4
4672 0 4
4674 0 4
4681 0 4
4683 0 4
4690 0 4
4692 0 4
4695 0 4
4697 0 4
4699 0 4
4763 0 4
4765 0 4
4768 0 4
4770 0 4
4772 0 4
4779 0 4
4781 0 4
4788 0 4
4790 0 4
4793 0 4
4795 0 4
4797 0 4
4804 0 4
4806 0 4
4813 0 3
4815 0 4
4817 0 4
4849 0 4
4851 0 4
4858 0 3
4860 0 4
4862 0 4
4869 0 3
4871 0 3
4874 0 3
4888 0 4
4890 0 4
4893 0 4
4895 0 4
4897 0 4
4904 0 4
4906 0 4
4913 0 4
4915 0 4
4918 0 4
4920 0 4
4922 0 4
4929 0 4
4931 0 4
4938 0 3
4940 0 4
4942 0 4
5256 0 5
5257 0 5
5258 0 5
5260 0 5
5261 0 5
5262 0 5
5264 0 5
5269 0 5
5271 0 5
5273 0 4
5277 0 5
5278 0 5
5279 0 5
5281 0 5
5282 0 5
5283 0 5
5285 0 5
5290 0 5
5292 0 5
5294 0 4
5298 0 4
5299 0 4
5300 0 5
5302 0 5
5304 0 4
5327 0 5
5329 0 5
5331 0 4
5335 0 4
5336 0 4
5337 0 5
5339 0 5
5341 0 4
5345 0 4
5346 0 4
5347 0 4
5349 0 4
5350 0 4
5363 0 5
5364 0 5
5365 0 5
5367 0 5
5368 0 5
5369 0 5
5371 0 5
5376 0 5
5378 0 5
5380 0 4
5384 0 5
5385 0 5
5386 0 5
5388 0 5
5389 0 5
5390 0 5
5392 0 5
5397 0 5
5399 0 5
5401 0 4
5405 0 4
5406 0 4
5407 0 5
5409 0 5
5411 0 4
5434 0 5
5436 0 5
5438 0 4
5442 0 4
5443 0 4
5444 0 5
5446 0 5
5448 0 4
5452 0 4
5453 0 4
5454 0 4
5456 0 4
5457 0 4
5470 0 4
5471 0 4
5472 0 4
5474 0 4
5475 0 4
5476 0 4
5478 0 4
5483 0 5
5485 0 5
5487 0 4
5491 0 4
5492 0 4
5493 0 5
5495 0 5
5497 0 4
5501 0 4
5502 0 4
5503 0 4
5505 0 4
5506 0 4
5624 0 5
5626 0 5
5628 0 4
5632 0 4
5633 0 4
5634 0 5
5636 0 5
5638 0 4
5642 0 4
5643 0 4
5644 0 4
5646 0 4
5647 0 4
5660 0 4
5661 0 4
5662 0 4
5664 0 4
5665 0 4
5666 0 4
5668 0 4
5673 0 5
5675 0 5
5677 0 4
5681 0 4
5682 0 4
5683 0 5
5685 0 5
5687 0 4
5691 0 4
5692 0 4
5693 0 4
5695 0 4
5696 0 4
5709 0 4
5710 0 4
5711 0 4
5713 0 4
5714 0 4
5715 0 4
5717 0 4
5722 0 4
5724 0 4
5726 0 3
5730 0 4
5731 0 4
5732 0 4
5734 0 4
5735 0 4
5736 0 4
5738 0 4
5797 0 5
5798 0 5
5799 0 5
5801 0 5
5802 0 5
5803 0 5
5805 0 5
5810 0 5
5812 0 5
5814 0 4
5818 0 5
5819 0 5
5820 0 5
5822 0 5
5823 0 5
5824 0 5
5826 0 5
5831 0 5
5833 0 5
5835 0 4
5839 0 4
5840 0 4
5841 0 5
5843 0 5
5845 0 4
5868 0 5
5870 0 5
5872 0 4
5876 0 4
5877 0 4
5878 0 5
5880 0 5
5882 0 4
5886 0 4
5887 0 4
5888 0 4
5890 0 4
5891 0 4
5904 0 5
5905 0 5
5906 0 5
5908 0 5
5909 0 5
5910 0 5
5912 0 5
5917 0 5
5919 0 5
5921 0 4
5925 0 5
5926 0 5
5927 0 5
5929 0 5
5930 0 5
5931 0 5
5933 0 5
5938 0 5
5940 0 5
5942 0 4
5946 0 4
5947 0 4
5948 0 5
5950 0 5
5952 0 4
5975 0 5
5977 0 5
5979 0 4
5983 0 4
5984 0 4
5985 0 5
5987 0 5
5989 0 4
5993 0 4
5994 0 4
5995 0 4
5997 0 4
5998 0 4
6011 0 4
6012 0 4
6013 0 4
6015 0 4
6016 0 4
6017 0 4
6019 0 4
6024 0 5
6026 0 5
6028 0 4
6032 0 4
6033 0 4
6034 0 5
6036 0 5
6038 0 4
6042 0 4
6043 0 4
6044 0 4
6046 0 4
6047 0 4
6165 0 5
6167 0 5
6169 0 4
6173 0 4
6174 0 4
6175 0 5
6177 0 5
6179 0 4
6183 0 4
6184 0 4
6185 0 4
6187 0 4
6188 0 4
6201 0 4
6202 0 4
6203 0 4
6205 0 4
6206 0 4
6207 0 4
6209 0 4
6214 0 5
6216 0 5
6218 0 4
6222 0 4
6223 0 4
6224 0 5
6226 0 5
6228 0 4
6232 0 4
6233 0 4
6234 0 4
6236 0 4
6237 0 4
6250 0 4
6251 0 4
6252 0 4
6254 0 4
6255 0 4
6256 0 4
6258 0 4
6263 0 4
6265 0 4
6267 0 3
6271 0 4
6272 0 4
6273 0 4
6275 0 4
6276 0 4
6277 0 4
6279 0 4
6338 0 4
6339 0 4
6340 0 4
6342 0 4
6343 0 4
6344 0 4
6346 0 4
6351 0 4
6353 0 4
6355 0 3
6359 0 4
6360 0 4
6361 0 4
6363 0 4
6364 0 4
6365 0 4
6367 0 4
6372 0 4
6374 0 4
6376 0 3
6380 0 3
6381 0 3
6382 0 4
6384 0 4
6386 0 3
6409 0 5
6411 0 5
6413 0 4
6417 0 4
6418 0 4
6419 0 5
6421 0 5
6423 0 4
6427 0 4
6428 0 4
6429 0 4
6431 0 4
6432 0 4
6445 0 4
6446 0 4
6447 0 4
6449 0 4
6450 0 4
6451 0 4
6453 0 4
6458 0 5
6460 0 5
6462 0 4
6466 0 4
6467 0 4
6468 0 5
6470 0 5
6472 0 4
6476 0 4
6477 0 4
6478 0 4
6480 0 4
6481 0 4
6494 0 4
6495 0 4
6496 0 4
6498 0 4
6499 0 4
6500 0 4
6502 0 4
6507 0 4
6509 0 4
6511 0 3
6515 0 4
6516 0 4
6517 0 4
6519 0 4
6520 0 4
6521 0 4
6523 0 4
