0 0 3
1 0 3
2 0 3
3 0 3
4 0 3
6 0 3
7 0 3
10 0 3
11 0 3
12 0 3
13 0 3
14 0 3
16 0 3
17 0 3
20 0 2
21 0 3
22 0 3
34 0 3
35 0 3
38 0 2
39 0 3
40 0 3
43 0 2
44 0 2
45 0 2
52 0 3
53 0 3
54 0 3
55 0 3
56 0 3
58 0 3
59 0 3
62 0 3
63 0 3
64 0 3
65 0 3
66 0 3
68 0 3
69 0 3
72 0 2
73 0 3
74 0 3
86 0 3
87 0 3
88 0 3
90 0 3
92 0 3
93 0 3
94 0 3
96 0 3
98 0 2
99 0 3
107 0 3
109 0 2
110 0 3
112 0 2
113 0 2
117 0 3
118 0 3
119 0 3
121 0 3
123 0 3
124 0 3
125 0 3
127 0 3
129 0 2
130 0 3
138 0 3
140 0 3
147 0 2
149 0 3
151 0 3
165 0 3
167 0 3
174 0 2
176 0 3
178 0 3
185 0 2
187 0 2
190 0 2
202 0 3
203 0 3
204 0 3
206 0 3
207 0 3
208 0 3
210 0 3
215 0 3
217 0 3
219 0 2
223 0 3
224 0 3
225 0 3
227 0 3
228 0 3
229 0 3
231 0 3
236 0 3
238 0 3
240 0 2
244 0 2
245 0 2
246 0 3
248 0 3
250 0 2
