0 0 4
1 0 4
2 0 4
3 0 4
4 0 4
6 0 4
7 0 4
10 0 4
11 0 4
12 0 4
13 0 4
14 0 4
16 0 4
17 0 4
20 0 3
21 0 4
22 0 4
34 0 4
35 0 4
38 0 3
39 0 4
40 0 4
43 0 3
44 0 3
45 0 3
52 0 4
53 0 4
54 0 4
55 0 4
56 0 4
58 0 4
59 0 4
62 0 4
63 0 4
64 0 4
65 0 4
66 0 4
68 0 4
69 0 4
72 0 3
73 0 4
74 0 4
86 0 4
87 0 4
90 0 3
91 0 4
92 0 4
95 0 3
96 0 3
97 0 3
104 0 3
105 0 3
106 0 3
107 0 3
108 0 3
110 0 4
111 0 4
114 0 3
115 0 4
116 0 4
119 0 3
120 0 3
121 0 3
178 0 4
179 0 4
182 0 3
183 0 4
184 0 4
187 0 3
188 0 3
189 0 3
196 0 3
197 0 3
198 0 3
199 0 3
200 0 3
202 0 4
203 0 4
206 0 3
207 0 4
208 0 4
211 0 3
212 0 3
213 0 3
220 0 3
221 0 3
222 0 3
223 0 3
224 0 3
226 0 3
227 0 3
230 0 3
231 0 3
232 0 3
233 0 3
234 0 3
263 0 4
264 0 4
265 0 4
266 0 4
267 0 4
269 0 4
270 0 4
273 0 4
274 0 4
275 0 4
276 0 4
277 0 4
279 0 4
280 0 4
283 0 3
284 0 4
285 0 4
297 0 4
298 0 4
301 0 3
302 0 4
303 0 4
306 0 3
307 0 3
308 0 3
315 0 4
316 0 4
317 0 4
318 0 4
319 0 4
321 0 4
322 0 4
325 0 4
326 0 4
327 0 4
328 0 4
329 0 4
331 0 4
332 0 4
335 0 3
336 0 4
337 0 4
349 0 4
350 0 4
353 0 3
354 0 4
355 0 4
358 0 3
359 0 3
360 0 3
367 0 3
368 0 3
369 0 3
370 0 3
371 0 3
373 0 4
374 0 4
377 0 3
378 0 4
379 0 4
382 0 3
383 0 3
384 0 3
441 0 4
442 0 4
443 0 4
445 0 4
447 0 4
448 0 4
449 0 4
451 0 4
453 0 3
454 0 4
462 0 4
464 0 3
465 0 4
467 0 3
468 0 3
472 0 4
473 0 4
474 0 4
476 0 4
478 0 4
479 0 4
480 0 4
482 0 4
484 0 3
485 0 4
493 0 4
495 0 3
496 0 4
498 0 3
499 0 3
503 0 3
504 0 3
505 0 3
507 0 4
509 0 3
510 0 4
512 0 3
513 0 3
548 0 4
550 0 3
551 0 4
553 0 3
554 0 3
558 0 3
559 0 3
560 0 3
562 0 4
564 0 3
565 0 4
567 0 3
568 0 3
572 0 3
573 0 3
574 0 3
576 0 3
578 0 3
579 0 3
580 0 3
597 0 4
598 0 4
599 0 4
601 0 4
603 0 4
604 0 4
605 0 4
607 0 4
609 0 3
610 0 4
618 0 4
620 0 3
621 0 4
623 0 3
624 0 3
628 0 4
629 0 4
630 0 4
632 0 4
634 0 4
635 0 4
636 0 4
638 0 4
640 0 3
641 0 4
649 0 4
651 0 3
652 0 4
654 0 3
655 0 3
659 0 3
660 0 3
661 0 3
663 0 4
665 0 3
666 0 4
668 0 3
669 0 3
704 0 4
706 0 4
713 0 3
715 0 4
717 0 4
724 0 3
726 0 3
729 0 3
743 0 3
745 0 3
748 0 3
750 0 3
752 0 3
759 0 4
761 0 4
768 0 3
770 0 4
772 0 4
779 0 3
781 0 3
784 0 3
846 0 4
848 0 4
855 0 3
857 0 4
859 0 4
866 0 3
868 0 3
871 0 3
885 0 3
887 0 3
890 0 3
892 0 3
894 0 3
901 0 4
903 0 4
910 0 3
912 0 4
914 0 4
921 0 3
923 0 3
926 0 3
940 0 3
942 0 3
945 0 3
947 0 3
949 0 3
956 0 3
958 0 3
965 0 3
967 0 3
970 0 3
972 0 3
974 0 3
1036 0 4
1037 0 4
1038 0 4
1040 0 4
1041 0 4
1042 0 4
1044 0 4
1049 0 4
1051 0 4
1053 0 3
1057 0 4
1058 0 4
1059 0 4
1061 0 4
1062 0 4
1063 0 4
1065 0 4
1070 0 4
1072 0 4
1074 0 3
1078 0 3
1079 0 3
1080 0 4
1082 0 4
1084 0 3
1107 0 4
1109 0 4
1111 0 3
1115 0 3
1116 0 3
1117 0 4
1119 0 4
1121 0 3
1125 0 3
1126 0 3
1127 0 3
1129 0 3
1130 0 3
1143 0 4
1144 0 4
1145 0 4
1147 0 4
1148 0 4
1149 0 4
1151 0 4
1156 0 4
1158 0 4
1160 0 3
1164 0 4
1165 0 4
1166 0 4
1168 0 4
1169 0 4
1170 0 4
1172 0 4
1177 0 4
1179 0 4
1181 0 3
1185 0 3
1186 0 3
1187 0 4
1189 0 4
1191 0 3
1214 0 4
1216 0 4
1218 0 3
1222 0 3
1223 0 3
1224 0 4
1226 0 4
1228 0 3
1232 0 3
1233 0 3
1234 0 3
1236 0 3
1237 0 3
1250 0 3
1251 0 3
1252 0 3
1254 0 3
1255 0 3
1256 0 3
1258 0 3
1263 0 4
1265 0 4
1267 0 3
1271 0 3
1272 0 3
1273 0 4
1275 0 4
1277 0 3
1281 0 3
1282 0 3
1283 0 3
1285 0 3
1286 0 3
