0 0 8
1 0 8
2 0 6
3 0 6
4 0 7
5 0 8
6 0 8
7 0 6
8 0 6
9 0 7
10 0 7
11 0 7
12 0 6
13 0 6
14 0 6
15 0 6
16 0 6
17 0 6
18 0 7
19 0 8
20 0 7
21 0 7
22 0 7
23 0 6
24 0 8
25 0 8
26 0 6
27 0 6
28 0 7
29 0 8
30 0 9
31 0 6
32 0 6
33 0 7
34 0 7
35 0 8
36 0 6
37 0 6
38 0 6
39 0 6
40 0 6
41 0 6
42 0 8
43 0 6
44 0 7
45 0 8
46 0 6
47 0 7
48 0 7
49 0 6
50 0 6
51 0 6
52 0 7
53 0 7
54 0 7
55 0 6
56 0 8
57 0 6
58 0 7
59 0 8
60 0 6
61 0 7
62 0 8
63 0 6
64 0 6
65 0 6
66 0 6
67 0 6
68 0 7
69 0 6
70 0 7
71 0 6
72 0 6
73 0 7
74 0 6
75 0 6
76 0 6
77 0 6
78 0 6
79 0 6
80 0 6
81 0 6
82 0 6
83 0 7
84 0 6
85 0 8
86 0 6
87 0 6
88 0 7
89 0 6
90 0 7
91 0 6
92 0 7
93 0 6
94 0 6
95 0 6
96 0 6
97 0 6
98 0 6
99 0 8
100 0 6
101 0 8
102 0 6
103 0 7
104 0 6
105 0 6
106 0 6
107 0 8
108 0 7
109 0 8
110 0 6
111 0 9
112 0 6
113 0 7
114 0 6
115 0 6
116 0 6
117 0 7
118 0 7
119 0 7
120 0 6
121 0 7
122 0 8
123 0 6
124 0 6
125 0 6
126 0 6
127 0 6
128 0 6
129 0 6
130 0 6
131 0 6
132 0 6
133 0 6
134 0 6
