0 0 9
1 0 9
2 0 8
3 0 8
4 0 8
5 0 9
6 0 9
7 0 8
8 0 8
9 0 8
10 0 8
11 0 8
12 0 8
13 0 8
14 0 8
15 0 8
16 0 7
17 0 7
18 0 8
19 0 9
20 0 8
21 0 8
22 0 8
23 0 7
24 0 9
25 0 9
26 0 8
27 0 8
28 0 8
29 0 9
30 0 9
31 0 8
32 0 8
33 0 8
34 0 8
35 0 9
36 0 8
37 0 8
38 0 8
39 0 8
40 0 7
41 0 7
42 0 9
43 0 8
44 0 8
45 0 9
46 0 8
47 0 8
48 0 8
49 0 8
50 0 8
51 0 7
52 0 8
53 0 8
54 0 8
55 0 7
56 0 9
57 0 8
58 0 8
59 0 9
60 0 8
61 0 8
62 0 9
63 0 8
64 0 8
65 0 7
66 0 8
67 0 8
68 0 8
69 0 7
70 0 8
71 0 8
72 0 8
73 0 8
74 0 7
75 0 8
76 0 8
77 0 8
78 0 8
79 0 7
80 0 7
81 0 8
82 0 8
83 0 8
84 0 7
85 0 9
86 0 8
87 0 8
88 0 8
89 0 7
90 0 8
91 0 7
92 0 8
93 0 7
94 0 7
95 0 7
96 0 7
97 0 7
98 0 8
99 0 9
100 0 8
101 0 9
102 0 8
103 0 8
104 0 8
105 0 8
106 0 7
107 0 9
108 0 8
109 0 9
110 0 8
111 0 9
112 0 8
113 0 8
114 0 8
115 0 8
116 0 7
117 0 8
118 0 8
119 0 8
120 0 7
121 0 8
122 0 9
123 0 8
124 0 7
125 0 8
126 0 7
127 0 8
128 0 7
129 0 8
130 0 7
131 0 7
132 0 7
133 0 7
134 0 8
