0 0 12
1 0 12
2 0 10
3 0 10
4 0 11
5 0 12
6 0 12
7 0 10
8 0 10
9 0 11
10 0 11
11 0 11
12 0 10
13 0 10
14 0 10
15 0 10
16 0 10
17 0 10
18 0 11
19 0 12
20 0 11
21 0 11
22 0 11
23 0 10
24 0 12
25 0 12
26 0 10
27 0 10
28 0 11
29 0 12
30 0 12
31 0 10
32 0 10
33 0 11
34 0 11
35 0 12
36 0 10
37 0 10
38 0 10
39 0 10
40 0 10
41 0 10
42 0 12
43 0 10
44 0 11
45 0 12
46 0 10
47 0 11
48 0 11
49 0 10
50 0 10
51 0 10
52 0 11
53 0 11
54 0 11
55 0 10
56 0 12
57 0 10
58 0 11
59 0 12
60 0 10
61 0 11
62 0 12
63 0 10
64 0 10
65 0 10
66 0 10
67 0 10
68 0 11
69 0 10
70 0 11
71 0 10
72 0 10
73 0 11
74 0 10
75 0 10
76 0 10
77 0 10
78 0 10
79 0 10
80 0 10
81 0 10
82 0 10
83 0 11
84 0 10
85 0 12
86 0 10
87 0 10
88 0 11
89 0 10
90 0 11
91 0 10
92 0 11
93 0 10
94 0 10
95 0 10
96 0 10
97 0 10
98 0 10
99 0 12
100 0 10
101 0 12
102 0 10
103 0 11
104 0 10
105 0 10
106 0 10
107 0 12
108 0 11
109 0 12
110 0 10
111 0 12
112 0 10
113 0 11
114 0 10
115 0 10
116 0 10
117 0 11
118 0 11
119 0 11
120 0 10
121 0 11
122 0 12
123 0 10
124 0 10
125 0 10
126 0 10
127 0 10
128 0 10
129 0 10
130 0 10
131 0 10
132 0 10
133 0 10
134 0 10
