0 0 13
1 0 13
2 0 12
3 0 12
4 0 12
5 0 13
6 0 13
7 0 12
8 0 12
9 0 12
10 0 12
11 0 12
12 0 12
13 0 12
14 0 12
15 0 12
16 0 11
17 0 11
18 0 12
19 0 13
20 0 12
21 0 12
22 0 12
23 0 11
24 0 13
25 0 13
26 0 12
27 0 12
28 0 12
29 0 13
30 0 13
31 0 12
32 0 12
33 0 12
34 0 12
35 0 13
36 0 12
37 0 12
38 0 12
39 0 12
40 0 11
41 0 11
42 0 13
43 0 12
44 0 12
45 0 13
46 0 12
47 0 12
48 0 12
49 0 12
50 0 12
51 0 11
52 0 12
53 0 12
54 0 12
55 0 11
56 0 13
57 0 12
58 0 12
59 0 13
60 0 12
61 0 12
62 0 13
63 0 12
64 0 12
65 0 11
66 0 12
67 0 12
68 0 12
69 0 11
70 0 12
71 0 12
72 0 12
73 0 12
74 0 11
75 0 12
76 0 12
77 0 12
78 0 12
79 0 11
80 0 11
81 0 12
82 0 12
83 0 12
84 0 11
85 0 13
86 0 12
87 0 12
88 0 12
89 0 11
90 0 12
91 0 11
92 0 12
93 0 11
94 0 11
95 0 11
96 0 11
97 0 11
98 0 12
99 0 13
100 0 12
101 0 13
102 0 12
103 0 12
104 0 12
105 0 12
106 0 11
107 0 13
108 0 12
109 0 13
110 0 12
111 0 13
112 0 12
113 0 12
114 0 12
115 0 12
116 0 11
117 0 12
118 0 12
119 0 12
120 0 11
121 0 12
122 0 13
123 0 12
124 0 11
125 0 12
126 0 11
127 0 12
128 0 11
129 0 12
130 0 11
131 0 11
132 0 11
133 0 11
134 0 12
