0 0 14
1 0 14
2 0 13
3 0 13
4 0 13
5 0 14
6 0 14
7 0 13
8 0 13
9 0 14
10 0 14
11 0 14
12 0 13
13 0 13
14 0 13
15 0 13
16 0 13
17 0 13
18 0 14
19 0 14
20 0 14
21 0 13
22 0 13
23 0 12
24 0 14
25 0 14
26 0 13
27 0 13
28 0 13
29 0 14
30 0 15
31 0 13
32 0 13
33 0 14
34 0 14
35 0 14
36 0 13
37 0 13
38 0 13
39 0 13
40 0 13
41 0 13
42 0 14
43 0 13
44 0 13
45 0 14
46 0 13
47 0 14
48 0 14
49 0 13
50 0 13
51 0 13
52 0 14
53 0 14
54 0 13
55 0 12
56 0 14
57 0 13
58 0 13
59 0 14
60 0 13
61 0 14
62 0 14
63 0 13
64 0 13
65 0 13
66 0 13
67 0 13
68 0 14
69 0 13
70 0 14
71 0 13
72 0 13
73 0 14
74 0 13
75 0 13
76 0 13
77 0 13
78 0 13
79 0 13
80 0 13
81 0 13
82 0 13
83 0 14
84 0 13
85 0 14
86 0 13
87 0 13
88 0 14
89 0 13
90 0 13
91 0 12
92 0 13
93 0 13
94 0 13
95 0 13
96 0 13
97 0 12
98 0 13
99 0 14
100 0 13
101 0 14
102 0 13
103 0 14
104 0 13
105 0 13
106 0 13
107 0 14
108 0 13
109 0 14
110 0 13
111 0 15
112 0 13
113 0 14
114 0 13
115 0 13
116 0 13
117 0 13
118 0 14
119 0 14
120 0 12
121 0 13
122 0 14
123 0 13
124 0 13
125 0 13
126 0 13
127 0 13
128 0 13
129 0 13
130 0 13
131 0 12
132 0 13
133 0 13
134 0 13
