0 0 16
1 0 16
2 0 14
3 0 14
4 0 15
5 0 16
6 0 16
7 0 14
8 0 14
9 0 15
10 0 15
11 0 15
12 0 14
13 0 14
14 0 14
15 0 14
16 0 14
17 0 14
18 0 15
19 0 16
20 0 15
21 0 15
22 0 15
23 0 14
24 0 16
25 0 16
26 0 14
27 0 14
28 0 15
29 0 16
30 0 16
31 0 14
32 0 14
33 0 15
34 0 15
35 0 16
36 0 14
37 0 14
38 0 14
39 0 14
40 0 14
41 0 14
42 0 16
43 0 14
44 0 15
45 0 16
46 0 14
47 0 15
48 0 15
49 0 14
50 0 14
51 0 14
52 0 15
53 0 15
54 0 15
55 0 14
56 0 16
57 0 14
58 0 15
59 0 16
60 0 14
61 0 15
62 0 16
63 0 14
64 0 14
65 0 14
66 0 14
67 0 14
68 0 15
69 0 14
70 0 15
71 0 14
72 0 14
73 0 15
74 0 14
75 0 14
76 0 14
77 0 14
78 0 14
79 0 14
80 0 14
81 0 14
82 0 14
83 0 15
84 0 14
85 0 16
86 0 14
87 0 14
88 0 15
89 0 14
90 0 15
91 0 14
92 0 15
93 0 14
94 0 14
95 0 14
96 0 14
97 0 14
98 0 14
99 0 16
100 0 14
101 0 16
102 0 14
103 0 15
104 0 14
105 0 14
106 0 14
107 0 16
108 0 15
109 0 16
110 0 14
111 0 16
112 0 14
113 0 15
114 0 14
115 0 14
116 0 14
117 0 15
118 0 15
119 0 15
120 0 14
121 0 15
122 0 16
123 0 14
124 0 14
125 0 14
126 0 14
127 0 14
128 0 14
129 0 14
130 0 14
131 0 14
132 0 14
133 0 14
134 0 14
