      53 0 10
      63 0 10
      20 0 7
      21 0 8
      39 0 7
      75 0 7
      19 0 8
      72 0 7
      77 0 8
      8 0 7
      10 0 8
      15 0 8
      9 0 7
      16 0 8
      24 0 7
      70 0 7
      13 0 8
      67 0 7
      69 0 8
      14 0 9
      18 0 10
      41 0 10
      26 0 7
      29 0 8
      56 0 8
      34 0 7
      44 0 7
      55 0 7
      59 0 8
      42 0 7
      57 0 8
      64 0 8
      6 0 10
      31 0 10
      46 0 7
      50 0 8
      60 0 8
      45 0 7
      49 0 7
      65 0 7
      66 0 8
      4 0 7
      32 0 7
      48 0 7
      61 0 8
      58 0 9
      71 0 7
      73 0 7
      76 0 7
      78 0 8
