      41 0 12
      31 0 12
      36 0 9
      34 0 9
      13 0 9
      67 0 8
      69 0 9
      11 0 9
      4 0 9
      45 0 9
      19 0 9
      72 0 8
      77 0 9
      3 0 9
      47 0 9
      63 0 12
      6 0 12
      38 0 9
      39 0 9
      71 0 9
      46 0 8
      50 0 9
      60 0 9
      52 0 9
      24 0 9
      53 0 12
      18 0 12
      27 0 9
      26 0 8
      29 0 9
      56 0 9
      42 0 8
      57 0 9
      64 0 9
      74 0 9
      8 0 8
      10 0 9
      15 0 9
      78 0 999999
