      6 0 14
      18 0 14
      4 0 10
      32 0 10
      48 0 10
      61 0 11
      46 0 10
      50 0 11
      60 0 11
      45 0 10
      3 0 10
      49 0 10
      65 0 10
      66 0 11
      42 0 10
      57 0 11
      64 0 11
      26 0 10
      29 0 11
      56 0 11
      34 0 10
      11 0 10
      44 0 10
      55 0 10
      59 0 11
      58 0 12
      31 0 14
      53 0 14
      9 0 10
      16 0 11
      24 0 10
      70 0 10
      13 0 11
      67 0 10
      69 0 11
      8 0 10
      10 0 11
      15 0 11
      27 0 10
      71 0 10
      73 0 10
      76 0 10
      78 0 11
      19 0 11
      72 0 10
      77 0 11
      41 0 14
      63 0 14
      20 0 10
      21 0 11
      39 0 10
      75 0 10
      38 0 10
      52 0 10
      14 0 12
      36 0 10
