      53 0 16
      63 0 16
      42 0 11
      57 0 12
      64 0 12
      38 0 12
      27 0 12
      71 0 11
      24 0 11
      26 0 11
      29 0 12
      56 0 12
      34 0 11
      44 0 11
      55 0 11
      59 0 12
      52 0 12
      39 0 11
      46 0 11
      50 0 12
      60 0 12
      45 0 11
      49 0 11
      65 0 11
      66 0 12
      74 0 12
      18 0 16
      41 0 16
      36 0 12
      19 0 12
      72 0 11
      77 0 12
      3 0 12
      4 0 11
      20 0 11
      21 0 12
      75 0 11
      8 0 11
      10 0 12
      15 0 12
      11 0 12
      6 0 16
      31 0 16
      13 0 12
      67 0 11
      69 0 12
      9 0 11
      16 0 12
      70 0 11
      73 0 11
      76 0 11
      78 0 12
      47 0 12
      32 0 11
      48 0 11
      61 0 12
