      41 0 18
      31 0 18
      52 0 13
      39 0 13
      24 0 13
      9 0 13
      16 0 14
      70 0 13
      20 0 13
      21 0 14
      75 0 13
      8 0 12
      10 0 13
      15 0 13
      19 0 13
      72 0 12
      77 0 13
      38 0 13
      71 0 13
      46 0 12
      50 0 13
      60 0 13
      73 0 13
      76 0 13
      78 0 14
      13 0 13
      67 0 12
      69 0 13
      27 0 13
      26 0 12
      29 0 13
      56 0 13
      14 0 15
      63 0 18
      6 0 18
      4 0 13
      32 0 13
      48 0 13
      61 0 14
      34 0 13
      11 0 13
      44 0 13
      55 0 13
      59 0 14
      42 0 12
      57 0 13
      64 0 13
      36 0 13
      45 0 13
      49 0 13
      65 0 13
      66 0 14
      53 0 18
      18 0 18
      3 0 13
      58 0 15
