      6 0 20
      18 0 20
      71 0 14
      73 0 14
      76 0 14
      78 0 15
      13 0 15
      67 0 14
      69 0 15
      19 0 15
      72 0 14
      77 0 15
      36 0 14
      45 0 14
      3 0 14
      34 0 14
      11 0 14
      4 0 14
      9 0 14
      16 0 15
      24 0 14
      70 0 14
      8 0 14
      10 0 15
      15 0 15
      27 0 14
      20 0 14
      21 0 15
      39 0 14
      75 0 14
      38 0 14
      47 0 15
      31 0 20
      53 0 20
      42 0 14
      57 0 15
      64 0 15
      46 0 14
      50 0 15
      60 0 15
      49 0 14
      65 0 14
      66 0 15
      52 0 14
      32 0 14
      48 0 14
      61 0 15
      26 0 14
      29 0 15
      56 0 15
      41 0 20
      63 0 20
      44 0 14
      55 0 14
      59 0 15
      74 0 15
