86 0 3
87 0 3
88 0 3
90 0 3
112 0 2
113 0 2
114 0 2
115 0 2
183 0 2
184 0 2
185 0 2
187 0 2
198 0 1
199 0 1
200 0 1
201 0 1
88 1 3
90 1 3
114 1 2
115 1 2
185 1 2
187 1 2
200 1 1
201 1 1
86 2 3
87 2 3
112 2 2
113 2 2
183 2 2
184 2 2
198 2 1
199 2 1
88 3 3
89 3 2
94 3 3
95 3 2
96 3 3
98 3 2
107 3 3
109 3 2
185 3 2
186 3 1
190 3 2
191 3 1
192 3 2
193 3 1
195 3 2
196 3 1
88 4 3
94 4 3
96 4 3
107 4 3
185 4 2
190 4 2
192 4 2
195 4 2
86 5 3
87 5 3
92 5 3
93 5 3
112 5 2
113 5 2
183 5 2
184 5 2
188 5 2
189 5 2
198 5 1
199 5 1
96 6 3
98 6 2
107 6 3
109 6 2
192 6 2
193 6 1
195 6 2
196 6 1
96 7 3
107 7 3
192 7 2
195 7 2
96 8 3
98 8 2
99 8 3
107 8 3
109 8 2
110 8 3
192 8 2
193 8 1
194 8 2
195 8 2
196 8 1
197 8 2
96 9 3
99 9 3
107 9 3
110 9 3
192 9 2
194 9 2
195 9 2
197 9 2
86 10 3
87 10 3
88 10 3
90 10 3
183 10 2
184 10 2
185 10 2
187 10 2
88 11 3
90 11 3
185 11 2
187 11 2
86 12 3
87 12 3
183 12 2
184 12 2
88 13 3
89 13 2
94 13 3
95 13 2
185 13 2
186 13 1
190 13 2
191 13 1
88 14 3
94 14 3
185 14 2
190 14 2
86 15 3
87 15 3
92 15 3
93 15 3
183 15 2
184 15 2
188 15 2
189 15 2
96 16 3
98 16 2
105 16 2
106 16 1
127 16 3
129 16 2
136 16 2
137 16 1
138 16 3
139 16 2
147 16 2
148 16 1
165 16 3
166 16 2
174 16 2
175 16 1
96 17 3
105 17 2
127 17 3
136 17 2
138 17 3
147 17 2
165 17 3
174 17 2
96 18 3
98 18 2
99 18 3
101 18 2
102 18 2
103 18 2
104 18 2
105 18 2
127 18 3
129 18 2
130 18 3
132 18 2
133 18 2
134 18 2
135 18 2
136 18 2
138 18 3
139 18 2
140 18 3
141 18 2
142 18 2
145 18 2
146 18 2
147 18 2
165 18 3
166 18 2
167 18 3
168 18 2
169 18 2
172 18 2
173 18 2
174 18 2
96 19 3
99 19 3
105 19 2
127 19 3
130 19 3
136 19 2
138 19 3
140 19 3
147 19 2
165 19 3
167 19 3
174 19 2
101 20 2
102 20 2
103 20 2
104 20 2
132 20 2
133 20 2
134 20 2
135 20 2
141 20 2
142 20 2
145 20 2
146 20 2
168 20 2
169 20 2
172 20 2
173 20 2
96 21 3
98 21 2
127 21 3
129 21 2
138 21 3
139 21 2
165 21 3
166 21 2
96 22 3
127 22 3
138 22 3
165 22 3
96 23 3
98 23 2
99 23 3
127 23 3
129 23 2
130 23 3
138 23 3
139 23 2
140 23 3
165 23 3
166 23 2
167 23 3
96 24 3
99 24 3
127 24 3
130 24 3
138 24 3
140 24 3
165 24 3
167 24 3
86 25 3
87 25 3
88 25 3
90 25 3
112 25 2
113 25 2
114 25 2
115 25 2
117 25 3
118 25 3
119 25 3
121 25 3
141 25 2
142 25 2
143 25 2
144 25 2
152 25 2
153 25 2
154 25 2
155 25 2
168 25 2
169 25 2
170 25 2
171 25 2
179 25 2
180 25 2
181 25 2
182 25 2
183 25 2
184 25 2
185 25 2
187 25 2
88 26 3
90 26 3
114 26 2
115 26 2
119 26 3
121 26 3
143 26 2
144 26 2
154 26 2
155 26 2
170 26 2
171 26 2
181 26 2
182 26 2
185 26 2
187 26 2
86 27 3
87 27 3
112 27 2
113 27 2
117 27 3
118 27 3
141 27 2
142 27 2
152 27 2
153 27 2
168 27 2
169 27 2
179 27 2
180 27 2
183 27 2
184 27 2
86 28 3
87 28 3
88 28 3
90 28 3
117 28 3
118 28 3
119 28 3
121 28 3
183 28 2
184 28 2
185 28 2
187 28 2
88 29 3
90 29 3
119 29 3
121 29 3
185 29 2
187 29 2
86 30 3
87 30 3
117 30 3
118 30 3
183 30 2
184 30 2
88 31 3
89 31 2
94 31 3
95 31 2
119 31 3
120 31 2
125 31 3
126 31 2
185 31 2
186 31 1
190 31 2
191 31 1
88 32 3
94 32 3
119 32 3
125 32 3
185 32 2
190 32 2
86 33 3
87 33 3
92 33 3
93 33 3
117 33 3
118 33 3
123 33 3
124 33 3
183 33 2
184 33 2
188 33 2
189 33 2
138 34 3
139 34 2
147 34 2
148 34 1
165 34 3
166 34 2
174 34 2
175 34 1
138 35 3
147 35 2
165 35 3
174 35 2
138 36 3
139 36 2
140 36 3
141 36 2
142 36 2
145 36 2
146 36 2
147 36 2
165 36 3
166 36 2
167 36 3
168 36 2
169 36 2
172 36 2
173 36 2
174 36 2
138 37 3
140 37 3
147 37 2
165 37 3
167 37 3
174 37 2
141 38 2
142 38 2
145 38 2
146 38 2
168 38 2
169 38 2
172 38 2
173 38 2
138 39 3
139 39 2
165 39 3
166 39 2
138 40 3
165 40 3
138 41 3
139 41 2
140 41 3
165 41 3
166 41 2
167 41 3
138 42 3
140 42 3
165 42 3
167 42 3
141 43 2
142 43 2
143 43 2
144 43 2
152 43 2
153 43 2
154 43 2
155 43 2
168 43 2
169 43 2
170 43 2
171 43 2
179 43 2
180 43 2
181 43 2
182 43 2
143 44 2
144 44 2
154 44 2
155 44 2
170 44 2
171 44 2
181 44 2
182 44 2
141 45 2
142 45 2
152 45 2
153 45 2
168 45 2
169 45 2
179 45 2
180 45 2
138 46 3
139 46 2
147 46 2
148 46 1
149 46 3
150 46 2
165 46 3
166 46 2
174 46 2
175 46 1
176 46 3
177 46 2
138 47 3
147 47 2
149 47 3
165 47 3
174 47 2
176 47 3
138 48 3
139 48 2
149 48 3
150 48 2
165 48 3
166 48 2
176 48 3
177 48 2
138 49 3
149 49 3
165 49 3
176 49 3
138 50 3
139 50 2
140 50 3
149 50 3
150 50 2
151 50 3
165 50 3
166 50 2
167 50 3
176 50 3
177 50 2
178 50 3
138 51 3
140 51 3
149 51 3
151 51 3
165 51 3
167 51 3
176 51 3
178 51 3
86 52 3
87 52 3
88 52 3
90 52 3
112 52 2
113 52 2
114 52 2
115 52 2
88 53 3
90 53 3
114 53 2
115 53 2
86 54 3
87 54 3
112 54 2
113 54 2
88 55 3
89 55 2
94 55 3
95 55 2
96 55 3
98 55 2
107 55 3
109 55 2
88 56 3
94 56 3
96 56 3
107 56 3
86 57 3
87 57 3
92 57 3
93 57 3
112 57 2
113 57 2
96 58 3
98 58 2
107 58 3
109 58 2
96 59 3
107 59 3
96 60 3
98 60 2
99 60 3
107 60 3
109 60 2
110 60 3
96 61 3
99 61 3
107 61 3
110 61 3
86 62 3
87 62 3
88 62 3
90 62 3
88 63 3
90 63 3
86 64 3
87 64 3
88 65 3
89 65 2
94 65 3
95 65 2
88 66 3
94 66 3
86 67 3
87 67 3
92 67 3
93 67 3
96 68 3
98 68 2
105 68 2
106 68 1
127 68 3
129 68 2
136 68 2
137 68 1
96 69 3
105 69 2
127 69 3
136 69 2
96 70 3
98 70 2
99 70 3
101 70 2
102 70 2
103 70 2
104 70 2
105 70 2
127 70 3
129 70 2
130 70 3
132 70 2
133 70 2
134 70 2
135 70 2
136 70 2
96 71 3
99 71 3
105 71 2
127 71 3
130 71 3
136 71 2
101 72 2
102 72 2
103 72 2
104 72 2
132 72 2
133 72 2
134 72 2
135 72 2
96 73 3
98 73 2
127 73 3
129 73 2
96 74 3
127 74 3
96 75 3
98 75 2
99 75 3
127 75 3
129 75 2
130 75 3
96 76 3
99 76 3
127 76 3
130 76 3
86 77 3
87 77 3
88 77 3
90 77 3
112 77 2
113 77 2
114 77 2
115 77 2
117 77 3
118 77 3
119 77 3
121 77 3
88 78 3
90 78 3
114 78 2
115 78 2
119 78 3
121 78 3
86 79 3
87 79 3
112 79 2
113 79 2
117 79 3
118 79 3
86 80 3
87 80 3
88 80 3
90 80 3
117 80 3
118 80 3
119 80 3
121 80 3
88 81 3
90 81 3
119 81 3
121 81 3
86 82 3
87 82 3
117 82 3
118 82 3
88 83 3
89 83 2
94 83 3
95 83 2
119 83 3
120 83 2
125 83 3
126 83 2
88 84 3
94 84 3
119 84 3
125 84 3
86 85 3
87 85 3
92 85 3
93 85 3
117 85 3
118 85 3
123 85 3
124 85 3
0 86 3
1 86 3
8 86 2
9 86 2
43 86 2
44 86 2
50 86 1
51 86 1
138 86 3
147 86 2
162 86 2
164 86 1
236 86 3
245 86 2
266 86 2
272 86 1
138 87 3
147 87 2
162 87 2
164 87 1
236 87 3
245 87 2
266 87 2
272 87 1
0 88 3
2 88 3
3 88 3
6 88 3
43 88 2
45 88 2
46 88 2
48 88 2
237 88 2
239 88 2
240 88 2
244 88 2
267 88 1
269 88 1
270 88 1
271 88 1
138 89 3
140 89 3
147 89 2
162 89 2
163 89 2
164 89 1
236 89 3
238 89 3
245 89 2
266 89 2
268 89 2
272 89 1
3 90 3
6 90 3
46 90 2
48 90 2
240 90 2
244 90 2
270 90 1
271 90 1
3 91 3
4 91 3
6 91 3
7 91 3
46 91 2
47 91 2
48 91 2
49 91 2
240 91 2
244 91 2
270 91 1
271 91 1
0 92 3
1 92 3
43 92 2
44 92 2
138 92 3
162 92 2
236 92 3
266 92 2
138 93 3
162 93 2
236 93 3
266 93 2
0 94 3
2 94 3
43 94 2
45 94 2
237 94 2
239 94 2
267 94 1
269 94 1
138 95 3
140 95 3
162 95 2
163 95 2
236 95 3
238 95 3
266 95 2
268 95 2
3 96 3
5 96 2
13 96 3
15 96 2
16 96 3
20 96 2
34 96 3
38 96 2
240 96 2
243 96 1
250 96 2
253 96 1
254 96 2
257 96 1
260 96 2
263 96 1
3 97 3
4 97 3
5 97 2
13 97 3
14 97 3
15 97 2
16 97 3
17 97 3
20 97 2
34 97 3
35 97 3
38 97 2
143 97 2
144 97 2
154 97 2
155 97 2
156 97 2
157 97 2
159 97 2
160 97 2
240 97 2
241 97 2
242 97 2
250 97 2
251 97 2
252 97 2
254 97 2
255 97 2
256 97 2
260 97 2
261 97 2
262 97 2
143 98 2
144 98 2
154 98 2
155 98 2
156 98 2
157 98 2
159 98 2
160 98 2
241 98 2
242 98 2
251 98 2
252 98 2
255 98 2
256 98 2
261 98 2
262 98 2
3 99 3
13 99 3
16 99 3
34 99 3
240 99 2
250 99 2
254 99 2
260 99 2
3 100 3
4 100 3
13 100 3
14 100 3
16 100 3
17 100 3
34 100 3
35 100 3
240 100 2
250 100 2
254 100 2
260 100 2
0 101 3
1 101 3
8 101 2
9 101 2
10 101 3
11 101 3
18 101 2
19 101 2
23 101 2
24 101 2
36 101 2
37 101 2
41 101 2
42 101 2
43 101 2
44 101 2
138 101 3
147 101 2
149 101 3
156 101 2
158 101 2
159 101 2
161 101 2
162 101 2
236 101 3
245 101 2
246 101 3
255 101 2
259 101 2
261 101 2
265 101 2
266 101 2
138 102 3
147 102 2
149 102 3
156 102 2
158 102 2
159 102 2
161 102 2
162 102 2
236 102 3
245 102 2
246 102 3
255 102 2
259 102 2
261 102 2
265 102 2
266 102 2
0 103 3
1 103 3
10 103 3
11 103 3
43 103 2
44 103 2
138 103 3
149 103 3
162 103 2
236 103 3
246 103 3
266 103 2
138 104 3
149 104 3
162 104 2
236 104 3
246 104 3
266 104 2
0 105 3
2 105 3
10 105 3
12 105 3
43 105 2
45 105 2
237 105 2
239 105 2
247 105 2
249 105 2
267 105 1
269 105 1
138 106 3
140 106 3
149 106 3
151 106 3
162 106 2
163 106 2
236 106 3
238 106 3
246 106 3
248 106 3
266 106 2
268 106 2
16 107 3
20 107 2
34 107 3
38 107 2
254 107 2
257 107 1
260 107 2
263 107 1
16 108 3
17 108 3
20 108 2
34 108 3
35 108 3
38 108 2
156 108 2
157 108 2
159 108 2
160 108 2
254 108 2
255 108 2
256 108 2
260 108 2
261 108 2
262 108 2
156 109 2
157 109 2
159 109 2
160 109 2
255 109 2
256 109 2
261 109 2
262 109 2
16 110 3
34 110 3
254 110 2
260 110 2
16 111 3
17 111 3
34 111 3
35 111 3
254 111 2
260 111 2
18 112 2
19 112 2
23 112 2
24 112 2
36 112 2
37 112 2
41 112 2
42 112 2
156 112 2
158 112 2
159 112 2
161 112 2
255 112 2
259 112 2
261 112 2
265 112 2
156 113 2
158 113 2
159 113 2
161 113 2
255 113 2
259 113 2
261 113 2
265 113 2
16 114 3
20 114 2
21 114 3
34 114 3
38 114 2
39 114 3
254 114 2
257 114 1
258 114 2
260 114 2
263 114 1
264 114 2
16 115 3
21 115 3
34 115 3
39 115 3
254 115 2
258 115 2
260 115 2
264 115 2
16 116 3
17 116 3
21 116 3
22 116 3
34 116 3
35 116 3
39 116 3
40 116 3
254 116 2
258 116 2
260 116 2
264 116 2
0 117 3
1 117 3
8 117 2
9 117 2
138 117 3
147 117 2
236 117 3
245 117 2
138 118 3
147 118 2
236 118 3
245 118 2
0 119 3
2 119 3
3 119 3
6 119 3
237 119 2
239 119 2
240 119 2
244 119 2
138 120 3
140 120 3
147 120 2
236 120 3
238 120 3
245 120 2
3 121 3
6 121 3
240 121 2
244 121 2
3 122 3
4 122 3
6 122 3
7 122 3
240 122 2
244 122 2
0 123 3
1 123 3
138 123 3
236 123 3
138 124 3
236 124 3
0 125 3
2 125 3
237 125 2
239 125 2
138 126 3
140 126 3
236 126 3
238 126 3
3 127 3
5 127 2
13 127 3
15 127 2
240 127 2
243 127 1
250 127 2
253 127 1
3 128 3
4 128 3
5 128 2
13 128 3
14 128 3
15 128 2
143 128 2
144 128 2
154 128 2
155 128 2
240 128 2
241 128 2
242 128 2
250 128 2
251 128 2
252 128 2
143 129 2
144 129 2
154 129 2
155 129 2
241 129 2
242 129 2
251 129 2
252 129 2
3 130 3
13 130 3
240 130 2
250 130 2
3 131 3
4 131 3
13 131 3
14 131 3
240 131 2
250 131 2
0 132 3
1 132 3
8 132 2
9 132 2
10 132 3
11 132 3
138 132 3
147 132 2
149 132 3
236 132 3
245 132 2
246 132 3
138 133 3
147 133 2
149 133 3
236 133 3
245 133 2
246 133 3
0 134 3
1 134 3
10 134 3
11 134 3
138 134 3
149 134 3
236 134 3
246 134 3
138 135 3
149 135 3
236 135 3
246 135 3
0 136 3
2 136 3
10 136 3
12 136 3
237 136 2
239 136 2
247 136 2
249 136 2
138 137 3
140 137 3
149 137 3
151 137 3
236 137 3
238 137 3
246 137 3
248 137 3
16 138 3
20 138 2
31 138 2
33 138 1
68 138 3
72 138 2
83 138 2
85 138 1
86 138 3
91 138 2
112 138 2
116 138 1
202 138 3
205 138 2
219 138 2
222 138 1
88 139 3
90 139 3
114 139 2
115 139 2
185 139 2
187 139 2
200 139 1
201 139 1
203 139 3
204 139 3
220 139 2
221 139 2
16 140 3
31 140 2
68 140 3
83 140 2
86 140 3
112 140 2
202 140 3
219 140 2
18 141 2
19 141 2
23 141 2
24 141 2
25 141 2
26 141 2
28 141 2
29 141 2
70 141 2
71 141 2
75 141 2
76 141 2
77 141 2
78 141 2
80 141 2
81 141 2
88 141 3
89 141 2
94 141 3
95 141 2
96 141 3
98 141 2
107 141 3
109 141 2
185 141 2
190 141 2
192 141 2
195 141 2
203 141 3
207 141 3
208 141 3
215 141 3
88 142 3
94 142 3
96 142 3
107 142 3
185 142 2
190 142 2
192 142 2
195 142 2
203 142 3
207 142 3
208 142 3
215 142 3
16 143 3
20 143 2
21 143 3
25 143 2
27 143 2
28 143 2
30 143 2
31 143 2
68 143 3
72 143 2
73 143 3
77 143 2
79 143 2
80 143 2
82 143 2
83 143 2
86 143 3
91 143 2
92 143 3
97 143 2
100 143 2
108 143 2
111 143 2
112 143 2
202 143 3
205 143 2
206 143 3
209 143 2
211 143 2
216 143 2
218 143 2
219 143 2
16 144 3
21 144 3
31 144 2
68 144 3
73 144 3
83 144 2
86 144 3
92 144 3
112 144 2
202 144 3
206 144 3
219 144 2
25 145 2
26 145 2
28 145 2
29 145 2
77 145 2
78 145 2
80 145 2
81 145 2
96 145 3
98 145 2
107 145 3
109 145 2
192 145 2
195 145 2
208 145 3
215 145 3
96 146 3
107 146 3
192 146 2
195 146 2
208 146 3
215 146 3
25 147 2
27 147 2
28 147 2
30 147 2
77 147 2
79 147 2
80 147 2
82 147 2
97 147 2
100 147 2
108 147 2
111 147 2
209 147 2
211 147 2
216 147 2
218 147 2
96 148 3
99 148 3
107 148 3
110 148 3
192 148 2
194 148 2
195 148 2
197 148 2
208 148 3
210 148 3
215 148 3
217 148 3
16 149 3
20 149 2
68 149 3
72 149 2
86 149 3
91 149 2
202 149 3
205 149 2
88 150 3
90 150 3
185 150 2
187 150 2
203 150 3
204 150 3
16 151 3
68 151 3
86 151 3
202 151 3
18 152 2
19 152 2
23 152 2
24 152 2
70 152 2
71 152 2
75 152 2
76 152 2
88 152 3
89 152 2
94 152 3
95 152 2
185 152 2
190 152 2
203 152 3
207 152 3
88 153 3
94 153 3
185 153 2
190 153 2
203 153 3
207 153 3
16 154 3
20 154 2
21 154 3
68 154 3
72 154 2
73 154 3
86 154 3
91 154 2
92 154 3
202 154 3
205 154 2
206 154 3
16 155 3
21 155 3
68 155 3
73 155 3
86 155 3
92 155 3
202 155 3
206 155 3
0 156 3
2 156 3
3 156 3
6 156 3
43 156 2
45 156 2
46 156 2
48 156 2
52 156 3
54 156 3
55 156 3
58 156 3
97 156 2
100 156 2
101 156 2
103 156 2
128 156 2
131 156 2
132 156 2
134 156 2
209 156 2
211 156 2
212 156 2
213 156 2
230 156 2
232 156 2
233 156 2
234 156 2
237 156 2
239 156 2
240 156 2
244 156 2
3 157 3
6 157 3
46 157 2
48 157 2
55 157 3
58 157 3
101 157 2
103 157 2
132 157 2
134 157 2
212 157 2
213 157 2
233 157 2
234 157 2
240 157 2
244 157 2
0 158 3
2 158 3
43 158 2
45 158 2
52 158 3
54 158 3
97 158 2
100 158 2
128 158 2
131 158 2
209 158 2
211 158 2
230 158 2
232 158 2
237 158 2
239 158 2
0 159 3
2 159 3
3 159 3
6 159 3
52 159 3
54 159 3
55 159 3
58 159 3
237 159 2
239 159 2
240 159 2
244 159 2
3 160 3
6 160 3
55 160 3
58 160 3
240 160 2
244 160 2
0 161 3
2 161 3
52 161 3
54 161 3
237 161 2
239 161 2
3 162 3
5 162 2
13 162 3
15 162 2
55 162 3
57 162 2
65 162 3
67 162 2
240 162 2
243 162 1
250 162 2
253 162 1
3 163 3
13 163 3
55 163 3
65 163 3
240 163 2
250 163 2
0 164 3
2 164 3
10 164 3
12 164 3
52 164 3
54 164 3
62 164 3
64 164 3
237 164 2
239 164 2
247 164 2
249 164 2
86 165 3
91 165 2
112 165 2
116 165 1
202 165 3
205 165 2
219 165 2
222 165 1
88 166 3
90 166 3
114 166 2
115 166 2
203 166 3
204 166 3
220 166 2
221 166 2
86 167 3
112 167 2
202 167 3
219 167 2
88 168 3
89 168 2
94 168 3
95 168 2
96 168 3
98 168 2
107 168 3
109 168 2
203 168 3
207 168 3
208 168 3
215 168 3
88 169 3
94 169 3
96 169 3
107 169 3
203 169 3
207 169 3
208 169 3
215 169 3
86 170 3
91 170 2
92 170 3
97 170 2
100 170 2
108 170 2
111 170 2
112 170 2
202 170 3
205 170 2
206 170 3
209 170 2
211 170 2
216 170 2
218 170 2
219 170 2
86 171 3
92 171 3
112 171 2
202 171 3
206 171 3
219 171 2
96 172 3
98 172 2
107 172 3
109 172 2
208 172 3
215 172 3
96 173 3
107 173 3
208 173 3
215 173 3
97 174 2
100 174 2
108 174 2
111 174 2
209 174 2
211 174 2
216 174 2
218 174 2
96 175 3
99 175 3
107 175 3
110 175 3
208 175 3
210 175 3
215 175 3
217 175 3
86 176 3
91 176 2
202 176 3
205 176 2
88 177 3
90 177 3
203 177 3
204 177 3
86 178 3
202 178 3
88 179 3
89 179 2
94 179 3
95 179 2
203 179 3
207 179 3
88 180 3
94 180 3
203 180 3
207 180 3
86 181 3
91 181 2
92 181 3
202 181 3
205 181 2
206 181 3
86 182 3
92 182 3
202 182 3
206 182 3
96 183 3
98 183 2
105 183 2
106 183 1
127 183 3
129 183 2
136 183 2
137 183 1
208 183 3
214 183 2
229 183 3
235 183 2
96 184 3
105 184 2
127 184 3
136 184 2
208 184 3
214 184 2
229 184 3
235 184 2
97 185 2
100 185 2
101 185 2
103 185 2
128 185 2
131 185 2
132 185 2
134 185 2
209 185 2
211 185 2
212 185 2
213 185 2
230 185 2
232 185 2
233 185 2
234 185 2
96 186 3
99 186 3
105 186 2
127 186 3
130 186 3
136 186 2
208 186 3
210 186 3
214 186 2
229 186 3
231 186 3
235 186 2
101 187 2
103 187 2
132 187 2
134 187 2
212 187 2
213 187 2
233 187 2
234 187 2
96 188 3
98 188 2
127 188 3
129 188 2
208 188 3
229 188 3
96 189 3
127 189 3
208 189 3
229 189 3
97 190 2
100 190 2
128 190 2
131 190 2
209 190 2
211 190 2
230 190 2
232 190 2
96 191 3
99 191 3
127 191 3
130 191 3
208 191 3
210 191 3
229 191 3
231 191 3
86 192 3
91 192 2
112 192 2
116 192 1
117 192 3
122 192 2
202 192 3
205 192 2
219 192 2
222 192 1
223 192 3
226 192 2
88 193 3
90 193 3
114 193 2
115 193 2
119 193 3
121 193 3
203 193 3
204 193 3
220 193 2
221 193 2
224 193 3
225 193 3
86 194 3
112 194 2
117 194 3
202 194 3
219 194 2
223 194 3
86 195 3
91 195 2
117 195 3
122 195 2
202 195 3
205 195 2
223 195 3
226 195 2
88 196 3
90 196 3
119 196 3
121 196 3
203 196 3
204 196 3
224 196 3
225 196 3
86 197 3
117 197 3
202 197 3
223 197 3
88 198 3
89 198 2
94 198 3
95 198 2
119 198 3
120 198 2
125 198 3
126 198 2
203 198 3
207 198 3
224 198 3
228 198 3
88 199 3
94 199 3
119 199 3
125 199 3
203 199 3
207 199 3
224 199 3
228 199 3
86 200 3
91 200 2
92 200 3
117 200 3
122 200 2
123 200 3
202 200 3
205 200 2
206 200 3
223 200 3
226 200 2
227 200 3
86 201 3
92 201 3
117 201 3
123 201 3
202 201 3
206 201 3
223 201 3
227 201 3
0 202 3
1 202 3
8 202 2
9 202 2
43 202 2
44 202 2
50 202 1
51 202 1
0 203 3
2 203 3
3 203 3
6 203 3
43 203 2
45 203 2
46 203 2
48 203 2
3 204 3
6 204 3
46 204 2
48 204 2
3 205 3
4 205 3
6 205 3
7 205 3
46 205 2
47 205 2
48 205 2
49 205 2
0 206 3
1 206 3
43 206 2
44 206 2
0 207 3
2 207 3
43 207 2
45 207 2
3 208 3
5 208 2
13 208 3
15 208 2
16 208 3
20 208 2
34 208 3
38 208 2
3 209 3
4 209 3
5 209 2
13 209 3
14 209 3
15 209 2
16 209 3
17 209 3
20 209 2
34 209 3
35 209 3
38 209 2
3 210 3
13 210 3
16 210 3
34 210 3
3 211 3
4 211 3
13 211 3
14 211 3
16 211 3
17 211 3
34 211 3
35 211 3
0 212 3
1 212 3
8 212 2
9 212 2
10 212 3
11 212 3
18 212 2
19 212 2
23 212 2
24 212 2
36 212 2
37 212 2
41 212 2
42 212 2
43 212 2
44 212 2
0 213 3
1 213 3
10 213 3
11 213 3
43 213 2
44 213 2
0 214 3
2 214 3
10 214 3
12 214 3
43 214 2
45 214 2
16 215 3
20 215 2
34 215 3
38 215 2
16 216 3
17 216 3
20 216 2
34 216 3
35 216 3
38 216 2
16 217 3
34 217 3
16 218 3
17 218 3
34 218 3
35 218 3
18 219 2
19 219 2
23 219 2
24 219 2
36 219 2
37 219 2
41 219 2
42 219 2
16 220 3
20 220 2
21 220 3
34 220 3
38 220 2
39 220 3
16 221 3
21 221 3
34 221 3
39 221 3
16 222 3
17 222 3
21 222 3
22 222 3
34 222 3
35 222 3
39 222 3
40 222 3
0 223 3
1 223 3
8 223 2
9 223 2
0 224 3
2 224 3
3 224 3
6 224 3
3 225 3
6 225 3
3 226 3
4 226 3
6 226 3
7 226 3
0 227 3
1 227 3
0 228 3
2 228 3
3 229 3
5 229 2
13 229 3
15 229 2
3 230 3
4 230 3
5 230 2
13 230 3
14 230 3
15 230 2
3 231 3
13 231 3
3 232 3
4 232 3
13 232 3
14 232 3
0 233 3
1 233 3
8 233 2
9 233 2
10 233 3
11 233 3
0 234 3
1 234 3
10 234 3
11 234 3
0 235 3
2 235 3
10 235 3
12 235 3
16 236 3
20 236 2
31 236 2
33 236 1
68 236 3
72 236 2
83 236 2
85 236 1
16 237 3
17 237 3
20 237 2
31 237 2
32 237 2
33 237 1
68 237 3
69 237 3
72 237 2
83 237 2
84 237 2
85 237 1
16 238 3
31 238 2
68 238 3
83 238 2
16 239 3
17 239 3
31 239 2
32 239 2
68 239 3
69 239 3
83 239 2
84 239 2
18 240 2
19 240 2
23 240 2
24 240 2
25 240 2
26 240 2
28 240 2
29 240 2
70 240 2
71 240 2
75 240 2
76 240 2
77 240 2
78 240 2
80 240 2
81 240 2
16 241 3
20 241 2
21 241 3
25 241 2
27 241 2
28 241 2
30 241 2
31 241 2
68 241 3
72 241 2
73 241 3
77 241 2
79 241 2
80 241 2
82 241 2
83 241 2
16 242 3
21 242 3
31 242 2
68 242 3
73 242 3
83 242 2
16 243 3
17 243 3
21 243 3
22 243 3
31 243 2
32 243 2
68 243 3
69 243 3
73 243 3
74 243 3
83 243 2
84 243 2
25 244 2
26 244 2
28 244 2
29 244 2
77 244 2
78 244 2
80 244 2
81 244 2
25 245 2
27 245 2
28 245 2
30 245 2
77 245 2
79 245 2
80 245 2
82 245 2
16 246 3
20 246 2
68 246 3
72 246 2
16 247 3
17 247 3
20 247 2
68 247 3
69 247 3
72 247 2
16 248 3
68 248 3
16 249 3
17 249 3
68 249 3
69 249 3
18 250 2
19 250 2
23 250 2
24 250 2
70 250 2
71 250 2
75 250 2
76 250 2
16 251 3
20 251 2
21 251 3
68 251 3
72 251 2
73 251 3
16 252 3
21 252 3
68 252 3
73 252 3
16 253 3
17 253 3
21 253 3
22 253 3
68 253 3
69 253 3
73 253 3
74 253 3
0 254 3
1 254 3
8 254 2
9 254 2
43 254 2
44 254 2
50 254 1
51 254 1
52 254 3
53 254 3
60 254 2
61 254 2
0 255 3
2 255 3
3 255 3
6 255 3
43 255 2
45 255 2
46 255 2
48 255 2
52 255 3
54 255 3
55 255 3
58 255 3
3 256 3
6 256 3
46 256 2
48 256 2
55 256 3
58 256 3
3 257 3
4 257 3
6 257 3
7 257 3
46 257 2
47 257 2
48 257 2
49 257 2
55 257 3
56 257 3
58 257 3
59 257 3
0 258 3
1 258 3
43 258 2
44 258 2
52 258 3
53 258 3
0 259 3
2 259 3
43 259 2
45 259 2
52 259 3
54 259 3
0 260 3
1 260 3
8 260 2
9 260 2
52 260 3
53 260 3
60 260 2
61 260 2
0 261 3
2 261 3
3 261 3
6 261 3
52 261 3
54 261 3
55 261 3
58 261 3
3 262 3
6 262 3
55 262 3
58 262 3
3 263 3
4 263 3
6 263 3
7 263 3
55 263 3
56 263 3
58 263 3
59 263 3
0 264 3
1 264 3
52 264 3
53 264 3
0 265 3
2 265 3
52 265 3
54 265 3
3 266 3
5 266 2
13 266 3
15 266 2
55 266 3
57 266 2
65 266 3
67 266 2
3 267 3
4 267 3
5 267 2
13 267 3
14 267 3
15 267 2
55 267 3
56 267 3
57 267 2
65 267 3
66 267 3
67 267 2
3 268 3
13 268 3
55 268 3
65 268 3
3 269 3
4 269 3
13 269 3
14 269 3
55 269 3
56 269 3
65 269 3
66 269 3
0 270 3
1 270 3
8 270 2
9 270 2
10 270 3
11 270 3
52 270 3
53 270 3
60 270 2
61 270 2
62 270 3
63 270 3
0 271 3
1 271 3
10 271 3
11 271 3
52 271 3
53 271 3
62 271 3
63 271 3
0 272 3
2 272 3
10 272 3
12 272 3
52 272 3
54 272 3
62 272 3
64 272 3
