42 0 3
44 0 2
54 0 2
55 0 1
90 0 2
91 0 1
97 0 1
98 0 0
42 1 3
54 1 2
90 1 2
97 1 1
42 2 3
44 2 2
45 2 3
47 2 2
48 2 2
52 2 2
53 2 2
54 2 2
90 2 2
91 2 1
92 2 2
93 2 1
94 2 1
95 2 1
96 2 1
97 2 1
42 3 3
45 3 3
54 3 2
90 3 2
92 3 2
97 3 1
47 4 2
48 4 2
52 4 2
53 4 2
93 4 1
94 4 1
95 4 1
96 4 1
42 5 3
44 5 2
90 5 2
91 5 1
42 6 3
90 6 2
42 7 3
44 7 2
45 7 3
90 7 2
91 7 1
92 7 2
42 8 3
45 8 3
90 8 2
92 8 2
47 9 2
48 9 2
49 9 2
50 9 2
61 9 2
62 9 2
63 9 2
64 9 2
66 9 2
67 9 2
68 9 2
70 9 2
81 9 2
82 9 2
83 9 2
85 9 2
49 10 2
50 10 2
63 10 2
64 10 2
68 10 2
70 10 2
83 10 2
85 10 2
47 11 2
48 11 2
61 11 2
62 11 2
66 11 2
67 11 2
81 11 2
82 11 2
42 12 3
44 12 2
54 12 2
55 12 1
56 12 3
58 12 2
68 12 2
69 12 1
73 12 2
74 12 1
83 12 2
84 12 1
88 12 2
89 12 1
90 12 2
91 12 1
42 13 3
54 13 2
56 13 3
68 13 2
73 13 2
83 13 2
88 13 2
90 13 2
42 14 3
44 14 2
56 14 3
58 14 2
90 14 2
91 14 1
42 15 3
56 15 3
90 15 2
42 16 3
44 16 2
45 16 3
56 16 3
58 16 2
59 16 3
90 16 2
91 16 1
92 16 2
42 17 3
45 17 3
56 17 3
59 17 3
90 17 2
92 17 2
66 18 2
67 18 2
68 18 2
70 18 2
81 18 2
82 18 2
83 18 2
85 18 2
68 19 2
70 19 2
83 19 2
85 19 2
66 20 2
67 20 2
81 20 2
82 20 2
68 21 2
69 21 1
73 21 2
74 21 1
83 21 2
84 21 1
88 21 2
89 21 1
68 22 2
73 22 2
83 22 2
88 22 2
66 23 2
67 23 2
71 23 2
72 23 2
81 23 2
82 23 2
86 23 2
87 23 2
42 24 3
44 24 2
54 24 2
55 24 1
42 25 3
54 25 2
42 26 3
44 26 2
45 26 3
47 26 2
48 26 2
52 26 2
53 26 2
54 26 2
42 27 3
45 27 3
54 27 2
47 28 2
48 28 2
52 28 2
53 28 2
42 29 3
44 29 2
42 30 3
42 31 3
44 31 2
45 31 3
42 32 3
45 32 3
47 33 2
48 33 2
49 33 2
50 33 2
61 33 2
62 33 2
63 33 2
64 33 2
49 34 2
50 34 2
63 34 2
64 34 2
47 35 2
48 35 2
61 35 2
62 35 2
42 36 3
44 36 2
54 36 2
55 36 1
56 36 3
58 36 2
42 37 3
54 37 2
56 37 3
42 38 3
44 38 2
56 38 3
58 38 2
42 39 3
56 39 3
42 40 3
44 40 2
45 40 3
56 40 3
58 40 2
59 40 3
42 41 3
45 41 3
56 41 3
59 41 3
0 42 3
4 42 2
21 42 2
23 42 1
117 42 2
120 42 1
131 42 1
134 42 0
0 43 3
1 43 3
4 43 2
21 43 2
22 43 2
23 43 1
68 43 2
70 43 2
79 43 1
80 43 1
117 43 2
118 43 2
119 43 2
131 43 1
132 43 1
133 43 1
68 44 2
70 44 2
79 44 1
80 44 1
118 44 2
119 44 2
132 44 1
133 44 1
0 45 3
21 45 2
117 45 2
131 45 1
0 46 3
1 46 3
21 46 2
22 46 2
117 46 2
131 46 1
2 47 2
3 47 2
7 47 2
8 47 2
9 47 2
10 47 2
18 47 2
19 47 2
68 47 2
73 47 2
75 47 2
77 47 2
118 47 2
122 47 2
123 47 2
127 47 2
68 48 2
73 48 2
75 48 2
77 48 2
118 48 2
122 48 2
123 48 2
127 48 2
0 49 3
4 49 2
5 49 3
9 49 2
11 49 2
18 49 2
20 49 2
21 49 2
117 49 2
120 49 1
121 49 2
124 49 1
126 49 1
128 49 1
130 49 1
131 49 1
0 50 3
5 50 3
21 50 2
117 50 2
121 50 2
131 50 1
0 51 3
1 51 3
5 51 3
6 51 3
21 51 2
22 51 2
117 51 2
121 51 2
131 51 1
9 52 2
10 52 2
18 52 2
19 52 2
75 52 2
77 52 2
123 52 2
127 52 2
75 53 2
77 53 2
123 53 2
127 53 2
9 54 2
11 54 2
18 54 2
20 54 2
124 54 1
126 54 1
128 54 1
130 54 1
75 55 2
76 55 2
77 55 2
78 55 2
123 55 2
125 55 2
127 55 2
129 55 2
0 56 3
4 56 2
117 56 2
120 56 1
0 57 3
1 57 3
4 57 2
68 57 2
70 57 2
117 57 2
118 57 2
119 57 2
68 58 2
70 58 2
118 58 2
119 58 2
0 59 3
117 59 2
0 60 3
1 60 3
117 60 2
2 61 2
3 61 2
7 61 2
8 61 2
68 61 2
73 61 2
118 61 2
122 61 2
68 62 2
73 62 2
118 62 2
122 62 2
0 63 3
4 63 2
5 63 3
117 63 2
120 63 1
121 63 2
0 64 3
5 64 3
117 64 2
121 64 2
0 65 3
1 65 3
5 65 3
6 65 3
117 65 2
121 65 2
9 66 2
10 66 2
16 66 1
17 66 1
33 66 2
34 66 2
40 66 1
41 66 1
42 66 3
44 66 2
54 66 2
55 66 1
90 66 2
97 66 1
99 66 3
108 66 2
42 67 3
54 67 2
90 67 2
97 67 1
99 67 3
108 67 2
9 68 2
11 68 2
12 68 2
14 68 2
33 68 2
35 68 2
36 68 2
38 68 2
43 68 2
46 68 2
47 68 2
52 68 2
100 68 2
102 68 2
103 68 2
107 68 2
42 69 3
45 69 3
54 69 2
90 69 2
92 69 2
97 69 1
99 69 3
101 69 3
108 69 2
12 70 2
14 70 2
36 70 2
38 70 2
47 70 2
52 70 2
103 70 2
107 70 2
9 71 2
10 71 2
33 71 2
34 71 2
42 71 3
44 71 2
90 71 2
99 71 3
42 72 3
90 72 2
99 72 3
9 73 2
11 73 2
33 73 2
35 73 2
43 73 2
46 73 2
100 73 2
102 73 2
42 74 3
45 74 3
90 74 2
92 74 2
99 74 3
101 74 3
0 75 3
4 75 2
21 75 2
23 75 1
24 75 3
28 75 2
47 75 2
51 75 1
61 75 2
65 75 1
103 75 2
106 75 1
113 75 2
116 75 1
117 75 2
120 75 1
0 76 3
21 76 2
24 76 3
47 76 2
61 76 2
103 76 2
113 76 2
117 76 2
0 77 3
4 77 2
24 77 3
28 77 2
117 77 2
120 77 1
0 78 3
24 78 3
117 78 2
0 79 3
4 79 2
5 79 3
24 79 3
28 79 2
29 79 3
117 79 2
120 79 1
121 79 2
0 80 3
5 80 3
24 80 3
29 80 3
117 80 2
121 80 2
42 81 3
44 81 2
54 81 2
55 81 1
99 81 3
108 81 2
42 82 3
54 82 2
99 82 3
108 82 2
43 83 2
46 83 2
47 83 2
52 83 2
100 83 2
102 83 2
103 83 2
107 83 2
42 84 3
45 84 3
54 84 2
99 84 3
101 84 3
108 84 2
47 85 2
52 85 2
103 85 2
107 85 2
42 86 3
44 86 2
99 86 3
42 87 3
99 87 3
43 88 2
46 88 2
100 88 2
102 88 2
42 89 3
45 89 3
99 89 3
101 89 3
47 90 2
51 90 1
61 90 2
65 90 1
103 90 2
106 90 1
113 90 2
116 90 1
49 91 2
50 91 2
63 91 2
64 91 2
104 91 2
105 91 2
114 91 2
115 91 2
47 92 2
61 92 2
103 92 2
113 92 2
42 93 3
44 93 2
54 93 2
55 93 1
56 93 3
58 93 2
99 93 3
108 93 2
109 93 3
42 94 3
54 94 2
56 94 3
99 94 3
108 94 2
109 94 3
42 95 3
44 95 2
56 95 3
58 95 2
99 95 3
109 95 3
42 96 3
56 96 3
99 96 3
109 96 3
43 97 2
46 97 2
57 97 2
60 97 2
100 97 2
102 97 2
110 97 2
112 97 2
42 98 3
45 98 3
56 98 3
59 98 3
99 98 3
101 98 3
109 98 3
111 98 3
0 99 3
4 99 2
21 99 2
23 99 1
0 100 3
1 100 3
4 100 2
21 100 2
22 100 2
23 100 1
0 101 3
21 101 2
0 102 3
1 102 3
21 102 2
22 102 2
2 103 2
3 103 2
7 103 2
8 103 2
9 103 2
10 103 2
18 103 2
19 103 2
0 104 3
4 104 2
5 104 3
9 104 2
11 104 2
18 104 2
20 104 2
21 104 2
0 105 3
5 105 3
21 105 2
0 106 3
1 106 3
5 106 3
6 106 3
21 106 2
22 106 2
9 107 2
10 107 2
18 107 2
19 107 2
9 108 2
11 108 2
18 108 2
20 108 2
0 109 3
4 109 2
0 110 3
1 110 3
4 110 2
0 111 3
0 112 3
1 112 3
2 113 2
3 113 2
7 113 2
8 113 2
0 114 3
4 114 2
5 114 3
0 115 3
5 115 3
0 116 3
1 116 3
5 116 3
6 116 3
9 117 2
10 117 2
16 117 1
17 117 1
33 117 2
34 117 2
40 117 1
41 117 1
9 118 2
11 118 2
12 118 2
14 118 2
33 118 2
35 118 2
36 118 2
38 118 2
12 119 2
14 119 2
36 119 2
38 119 2
12 120 2
13 120 2
14 120 2
15 120 2
36 120 2
37 120 2
38 120 2
39 120 2
9 121 2
10 121 2
33 121 2
34 121 2
9 122 2
11 122 2
33 122 2
35 122 2
0 123 3
4 123 2
21 123 2
23 123 1
24 123 3
28 123 2
0 124 3
1 124 3
4 124 2
21 124 2
22 124 2
23 124 1
24 124 3
25 124 3
28 124 2
0 125 3
21 125 2
24 125 3
0 126 3
1 126 3
21 126 2
22 126 2
24 126 3
25 126 3
0 127 3
4 127 2
24 127 3
28 127 2
0 128 3
1 128 3
4 128 2
24 128 3
25 128 3
28 128 2
0 129 3
24 129 3
0 130 3
1 130 3
24 130 3
25 130 3
2 131 2
3 131 2
7 131 2
8 131 2
26 131 2
27 131 2
31 131 2
32 131 2
0 132 3
4 132 2
5 132 3
24 132 3
28 132 2
29 132 3
0 133 3
5 133 3
24 133 3
29 133 3
0 134 3
1 134 3
5 134 3
6 134 3
24 134 3
25 134 3
29 134 3
30 134 3
