204 0 4
206 0 3
216 0 3
217 0 2
263 0 3
265 0 2
272 0 2
273 0 1
436 0 3
437 0 2
445 0 2
446 0 1
472 0 2
473 0 1
479 0 1
480 0 0
204 1 4
216 1 3
263 1 3
272 1 2
436 1 3
445 1 2
472 1 2
479 1 1
204 2 4
206 2 3
207 2 4
209 2 3
210 2 3
214 2 3
215 2 3
216 2 3
263 2 3
265 2 2
266 2 3
268 2 2
269 2 2
270 2 2
271 2 2
272 2 2
436 2 3
437 2 2
438 2 3
439 2 2
440 2 2
443 2 2
444 2 2
445 2 2
472 2 2
473 2 1
474 2 2
475 2 1
476 2 1
477 2 1
478 2 1
479 2 1
204 3 4
207 3 4
216 3 3
263 3 3
266 3 3
272 3 2
436 3 3
438 3 3
445 3 2
472 3 2
474 3 2
479 3 1
209 4 3
210 4 3
214 4 3
215 4 3
268 4 2
269 4 2
270 4 2
271 4 2
439 4 2
440 4 2
443 4 2
444 4 2
475 4 1
476 4 1
477 4 1
478 4 1
204 5 4
206 5 3
263 5 3
265 5 2
436 5 3
437 5 2
472 5 2
473 5 1
204 6 4
263 6 3
436 6 3
472 6 2
204 7 4
206 7 3
207 7 4
263 7 3
265 7 2
266 7 3
436 7 3
437 7 2
438 7 3
472 7 2
473 7 1
474 7 2
204 8 4
207 8 4
263 8 3
266 8 3
436 8 3
438 8 3
472 8 2
474 8 2
209 9 3
210 9 3
211 9 3
212 9 3
223 9 3
224 9 3
225 9 3
226 9 3
228 9 3
229 9 3
230 9 3
232 9 3
253 9 3
254 9 3
255 9 3
257 9 3
439 9 2
440 9 2
441 9 2
442 9 2
450 9 2
451 9 2
452 9 2
453 9 2
454 9 2
455 9 2
456 9 2
458 9 2
463 9 2
464 9 2
465 9 2
467 9 2
211 10 3
212 10 3
225 10 3
226 10 3
230 10 3
232 10 3
255 10 3
257 10 3
441 10 2
442 10 2
452 10 2
453 10 2
456 10 2
458 10 2
465 10 2
467 10 2
209 11 3
210 11 3
223 11 3
224 11 3
228 11 3
229 11 3
253 11 3
254 11 3
439 11 2
440 11 2
450 11 2
451 11 2
454 11 2
455 11 2
463 11 2
464 11 2
204 12 4
206 12 3
216 12 3
217 12 2
218 12 4
220 12 3
230 12 3
231 12 2
236 12 3
237 12 2
255 12 3
256 12 2
261 12 3
262 12 2
263 12 3
265 12 2
436 12 3
437 12 2
445 12 2
446 12 1
447 12 3
448 12 2
456 12 2
457 12 1
461 12 2
462 12 1
465 12 2
466 12 1
470 12 2
471 12 1
472 12 2
473 12 1
204 13 4
216 13 3
218 13 4
230 13 3
236 13 3
255 13 3
261 13 3
263 13 3
436 13 3
445 13 2
447 13 3
456 13 2
461 13 2
465 13 2
470 13 2
472 13 2
204 14 4
206 14 3
218 14 4
220 14 3
263 14 3
265 14 2
436 14 3
437 14 2
447 14 3
448 14 2
472 14 2
473 14 1
204 15 4
218 15 4
263 15 3
436 15 3
447 15 3
472 15 2
204 16 4
206 16 3
207 16 4
218 16 4
220 16 3
221 16 4
263 16 3
265 16 2
266 16 3
436 16 3
437 16 2
438 16 3
447 16 3
448 16 2
449 16 3
472 16 2
473 16 1
474 16 2
204 17 4
207 17 4
218 17 4
221 17 4
263 17 3
266 17 3
436 17 3
438 17 3
447 17 3
449 17 3
472 17 2
474 17 2
228 18 3
229 18 3
230 18 3
232 18 3
253 18 3
254 18 3
255 18 3
257 18 3
454 18 2
455 18 2
456 18 2
458 18 2
463 18 2
464 18 2
465 18 2
467 18 2
230 19 3
232 19 3
255 19 3
257 19 3
456 19 2
458 19 2
465 19 2
467 19 2
228 20 3
229 20 3
253 20 3
254 20 3
454 20 2
455 20 2
463 20 2
464 20 2
230 21 3
231 21 2
236 21 3
237 21 2
255 21 3
256 21 2
261 21 3
262 21 2
456 21 2
457 21 1
461 21 2
462 21 1
465 21 2
466 21 1
470 21 2
471 21 1
230 22 3
236 22 3
255 22 3
261 22 3
456 22 2
461 22 2
465 22 2
470 22 2
228 23 3
229 23 3
234 23 3
235 23 3
253 23 3
254 23 3
259 23 3
260 23 3
454 23 2
455 23 2
459 23 2
460 23 2
463 23 2
464 23 2
468 23 2
469 23 2
204 24 4
206 24 3
216 24 3
217 24 2
436 24 3
437 24 2
445 24 2
446 24 1
204 25 4
216 25 3
436 25 3
445 25 2
204 26 4
206 26 3
207 26 4
209 26 3
210 26 3
214 26 3
215 26 3
216 26 3
436 26 3
437 26 2
438 26 3
439 26 2
440 26 2
443 26 2
444 26 2
445 26 2
204 27 4
207 27 4
216 27 3
436 27 3
438 27 3
445 27 2
209 28 3
210 28 3
214 28 3
215 28 3
439 28 2
440 28 2
443 28 2
444 28 2
204 29 4
206 29 3
436 29 3
437 29 2
204 30 4
436 30 3
204 31 4
206 31 3
207 31 4
436 31 3
437 31 2
438 31 3
204 32 4
207 32 4
436 32 3
438 32 3
209 33 3
210 33 3
211 33 3
212 33 3
223 33 3
224 33 3
225 33 3
226 33 3
439 33 2
440 33 2
441 33 2
442 33 2
450 33 2
451 33 2
452 33 2
453 33 2
211 34 3
212 34 3
225 34 3
226 34 3
441 34 2
442 34 2
452 34 2
453 34 2
209 35 3
210 35 3
223 35 3
224 35 3
439 35 2
440 35 2
450 35 2
451 35 2
204 36 4
206 36 3
216 36 3
217 36 2
218 36 4
220 36 3
436 36 3
437 36 2
445 36 2
446 36 1
447 36 3
448 36 2
204 37 4
216 37 3
218 37 4
436 37 3
445 37 2
447 37 3
204 38 4
206 38 3
218 38 4
220 38 3
436 38 3
437 38 2
447 38 3
448 38 2
204 39 4
218 39 4
436 39 3
447 39 3
204 40 4
206 40 3
207 40 4
218 40 4
220 40 3
221 40 4
436 40 3
437 40 2
438 40 3
447 40 3
448 40 2
449 40 3
204 41 4
207 41 4
218 41 4
221 41 4
436 41 3
438 41 3
447 41 3
449 41 3
228 42 3
229 42 3
230 42 3
232 42 3
248 42 2
249 42 2
250 42 2
251 42 2
298 42 3
299 42 3
300 42 3
302 42 3
318 42 2
319 42 2
320 42 2
321 42 2
323 42 3
324 42 3
325 42 3
327 42 3
344 42 2
345 42 2
346 42 2
347 42 2
393 42 3
394 42 3
395 42 3
397 42 3
414 42 2
415 42 2
416 42 2
417 42 2
230 43 3
232 43 3
250 43 2
251 43 2
300 43 3
302 43 3
320 43 2
321 43 2
325 43 3
327 43 3
346 43 2
347 43 2
395 43 3
397 43 3
416 43 2
417 43 2
228 44 3
229 44 3
248 44 2
249 44 2
298 44 3
299 44 3
318 44 2
319 44 2
323 44 3
324 44 3
344 44 2
345 44 2
393 44 3
394 44 3
414 44 2
415 44 2
230 45 3
231 45 2
236 45 3
237 45 2
238 45 3
240 45 2
243 45 3
245 45 2
300 45 3
301 45 2
306 45 3
307 45 2
308 45 3
310 45 2
313 45 3
315 45 2
325 45 3
326 45 2
330 45 3
331 45 2
332 45 3
333 45 2
341 45 3
342 45 2
395 45 3
396 45 2
400 45 3
401 45 2
402 45 3
403 45 2
411 45 3
412 45 2
230 46 3
236 46 3
238 46 3
243 46 3
300 46 3
306 46 3
308 46 3
313 46 3
325 46 3
330 46 3
332 46 3
341 46 3
395 46 3
400 46 3
402 46 3
411 46 3
228 47 3
229 47 3
234 47 3
235 47 3
248 47 2
249 47 2
298 47 3
299 47 3
304 47 3
305 47 3
318 47 2
319 47 2
323 47 3
324 47 3
328 47 3
329 47 3
344 47 2
345 47 2
393 47 3
394 47 3
398 47 3
399 47 3
414 47 2
415 47 2
238 48 3
240 48 2
243 48 3
245 48 2
308 48 3
310 48 2
313 48 3
315 48 2
332 48 3
333 48 2
341 48 3
342 48 2
402 48 3
403 48 2
411 48 3
412 48 2
238 49 3
243 49 3
308 49 3
313 49 3
332 49 3
341 49 3
402 49 3
411 49 3
238 50 3
240 50 2
241 50 3
243 50 3
245 50 2
246 50 3
308 50 3
310 50 2
311 50 3
313 50 3
315 50 2
316 50 3
332 50 3
333 50 2
334 50 3
341 50 3
342 50 2
343 50 3
402 50 3
403 50 2
404 50 3
411 50 3
412 50 2
413 50 3
238 51 3
241 51 3
243 51 3
246 51 3
308 51 3
311 51 3
313 51 3
316 51 3
332 51 3
334 51 3
341 51 3
343 51 3
402 51 3
404 51 3
411 51 3
413 51 3
228 52 3
229 52 3
230 52 3
232 52 3
298 52 3
299 52 3
300 52 3
302 52 3
323 52 3
324 52 3
325 52 3
327 52 3
393 52 3
394 52 3
395 52 3
397 52 3
230 53 3
232 53 3
300 53 3
302 53 3
325 53 3
327 53 3
395 53 3
397 53 3
228 54 3
229 54 3
298 54 3
299 54 3
323 54 3
324 54 3
393 54 3
394 54 3
230 55 3
231 55 2
236 55 3
237 55 2
300 55 3
301 55 2
306 55 3
307 55 2
325 55 3
326 55 2
330 55 3
331 55 2
395 55 3
396 55 2
400 55 3
401 55 2
230 56 3
236 56 3
300 56 3
306 56 3
325 56 3
330 56 3
395 56 3
400 56 3
228 57 3
229 57 3
234 57 3
235 57 3
298 57 3
299 57 3
304 57 3
305 57 3
323 57 3
324 57 3
328 57 3
329 57 3
393 57 3
394 57 3
398 57 3
399 57 3
204 58 4
206 58 3
216 58 3
217 58 2
263 58 3
265 58 2
272 58 2
273 58 1
274 58 4
276 58 3
286 58 3
287 58 2
332 58 3
333 58 2
339 58 2
340 58 1
357 58 3
358 58 2
364 58 2
365 58 1
402 58 3
403 58 2
409 58 2
410 58 1
427 58 3
428 58 2
434 58 2
435 58 1
436 58 3
437 58 2
445 58 2
446 58 1
204 59 4
216 59 3
263 59 3
272 59 2
274 59 4
286 59 3
332 59 3
339 59 2
357 59 3
364 59 2
402 59 3
409 59 2
427 59 3
434 59 2
436 59 3
445 59 2
204 60 4
206 60 3
207 60 4
209 60 3
210 60 3
214 60 3
215 60 3
216 60 3
263 60 3
265 60 2
266 60 3
268 60 2
269 60 2
270 60 2
271 60 2
272 60 2
274 60 4
276 60 3
277 60 4
279 60 3
280 60 3
284 60 3
285 60 3
286 60 3
332 60 3
333 60 2
334 60 3
335 60 2
336 60 2
337 60 2
338 60 2
339 60 2
357 60 3
358 60 2
359 60 3
360 60 2
361 60 2
362 60 2
363 60 2
364 60 2
402 60 3
403 60 2
404 60 3
405 60 2
406 60 2
407 60 2
408 60 2
409 60 2
427 60 3
428 60 2
429 60 3
430 60 2
431 60 2
432 60 2
433 60 2
434 60 2
436 60 3
437 60 2
438 60 3
439 60 2
440 60 2
443 60 2
444 60 2
445 60 2
204 61 4
207 61 4
216 61 3
263 61 3
266 61 3
272 61 2
274 61 4
277 61 4
286 61 3
332 61 3
334 61 3
339 61 2
357 61 3
359 61 3
364 61 2
402 61 3
404 61 3
409 61 2
427 61 3
429 61 3
434 61 2
436 61 3
438 61 3
445 61 2
209 62 3
210 62 3
214 62 3
215 62 3
268 62 2
269 62 2
270 62 2
271 62 2
279 62 3
280 62 3
284 62 3
285 62 3
335 62 2
336 62 2
337 62 2
338 62 2
360 62 2
361 62 2
362 62 2
363 62 2
405 62 2
406 62 2
407 62 2
408 62 2
430 62 2
431 62 2
432 62 2
433 62 2
439 62 2
440 62 2
443 62 2
444 62 2
204 63 4
206 63 3
263 63 3
265 63 2
274 63 4
276 63 3
332 63 3
333 63 2
357 63 3
358 63 2
402 63 3
403 63 2
427 63 3
428 63 2
436 63 3
437 63 2
204 64 4
263 64 3
274 64 4
332 64 3
357 64 3
402 64 3
427 64 3
436 64 3
204 65 4
206 65 3
207 65 4
263 65 3
265 65 2
266 65 3
274 65 4
276 65 3
277 65 4
332 65 3
333 65 2
334 65 3
357 65 3
358 65 2
359 65 3
402 65 3
403 65 2
404 65 3
427 65 3
428 65 2
429 65 3
436 65 3
437 65 2
438 65 3
204 66 4
207 66 4
263 66 3
266 66 3
274 66 4
277 66 4
332 66 3
334 66 3
357 66 3
359 66 3
402 66 3
404 66 3
427 66 3
429 66 3
436 66 3
438 66 3
204 67 4
206 67 3
216 67 3
217 67 2
274 67 4
276 67 3
286 67 3
287 67 2
436 67 3
437 67 2
445 67 2
446 67 1
204 68 4
216 68 3
274 68 4
286 68 3
436 68 3
445 68 2
204 69 4
206 69 3
207 69 4
209 69 3
210 69 3
214 69 3
215 69 3
216 69 3
274 69 4
276 69 3
277 69 4
279 69 3
280 69 3
284 69 3
285 69 3
286 69 3
436 69 3
437 69 2
438 69 3
439 69 2
440 69 2
443 69 2
444 69 2
445 69 2
204 70 4
207 70 4
216 70 3
274 70 4
277 70 4
286 70 3
436 70 3
438 70 3
445 70 2
209 71 3
210 71 3
214 71 3
215 71 3
279 71 3
280 71 3
284 71 3
285 71 3
439 71 2
440 71 2
443 71 2
444 71 2
204 72 4
206 72 3
274 72 4
276 72 3
436 72 3
437 72 2
204 73 4
274 73 4
436 73 3
204 74 4
206 74 3
207 74 4
274 74 4
276 74 3
277 74 4
436 74 3
437 74 2
438 74 3
204 75 4
207 75 4
274 75 4
277 75 4
436 75 3
438 75 3
209 76 3
210 76 3
211 76 3
212 76 3
223 76 3
224 76 3
225 76 3
226 76 3
279 76 3
280 76 3
281 76 3
282 76 3
293 76 3
294 76 3
295 76 3
296 76 3
439 76 2
440 76 2
441 76 2
442 76 2
450 76 2
451 76 2
452 76 2
453 76 2
211 77 3
212 77 3
225 77 3
226 77 3
281 77 3
282 77 3
295 77 3
296 77 3
441 77 2
442 77 2
452 77 2
453 77 2
209 78 3
210 78 3
223 78 3
224 78 3
279 78 3
280 78 3
293 78 3
294 78 3
439 78 2
440 78 2
450 78 2
451 78 2
204 79 4
206 79 3
216 79 3
217 79 2
218 79 4
220 79 3
274 79 4
276 79 3
286 79 3
287 79 2
288 79 4
290 79 3
436 79 3
437 79 2
445 79 2
446 79 1
447 79 3
448 79 2
204 80 4
216 80 3
218 80 4
274 80 4
286 80 3
288 80 4
436 80 3
445 80 2
447 80 3
204 81 4
206 81 3
218 81 4
220 81 3
274 81 4
276 81 3
288 81 4
290 81 3
436 81 3
437 81 2
447 81 3
448 81 2
204 82 4
218 82 4
274 82 4
288 82 4
436 82 3
447 82 3
204 83 4
206 83 3
207 83 4
218 83 4
220 83 3
221 83 4
274 83 4
276 83 3
277 83 4
288 83 4
290 83 3
291 83 4
436 83 3
437 83 2
438 83 3
447 83 3
448 83 2
449 83 3
204 84 4
207 84 4
218 84 4
221 84 4
274 84 4
277 84 4
288 84 4
291 84 4
436 84 3
438 84 3
447 84 3
449 84 3
323 85 3
324 85 3
325 85 3
327 85 3
344 85 2
345 85 2
346 85 2
347 85 2
393 85 3
394 85 3
395 85 3
397 85 3
414 85 2
415 85 2
416 85 2
417 85 2
325 86 3
327 86 3
346 86 2
347 86 2
395 86 3
397 86 3
416 86 2
417 86 2
323 87 3
324 87 3
344 87 2
345 87 2
393 87 3
394 87 3
414 87 2
415 87 2
325 88 3
326 88 2
330 88 3
331 88 2
332 88 3
333 88 2
341 88 3
342 88 2
395 88 3
396 88 2
400 88 3
401 88 2
402 88 3
403 88 2
411 88 3
412 88 2
325 89 3
330 89 3
332 89 3
341 89 3
395 89 3
400 89 3
402 89 3
411 89 3
323 90 3
324 90 3
328 90 3
329 90 3
344 90 2
345 90 2
393 90 3
394 90 3
398 90 3
399 90 3
414 90 2
415 90 2
332 91 3
333 91 2
341 91 3
342 91 2
402 91 3
403 91 2
411 91 3
412 91 2
332 92 3
341 92 3
402 92 3
411 92 3
332 93 3
333 93 2
334 93 3
341 93 3
342 93 2
343 93 3
402 93 3
403 93 2
404 93 3
411 93 3
412 93 2
413 93 3
332 94 3
334 94 3
341 94 3
343 94 3
402 94 3
404 94 3
411 94 3
413 94 3
323 95 3
324 95 3
325 95 3
327 95 3
393 95 3
394 95 3
395 95 3
397 95 3
325 96 3
327 96 3
395 96 3
397 96 3
323 97 3
324 97 3
393 97 3
394 97 3
325 98 3
326 98 2
330 98 3
331 98 2
395 98 3
396 98 2
400 98 3
401 98 2
325 99 3
330 99 3
395 99 3
400 99 3
323 100 3
324 100 3
328 100 3
329 100 3
393 100 3
394 100 3
398 100 3
399 100 3
332 101 3
333 101 2
339 101 2
340 101 1
357 101 3
358 101 2
364 101 2
365 101 1
402 101 3
403 101 2
409 101 2
410 101 1
427 101 3
428 101 2
434 101 2
435 101 1
332 102 3
339 102 2
357 102 3
364 102 2
402 102 3
409 102 2
427 102 3
434 102 2
332 103 3
333 103 2
334 103 3
335 103 2
336 103 2
337 103 2
338 103 2
339 103 2
357 103 3
358 103 2
359 103 3
360 103 2
361 103 2
362 103 2
363 103 2
364 103 2
402 103 3
403 103 2
404 103 3
405 103 2
406 103 2
407 103 2
408 103 2
409 103 2
427 103 3
428 103 2
429 103 3
430 103 2
431 103 2
432 103 2
433 103 2
434 103 2
332 104 3
334 104 3
339 104 2
357 104 3
359 104 3
364 104 2
402 104 3
404 104 3
409 104 2
427 104 3
429 104 3
434 104 2
335 105 2
336 105 2
337 105 2
338 105 2
360 105 2
361 105 2
362 105 2
363 105 2
405 105 2
406 105 2
407 105 2
408 105 2
430 105 2
431 105 2
432 105 2
433 105 2
332 106 3
333 106 2
357 106 3
358 106 2
402 106 3
403 106 2
427 106 3
428 106 2
332 107 3
357 107 3
402 107 3
427 107 3
332 108 3
333 108 2
334 108 3
357 108 3
358 108 2
359 108 3
402 108 3
403 108 2
404 108 3
427 108 3
428 108 2
429 108 3
332 109 3
334 109 3
357 109 3
359 109 3
402 109 3
404 109 3
427 109 3
429 109 3
323 110 3
324 110 3
325 110 3
327 110 3
344 110 2
345 110 2
346 110 2
347 110 2
348 110 3
349 110 3
350 110 3
352 110 3
393 110 3
394 110 3
395 110 3
397 110 3
414 110 2
415 110 2
416 110 2
417 110 2
418 110 3
419 110 3
420 110 3
422 110 3
325 111 3
327 111 3
346 111 2
347 111 2
350 111 3
352 111 3
395 111 3
397 111 3
416 111 2
417 111 2
420 111 3
422 111 3
323 112 3
324 112 3
344 112 2
345 112 2
348 112 3
349 112 3
393 112 3
394 112 3
414 112 2
415 112 2
418 112 3
419 112 3
323 113 3
324 113 3
325 113 3
327 113 3
348 113 3
349 113 3
350 113 3
352 113 3
393 113 3
394 113 3
395 113 3
397 113 3
418 113 3
419 113 3
420 113 3
422 113 3
325 114 3
327 114 3
350 114 3
352 114 3
395 114 3
397 114 3
420 114 3
422 114 3
323 115 3
324 115 3
348 115 3
349 115 3
393 115 3
394 115 3
418 115 3
419 115 3
325 116 3
326 116 2
330 116 3
331 116 2
350 116 3
351 116 2
355 116 3
356 116 2
395 116 3
396 116 2
400 116 3
401 116 2
420 116 3
421 116 2
425 116 3
426 116 2
325 117 3
330 117 3
350 117 3
355 117 3
395 117 3
400 117 3
420 117 3
425 117 3
323 118 3
324 118 3
328 118 3
329 118 3
348 118 3
349 118 3
353 118 3
354 118 3
393 118 3
394 118 3
398 118 3
399 118 3
418 118 3
419 118 3
423 118 3
424 118 3
204 119 4
206 119 3
216 119 3
217 119 2
263 119 3
265 119 2
272 119 2
273 119 1
204 120 4
216 120 3
263 120 3
272 120 2
204 121 4
206 121 3
207 121 4
209 121 3
210 121 3
214 121 3
215 121 3
216 121 3
263 121 3
265 121 2
266 121 3
268 121 2
269 121 2
270 121 2
271 121 2
272 121 2
204 122 4
207 122 4
216 122 3
263 122 3
266 122 3
272 122 2
209 123 3
210 123 3
214 123 3
215 123 3
268 123 2
269 123 2
270 123 2
271 123 2
204 124 4
206 124 3
263 124 3
265 124 2
204 125 4
263 125 3
204 126 4
206 126 3
207 126 4
263 126 3
265 126 2
266 126 3
204 127 4
207 127 4
263 127 3
266 127 3
209 128 3
210 128 3
211 128 3
212 128 3
223 128 3
224 128 3
225 128 3
226 128 3
228 128 3
229 128 3
230 128 3
232 128 3
253 128 3
254 128 3
255 128 3
257 128 3
211 129 3
212 129 3
225 129 3
226 129 3
230 129 3
232 129 3
255 129 3
257 129 3
209 130 3
210 130 3
223 130 3
224 130 3
228 130 3
229 130 3
253 130 3
254 130 3
204 131 4
206 131 3
216 131 3
217 131 2
218 131 4
220 131 3
230 131 3
231 131 2
236 131 3
237 131 2
255 131 3
256 131 2
261 131 3
262 131 2
263 131 3
265 131 2
204 132 4
216 132 3
218 132 4
230 132 3
236 132 3
255 132 3
261 132 3
263 132 3
204 133 4
206 133 3
218 133 4
220 133 3
263 133 3
265 133 2
204 134 4
218 134 4
263 134 3
204 135 4
206 135 3
207 135 4
218 135 4
220 135 3
221 135 4
263 135 3
265 135 2
266 135 3
204 136 4
207 136 4
218 136 4
221 136 4
263 136 3
266 136 3
228 137 3
229 137 3
230 137 3
232 137 3
253 137 3
254 137 3
255 137 3
257 137 3
230 138 3
232 138 3
255 138 3
257 138 3
228 139 3
229 139 3
253 139 3
254 139 3
230 140 3
231 140 2
236 140 3
237 140 2
255 140 3
256 140 2
261 140 3
262 140 2
230 141 3
236 141 3
255 141 3
261 141 3
228 142 3
229 142 3
234 142 3
235 142 3
253 142 3
254 142 3
259 142 3
260 142 3
204 143 4
206 143 3
216 143 3
217 143 2
204 144 4
216 144 3
204 145 4
206 145 3
207 145 4
209 145 3
210 145 3
214 145 3
215 145 3
216 145 3
204 146 4
207 146 4
216 146 3
209 147 3
210 147 3
214 147 3
215 147 3
204 148 4
206 148 3
204 149 4
204 150 4
206 150 3
207 150 4
204 151 4
207 151 4
209 152 3
210 152 3
211 152 3
212 152 3
223 152 3
224 152 3
225 152 3
226 152 3
211 153 3
212 153 3
225 153 3
226 153 3
209 154 3
210 154 3
223 154 3
224 154 3
204 155 4
206 155 3
216 155 3
217 155 2
218 155 4
220 155 3
204 156 4
216 156 3
218 156 4
204 157 4
206 157 3
218 157 4
220 157 3
204 158 4
218 158 4
204 159 4
206 159 3
207 159 4
218 159 4
220 159 3
221 159 4
204 160 4
207 160 4
218 160 4
221 160 4
228 161 3
229 161 3
230 161 3
232 161 3
248 161 2
249 161 2
250 161 2
251 161 2
298 161 3
299 161 3
300 161 3
302 161 3
318 161 2
319 161 2
320 161 2
321 161 2
230 162 3
232 162 3
250 162 2
251 162 2
300 162 3
302 162 3
320 162 2
321 162 2
228 163 3
229 163 3
248 163 2
249 163 2
298 163 3
299 163 3
318 163 2
319 163 2
230 164 3
231 164 2
236 164 3
237 164 2
238 164 3
240 164 2
243 164 3
245 164 2
300 164 3
301 164 2
306 164 3
307 164 2
308 164 3
310 164 2
313 164 3
315 164 2
230 165 3
236 165 3
238 165 3
243 165 3
300 165 3
306 165 3
308 165 3
313 165 3
228 166 3
229 166 3
234 166 3
235 166 3
248 166 2
249 166 2
298 166 3
299 166 3
304 166 3
305 166 3
318 166 2
319 166 2
238 167 3
240 167 2
243 167 3
245 167 2
308 167 3
310 167 2
313 167 3
315 167 2
238 168 3
243 168 3
308 168 3
313 168 3
238 169 3
240 169 2
241 169 3
243 169 3
245 169 2
246 169 3
308 169 3
310 169 2
311 169 3
313 169 3
315 169 2
316 169 3
238 170 3
241 170 3
243 170 3
246 170 3
308 170 3
311 170 3
313 170 3
316 170 3
228 171 3
229 171 3
230 171 3
232 171 3
298 171 3
299 171 3
300 171 3
302 171 3
230 172 3
232 172 3
300 172 3
302 172 3
228 173 3
229 173 3
298 173 3
299 173 3
230 174 3
231 174 2
236 174 3
237 174 2
300 174 3
301 174 2
306 174 3
307 174 2
230 175 3
236 175 3
300 175 3
306 175 3
228 176 3
229 176 3
234 176 3
235 176 3
298 176 3
299 176 3
304 176 3
305 176 3
204 177 4
206 177 3
216 177 3
217 177 2
263 177 3
265 177 2
272 177 2
273 177 1
274 177 4
276 177 3
286 177 3
287 177 2
204 178 4
216 178 3
263 178 3
272 178 2
274 178 4
286 178 3
204 179 4
206 179 3
207 179 4
209 179 3
210 179 3
214 179 3
215 179 3
216 179 3
263 179 3
265 179 2
266 179 3
268 179 2
269 179 2
270 179 2
271 179 2
272 179 2
274 179 4
276 179 3
277 179 4
279 179 3
280 179 3
284 179 3
285 179 3
286 179 3
204 180 4
207 180 4
216 180 3
263 180 3
266 180 3
272 180 2
274 180 4
277 180 4
286 180 3
209 181 3
210 181 3
214 181 3
215 181 3
268 181 2
269 181 2
270 181 2
271 181 2
279 181 3
280 181 3
284 181 3
285 181 3
204 182 4
206 182 3
263 182 3
265 182 2
274 182 4
276 182 3
204 183 4
263 183 3
274 183 4
204 184 4
206 184 3
207 184 4
263 184 3
265 184 2
266 184 3
274 184 4
276 184 3
277 184 4
204 185 4
207 185 4
263 185 3
266 185 3
274 185 4
277 185 4
204 186 4
206 186 3
216 186 3
217 186 2
274 186 4
276 186 3
286 186 3
287 186 2
204 187 4
216 187 3
274 187 4
286 187 3
204 188 4
206 188 3
207 188 4
209 188 3
210 188 3
214 188 3
215 188 3
216 188 3
274 188 4
276 188 3
277 188 4
279 188 3
280 188 3
284 188 3
285 188 3
286 188 3
204 189 4
207 189 4
216 189 3
274 189 4
277 189 4
286 189 3
209 190 3
210 190 3
214 190 3
215 190 3
279 190 3
280 190 3
284 190 3
285 190 3
204 191 4
206 191 3
274 191 4
276 191 3
204 192 4
274 192 4
204 193 4
206 193 3
207 193 4
274 193 4
276 193 3
277 193 4
204 194 4
207 194 4
274 194 4
277 194 4
209 195 3
210 195 3
211 195 3
212 195 3
223 195 3
224 195 3
225 195 3
226 195 3
279 195 3
280 195 3
281 195 3
282 195 3
293 195 3
294 195 3
295 195 3
296 195 3
211 196 3
212 196 3
225 196 3
226 196 3
281 196 3
282 196 3
295 196 3
296 196 3
209 197 3
210 197 3
223 197 3
224 197 3
279 197 3
280 197 3
293 197 3
294 197 3
204 198 4
206 198 3
216 198 3
217 198 2
218 198 4
220 198 3
274 198 4
276 198 3
286 198 3
287 198 2
288 198 4
290 198 3
204 199 4
216 199 3
218 199 4
274 199 4
286 199 3
288 199 4
204 200 4
206 200 3
218 200 4
220 200 3
274 200 4
276 200 3
288 200 4
290 200 3
204 201 4
218 201 4
274 201 4
288 201 4
204 202 4
206 202 3
207 202 4
218 202 4
220 202 3
221 202 4
274 202 4
276 202 3
277 202 4
288 202 4
290 202 3
291 202 4
204 203 4
207 203 4
218 203 4
221 203 4
274 203 4
277 203 4
288 203 4
291 203 4
0 204 4
4 204 3
21 204 3
23 204 2
101 204 3
105 204 2
116 204 2
118 204 1
566 204 3
569 204 2
583 204 2
586 204 1
636 204 2
639 204 1
650 204 1
653 204 0
0 205 4
1 205 4
4 205 3
21 205 3
22 205 3
23 205 2
101 205 3
102 205 3
105 205 2
116 205 2
117 205 2
118 205 1
325 205 3
327 205 3
346 205 2
347 205 2
384 205 2
385 205 2
391 205 1
392 205 1
566 205 3
567 205 3
568 205 3
583 205 2
584 205 2
585 205 2
636 205 2
637 205 2
638 205 2
650 205 1
651 205 1
652 205 1
325 206 3
327 206 3
346 206 2
347 206 2
384 206 2
385 206 2
391 206 1
392 206 1
567 206 3
568 206 3
584 206 2
585 206 2
637 206 2
638 206 2
651 206 1
652 206 1
0 207 4
21 207 3
101 207 3
116 207 2
566 207 3
583 207 2
636 207 2
650 207 1
0 208 4
1 208 4
21 208 3
22 208 3
101 208 3
102 208 3
116 208 2
117 208 2
566 208 3
583 208 2
636 208 2
650 208 1
2 209 3
3 209 3
7 209 3
8 209 3
9 209 3
10 209 3
18 209 3
19 209 3
103 209 2
104 209 2
108 209 2
109 209 2
110 209 2
111 209 2
113 209 2
114 209 2
325 209 3
330 209 3
332 209 3
341 209 3
384 209 2
386 209 2
387 209 2
389 209 2
567 209 3
571 209 3
572 209 3
579 209 3
637 209 2
641 209 2
642 209 2
646 209 2
325 210 3
330 210 3
332 210 3
341 210 3
384 210 2
386 210 2
387 210 2
389 210 2
567 210 3
571 210 3
572 210 3
579 210 3
637 210 2
641 210 2
642 210 2
646 210 2
0 211 4
4 211 3
5 211 4
9 211 3
11 211 3
18 211 3
20 211 3
21 211 3
101 211 3
105 211 2
106 211 3
110 211 2
112 211 2
113 211 2
115 211 2
116 211 2
566 211 3
569 211 2
570 211 3
573 211 2
575 211 2
580 211 2
582 211 2
583 211 2
636 211 2
639 211 1
640 211 2
643 211 1
645 211 1
647 211 1
649 211 1
650 211 1
0 212 4
5 212 4
21 212 3
101 212 3
106 212 3
116 212 2
566 212 3
570 212 3
583 212 2
636 212 2
640 212 2
650 212 1
0 213 4
1 213 4
5 213 4
6 213 4
21 213 3
22 213 3
101 213 3
102 213 3
106 213 3
107 213 3
116 213 2
117 213 2
566 213 3
570 213 3
583 213 2
636 213 2
640 213 2
650 213 1
9 214 3
10 214 3
18 214 3
19 214 3
110 214 2
111 214 2
113 214 2
114 214 2
332 214 3
341 214 3
387 214 2
389 214 2
572 214 3
579 214 3
642 214 2
646 214 2
332 215 3
341 215 3
387 215 2
389 215 2
572 215 3
579 215 3
642 215 2
646 215 2
9 216 3
11 216 3
18 216 3
20 216 3
110 216 2
112 216 2
113 216 2
115 216 2
573 216 2
575 216 2
580 216 2
582 216 2
643 216 1
645 216 1
647 216 1
649 216 1
332 217 3
334 217 3
341 217 3
343 217 3
387 217 2
388 217 2
389 217 2
390 217 2
572 217 3
574 217 3
579 217 3
581 217 3
642 217 2
644 217 2
646 217 2
648 217 2
0 218 4
4 218 3
101 218 3
105 218 2
566 218 3
569 218 2
636 218 2
639 218 1
0 219 4
1 219 4
4 219 3
101 219 3
102 219 3
105 219 2
325 219 3
327 219 3
384 219 2
385 219 2
566 219 3
567 219 3
568 219 3
636 219 2
637 219 2
638 219 2
325 220 3
327 220 3
384 220 2
385 220 2
567 220 3
568 220 3
637 220 2
638 220 2
0 221 4
101 221 3
566 221 3
636 221 2
0 222 4
1 222 4
101 222 3
102 222 3
566 222 3
636 222 2
2 223 3
3 223 3
7 223 3
8 223 3
103 223 2
104 223 2
108 223 2
109 223 2
325 223 3
330 223 3
384 223 2
386 223 2
567 223 3
571 223 3
637 223 2
641 223 2
325 224 3
330 224 3
384 224 2
386 224 2
567 224 3
571 224 3
637 224 2
641 224 2
0 225 4
4 225 3
5 225 4
101 225 3
105 225 2
106 225 3
566 225 3
569 225 2
570 225 3
636 225 2
639 225 1
640 225 2
0 226 4
5 226 4
101 226 3
106 226 3
566 226 3
570 226 3
636 226 2
640 226 2
0 227 4
1 227 4
5 227 4
6 227 4
101 227 3
102 227 3
106 227 3
107 227 3
566 227 3
570 227 3
636 227 2
640 227 2
9 228 3
10 228 3
16 228 2
17 228 2
33 228 3
34 228 3
40 228 2
41 228 2
42 228 3
43 228 3
50 228 2
51 228 2
85 228 3
86 228 3
93 228 2
94 228 2
332 228 3
339 228 2
357 228 3
364 228 2
366 228 3
370 228 2
375 228 3
379 228 2
572 228 3
578 228 2
593 228 3
599 228 2
600 228 3
609 228 2
618 228 3
627 228 2
332 229 3
339 229 2
357 229 3
364 229 2
366 229 3
370 229 2
375 229 3
379 229 2
572 229 3
578 229 2
593 229 3
599 229 2
600 229 3
609 229 2
618 229 3
627 229 2
9 230 3
11 230 3
12 230 3
14 230 3
33 230 3
35 230 3
36 230 3
38 230 3
42 230 3
44 230 3
45 230 3
48 230 3
85 230 3
87 230 3
88 230 3
91 230 3
573 230 2
575 230 2
576 230 2
577 230 2
594 230 2
596 230 2
597 230 2
598 230 2
601 230 2
603 230 2
604 230 2
608 230 2
619 230 2
621 230 2
622 230 2
626 230 2
332 231 3
334 231 3
339 231 2
357 231 3
359 231 3
364 231 2
366 231 3
367 231 3
370 231 2
375 231 3
376 231 3
379 231 2
572 231 3
574 231 3
578 231 2
593 231 3
595 231 3
599 231 2
600 231 3
602 231 3
609 231 2
618 231 3
620 231 3
627 231 2
12 232 3
14 232 3
36 232 3
38 232 3
45 232 3
48 232 3
88 232 3
91 232 3
576 232 2
577 232 2
597 232 2
598 232 2
604 232 2
608 232 2
622 232 2
626 232 2
12 233 3
13 233 3
14 233 3
15 233 3
36 233 3
37 233 3
38 233 3
39 233 3
45 233 3
46 233 3
48 233 3
49 233 3
88 233 3
89 233 3
91 233 3
92 233 3
576 233 2
577 233 2
597 233 2
598 233 2
604 233 2
608 233 2
622 233 2
626 233 2
9 234 3
10 234 3
33 234 3
34 234 3
42 234 3
43 234 3
85 234 3
86 234 3
332 234 3
357 234 3
366 234 3
375 234 3
572 234 3
593 234 3
600 234 3
618 234 3
332 235 3
357 235 3
366 235 3
375 235 3
572 235 3
593 235 3
600 235 3
618 235 3
9 236 3
11 236 3
33 236 3
35 236 3
42 236 3
44 236 3
85 236 3
87 236 3
573 236 2
575 236 2
594 236 2
596 236 2
601 236 2
603 236 2
619 236 2
621 236 2
332 237 3
334 237 3
357 237 3
359 237 3
366 237 3
367 237 3
375 237 3
376 237 3
572 237 3
574 237 3
593 237 3
595 237 3
600 237 3
602 237 3
618 237 3
620 237 3
0 238 4
4 238 3
21 238 3
23 238 2
24 238 4
28 238 3
45 238 3
47 238 2
55 238 3
57 238 2
88 238 3
90 238 2
98 238 3
100 238 2
101 238 3
105 238 2
566 238 3
569 238 2
583 238 2
586 238 1
587 238 3
590 238 2
604 238 2
607 238 1
614 238 2
617 238 1
622 238 2
625 238 1
632 238 2
635 238 1
636 238 2
639 238 1
0 239 4
1 239 4
4 239 3
21 239 3
22 239 3
23 239 2
24 239 4
25 239 4
28 239 3
45 239 3
46 239 3
47 239 2
55 239 3
56 239 3
57 239 2
88 239 3
89 239 3
90 239 2
98 239 3
99 239 3
100 239 2
101 239 3
102 239 3
105 239 2
325 239 3
327 239 3
346 239 2
347 239 2
350 239 3
352 239 3
368 239 2
369 239 2
373 239 2
374 239 2
377 239 2
378 239 2
382 239 2
383 239 2
384 239 2
385 239 2
566 239 3
567 239 3
568 239 3
583 239 2
584 239 2
585 239 2
587 239 3
588 239 3
589 239 3
604 239 2
605 239 2
606 239 2
614 239 2
615 239 2
616 239 2
622 239 2
623 239 2
624 239 2
632 239 2
633 239 2
634 239 2
636 239 2
637 239 2
638 239 2
325 240 3
327 240 3
346 240 2
347 240 2
350 240 3
352 240 3
368 240 2
369 240 2
373 240 2
374 240 2
377 240 2
378 240 2
382 240 2
383 240 2
384 240 2
385 240 2
567 240 3
568 240 3
584 240 2
585 240 2
588 240 3
589 240 3
605 240 2
606 240 2
615 240 2
616 240 2
623 240 2
624 240 2
633 240 2
634 240 2
637 240 2
638 240 2
0 241 4
21 241 3
24 241 4
45 241 3
55 241 3
88 241 3
98 241 3
101 241 3
566 241 3
583 241 2
587 241 3
604 241 2
614 241 2
622 241 2
632 241 2
636 241 2
0 242 4
1 242 4
21 242 3
22 242 3
24 242 4
25 242 4
45 242 3
46 242 3
55 242 3
56 242 3
88 242 3
89 242 3
98 242 3
99 242 3
101 242 3
102 242 3
566 242 3
583 242 2
587 242 3
604 242 2
614 242 2
622 242 2
632 242 2
636 242 2
0 243 4
4 243 3
24 243 4
28 243 3
101 243 3
105 243 2
566 243 3
569 243 2
587 243 3
590 243 2
636 243 2
639 243 1
0 244 4
1 244 4
4 244 3
24 244 4
25 244 4
28 244 3
101 244 3
102 244 3
105 244 2
325 244 3
327 244 3
350 244 3
352 244 3
384 244 2
385 244 2
566 244 3
567 244 3
568 244 3
587 244 3
588 244 3
589 244 3
636 244 2
637 244 2
638 244 2
325 245 3
327 245 3
350 245 3
352 245 3
384 245 2
385 245 2
567 245 3
568 245 3
588 245 3
589 245 3
637 245 2
638 245 2
0 246 4
24 246 4
101 246 3
566 246 3
587 246 3
636 246 2
0 247 4
1 247 4
24 247 4
25 247 4
101 247 3
102 247 3
566 247 3
587 247 3
636 247 2
2 248 3
3 248 3
7 248 3
8 248 3
26 248 3
27 248 3
31 248 3
32 248 3
103 248 2
104 248 2
108 248 2
109 248 2
325 248 3
330 248 3
350 248 3
355 248 3
384 248 2
386 248 2
567 248 3
571 248 3
588 248 3
592 248 3
637 248 2
641 248 2
325 249 3
330 249 3
350 249 3
355 249 3
384 249 2
386 249 2
567 249 3
571 249 3
588 249 3
592 249 3
637 249 2
641 249 2
0 250 4
4 250 3
5 250 4
24 250 4
28 250 3
29 250 4
101 250 3
105 250 2
106 250 3
566 250 3
569 250 2
570 250 3
587 250 3
590 250 2
591 250 3
636 250 2
639 250 1
640 250 2
0 251 4
5 251 4
24 251 4
29 251 4
101 251 3
106 251 3
566 251 3
570 251 3
587 251 3
591 251 3
636 251 2
640 251 2
0 252 4
1 252 4
5 252 4
6 252 4
24 252 4
25 252 4
29 252 4
30 252 4
101 252 3
102 252 3
106 252 3
107 252 3
566 252 3
570 252 3
587 252 3
591 252 3
636 252 2
640 252 2
42 253 3
43 253 3
50 253 2
51 253 2
85 253 3
86 253 3
93 253 2
94 253 2
366 253 3
370 253 2
375 253 3
379 253 2
600 253 3
609 253 2
618 253 3
627 253 2
366 254 3
370 254 2
375 254 3
379 254 2
600 254 3
609 254 2
618 254 3
627 254 2
42 255 3
44 255 3
45 255 3
48 255 3
85 255 3
87 255 3
88 255 3
91 255 3
601 255 2
603 255 2
604 255 2
608 255 2
619 255 2
621 255 2
622 255 2
626 255 2
366 256 3
367 256 3
370 256 2
375 256 3
376 256 3
379 256 2
600 256 3
602 256 3
609 256 2
618 256 3
620 256 3
627 256 2
45 257 3
48 257 3
88 257 3
91 257 3
604 257 2
608 257 2
622 257 2
626 257 2
45 258 3
46 258 3
48 258 3
49 258 3
88 258 3
89 258 3
91 258 3
92 258 3
604 258 2
608 258 2
622 258 2
626 258 2
42 259 3
43 259 3
85 259 3
86 259 3
366 259 3
375 259 3
600 259 3
618 259 3
366 260 3
375 260 3
600 260 3
618 260 3
42 261 3
44 261 3
85 261 3
87 261 3
601 261 2
603 261 2
619 261 2
621 261 2
366 262 3
367 262 3
375 262 3
376 262 3
600 262 3
602 262 3
618 262 3
620 262 3
45 263 3
47 263 2
55 263 3
57 263 2
88 263 3
90 263 2
98 263 3
100 263 2
604 263 2
607 263 1
614 263 2
617 263 1
622 263 2
625 263 1
632 263 2
635 263 1
45 264 3
46 264 3
47 264 2
55 264 3
56 264 3
57 264 2
88 264 3
89 264 3
90 264 2
98 264 3
99 264 3
100 264 2
368 264 2
369 264 2
373 264 2
374 264 2
377 264 2
378 264 2
382 264 2
383 264 2
604 264 2
605 264 2
606 264 2
614 264 2
615 264 2
616 264 2
622 264 2
623 264 2
624 264 2
632 264 2
633 264 2
634 264 2
368 265 2
369 265 2
373 265 2
374 265 2
377 265 2
378 265 2
382 265 2
383 265 2
605 265 2
606 265 2
615 265 2
616 265 2
623 265 2
624 265 2
633 265 2
634 265 2
45 266 3
55 266 3
88 266 3
98 266 3
604 266 2
614 266 2
622 266 2
632 266 2
45 267 3
46 267 3
55 267 3
56 267 3
88 267 3
89 267 3
98 267 3
99 267 3
604 267 2
614 267 2
622 267 2
632 267 2
42 268 3
43 268 3
50 268 2
51 268 2
52 268 3
53 268 3
85 268 3
86 268 3
93 268 2
94 268 2
95 268 3
96 268 3
366 268 3
370 268 2
371 268 3
375 268 3
379 268 2
380 268 3
600 268 3
609 268 2
610 268 3
618 268 3
627 268 2
628 268 3
366 269 3
370 269 2
371 269 3
375 269 3
379 269 2
380 269 3
600 269 3
609 269 2
610 269 3
618 269 3
627 269 2
628 269 3
42 270 3
43 270 3
52 270 3
53 270 3
85 270 3
86 270 3
95 270 3
96 270 3
366 270 3
371 270 3
375 270 3
380 270 3
600 270 3
610 270 3
618 270 3
628 270 3
366 271 3
371 271 3
375 271 3
380 271 3
600 271 3
610 271 3
618 271 3
628 271 3
42 272 3
44 272 3
52 272 3
54 272 3
85 272 3
87 272 3
95 272 3
97 272 3
601 272 2
603 272 2
611 272 2
613 272 2
619 272 2
621 272 2
629 272 2
631 272 2
366 273 3
367 273 3
371 273 3
372 273 3
375 273 3
376 273 3
380 273 3
381 273 3
600 273 3
602 273 3
610 273 3
612 273 3
618 273 3
620 273 3
628 273 3
630 273 3
0 274 4
4 274 3
21 274 3
23 274 2
566 274 3
569 274 2
583 274 2
586 274 1
0 275 4
1 275 4
4 275 3
21 275 3
22 275 3
23 275 2
325 275 3
327 275 3
346 275 2
347 275 2
566 275 3
567 275 3
568 275 3
583 275 2
584 275 2
585 275 2
325 276 3
327 276 3
346 276 2
347 276 2
567 276 3
568 276 3
584 276 2
585 276 2
0 277 4
21 277 3
566 277 3
583 277 2
0 278 4
1 278 4
21 278 3
22 278 3
566 278 3
583 278 2
2 279 3
3 279 3
7 279 3
8 279 3
9 279 3
10 279 3
18 279 3
19 279 3
325 279 3
330 279 3
332 279 3
341 279 3
567 279 3
571 279 3
572 279 3
579 279 3
325 280 3
330 280 3
332 280 3
341 280 3
567 280 3
571 280 3
572 280 3
579 280 3
0 281 4
4 281 3
5 281 4
9 281 3
11 281 3
18 281 3
20 281 3
21 281 3
566 281 3
569 281 2
570 281 3
573 281 2
575 281 2
580 281 2
582 281 2
583 281 2
0 282 4
5 282 4
21 282 3
566 282 3
570 282 3
583 282 2
0 283 4
1 283 4
5 283 4
6 283 4
21 283 3
22 283 3
566 283 3
570 283 3
583 283 2
9 284 3
10 284 3
18 284 3
19 284 3
332 284 3
341 284 3
572 284 3
579 284 3
332 285 3
341 285 3
572 285 3
579 285 3
9 286 3
11 286 3
18 286 3
20 286 3
573 286 2
575 286 2
580 286 2
582 286 2
332 287 3
334 287 3
341 287 3
343 287 3
572 287 3
574 287 3
579 287 3
581 287 3
0 288 4
4 288 3
566 288 3
569 288 2
0 289 4
1 289 4
4 289 3
325 289 3
327 289 3
566 289 3
567 289 3
568 289 3
325 290 3
327 290 3
567 290 3
568 290 3
0 291 4
566 291 3
0 292 4
1 292 4
566 292 3
2 293 3
3 293 3
7 293 3
8 293 3
325 293 3
330 293 3
567 293 3
571 293 3
325 294 3
330 294 3
567 294 3
571 294 3
0 295 4
4 295 3
5 295 4
566 295 3
569 295 2
570 295 3
0 296 4
5 296 4
566 296 3
570 296 3
0 297 4
1 297 4
5 297 4
6 297 4
566 297 3
570 297 3
9 298 3
10 298 3
16 298 2
17 298 2
33 298 3
34 298 3
40 298 2
41 298 2
332 298 3
339 298 2
357 298 3
364 298 2
572 298 3
578 298 2
593 298 3
599 298 2
332 299 3
339 299 2
357 299 3
364 299 2
572 299 3
578 299 2
593 299 3
599 299 2
9 300 3
11 300 3
12 300 3
14 300 3
33 300 3
35 300 3
36 300 3
38 300 3
573 300 2
575 300 2
576 300 2
577 300 2
594 300 2
596 300 2
597 300 2
598 300 2
332 301 3
334 301 3
339 301 2
357 301 3
359 301 3
364 301 2
572 301 3
574 301 3
578 301 2
593 301 3
595 301 3
599 301 2
12 302 3
14 302 3
36 302 3
38 302 3
576 302 2
577 302 2
597 302 2
598 302 2
12 303 3
13 303 3
14 303 3
15 303 3
36 303 3
37 303 3
38 303 3
39 303 3
576 303 2
577 303 2
597 303 2
598 303 2
9 304 3
10 304 3
33 304 3
34 304 3
332 304 3
357 304 3
572 304 3
593 304 3
332 305 3
357 305 3
572 305 3
593 305 3
9 306 3
11 306 3
33 306 3
35 306 3
573 306 2
575 306 2
594 306 2
596 306 2
332 307 3
334 307 3
357 307 3
359 307 3
572 307 3
574 307 3
593 307 3
595 307 3
0 308 4
4 308 3
21 308 3
23 308 2
24 308 4
28 308 3
566 308 3
569 308 2
583 308 2
586 308 1
587 308 3
590 308 2
0 309 4
1 309 4
4 309 3
21 309 3
22 309 3
23 309 2
24 309 4
25 309 4
28 309 3
325 309 3
327 309 3
346 309 2
347 309 2
350 309 3
352 309 3
566 309 3
567 309 3
568 309 3
583 309 2
584 309 2
585 309 2
587 309 3
588 309 3
589 309 3
325 310 3
327 310 3
346 310 2
347 310 2
350 310 3
352 310 3
567 310 3
568 310 3
584 310 2
585 310 2
588 310 3
589 310 3
0 311 4
21 311 3
24 311 4
566 311 3
583 311 2
587 311 3
0 312 4
1 312 4
21 312 3
22 312 3
24 312 4
25 312 4
566 312 3
583 312 2
587 312 3
0 313 4
4 313 3
24 313 4
28 313 3
566 313 3
569 313 2
587 313 3
590 313 2
0 314 4
1 314 4
4 314 3
24 314 4
25 314 4
28 314 3
325 314 3
327 314 3
350 314 3
352 314 3
566 314 3
567 314 3
568 314 3
587 314 3
588 314 3
589 314 3
325 315 3
327 315 3
350 315 3
352 315 3
567 315 3
568 315 3
588 315 3
589 315 3
0 316 4
24 316 4
566 316 3
587 316 3
0 317 4
1 317 4
24 317 4
25 317 4
566 317 3
587 317 3
2 318 3
3 318 3
7 318 3
8 318 3
26 318 3
27 318 3
31 318 3
32 318 3
325 318 3
330 318 3
350 318 3
355 318 3
567 318 3
571 318 3
588 318 3
592 318 3
325 319 3
330 319 3
350 319 3
355 319 3
567 319 3
571 319 3
588 319 3
592 319 3
0 320 4
4 320 3
5 320 4
24 320 4
28 320 3
29 320 4
566 320 3
569 320 2
570 320 3
587 320 3
590 320 2
591 320 3
0 321 4
5 321 4
24 321 4
29 321 4
566 321 3
570 321 3
587 321 3
591 321 3
0 322 4
1 322 4
5 322 4
6 322 4
24 322 4
25 322 4
29 322 4
30 322 4
566 322 3
570 322 3
587 322 3
591 322 3
42 323 3
43 323 3
50 323 2
51 323 2
76 323 2
77 323 2
83 323 1
84 323 1
161 323 3
162 323 3
169 323 2
170 323 2
195 323 2
196 323 2
202 323 1
203 323 1
204 323 4
206 323 3
216 323 3
217 323 2
263 323 3
265 323 2
272 323 2
273 323 1
436 323 3
445 323 2
472 323 2
479 323 1
481 323 4
490 323 3
523 323 3
529 323 2
204 324 4
216 324 3
263 324 3
272 324 2
436 324 3
445 324 2
472 324 2
479 324 1
481 324 4
490 324 3
523 324 3
529 324 2
42 325 3
44 325 3
45 325 3
48 325 3
76 325 2
78 325 2
79 325 2
81 325 2
161 325 3
163 325 3
164 325 3
167 325 3
195 325 2
197 325 2
198 325 2
200 325 2
205 325 3
208 325 3
209 325 3
214 325 3
264 325 2
267 325 2
268 325 2
270 325 2
482 325 3
484 325 3
485 325 3
489 325 3
524 325 2
526 325 2
527 325 2
528 325 2
204 326 4
207 326 4
216 326 3
263 326 3
266 326 3
272 326 2
436 326 3
438 326 3
445 326 2
472 326 2
474 326 2
479 326 1
481 326 4
483 326 4
490 326 3
523 326 3
525 326 3
529 326 2
45 327 3
48 327 3
79 327 2
81 327 2
164 327 3
167 327 3
198 327 2
200 327 2
209 327 3
214 327 3
268 327 2
270 327 2
485 327 3
489 327 3
527 327 2
528 327 2
42 328 3
43 328 3
76 328 2
77 328 2
161 328 3
162 328 3
195 328 2
196 328 2
204 328 4
206 328 3
263 328 3
265 328 2
436 328 3
472 328 2
481 328 4
523 328 3
204 329 4
263 329 3
436 329 3
472 329 2
481 329 4
523 329 3
42 330 3
44 330 3
76 330 2
78 330 2
161 330 3
163 330 3
195 330 2
197 330 2
205 330 3
208 330 3
264 330 2
267 330 2
482 330 3
484 330 3
524 330 2
526 330 2
204 331 4
207 331 4
263 331 3
266 331 3
436 331 3
438 331 3
472 331 2
474 331 2
481 331 4
483 331 4
523 331 3
525 331 3
45 332 3
47 332 2
55 332 3
57 332 2
58 332 3
62 332 2
67 332 3
71 332 2
164 332 3
166 332 2
174 332 3
176 332 2
177 332 3
181 332 2
186 332 3
190 332 2
209 332 3
213 332 2
223 332 3
227 332 2
228 332 3
233 332 2
253 332 3
258 332 2
485 332 3
488 332 2
495 332 3
498 332 2
499 332 3
502 332 2
517 332 3
520 332 2
211 333 3
212 333 3
225 333 3
226 333 3
230 333 3
232 333 3
255 333 3
257 333 3
441 333 2
442 333 2
452 333 2
453 333 2
456 333 2
458 333 2
465 333 2
467 333 2
486 333 3
487 333 3
496 333 3
497 333 3
500 333 3
501 333 3
518 333 3
519 333 3
45 334 3
55 334 3
58 334 3
67 334 3
164 334 3
174 334 3
177 334 3
186 334 3
209 334 3
223 334 3
228 334 3
253 334 3
485 334 3
495 334 3
499 334 3
517 334 3
42 335 3
43 335 3
50 335 2
51 335 2
52 335 3
53 335 3
60 335 2
61 335 2
65 335 2
66 335 2
69 335 2
70 335 2
74 335 2
75 335 2
76 335 2
77 335 2
161 335 3
162 335 3
169 335 2
170 335 2
171 335 3
172 335 3
179 335 2
180 335 2
184 335 2
185 335 2
188 335 2
189 335 2
193 335 2
194 335 2
195 335 2
196 335 2
204 335 4
206 335 3
216 335 3
217 335 2
218 335 4
220 335 3
230 335 3
231 335 2
236 335 3
237 335 2
255 335 3
256 335 2
261 335 3
262 335 2
263 335 3
265 335 2
436 335 3
445 335 2
447 335 3
456 335 2
461 335 2
465 335 2
470 335 2
472 335 2
481 335 4
490 335 3
491 335 4
500 335 3
504 335 3
518 335 3
522 335 3
523 335 3
204 336 4
216 336 3
218 336 4
230 336 3
236 336 3
255 336 3
261 336 3
263 336 3
436 336 3
445 336 2
447 336 3
456 336 2
461 336 2
465 336 2
470 336 2
472 336 2
481 336 4
490 336 3
491 336 4
500 336 3
504 336 3
518 336 3
522 336 3
523 336 3
42 337 3
43 337 3
52 337 3
53 337 3
76 337 2
77 337 2
161 337 3
162 337 3
171 337 3
172 337 3
195 337 2
196 337 2
204 337 4
206 337 3
218 337 4
220 337 3
263 337 3
265 337 2
436 337 3
447 337 3
472 337 2
481 337 4
491 337 4
523 337 3
204 338 4
218 338 4
263 338 3
436 338 3
447 338 3
472 338 2
481 338 4
491 338 4
523 338 3
42 339 3
44 339 3
52 339 3
54 339 3
76 339 2
78 339 2
161 339 3
163 339 3
171 339 3
173 339 3
195 339 2
197 339 2
205 339 3
208 339 3
219 339 3
222 339 3
264 339 2
267 339 2
482 339 3
484 339 3
492 339 3
494 339 3
524 339 2
526 339 2
204 340 4
207 340 4
218 340 4
221 340 4
263 340 3
266 340 3
436 340 3
438 340 3
447 340 3
449 340 3
472 340 2
474 340 2
481 340 4
483 340 4
491 340 4
493 340 4
523 340 3
525 340 3
58 341 3
62 341 2
67 341 3
71 341 2
177 341 3
181 341 2
186 341 3
190 341 2
228 341 3
233 341 2
253 341 3
258 341 2
499 341 3
502 341 2
517 341 3
520 341 2
230 342 3
232 342 3
255 342 3
257 342 3
456 342 2
458 342 2
465 342 2
467 342 2
500 342 3
501 342 3
518 342 3
519 342 3
58 343 3
67 343 3
177 343 3
186 343 3
228 343 3
253 343 3
499 343 3
517 343 3
60 344 2
61 344 2
65 344 2
66 344 2
69 344 2
70 344 2
74 344 2
75 344 2
179 344 2
180 344 2
184 344 2
185 344 2
188 344 2
189 344 2
193 344 2
194 344 2
230 344 3
231 344 2
236 344 3
237 344 2
255 344 3
256 344 2
261 344 3
262 344 2
456 344 2
461 344 2
465 344 2
470 344 2
500 344 3
504 344 3
518 344 3
522 344 3
230 345 3
236 345 3
255 345 3
261 345 3
456 345 2
461 345 2
465 345 2
470 345 2
500 345 3
504 345 3
518 345 3
522 345 3
58 346 3
62 346 2
63 346 3
67 346 3
71 346 2
72 346 3
177 346 3
181 346 2
182 346 3
186 346 3
190 346 2
191 346 3
228 346 3
233 346 2
234 346 3
253 346 3
258 346 2
259 346 3
499 346 3
502 346 2
503 346 3
517 346 3
520 346 2
521 346 3
58 347 3
63 347 3
67 347 3
72 347 3
177 347 3
182 347 3
186 347 3
191 347 3
228 347 3
234 347 3
253 347 3
259 347 3
499 347 3
503 347 3
517 347 3
521 347 3
42 348 3
43 348 3
50 348 2
51 348 2
161 348 3
162 348 3
169 348 2
170 348 2
204 348 4
206 348 3
216 348 3
217 348 2
436 348 3
445 348 2
481 348 4
490 348 3
204 349 4
216 349 3
436 349 3
445 349 2
481 349 4
490 349 3
42 350 3
44 350 3
45 350 3
48 350 3
161 350 3
163 350 3
164 350 3
167 350 3
205 350 3
208 350 3
209 350 3
214 350 3
482 350 3
484 350 3
485 350 3
489 350 3
204 351 4
207 351 4
216 351 3
436 351 3
438 351 3
445 351 2
481 351 4
483 351 4
490 351 3
45 352 3
48 352 3
164 352 3
167 352 3
209 352 3
214 352 3
485 352 3
489 352 3
42 353 3
43 353 3
161 353 3
162 353 3
204 353 4
206 353 3
436 353 3
481 353 4
204 354 4
436 354 3
481 354 4
42 355 3
44 355 3
161 355 3
163 355 3
205 355 3
208 355 3
482 355 3
484 355 3
204 356 4
207 356 4
436 356 3
438 356 3
481 356 4
483 356 4
45 357 3
47 357 2
55 357 3
57 357 2
164 357 3
166 357 2
174 357 3
176 357 2
209 357 3
213 357 2
223 357 3
227 357 2
485 357 3
488 357 2
495 357 3
498 357 2
211 358 3
212 358 3
225 358 3
226 358 3
441 358 2
442 358 2
452 358 2
453 358 2
486 358 3
487 358 3
496 358 3
497 358 3
45 359 3
55 359 3
164 359 3
174 359 3
209 359 3
223 359 3
485 359 3
495 359 3
42 360 3
43 360 3
50 360 2
51 360 2
52 360 3
53 360 3
161 360 3
162 360 3
169 360 2
170 360 2
171 360 3
172 360 3
204 360 4
206 360 3
216 360 3
217 360 2
218 360 4
220 360 3
436 360 3
445 360 2
447 360 3
481 360 4
490 360 3
491 360 4
204 361 4
216 361 3
218 361 4
436 361 3
445 361 2
447 361 3
481 361 4
490 361 3
491 361 4
42 362 3
43 362 3
52 362 3
53 362 3
161 362 3
162 362 3
171 362 3
172 362 3
204 362 4
206 362 3
218 362 4
220 362 3
436 362 3
447 362 3
481 362 4
491 362 4
204 363 4
218 363 4
436 363 3
447 363 3
481 363 4
491 363 4
42 364 3
44 364 3
52 364 3
54 364 3
161 364 3
163 364 3
171 364 3
173 364 3
205 364 3
208 364 3
219 364 3
222 364 3
482 364 3
484 364 3
492 364 3
494 364 3
204 365 4
207 365 4
218 365 4
221 365 4
436 365 3
438 365 3
447 365 3
449 365 3
481 365 4
483 365 4
491 365 4
493 365 4
0 366 4
4 366 3
21 366 3
23 366 2
101 366 3
105 366 2
116 366 2
118 366 1
119 366 4
123 366 3
140 366 3
142 366 2
228 366 3
233 366 2
248 366 2
252 366 1
298 366 3
303 366 2
318 366 2
322 366 1
499 366 3
502 366 2
513 366 2
516 366 1
548 366 3
551 366 2
562 366 2
565 366 1
566 366 3
569 366 2
583 366 2
586 366 1
0 367 4
21 367 3
101 367 3
116 367 2
119 367 4
140 367 3
228 367 3
248 367 2
298 367 3
318 367 2
499 367 3
513 367 2
548 367 3
562 367 2
566 367 3
583 367 2
0 368 4
4 368 3
5 368 4
9 368 3
11 368 3
18 368 3
20 368 3
21 368 3
101 368 3
105 368 2
106 368 3
110 368 2
112 368 2
113 368 2
115 368 2
116 368 2
119 368 4
123 368 3
124 368 4
128 368 3
130 368 3
137 368 3
139 368 3
140 368 3
228 368 3
233 368 2
234 368 3
239 368 2
242 368 2
244 368 2
247 368 2
248 368 2
298 368 3
303 368 2
304 368 3
309 368 2
312 368 2
314 368 2
317 368 2
318 368 2
499 368 3
502 368 2
503 368 3
506 368 2
508 368 2
510 368 2
512 368 2
513 368 2
548 368 3
551 368 2
552 368 3
555 368 2
557 368 2
559 368 2
561 368 2
562 368 2
566 368 3
569 368 2
570 368 3
573 368 2
575 368 2
580 368 2
582 368 2
583 368 2
0 369 4
5 369 4
21 369 3
101 369 3
106 369 3
116 369 2
119 369 4
124 369 4
140 369 3
228 369 3
234 369 3
248 369 2
298 369 3
304 369 3
318 369 2
499 369 3
503 369 3
513 369 2
548 369 3
552 369 3
562 369 2
566 369 3
570 369 3
583 369 2
9 370 3
11 370 3
18 370 3
20 370 3
110 370 2
112 370 2
113 370 2
115 370 2
128 370 3
130 370 3
137 370 3
139 370 3
239 370 2
242 370 2
244 370 2
247 370 2
309 370 2
312 370 2
314 370 2
317 370 2
506 370 2
508 370 2
510 370 2
512 370 2
555 370 2
557 370 2
559 370 2
561 370 2
573 370 2
575 370 2
580 370 2
582 370 2
0 371 4
4 371 3
101 371 3
105 371 2
119 371 4
123 371 3
228 371 3
233 371 2
298 371 3
303 371 2
499 371 3
502 371 2
548 371 3
551 371 2
566 371 3
569 371 2
0 372 4
101 372 3
119 372 4
228 372 3
298 372 3
499 372 3
548 372 3
566 372 3
0 373 4
4 373 3
5 373 4
101 373 3
105 373 2
106 373 3
119 373 4
123 373 3
124 373 4
228 373 3
233 373 2
234 373 3
298 373 3
303 373 2
304 373 3
499 373 3
502 373 2
503 373 3
548 373 3
551 373 2
552 373 3
566 373 3
569 373 2
570 373 3
0 374 4
5 374 4
101 374 3
106 374 3
119 374 4
124 374 4
228 374 3
234 374 3
298 374 3
304 374 3
499 374 3
503 374 3
548 374 3
552 374 3
566 374 3
570 374 3
0 375 4
4 375 3
21 375 3
23 375 2
119 375 4
123 375 3
140 375 3
142 375 2
566 375 3
569 375 2
583 375 2
586 375 1
0 376 4
21 376 3
119 376 4
140 376 3
566 376 3
583 376 2
0 377 4
4 377 3
5 377 4
9 377 3
11 377 3
18 377 3
20 377 3
21 377 3
119 377 4
123 377 3
124 377 4
128 377 3
130 377 3
137 377 3
139 377 3
140 377 3
566 377 3
569 377 2
570 377 3
573 377 2
575 377 2
580 377 2
582 377 2
583 377 2
0 378 4
5 378 4
21 378 3
119 378 4
124 378 4
140 378 3
566 378 3
570 378 3
583 378 2
9 379 3
11 379 3
18 379 3
20 379 3
128 379 3
130 379 3
137 379 3
139 379 3
573 379 2
575 379 2
580 379 2
582 379 2
0 380 4
4 380 3
119 380 4
123 380 3
566 380 3
569 380 2
0 381 4
119 381 4
566 381 3
0 382 4
4 382 3
5 382 4
119 382 4
123 382 3
124 382 4
566 382 3
569 382 2
570 382 3
0 383 4
5 383 4
119 383 4
124 383 4
566 383 3
570 383 3
9 384 3
11 384 3
12 384 3
14 384 3
33 384 3
35 384 3
36 384 3
38 384 3
128 384 3
130 384 3
131 384 3
133 384 3
152 384 3
154 384 3
155 384 3
157 384 3
573 384 2
575 384 2
576 384 2
577 384 2
594 384 2
596 384 2
597 384 2
598 384 2
12 385 3
14 385 3
36 385 3
38 385 3
131 385 3
133 385 3
155 385 3
157 385 3
576 385 2
577 385 2
597 385 2
598 385 2
9 386 3
11 386 3
33 386 3
35 386 3
128 386 3
130 386 3
152 386 3
154 386 3
573 386 2
575 386 2
594 386 2
596 386 2
0 387 4
4 387 3
21 387 3
23 387 2
24 387 4
28 387 3
119 387 4
123 387 3
140 387 3
142 387 2
143 387 4
147 387 3
566 387 3
569 387 2
583 387 2
586 387 1
587 387 3
590 387 2
0 388 4
21 388 3
24 388 4
119 388 4
140 388 3
143 388 4
566 388 3
583 388 2
587 388 3
0 389 4
4 389 3
24 389 4
28 389 3
119 389 4
123 389 3
143 389 4
147 389 3
566 389 3
569 389 2
587 389 3
590 389 2
0 390 4
24 390 4
119 390 4
143 390 4
566 390 3
587 390 3
0 391 4
4 391 3
5 391 4
24 391 4
28 391 3
29 391 4
119 391 4
123 391 3
124 391 4
143 391 4
147 391 3
148 391 4
566 391 3
569 391 2
570 391 3
587 391 3
590 391 2
591 391 3
0 392 4
5 392 4
24 392 4
29 392 4
119 392 4
124 392 4
143 392 4
148 392 4
566 392 3
570 392 3
587 392 3
591 392 3
204 393 4
206 393 3
216 393 3
217 393 2
263 393 3
265 393 2
272 393 2
273 393 1
481 393 4
490 393 3
523 393 3
529 393 2
204 394 4
216 394 3
263 394 3
272 394 2
481 394 4
490 394 3
523 394 3
529 394 2
205 395 3
208 395 3
209 395 3
214 395 3
264 395 2
267 395 2
268 395 2
270 395 2
482 395 3
484 395 3
485 395 3
489 395 3
524 395 2
526 395 2
527 395 2
528 395 2
204 396 4
207 396 4
216 396 3
263 396 3
266 396 3
272 396 2
481 396 4
483 396 4
490 396 3
523 396 3
525 396 3
529 396 2
209 397 3
214 397 3
268 397 2
270 397 2
485 397 3
489 397 3
527 397 2
528 397 2
204 398 4
206 398 3
263 398 3
265 398 2
481 398 4
523 398 3
204 399 4
263 399 3
481 399 4
523 399 3
205 400 3
208 400 3
264 400 2
267 400 2
482 400 3
484 400 3
524 400 2
526 400 2
204 401 4
207 401 4
263 401 3
266 401 3
481 401 4
483 401 4
523 401 3
525 401 3
209 402 3
213 402 2
223 402 3
227 402 2
228 402 3
233 402 2
253 402 3
258 402 2
485 402 3
488 402 2
495 402 3
498 402 2
499 402 3
502 402 2
517 402 3
520 402 2
211 403 3
212 403 3
225 403 3
226 403 3
230 403 3
232 403 3
255 403 3
257 403 3
486 403 3
487 403 3
496 403 3
497 403 3
500 403 3
501 403 3
518 403 3
519 403 3
209 404 3
223 404 3
228 404 3
253 404 3
485 404 3
495 404 3
499 404 3
517 404 3
204 405 4
206 405 3
216 405 3
217 405 2
218 405 4
220 405 3
230 405 3
231 405 2
236 405 3
237 405 2
255 405 3
256 405 2
261 405 3
262 405 2
263 405 3
265 405 2
481 405 4
490 405 3
491 405 4
500 405 3
504 405 3
518 405 3
522 405 3
523 405 3
204 406 4
216 406 3
218 406 4
230 406 3
236 406 3
255 406 3
261 406 3
263 406 3
481 406 4
490 406 3
491 406 4
500 406 3
504 406 3
518 406 3
522 406 3
523 406 3
204 407 4
206 407 3
218 407 4
220 407 3
263 407 3
265 407 2
481 407 4
491 407 4
523 407 3
204 408 4
218 408 4
263 408 3
481 408 4
491 408 4
523 408 3
205 409 3
208 409 3
219 409 3
222 409 3
264 409 2
267 409 2
482 409 3
484 409 3
492 409 3
494 409 3
524 409 2
526 409 2
204 410 4
207 410 4
218 410 4
221 410 4
263 410 3
266 410 3
481 410 4
483 410 4
491 410 4
493 410 4
523 410 3
525 410 3
228 411 3
233 411 2
253 411 3
258 411 2
499 411 3
502 411 2
517 411 3
520 411 2
230 412 3
232 412 3
255 412 3
257 412 3
500 412 3
501 412 3
518 412 3
519 412 3
228 413 3
253 413 3
499 413 3
517 413 3
230 414 3
231 414 2
236 414 3
237 414 2
255 414 3
256 414 2
261 414 3
262 414 2
500 414 3
504 414 3
518 414 3
522 414 3
230 415 3
236 415 3
255 415 3
261 415 3
500 415 3
504 415 3
518 415 3
522 415 3
228 416 3
233 416 2
234 416 3
253 416 3
258 416 2
259 416 3
499 416 3
502 416 2
503 416 3
517 416 3
520 416 2
521 416 3
228 417 3
234 417 3
253 417 3
259 417 3
499 417 3
503 417 3
517 417 3
521 417 3
204 418 4
206 418 3
216 418 3
217 418 2
481 418 4
490 418 3
204 419 4
216 419 3
481 419 4
490 419 3
205 420 3
208 420 3
209 420 3
214 420 3
482 420 3
484 420 3
485 420 3
489 420 3
204 421 4
207 421 4
216 421 3
481 421 4
483 421 4
490 421 3
209 422 3
214 422 3
485 422 3
489 422 3
204 423 4
206 423 3
481 423 4
204 424 4
481 424 4
205 425 3
208 425 3
482 425 3
484 425 3
204 426 4
207 426 4
481 426 4
483 426 4
209 427 3
213 427 2
223 427 3
227 427 2
485 427 3
488 427 2
495 427 3
498 427 2
211 428 3
212 428 3
225 428 3
226 428 3
486 428 3
487 428 3
496 428 3
497 428 3
209 429 3
223 429 3
485 429 3
495 429 3
204 430 4
206 430 3
216 430 3
217 430 2
218 430 4
220 430 3
481 430 4
490 430 3
491 430 4
204 431 4
216 431 3
218 431 4
481 431 4
490 431 3
491 431 4
204 432 4
206 432 3
218 432 4
220 432 3
481 432 4
491 432 4
204 433 4
218 433 4
481 433 4
491 433 4
205 434 3
208 434 3
219 434 3
222 434 3
482 434 3
484 434 3
492 434 3
494 434 3
204 435 4
207 435 4
218 435 4
221 435 4
481 435 4
483 435 4
491 435 4
493 435 4
228 436 3
233 436 2
248 436 2
252 436 1
298 436 3
303 436 2
318 436 2
322 436 1
499 436 3
502 436 2
513 436 2
516 436 1
548 436 3
551 436 2
562 436 2
565 436 1
230 437 3
232 437 3
250 437 2
251 437 2
300 437 3
302 437 3
320 437 2
321 437 2
500 437 3
501 437 3
514 437 2
515 437 2
549 437 3
550 437 3
563 437 2
564 437 2
228 438 3
248 438 2
298 438 3
318 438 2
499 438 3
513 438 2
548 438 3
562 438 2
230 439 3
231 439 2
236 439 3
237 439 2
238 439 3
240 439 2
243 439 3
245 439 2
300 439 3
301 439 2
306 439 3
307 439 2
308 439 3
310 439 2
313 439 3
315 439 2
500 439 3
504 439 3
505 439 3
509 439 3
549 439 3
553 439 3
554 439 3
558 439 3
230 440 3
236 440 3
238 440 3
243 440 3
300 440 3
306 440 3
308 440 3
313 440 3
500 440 3
504 440 3
505 440 3
509 440 3
549 440 3
553 440 3
554 440 3
558 440 3
228 441 3
233 441 2
234 441 3
239 441 2
242 441 2
244 441 2
247 441 2
248 441 2
298 441 3
303 441 2
304 441 3
309 441 2
312 441 2
314 441 2
317 441 2
318 441 2
499 441 3
502 441 2
503 441 3
506 441 2
508 441 2
510 441 2
512 441 2
513 441 2
548 441 3
551 441 2
552 441 3
555 441 2
557 441 2
559 441 2
561 441 2
562 441 2
228 442 3
234 442 3
248 442 2
298 442 3
304 442 3
318 442 2
499 442 3
503 442 3
513 442 2
548 442 3
552 442 3
562 442 2
238 443 3
240 443 2
243 443 3
245 443 2
308 443 3
310 443 2
313 443 3
315 443 2
505 443 3
509 443 3
554 443 3
558 443 3
238 444 3
243 444 3
308 444 3
313 444 3
505 444 3
509 444 3
554 444 3
558 444 3
239 445 2
242 445 2
244 445 2
247 445 2
309 445 2
312 445 2
314 445 2
317 445 2
506 445 2
508 445 2
510 445 2
512 445 2
555 445 2
557 445 2
559 445 2
561 445 2
238 446 3
241 446 3
243 446 3
246 446 3
308 446 3
311 446 3
313 446 3
316 446 3
505 446 3
507 446 3
509 446 3
511 446 3
554 446 3
556 446 3
558 446 3
560 446 3
228 447 3
233 447 2
298 447 3
303 447 2
499 447 3
502 447 2
548 447 3
551 447 2
230 448 3
232 448 3
300 448 3
302 448 3
500 448 3
501 448 3
549 448 3
550 448 3
228 449 3
298 449 3
499 449 3
548 449 3
230 450 3
231 450 2
236 450 3
237 450 2
300 450 3
301 450 2
306 450 3
307 450 2
500 450 3
504 450 3
549 450 3
553 450 3
230 451 3
236 451 3
300 451 3
306 451 3
500 451 3
504 451 3
549 451 3
553 451 3
228 452 3
233 452 2
234 452 3
298 452 3
303 452 2
304 452 3
499 452 3
502 452 2
503 452 3
548 452 3
551 452 2
552 452 3
228 453 3
234 453 3
298 453 3
304 453 3
499 453 3
503 453 3
548 453 3
552 453 3
204 454 4
206 454 3
216 454 3
217 454 2
263 454 3
265 454 2
272 454 2
273 454 1
274 454 4
276 454 3
286 454 3
287 454 2
481 454 4
490 454 3
523 454 3
529 454 2
530 454 4
539 454 3
204 455 4
216 455 3
263 455 3
272 455 2
274 455 4
286 455 3
481 455 4
490 455 3
523 455 3
529 455 2
530 455 4
539 455 3
205 456 3
208 456 3
209 456 3
214 456 3
264 456 2
267 456 2
268 456 2
270 456 2
275 456 3
278 456 3
279 456 3
284 456 3
482 456 3
484 456 3
485 456 3
489 456 3
524 456 2
526 456 2
527 456 2
528 456 2
531 456 3
533 456 3
534 456 3
538 456 3
204 457 4
207 457 4
216 457 3
263 457 3
266 457 3
272 457 2
274 457 4
277 457 4
286 457 3
481 457 4
483 457 4
490 457 3
523 457 3
525 457 3
529 457 2
530 457 4
532 457 4
539 457 3
209 458 3
214 458 3
268 458 2
270 458 2
279 458 3
284 458 3
485 458 3
489 458 3
527 458 2
528 458 2
534 458 3
538 458 3
204 459 4
206 459 3
263 459 3
265 459 2
274 459 4
276 459 3
481 459 4
523 459 3
530 459 4
204 460 4
263 460 3
274 460 4
481 460 4
523 460 3
530 460 4
205 461 3
208 461 3
264 461 2
267 461 2
275 461 3
278 461 3
482 461 3
484 461 3
524 461 2
526 461 2
531 461 3
533 461 3
204 462 4
207 462 4
263 462 3
266 462 3
274 462 4
277 462 4
481 462 4
483 462 4
523 462 3
525 462 3
530 462 4
532 462 4
204 463 4
206 463 3
216 463 3
217 463 2
274 463 4
276 463 3
286 463 3
287 463 2
481 463 4
490 463 3
530 463 4
539 463 3
204 464 4
216 464 3
274 464 4
286 464 3
481 464 4
490 464 3
530 464 4
539 464 3
205 465 3
208 465 3
209 465 3
214 465 3
275 465 3
278 465 3
279 465 3
284 465 3
482 465 3
484 465 3
485 465 3
489 465 3
531 465 3
533 465 3
534 465 3
538 465 3
204 466 4
207 466 4
216 466 3
274 466 4
277 466 4
286 466 3
481 466 4
483 466 4
490 466 3
530 466 4
532 466 4
539 466 3
209 467 3
214 467 3
279 467 3
284 467 3
485 467 3
489 467 3
534 467 3
538 467 3
204 468 4
206 468 3
274 468 4
276 468 3
481 468 4
530 468 4
204 469 4
274 469 4
481 469 4
530 469 4
205 470 3
208 470 3
275 470 3
278 470 3
482 470 3
484 470 3
531 470 3
533 470 3
204 471 4
207 471 4
274 471 4
277 471 4
481 471 4
483 471 4
530 471 4
532 471 4
209 472 3
213 472 2
223 472 3
227 472 2
279 472 3
283 472 2
293 472 3
297 472 2
485 472 3
488 472 2
495 472 3
498 472 2
534 472 3
537 472 2
544 472 3
547 472 2
211 473 3
212 473 3
225 473 3
226 473 3
281 473 3
282 473 3
295 473 3
296 473 3
486 473 3
487 473 3
496 473 3
497 473 3
535 473 3
536 473 3
545 473 3
546 473 3
209 474 3
223 474 3
279 474 3
293 474 3
485 474 3
495 474 3
534 474 3
544 474 3
204 475 4
206 475 3
216 475 3
217 475 2
218 475 4
220 475 3
274 475 4
276 475 3
286 475 3
287 475 2
288 475 4
290 475 3
481 475 4
490 475 3
491 475 4
530 475 4
539 475 3
540 475 4
204 476 4
216 476 3
218 476 4
274 476 4
286 476 3
288 476 4
481 476 4
490 476 3
491 476 4
530 476 4
539 476 3
540 476 4
204 477 4
206 477 3
218 477 4
220 477 3
274 477 4
276 477 3
288 477 4
290 477 3
481 477 4
491 477 4
530 477 4
540 477 4
204 478 4
218 478 4
274 478 4
288 478 4
481 478 4
491 478 4
530 478 4
540 478 4
205 479 3
208 479 3
219 479 3
222 479 3
275 479 3
278 479 3
289 479 3
292 479 3
482 479 3
484 479 3
492 479 3
494 479 3
531 479 3
533 479 3
541 479 3
543 479 3
204 480 4
207 480 4
218 480 4
221 480 4
274 480 4
277 480 4
288 480 4
291 480 4
481 480 4
483 480 4
491 480 4
493 480 4
530 480 4
532 480 4
540 480 4
542 480 4
0 481 4
4 481 3
21 481 3
23 481 2
101 481 3
105 481 2
116 481 2
118 481 1
0 482 4
1 482 4
4 482 3
21 482 3
22 482 3
23 482 2
101 482 3
102 482 3
105 482 2
116 482 2
117 482 2
118 482 1
0 483 4
21 483 3
101 483 3
116 483 2
0 484 4
1 484 4
21 484 3
22 484 3
101 484 3
102 484 3
116 484 2
117 484 2
2 485 3
3 485 3
7 485 3
8 485 3
9 485 3
10 485 3
18 485 3
19 485 3
103 485 2
104 485 2
108 485 2
109 485 2
110 485 2
111 485 2
113 485 2
114 485 2
0 486 4
4 486 3
5 486 4
9 486 3
11 486 3
18 486 3
20 486 3
21 486 3
101 486 3
105 486 2
106 486 3
110 486 2
112 486 2
113 486 2
115 486 2
116 486 2
0 487 4
5 487 4
21 487 3
101 487 3
106 487 3
116 487 2
0 488 4
1 488 4
5 488 4
6 488 4
21 488 3
22 488 3
101 488 3
102 488 3
106 488 3
107 488 3
116 488 2
117 488 2
9 489 3
10 489 3
18 489 3
19 489 3
110 489 2
111 489 2
113 489 2
114 489 2
9 490 3
11 490 3
18 490 3
20 490 3
110 490 2
112 490 2
113 490 2
115 490 2
0 491 4
4 491 3
101 491 3
105 491 2
0 492 4
1 492 4
4 492 3
101 492 3
102 492 3
105 492 2
0 493 4
101 493 3
0 494 4
1 494 4
101 494 3
102 494 3
2 495 3
3 495 3
7 495 3
8 495 3
103 495 2
104 495 2
108 495 2
109 495 2
0 496 4
4 496 3
5 496 4
101 496 3
105 496 2
106 496 3
0 497 4
5 497 4
101 497 3
106 497 3
0 498 4
1 498 4
5 498 4
6 498 4
101 498 3
102 498 3
106 498 3
107 498 3
9 499 3
10 499 3
16 499 2
17 499 2
33 499 3
34 499 3
40 499 2
41 499 2
42 499 3
43 499 3
50 499 2
51 499 2
85 499 3
86 499 3
93 499 2
94 499 2
9 500 3
11 500 3
12 500 3
14 500 3
33 500 3
35 500 3
36 500 3
38 500 3
42 500 3
44 500 3
45 500 3
48 500 3
85 500 3
87 500 3
88 500 3
91 500 3
12 501 3
14 501 3
36 501 3
38 501 3
45 501 3
48 501 3
88 501 3
91 501 3
12 502 3
13 502 3
14 502 3
15 502 3
36 502 3
37 502 3
38 502 3
39 502 3
45 502 3
46 502 3
48 502 3
49 502 3
88 502 3
89 502 3
91 502 3
92 502 3
9 503 3
10 503 3
33 503 3
34 503 3
42 503 3
43 503 3
85 503 3
86 503 3
9 504 3
11 504 3
33 504 3
35 504 3
42 504 3
44 504 3
85 504 3
87 504 3
0 505 4
4 505 3
21 505 3
23 505 2
24 505 4
28 505 3
45 505 3
47 505 2
55 505 3
57 505 2
88 505 3
90 505 2
98 505 3
100 505 2
101 505 3
105 505 2
0 506 4
1 506 4
4 506 3
21 506 3
22 506 3
23 506 2
24 506 4
25 506 4
28 506 3
45 506 3
46 506 3
47 506 2
55 506 3
56 506 3
57 506 2
88 506 3
89 506 3
90 506 2
98 506 3
99 506 3
100 506 2
101 506 3
102 506 3
105 506 2
0 507 4
21 507 3
24 507 4
45 507 3
55 507 3
88 507 3
98 507 3
101 507 3
0 508 4
1 508 4
21 508 3
22 508 3
24 508 4
25 508 4
45 508 3
46 508 3
55 508 3
56 508 3
88 508 3
89 508 3
98 508 3
99 508 3
101 508 3
102 508 3
0 509 4
4 509 3
24 509 4
28 509 3
101 509 3
105 509 2
0 510 4
1 510 4
4 510 3
24 510 4
25 510 4
28 510 3
101 510 3
102 510 3
105 510 2
0 511 4
24 511 4
101 511 3
0 512 4
1 512 4
24 512 4
25 512 4
101 512 3
102 512 3
2 513 3
3 513 3
7 513 3
8 513 3
26 513 3
27 513 3
31 513 3
32 513 3
103 513 2
104 513 2
108 513 2
109 513 2
0 514 4
4 514 3
5 514 4
24 514 4
28 514 3
29 514 4
101 514 3
105 514 2
106 514 3
0 515 4
5 515 4
24 515 4
29 515 4
101 515 3
106 515 3
0 516 4
1 516 4
5 516 4
6 516 4
24 516 4
25 516 4
29 516 4
30 516 4
101 516 3
102 516 3
106 516 3
107 516 3
42 517 3
43 517 3
50 517 2
51 517 2
85 517 3
86 517 3
93 517 2
94 517 2
42 518 3
44 518 3
45 518 3
48 518 3
85 518 3
87 518 3
88 518 3
91 518 3
45 519 3
48 519 3
88 519 3
91 519 3
45 520 3
46 520 3
48 520 3
49 520 3
88 520 3
89 520 3
91 520 3
92 520 3
42 521 3
43 521 3
85 521 3
86 521 3
42 522 3
44 522 3
85 522 3
87 522 3
45 523 3
47 523 2
55 523 3
57 523 2
88 523 3
90 523 2
98 523 3
100 523 2
45 524 3
46 524 3
47 524 2
55 524 3
56 524 3
57 524 2
88 524 3
89 524 3
90 524 2
98 524 3
99 524 3
100 524 2
45 525 3
55 525 3
88 525 3
98 525 3
45 526 3
46 526 3
55 526 3
56 526 3
88 526 3
89 526 3
98 526 3
99 526 3
42 527 3
43 527 3
50 527 2
51 527 2
52 527 3
53 527 3
85 527 3
86 527 3
93 527 2
94 527 2
95 527 3
96 527 3
42 528 3
43 528 3
52 528 3
53 528 3
85 528 3
86 528 3
95 528 3
96 528 3
42 529 3
44 529 3
52 529 3
54 529 3
85 529 3
87 529 3
95 529 3
97 529 3
0 530 4
4 530 3
21 530 3
23 530 2
0 531 4
1 531 4
4 531 3
21 531 3
22 531 3
23 531 2
0 532 4
21 532 3
0 533 4
1 533 4
21 533 3
22 533 3
2 534 3
3 534 3
7 534 3
8 534 3
9 534 3
10 534 3
18 534 3
19 534 3
0 535 4
4 535 3
5 535 4
9 535 3
11 535 3
18 535 3
20 535 3
21 535 3
0 536 4
5 536 4
21 536 3
0 537 4
1 537 4
5 537 4
6 537 4
21 537 3
22 537 3
9 538 3
10 538 3
18 538 3
19 538 3
9 539 3
11 539 3
18 539 3
20 539 3
0 540 4
4 540 3
0 541 4
1 541 4
4 541 3
0 542 4
0 543 4
1 543 4
2 544 3
3 544 3
7 544 3
8 544 3
0 545 4
4 545 3
5 545 4
0 546 4
5 546 4
0 547 4
1 547 4
5 547 4
6 547 4
9 548 3
10 548 3
16 548 2
17 548 2
33 548 3
34 548 3
40 548 2
41 548 2
9 549 3
11 549 3
12 549 3
14 549 3
33 549 3
35 549 3
36 549 3
38 549 3
12 550 3
14 550 3
36 550 3
38 550 3
12 551 3
13 551 3
14 551 3
15 551 3
36 551 3
37 551 3
38 551 3
39 551 3
9 552 3
10 552 3
33 552 3
34 552 3
9 553 3
11 553 3
33 553 3
35 553 3
0 554 4
4 554 3
21 554 3
23 554 2
24 554 4
28 554 3
0 555 4
1 555 4
4 555 3
21 555 3
22 555 3
23 555 2
24 555 4
25 555 4
28 555 3
0 556 4
21 556 3
24 556 4
0 557 4
1 557 4
21 557 3
22 557 3
24 557 4
25 557 4
0 558 4
4 558 3
24 558 4
28 558 3
0 559 4
1 559 4
4 559 3
24 559 4
25 559 4
28 559 3
0 560 4
24 560 4
0 561 4
1 561 4
24 561 4
25 561 4
2 562 3
3 562 3
7 562 3
8 562 3
26 562 3
27 562 3
31 562 3
32 562 3
0 563 4
4 563 3
5 563 4
24 563 4
28 563 3
29 563 4
0 564 4
5 564 4
24 564 4
29 564 4
0 565 4
1 565 4
5 565 4
6 565 4
24 565 4
25 565 4
29 565 4
30 565 4
42 566 3
43 566 3
50 566 2
51 566 2
76 566 2
77 566 2
83 566 1
84 566 1
161 566 3
162 566 3
169 566 2
170 566 2
195 566 2
196 566 2
202 566 1
203 566 1
42 567 3
44 567 3
45 567 3
48 567 3
76 567 2
78 567 2
79 567 2
81 567 2
161 567 3
163 567 3
164 567 3
167 567 3
195 567 2
197 567 2
198 567 2
200 567 2
45 568 3
48 568 3
79 568 2
81 568 2
164 568 3
167 568 3
198 568 2
200 568 2
45 569 3
46 569 3
48 569 3
49 569 3
79 569 2
80 569 2
81 569 2
82 569 2
164 569 3
165 569 3
167 569 3
168 569 3
198 569 2
199 569 2
200 569 2
201 569 2
42 570 3
43 570 3
76 570 2
77 570 2
161 570 3
162 570 3
195 570 2
196 570 2
42 571 3
44 571 3
76 571 2
78 571 2
161 571 3
163 571 3
195 571 2
197 571 2
45 572 3
47 572 2
55 572 3
57 572 2
58 572 3
62 572 2
67 572 3
71 572 2
164 572 3
166 572 2
174 572 3
176 572 2
177 572 3
181 572 2
186 572 3
190 572 2
45 573 3
46 573 3
47 573 2
55 573 3
56 573 3
57 573 2
58 573 3
59 573 3
62 573 2
67 573 3
68 573 3
71 573 2
164 573 3
165 573 3
166 573 2
174 573 3
175 573 3
176 573 2
177 573 3
178 573 3
181 573 2
186 573 3
187 573 3
190 573 2
45 574 3
55 574 3
58 574 3
67 574 3
164 574 3
174 574 3
177 574 3
186 574 3
45 575 3
46 575 3
55 575 3
56 575 3
58 575 3
59 575 3
67 575 3
68 575 3
164 575 3
165 575 3
174 575 3
175 575 3
177 575 3
178 575 3
186 575 3
187 575 3
42 576 3
43 576 3
50 576 2
51 576 2
52 576 3
53 576 3
60 576 2
61 576 2
65 576 2
66 576 2
69 576 2
70 576 2
74 576 2
75 576 2
76 576 2
77 576 2
161 576 3
162 576 3
169 576 2
170 576 2
171 576 3
172 576 3
179 576 2
180 576 2
184 576 2
185 576 2
188 576 2
189 576 2
193 576 2
194 576 2
195 576 2
196 576 2
42 577 3
43 577 3
52 577 3
53 577 3
76 577 2
77 577 2
161 577 3
162 577 3
171 577 3
172 577 3
195 577 2
196 577 2
42 578 3
44 578 3
52 578 3
54 578 3
76 578 2
78 578 2
161 578 3
163 578 3
171 578 3
173 578 3
195 578 2
197 578 2
58 579 3
62 579 2
67 579 3
71 579 2
177 579 3
181 579 2
186 579 3
190 579 2
58 580 3
59 580 3
62 580 2
67 580 3
68 580 3
71 580 2
177 580 3
178 580 3
181 580 2
186 580 3
187 580 3
190 580 2
58 581 3
67 581 3
177 581 3
186 581 3
58 582 3
59 582 3
67 582 3
68 582 3
177 582 3
178 582 3
186 582 3
187 582 3
60 583 2
61 583 2
65 583 2
66 583 2
69 583 2
70 583 2
74 583 2
75 583 2
179 583 2
180 583 2
184 583 2
185 583 2
188 583 2
189 583 2
193 583 2
194 583 2
58 584 3
62 584 2
63 584 3
67 584 3
71 584 2
72 584 3
177 584 3
181 584 2
182 584 3
186 584 3
190 584 2
191 584 3
58 585 3
63 585 3
67 585 3
72 585 3
177 585 3
182 585 3
186 585 3
191 585 3
58 586 3
59 586 3
63 586 3
64 586 3
67 586 3
68 586 3
72 586 3
73 586 3
177 586 3
178 586 3
182 586 3
183 586 3
186 586 3
187 586 3
191 586 3
192 586 3
42 587 3
43 587 3
50 587 2
51 587 2
161 587 3
162 587 3
169 587 2
170 587 2
42 588 3
44 588 3
45 588 3
48 588 3
161 588 3
163 588 3
164 588 3
167 588 3
45 589 3
48 589 3
164 589 3
167 589 3
45 590 3
46 590 3
48 590 3
49 590 3
164 590 3
165 590 3
167 590 3
168 590 3
42 591 3
43 591 3
161 591 3
162 591 3
42 592 3
44 592 3
161 592 3
163 592 3
45 593 3
47 593 2
55 593 3
57 593 2
164 593 3
166 593 2
174 593 3
176 593 2
45 594 3
46 594 3
47 594 2
55 594 3
56 594 3
57 594 2
164 594 3
165 594 3
166 594 2
174 594 3
175 594 3
176 594 2
45 595 3
55 595 3
164 595 3
174 595 3
45 596 3
46 596 3
55 596 3
56 596 3
164 596 3
165 596 3
174 596 3
175 596 3
42 597 3
43 597 3
50 597 2
51 597 2
52 597 3
53 597 3
161 597 3
162 597 3
169 597 2
170 597 2
171 597 3
172 597 3
42 598 3
43 598 3
52 598 3
53 598 3
161 598 3
162 598 3
171 598 3
172 598 3
42 599 3
44 599 3
52 599 3
54 599 3
161 599 3
163 599 3
171 599 3
173 599 3
0 600 4
4 600 3
21 600 3
23 600 2
101 600 3
105 600 2
116 600 2
118 600 1
119 600 4
123 600 3
140 600 3
142 600 2
0 601 4
1 601 4
4 601 3
21 601 3
22 601 3
23 601 2
101 601 3
102 601 3
105 601 2
116 601 2
117 601 2
118 601 1
119 601 4
120 601 4
123 601 3
140 601 3
141 601 3
142 601 2
0 602 4
21 602 3
101 602 3
116 602 2
119 602 4
140 602 3
0 603 4
1 603 4
21 603 3
22 603 3
101 603 3
102 603 3
116 603 2
117 603 2
119 603 4
120 603 4
140 603 3
141 603 3
2 604 3
3 604 3
7 604 3
8 604 3
9 604 3
10 604 3
18 604 3
19 604 3
103 604 2
104 604 2
108 604 2
109 604 2
110 604 2
111 604 2
113 604 2
114 604 2
121 604 3
122 604 3
126 604 3
127 604 3
128 604 3
129 604 3
137 604 3
138 604 3
0 605 4
4 605 3
5 605 4
9 605 3
11 605 3
18 605 3
20 605 3
21 605 3
101 605 3
105 605 2
106 605 3
110 605 2
112 605 2
113 605 2
115 605 2
116 605 2
119 605 4
123 605 3
124 605 4
128 605 3
130 605 3
137 605 3
139 605 3
140 605 3
0 606 4
5 606 4
21 606 3
101 606 3
106 606 3
116 606 2
119 606 4
124 606 4
140 606 3
0 607 4
1 607 4
5 607 4
6 607 4
21 607 3
22 607 3
101 607 3
102 607 3
106 607 3
107 607 3
116 607 2
117 607 2
119 607 4
120 607 4
124 607 4
125 607 4
140 607 3
141 607 3
9 608 3
10 608 3
18 608 3
19 608 3
110 608 2
111 608 2
113 608 2
114 608 2
128 608 3
129 608 3
137 608 3
138 608 3
9 609 3
11 609 3
18 609 3
20 609 3
110 609 2
112 609 2
113 609 2
115 609 2
128 609 3
130 609 3
137 609 3
139 609 3
0 610 4
4 610 3
101 610 3
105 610 2
119 610 4
123 610 3
0 611 4
1 611 4
4 611 3
101 611 3
102 611 3
105 611 2
119 611 4
120 611 4
123 611 3
0 612 4
101 612 3
119 612 4
0 613 4
1 613 4
101 613 3
102 613 3
119 613 4
120 613 4
2 614 3
3 614 3
7 614 3
8 614 3
103 614 2
104 614 2
108 614 2
109 614 2
121 614 3
122 614 3
126 614 3
127 614 3
0 615 4
4 615 3
5 615 4
101 615 3
105 615 2
106 615 3
119 615 4
123 615 3
124 615 4
0 616 4
5 616 4
101 616 3
106 616 3
119 616 4
124 616 4
0 617 4
1 617 4
5 617 4
6 617 4
101 617 3
102 617 3
106 617 3
107 617 3
119 617 4
120 617 4
124 617 4
125 617 4
0 618 4
4 618 3
21 618 3
23 618 2
119 618 4
123 618 3
140 618 3
142 618 2
0 619 4
1 619 4
4 619 3
21 619 3
22 619 3
23 619 2
119 619 4
120 619 4
123 619 3
140 619 3
141 619 3
142 619 2
0 620 4
21 620 3
119 620 4
140 620 3
0 621 4
1 621 4
21 621 3
22 621 3
119 621 4
120 621 4
140 621 3
141 621 3
2 622 3
3 622 3
7 622 3
8 622 3
9 622 3
10 622 3
18 622 3
19 622 3
121 622 3
122 622 3
126 622 3
127 622 3
128 622 3
129 622 3
137 622 3
138 622 3
0 623 4
4 623 3
5 623 4
9 623 3
11 623 3
18 623 3
20 623 3
21 623 3
119 623 4
123 623 3
124 623 4
128 623 3
130 623 3
137 623 3
139 623 3
140 623 3
0 624 4
5 624 4
21 624 3
119 624 4
124 624 4
140 624 3
0 625 4
1 625 4
5 625 4
6 625 4
21 625 3
22 625 3
119 625 4
120 625 4
124 625 4
125 625 4
140 625 3
141 625 3
9 626 3
10 626 3
18 626 3
19 626 3
128 626 3
129 626 3
137 626 3
138 626 3
9 627 3
11 627 3
18 627 3
20 627 3
128 627 3
130 627 3
137 627 3
139 627 3
0 628 4
4 628 3
119 628 4
123 628 3
0 629 4
1 629 4
4 629 3
119 629 4
120 629 4
123 629 3
0 630 4
119 630 4
0 631 4
1 631 4
119 631 4
120 631 4
2 632 3
3 632 3
7 632 3
8 632 3
121 632 3
122 632 3
126 632 3
127 632 3
0 633 4
4 633 3
5 633 4
119 633 4
123 633 3
124 633 4
0 634 4
5 634 4
119 634 4
124 634 4
0 635 4
1 635 4
5 635 4
6 635 4
119 635 4
120 635 4
124 635 4
125 635 4
9 636 3
10 636 3
16 636 2
17 636 2
33 636 3
34 636 3
40 636 2
41 636 2
128 636 3
129 636 3
135 636 2
136 636 2
152 636 3
153 636 3
159 636 2
160 636 2
9 637 3
11 637 3
12 637 3
14 637 3
33 637 3
35 637 3
36 637 3
38 637 3
128 637 3
130 637 3
131 637 3
133 637 3
152 637 3
154 637 3
155 637 3
157 637 3
12 638 3
14 638 3
36 638 3
38 638 3
131 638 3
133 638 3
155 638 3
157 638 3
12 639 3
13 639 3
14 639 3
15 639 3
36 639 3
37 639 3
38 639 3
39 639 3
131 639 3
132 639 3
133 639 3
134 639 3
155 639 3
156 639 3
157 639 3
158 639 3
9 640 3
10 640 3
33 640 3
34 640 3
128 640 3
129 640 3
152 640 3
153 640 3
9 641 3
11 641 3
33 641 3
35 641 3
128 641 3
130 641 3
152 641 3
154 641 3
0 642 4
4 642 3
21 642 3
23 642 2
24 642 4
28 642 3
119 642 4
123 642 3
140 642 3
142 642 2
143 642 4
147 642 3
0 643 4
1 643 4
4 643 3
21 643 3
22 643 3
23 643 2
24 643 4
25 643 4
28 643 3
119 643 4
120 643 4
123 643 3
140 643 3
141 643 3
142 643 2
143 643 4
144 643 4
147 643 3
0 644 4
21 644 3
24 644 4
119 644 4
140 644 3
143 644 4
0 645 4
1 645 4
21 645 3
22 645 3
24 645 4
25 645 4
119 645 4
120 645 4
140 645 3
141 645 3
143 645 4
144 645 4
0 646 4
4 646 3
24 646 4
28 646 3
119 646 4
123 646 3
143 646 4
147 646 3
0 647 4
1 647 4
4 647 3
24 647 4
25 647 4
28 647 3
119 647 4
120 647 4
123 647 3
143 647 4
144 647 4
147 647 3
0 648 4
24 648 4
119 648 4
143 648 4
0 649 4
1 649 4
24 649 4
25 649 4
119 649 4
120 649 4
143 649 4
144 649 4
2 650 3
3 650 3
7 650 3
8 650 3
26 650 3
27 650 3
31 650 3
32 650 3
121 650 3
122 650 3
126 650 3
127 650 3
145 650 3
146 650 3
150 650 3
151 650 3
0 651 4
4 651 3
5 651 4
24 651 4
28 651 3
29 651 4
119 651 4
123 651 3
124 651 4
143 651 4
147 651 3
148 651 4
0 652 4
5 652 4
24 652 4
29 652 4
119 652 4
124 652 4
143 652 4
148 652 4
0 653 4
1 653 4
5 653 4
6 653 4
24 653 4
25 653 4
29 653 4
30 653 4
119 653 4
120 653 4
124 653 4
125 653 4
143 653 4
144 653 4
148 653 4
149 653 4
