9 0 2
11 0 1
20 0 1
21 0 0
9 1 2
20 1 1
9 2 2
11 2 1
12 2 2
14 2 1
15 2 1
18 2 1
19 2 1
20 2 1
9 3 2
12 3 2
20 3 1
14 4 1
15 4 1
18 4 1
19 4 1
9 5 2
11 5 1
9 6 2
9 7 2
11 7 1
12 7 2
9 8 2
12 8 2
0 9 2
4 9 1
26 9 1
29 9 0
0 10 2
1 10 2
4 10 1
16 10 1
17 10 1
26 10 1
27 10 1
28 10 1
16 11 1
17 11 1
27 11 1
28 11 1
0 12 2
26 12 1
0 13 2
1 13 2
26 13 1
2 14 1
3 14 1
7 14 1
8 14 1
9 14 2
11 14 1
20 14 1
22 14 2
9 15 2
20 15 1
22 15 2
0 16 2
4 16 1
5 16 2
10 16 1
13 16 1
23 16 1
25 16 1
26 16 1
0 17 2
5 17 2
26 17 1
9 18 2
11 18 1
22 18 2
9 19 2
22 19 2
10 20 1
13 20 1
23 20 1
25 20 1
9 21 2
12 21 2
22 21 2
24 21 2
0 22 2
4 22 1
0 23 2
1 23 2
4 23 1
0 24 2
0 25 2
1 25 2
2 26 1
3 26 1
7 26 1
8 26 1
0 27 2
4 27 1
5 27 2
0 28 2
5 28 2
0 29 2
1 29 2
5 29 2
6 29 2
