16 0 2
17 0 2
18 0 2
20 0 2
33 0 1
34 0 1
35 0 1
36 0 1
18 1 2
20 1 2
35 1 1
36 1 1
16 2 2
17 2 2
33 2 1
34 2 1
18 3 2
19 3 1
24 3 2
25 3 1
26 3 2
27 3 1
30 3 2
31 3 1
18 4 2
24 4 2
26 4 2
30 4 2
16 5 2
17 5 2
22 5 2
23 5 2
33 5 1
34 5 1
26 6 2
27 6 1
30 6 2
31 6 1
26 7 2
30 7 2
26 8 2
27 8 1
28 8 2
30 8 2
31 8 1
32 8 2
26 9 2
28 9 2
30 9 2
32 9 2
16 10 2
17 10 2
18 10 2
20 10 2
18 11 2
20 11 2
16 12 2
17 12 2
18 13 2
19 13 1
24 13 2
25 13 1
18 14 2
24 14 2
16 15 2
17 15 2
22 15 2
23 15 2
0 16 2
1 16 2
8 16 1
9 16 1
26 16 2
29 16 1
43 16 2
49 16 1
26 17 2
29 17 1
43 17 2
49 17 1
0 18 2
2 18 2
3 18 2
6 18 2
44 18 1
46 18 1
47 18 1
48 18 1
26 19 2
28 19 2
29 19 1
43 19 2
45 19 2
49 19 1
3 20 2
6 20 2
47 20 1
48 20 1
3 21 2
4 21 2
6 21 2
7 21 2
47 21 1
48 21 1
0 22 2
1 22 2
26 22 2
43 22 2
26 23 2
43 23 2
0 24 2
2 24 2
44 24 1
46 24 1
26 25 2
28 25 2
43 25 2
45 25 2
3 26 2
5 26 1
13 26 2
15 26 1
16 26 2
21 26 1
37 26 2
40 26 1
18 27 2
20 27 2
35 27 1
36 27 1
38 27 2
39 27 2
3 28 2
13 28 2
16 28 2
37 28 2
0 29 2
2 29 2
10 29 2
12 29 2
44 29 1
46 29 1
16 30 2
21 30 1
37 30 2
40 30 1
18 31 2
20 31 2
38 31 2
39 31 2
16 32 2
37 32 2
18 33 2
19 33 1
24 33 2
25 33 1
38 33 2
42 33 2
18 34 2
24 34 2
38 34 2
42 34 2
16 35 2
21 35 1
22 35 2
37 35 2
40 35 1
41 35 2
16 36 2
22 36 2
37 36 2
41 36 2
0 37 2
1 37 2
8 37 1
9 37 1
0 38 2
2 38 2
3 38 2
6 38 2
3 39 2
6 39 2
3 40 2
4 40 2
6 40 2
7 40 2
0 41 2
1 41 2
0 42 2
2 42 2
3 43 2
5 43 1
13 43 2
15 43 1
3 44 2
4 44 2
5 44 1
13 44 2
14 44 2
15 44 1
3 45 2
13 45 2
3 46 2
4 46 2
13 46 2
14 46 2
0 47 2
1 47 2
8 47 1
9 47 1
10 47 2
11 47 2
0 48 2
1 48 2
10 48 2
11 48 2
0 49 2
2 49 2
10 49 2
12 49 2
