42 0 6
44 0 5
54 0 5
55 0 4
90 0 5
91 0 4
97 0 4
98 0 3
47 0 4
48 0 4
52 0 4
53 0 4
93 0 3
94 0 3
95 0 3
96 0 3
49 0 4
50 0 4
61 0 4
62 0 4
63 0 4
64 0 4
66 0 4
67 0 4
68 0 4
70 0 4
81 0 4
82 0 4
83 0 4
85 0 4
69 0 3
73 0 4
74 0 3
84 0 3
88 0 4
89 0 3
0 0 6
4 0 5
21 0 5
23 0 4
117 0 5
120 0 4
131 0 4
134 0 3
79 0 3
80 0 3
118 0 4
119 0 4
132 0 3
133 0 3
2 0 4
3 0 4
7 0 4
8 0 4
9 0 4
10 0 4
18 0 4
19 0 4
75 0 4
77 0 4
122 0 4
123 0 4
127 0 4
11 0 4
20 0 4
124 0 3
126 0 3
128 0 3
130 0 3
12 0 4
14 0 4
33 0 4
35 0 4
36 0 4
38 0 4
43 0 4
46 0 4
100 0 4
102 0 4
103 0 4
107 0 4
51 0 3
65 0 3
106 0 3
113 0 4
116 0 3
16 0 3
17 0 3
34 0 4
40 0 3
41 0 3
