0 0 17
1 0 17
2 0 16
3 0 16
4 0 16
5 0 17
6 0 17
7 0 16
8 0 16
9 0 16
10 0 16
11 0 16
12 0 16
13 0 16
14 0 16
15 0 16
16 0 15
17 0 15
18 0 16
19 0 17
20 0 16
21 0 16
22 0 16
23 0 15
24 0 17
25 0 17
26 0 16
27 0 16
28 0 16
29 0 17
30 0 17
31 0 16
32 0 16
33 0 16
34 0 16
35 0 17
36 0 16
37 0 16
38 0 16
39 0 16
40 0 15
41 0 15
42 0 17
43 0 16
44 0 16
45 0 17
46 0 16
47 0 16
48 0 16
49 0 16
50 0 16
51 0 15
52 0 16
53 0 16
54 0 16
55 0 15
56 0 17
57 0 16
58 0 16
59 0 17
60 0 16
61 0 16
62 0 17
63 0 16
64 0 16
65 0 15
66 0 16
67 0 16
68 0 16
69 0 15
70 0 16
71 0 16
72 0 16
73 0 16
74 0 15
75 0 16
76 0 16
77 0 16
78 0 16
79 0 15
80 0 15
81 0 16
82 0 16
83 0 16
84 0 15
85 0 17
86 0 16
87 0 16
88 0 16
89 0 15
90 0 16
91 0 15
92 0 16
93 0 15
94 0 15
95 0 15
96 0 15
97 0 15
98 0 16
99 0 17
100 0 16
101 0 17
102 0 16
103 0 16
104 0 16
105 0 16
106 0 15
107 0 17
108 0 16
109 0 17
110 0 16
111 0 17
112 0 16
113 0 16
114 0 16
115 0 16
116 0 15
117 0 16
118 0 16
119 0 16
120 0 15
121 0 16
122 0 17
123 0 16
124 0 15
125 0 16
126 0 15
127 0 16
128 0 15
129 0 16
130 0 15
131 0 15
132 0 15
133 0 15
134 0 16
