0 0 18
1 0 18
2 0 17
3 0 17
4 0 17
5 0 18
6 0 18
7 0 17
8 0 17
9 0 18
10 0 18
11 0 18
12 0 17
13 0 17
14 0 17
15 0 17
16 0 17
17 0 17
18 0 18
19 0 18
20 0 18
21 0 17
22 0 17
23 0 16
24 0 18
25 0 18
26 0 17
27 0 17
28 0 17
29 0 18
30 0 19
31 0 17
32 0 17
33 0 18
34 0 18
35 0 18
36 0 17
37 0 17
38 0 17
39 0 17
40 0 17
41 0 17
42 0 18
43 0 17
44 0 17
45 0 18
46 0 17
47 0 18
48 0 18
49 0 17
50 0 17
51 0 17
52 0 18
53 0 18
54 0 17
55 0 16
56 0 18
57 0 17
58 0 17
59 0 18
60 0 17
61 0 18
62 0 18
63 0 17
64 0 17
65 0 17
66 0 17
67 0 17
68 0 18
69 0 17
70 0 18
71 0 17
72 0 17
73 0 18
74 0 17
75 0 17
76 0 17
77 0 17
78 0 17
79 0 17
80 0 17
81 0 17
82 0 17
83 0 18
84 0 17
85 0 18
86 0 17
87 0 17
88 0 18
89 0 17
90 0 17
91 0 16
92 0 17
93 0 17
94 0 17
95 0 17
96 0 17
97 0 16
98 0 17
99 0 18
100 0 17
101 0 18
102 0 17
103 0 18
104 0 17
105 0 17
106 0 17
107 0 18
108 0 17
109 0 18
110 0 17
111 0 19
112 0 17
113 0 18
114 0 17
115 0 17
116 0 17
117 0 17
118 0 18
119 0 18
120 0 16
121 0 17
122 0 18
123 0 17
124 0 17
125 0 17
126 0 17
127 0 17
128 0 17
129 0 17
130 0 17
131 0 16
132 0 17
133 0 17
134 0 17
