0 0 20
1 0 20
2 0 18
3 0 18
4 0 19
5 0 20
6 0 20
7 0 18
8 0 18
9 0 19
10 0 19
11 0 19
12 0 18
13 0 18
14 0 18
15 0 18
16 0 18
17 0 18
18 0 19
19 0 20
20 0 19
21 0 19
22 0 19
23 0 18
24 0 20
25 0 20
26 0 18
27 0 18
28 0 19
29 0 20
30 0 20
31 0 18
32 0 18
33 0 19
34 0 19
35 0 20
36 0 18
37 0 18
38 0 18
39 0 18
40 0 18
41 0 18
42 0 20
43 0 18
44 0 19
45 0 20
46 0 18
47 0 19
48 0 19
49 0 18
50 0 18
51 0 18
52 0 19
53 0 19
54 0 19
55 0 18
56 0 20
57 0 18
58 0 19
59 0 20
60 0 18
61 0 19
62 0 20
63 0 18
64 0 18
65 0 18
66 0 18
67 0 18
68 0 19
69 0 18
70 0 19
71 0 18
72 0 18
73 0 19
74 0 18
75 0 18
76 0 18
77 0 18
78 0 18
79 0 18
80 0 18
81 0 18
82 0 18
83 0 19
84 0 18
85 0 20
86 0 18
87 0 18
88 0 19
89 0 18
90 0 19
91 0 18
92 0 19
93 0 18
94 0 18
95 0 18
96 0 18
97 0 18
98 0 18
99 0 20
100 0 18
101 0 20
102 0 18
103 0 19
104 0 18
105 0 18
106 0 18
107 0 20
108 0 19
109 0 20
110 0 18
111 0 20
112 0 18
113 0 19
114 0 18
115 0 18
116 0 18
117 0 19
118 0 19
119 0 19
120 0 18
121 0 19
122 0 20
123 0 18
124 0 18
125 0 18
126 0 18
127 0 18
128 0 18
129 0 18
130 0 18
131 0 18
132 0 18
133 0 18
134 0 18
