0 0 21
1 0 21
2 0 20
3 0 20
4 0 20
5 0 21
6 0 21
7 0 20
8 0 20
9 0 20
10 0 20
11 0 20
12 0 20
13 0 20
14 0 20
15 0 20
16 0 19
17 0 19
18 0 20
19 0 21
20 0 20
21 0 20
22 0 20
23 0 19
24 0 21
25 0 21
26 0 20
27 0 20
28 0 20
29 0 21
30 0 21
31 0 20
32 0 20
33 0 20
34 0 20
35 0 21
36 0 20
37 0 20
38 0 20
39 0 20
40 0 19
41 0 19
42 0 21
43 0 20
44 0 20
45 0 21
46 0 20
47 0 20
48 0 20
49 0 20
50 0 20
51 0 19
52 0 20
53 0 20
54 0 20
55 0 19
56 0 21
57 0 20
58 0 20
59 0 21
60 0 20
61 0 20
62 0 21
63 0 20
64 0 20
65 0 19
66 0 20
67 0 20
68 0 20
69 0 19
70 0 20
71 0 20
72 0 20
73 0 20
74 0 19
75 0 20
76 0 20
77 0 20
78 0 20
79 0 19
80 0 19
81 0 20
82 0 20
83 0 20
84 0 19
85 0 21
86 0 20
87 0 20
88 0 20
89 0 19
90 0 20
91 0 19
92 0 20
93 0 19
94 0 19
95 0 19
96 0 19
97 0 19
98 0 20
99 0 21
100 0 20
101 0 21
102 0 20
103 0 20
104 0 20
105 0 20
106 0 19
107 0 21
108 0 20
109 0 21
110 0 20
111 0 21
112 0 20
113 0 20
114 0 20
115 0 20
116 0 19
117 0 20
118 0 20
119 0 20
120 0 19
121 0 20
122 0 21
123 0 20
124 0 19
125 0 20
126 0 19
127 0 20
128 0 19
129 0 20
130 0 19
131 0 19
132 0 19
133 0 19
134 0 20
