0 0 22
1 0 22
2 0 21
3 0 21
4 0 21
5 0 22
6 0 22
7 0 21
8 0 21
9 0 22
10 0 22
11 0 22
12 0 21
13 0 21
14 0 21
15 0 21
16 0 21
17 0 21
18 0 22
19 0 22
20 0 22
21 0 21
22 0 21
23 0 20
24 0 22
25 0 22
26 0 21
27 0 21
28 0 21
29 0 22
30 0 23
31 0 21
32 0 21
33 0 22
34 0 22
35 0 22
36 0 21
37 0 21
38 0 21
39 0 21
40 0 21
41 0 21
42 0 22
43 0 21
44 0 21
45 0 22
46 0 21
47 0 22
48 0 22
49 0 21
50 0 21
51 0 21
52 0 22
53 0 22
54 0 21
55 0 20
56 0 22
57 0 21
58 0 21
59 0 22
60 0 21
61 0 22
62 0 22
63 0 21
64 0 21
65 0 21
66 0 21
67 0 21
68 0 22
69 0 21
70 0 22
71 0 21
72 0 21
73 0 22
74 0 21
75 0 21
76 0 21
77 0 21
78 0 21
79 0 21
80 0 21
81 0 21
82 0 21
83 0 22
84 0 21
85 0 22
86 0 21
87 0 21
88 0 22
89 0 21
90 0 21
91 0 20
92 0 21
93 0 21
94 0 21
95 0 21
96 0 21
97 0 20
98 0 21
99 0 22
100 0 21
101 0 22
102 0 21
103 0 22
104 0 21
105 0 21
106 0 21
107 0 22
108 0 21
109 0 22
110 0 21
111 0 23
112 0 21
113 0 22
114 0 21
115 0 21
116 0 21
117 0 21
118 0 22
119 0 22
120 0 20
121 0 21
122 0 22
123 0 21
124 0 21
125 0 21
126 0 21
127 0 21
128 0 21
129 0 21
130 0 21
131 0 20
132 0 21
133 0 21
134 0 21
