0 0 24
1 0 24
2 0 22
3 0 22
4 0 23
5 0 24
6 0 24
7 0 22
8 0 22
9 0 23
10 0 23
11 0 23
12 0 22
13 0 22
14 0 22
15 0 22
16 0 22
17 0 22
18 0 23
19 0 24
20 0 23
21 0 23
22 0 23
23 0 22
24 0 24
25 0 24
26 0 22
27 0 22
28 0 23
29 0 24
30 0 24
31 0 22
32 0 22
33 0 23
34 0 23
35 0 24
36 0 22
37 0 22
38 0 22
39 0 22
40 0 22
41 0 22
42 0 24
43 0 22
44 0 23
45 0 24
46 0 22
47 0 23
48 0 23
49 0 22
50 0 22
51 0 22
52 0 23
53 0 23
54 0 23
55 0 22
56 0 24
57 0 22
58 0 23
59 0 24
60 0 22
61 0 23
62 0 24
63 0 22
64 0 22
65 0 22
66 0 22
67 0 22
68 0 23
69 0 22
70 0 23
71 0 22
72 0 22
73 0 23
74 0 22
75 0 22
76 0 22
77 0 22
78 0 22
79 0 22
80 0 22
81 0 22
82 0 22
83 0 23
84 0 22
85 0 24
86 0 22
87 0 22
88 0 23
89 0 22
90 0 23
91 0 22
92 0 23
93 0 22
94 0 22
95 0 22
96 0 22
97 0 22
98 0 22
99 0 24
100 0 22
101 0 24
102 0 22
103 0 23
104 0 22
105 0 22
106 0 22
107 0 24
108 0 23
109 0 24
110 0 22
111 0 24
112 0 22
113 0 23
114 0 22
115 0 22
116 0 22
117 0 23
118 0 23
119 0 23
120 0 22
121 0 23
122 0 24
123 0 22
124 0 22
125 0 22
126 0 22
127 0 22
128 0 22
129 0 22
130 0 22
131 0 22
132 0 22
133 0 22
134 0 22
