0 0 25
1 0 25
2 0 24
3 0 24
4 0 24
5 0 25
6 0 25
7 0 24
8 0 24
9 0 24
10 0 24
11 0 24
12 0 24
13 0 24
14 0 24
15 0 24
16 0 23
17 0 23
18 0 24
19 0 25
20 0 24
21 0 24
22 0 24
23 0 23
24 0 25
25 0 25
26 0 24
27 0 24
28 0 24
29 0 25
30 0 25
31 0 24
32 0 24
33 0 24
34 0 24
35 0 25
36 0 24
37 0 24
38 0 24
39 0 24
40 0 23
41 0 23
42 0 25
43 0 24
44 0 24
45 0 25
46 0 24
47 0 24
48 0 24
49 0 24
50 0 24
51 0 23
52 0 24
53 0 24
54 0 24
55 0 23
56 0 25
57 0 24
58 0 24
59 0 25
60 0 24
61 0 24
62 0 25
63 0 24
64 0 24
65 0 23
66 0 24
67 0 24
68 0 24
69 0 23
70 0 24
71 0 24
72 0 24
73 0 24
74 0 23
75 0 24
76 0 24
77 0 24
78 0 24
79 0 23
80 0 23
81 0 24
82 0 24
83 0 24
84 0 23
85 0 25
86 0 24
87 0 24
88 0 24
89 0 23
90 0 24
91 0 23
92 0 24
93 0 23
94 0 23
95 0 23
96 0 23
97 0 23
98 0 24
99 0 25
100 0 24
101 0 25
102 0 24
103 0 24
104 0 24
105 0 24
106 0 23
107 0 25
108 0 24
109 0 25
110 0 24
111 0 25
112 0 24
113 0 24
114 0 24
115 0 24
116 0 23
117 0 24
118 0 24
119 0 24
120 0 23
121 0 24
122 0 25
123 0 24
124 0 23
125 0 24
126 0 23
127 0 24
128 0 23
129 0 24
130 0 23
131 0 23
132 0 23
133 0 23
134 0 24
