0 0 26
1 0 26
2 0 25
3 0 25
4 0 25
5 0 26
6 0 26
7 0 25
8 0 25
9 0 26
10 0 26
11 0 26
12 0 25
13 0 25
14 0 25
15 0 25
16 0 25
17 0 25
18 0 26
19 0 26
20 0 26
21 0 25
22 0 25
23 0 24
24 0 26
25 0 26
26 0 25
27 0 25
28 0 25
29 0 26
30 0 27
31 0 25
32 0 25
33 0 26
34 0 26
35 0 26
36 0 25
37 0 25
38 0 25
39 0 25
40 0 25
41 0 25
42 0 26
43 0 25
44 0 25
45 0 26
46 0 25
47 0 26
48 0 26
49 0 25
50 0 25
51 0 25
52 0 26
53 0 26
54 0 25
55 0 24
56 0 26
57 0 25
58 0 25
59 0 26
60 0 25
61 0 26
62 0 26
63 0 25
64 0 25
65 0 25
66 0 25
67 0 25
68 0 26
69 0 25
70 0 26
71 0 25
72 0 25
73 0 26
74 0 25
75 0 25
76 0 25
77 0 25
78 0 25
79 0 25
80 0 25
81 0 25
82 0 25
83 0 26
84 0 25
85 0 26
86 0 25
87 0 25
88 0 26
89 0 25
90 0 25
91 0 24
92 0 25
93 0 25
94 0 25
95 0 25
96 0 25
97 0 24
98 0 25
99 0 26
100 0 25
101 0 26
102 0 25
103 0 26
104 0 25
105 0 25
106 0 25
107 0 26
108 0 25
109 0 26
110 0 25
111 0 27
112 0 25
113 0 26
114 0 25
115 0 25
116 0 25
117 0 25
118 0 26
119 0 26
120 0 24
121 0 25
122 0 26
123 0 25
124 0 25
125 0 25
126 0 25
127 0 25
128 0 25
129 0 25
130 0 25
131 0 24
132 0 25
133 0 25
134 0 25
