0 0 28
1 0 28
2 0 26
3 0 26
4 0 27
5 0 28
6 0 28
7 0 26
8 0 26
9 0 27
10 0 27
11 0 27
12 0 26
13 0 26
14 0 26
15 0 26
16 0 26
17 0 26
18 0 27
19 0 28
20 0 27
21 0 27
22 0 27
23 0 26
24 0 28
25 0 28
26 0 26
27 0 26
28 0 27
29 0 28
30 0 28
31 0 26
32 0 26
33 0 27
34 0 27
35 0 28
36 0 26
37 0 26
38 0 26
39 0 26
40 0 26
41 0 26
42 0 28
43 0 26
44 0 27
45 0 28
46 0 26
47 0 27
48 0 27
49 0 26
50 0 26
51 0 26
52 0 27
53 0 27
54 0 27
55 0 26
56 0 28
57 0 26
58 0 27
59 0 28
60 0 26
61 0 27
62 0 28
63 0 26
64 0 26
65 0 26
66 0 26
67 0 26
68 0 27
69 0 26
70 0 27
71 0 26
72 0 26
73 0 27
74 0 26
75 0 26
76 0 26
77 0 26
78 0 26
79 0 26
80 0 26
81 0 26
82 0 26
83 0 27
84 0 26
85 0 28
86 0 26
87 0 26
88 0 27
89 0 26
90 0 27
91 0 26
92 0 27
93 0 26
94 0 26
95 0 26
96 0 26
97 0 26
98 0 26
99 0 28
100 0 26
101 0 28
102 0 26
103 0 27
104 0 26
105 0 26
106 0 26
107 0 28
108 0 27
109 0 28
110 0 26
111 0 28
112 0 26
113 0 27
114 0 26
115 0 26
116 0 26
117 0 27
118 0 27
119 0 27
120 0 26
121 0 27
122 0 28
123 0 26
124 0 26
125 0 26
126 0 26
127 0 26
128 0 26
129 0 26
130 0 26
131 0 26
132 0 26
133 0 26
134 0 26
