0 0 29
1 0 29
2 0 28
3 0 28
4 0 28
5 0 29
6 0 29
7 0 28
8 0 28
9 0 28
10 0 28
11 0 28
12 0 28
13 0 28
14 0 28
15 0 28
16 0 27
17 0 27
18 0 28
19 0 29
20 0 28
21 0 28
22 0 28
23 0 27
24 0 29
25 0 29
26 0 28
27 0 28
28 0 28
29 0 29
30 0 29
31 0 28
32 0 28
33 0 28
34 0 28
35 0 29
36 0 28
37 0 28
38 0 28
39 0 28
40 0 27
41 0 27
42 0 29
43 0 28
44 0 28
45 0 29
46 0 28
47 0 28
48 0 28
49 0 28
50 0 28
51 0 27
52 0 28
53 0 28
54 0 28
55 0 27
56 0 29
57 0 28
58 0 28
59 0 29
60 0 28
61 0 28
62 0 29
63 0 28
64 0 28
65 0 27
66 0 28
67 0 28
68 0 28
69 0 27
70 0 28
71 0 28
72 0 28
73 0 28
74 0 27
75 0 28
76 0 28
77 0 28
78 0 28
79 0 27
80 0 27
81 0 28
82 0 28
83 0 28
84 0 27
85 0 29
86 0 28
87 0 28
88 0 28
89 0 27
90 0 28
91 0 27
92 0 28
93 0 27
94 0 27
95 0 27
96 0 27
97 0 27
98 0 28
99 0 29
100 0 28
101 0 29
102 0 28
103 0 28
104 0 28
105 0 28
106 0 27
107 0 29
108 0 28
109 0 29
110 0 28
111 0 29
112 0 28
113 0 28
114 0 28
115 0 28
116 0 27
117 0 28
118 0 28
119 0 28
120 0 27
121 0 28
122 0 29
123 0 28
124 0 27
125 0 28
126 0 27
127 0 28
128 0 27
129 0 28
130 0 27
131 0 27
132 0 27
133 0 27
134 0 28
