0 0 6
1 0 6
2 0 6
3 0 6
4 0 5
5 0 6
6 0 6
7 0 6
8 0 6
9 0 6
10 0 6
11 0 6
12 0 6
13 0 6
14 0 6
15 0 6
16 0 5
17 0 5
18 0 6
19 0 6
20 0 6
21 0 5
22 0 5
23 0 4
24 0 6
25 0 6
26 0 6
27 0 6
28 0 5
29 0 6
30 0 6
31 0 6
32 0 6
33 0 6
34 0 6
35 0 6
36 0 6
37 0 6
38 0 6
39 0 6
40 0 5
41 0 5
42 0 6
43 0 6
44 0 5
45 0 6
46 0 6
47 0 6
48 0 6
49 0 6
50 0 6
51 0 5
52 0 6
53 0 6
54 0 5
55 0 4
56 0 6
57 0 6
58 0 5
59 0 6
60 0 6
61 0 6
62 0 6
63 0 6
64 0 6
65 0 5
66 0 6
67 0 6
68 0 6
69 0 5
70 0 6
71 0 6
72 0 6
73 0 6
74 0 5
75 0 6
76 0 6
77 0 6
78 0 6
79 0 5
80 0 5
81 0 6
82 0 6
83 0 6
84 0 5
85 0 6
86 0 6
87 0 6
88 0 6
89 0 5
90 0 5
91 0 4
92 0 5
93 0 5
94 0 5
95 0 5
96 0 5
97 0 4
98 0 6
99 0 6
100 0 6
101 0 6
102 0 6
103 0 6
104 0 6
105 0 6
106 0 5
107 0 6
108 0 5
109 0 6
110 0 6
111 0 6
112 0 6
113 0 6
114 0 6
115 0 6
116 0 5
117 0 5
118 0 6
119 0 6
120 0 4
121 0 5
122 0 6
123 0 6
124 0 5
125 0 6
126 0 5
127 0 6
128 0 5
129 0 6
130 0 5
131 0 4
132 0 5
133 0 5
134 0 6
