0 0 30
1 0 30
2 0 29
3 0 29
4 0 29
5 0 30
6 0 30
7 0 29
8 0 29
9 0 30
10 0 30
11 0 30
12 0 29
13 0 29
14 0 29
15 0 29
16 0 29
17 0 29
18 0 30
19 0 30
20 0 30
21 0 29
22 0 29
23 0 28
24 0 30
25 0 30
26 0 29
27 0 29
28 0 29
29 0 30
30 0 31
31 0 29
32 0 29
33 0 30
34 0 30
35 0 30
36 0 29
37 0 29
38 0 29
39 0 29
40 0 29
41 0 29
42 0 30
43 0 29
44 0 29
45 0 30
46 0 29
47 0 30
48 0 30
49 0 29
50 0 29
51 0 29
52 0 30
53 0 30
54 0 29
55 0 28
56 0 30
57 0 29
58 0 29
59 0 30
60 0 29
61 0 30
62 0 30
63 0 29
64 0 29
65 0 29
66 0 29
67 0 29
68 0 30
69 0 29
70 0 30
71 0 29
72 0 29
73 0 30
74 0 29
75 0 29
76 0 29
77 0 29
78 0 29
79 0 29
80 0 29
81 0 29
82 0 29
83 0 30
84 0 29
85 0 30
86 0 29
87 0 29
88 0 30
89 0 29
90 0 29
91 0 28
92 0 29
93 0 29
94 0 29
95 0 29
96 0 29
97 0 28
98 0 29
99 0 30
100 0 29
101 0 30
102 0 29
103 0 30
104 0 29
105 0 29
106 0 29
107 0 30
108 0 29
109 0 30
110 0 29
111 0 31
112 0 29
113 0 30
114 0 29
115 0 29
116 0 29
117 0 29
118 0 30
119 0 30
120 0 28
121 0 29
122 0 30
123 0 29
124 0 29
125 0 29
126 0 29
127 0 29
128 0 29
129 0 29
130 0 29
131 0 28
132 0 29
133 0 29
134 0 29
