0 0 32
1 0 32
2 0 30
3 0 30
4 0 31
5 0 32
6 0 32
7 0 30
8 0 30
9 0 31
10 0 31
11 0 31
12 0 30
13 0 30
14 0 30
15 0 30
16 0 30
17 0 30
18 0 31
19 0 32
20 0 31
21 0 31
22 0 31
23 0 30
24 0 32
25 0 32
26 0 30
27 0 30
28 0 31
29 0 32
30 0 32
31 0 30
32 0 30
33 0 31
34 0 31
35 0 32
36 0 30
37 0 30
38 0 30
39 0 30
40 0 30
41 0 30
42 0 32
43 0 30
44 0 31
45 0 32
46 0 30
47 0 31
48 0 31
49 0 30
50 0 30
51 0 30
52 0 31
53 0 31
54 0 31
55 0 30
56 0 32
57 0 30
58 0 31
59 0 32
60 0 30
61 0 31
62 0 32
63 0 30
64 0 30
65 0 30
66 0 30
67 0 30
68 0 31
69 0 30
70 0 31
71 0 30
72 0 30
73 0 31
74 0 30
75 0 30
76 0 30
77 0 30
78 0 30
79 0 30
80 0 30
81 0 30
82 0 30
83 0 31
84 0 30
85 0 32
86 0 30
87 0 30
88 0 31
89 0 30
90 0 31
91 0 30
92 0 31
93 0 30
94 0 30
95 0 30
96 0 30
97 0 30
98 0 30
99 0 32
100 0 30
101 0 32
102 0 30
103 0 31
104 0 30
105 0 30
106 0 30
107 0 32
108 0 31
109 0 32
110 0 30
111 0 32
112 0 30
113 0 31
114 0 30
115 0 30
116 0 30
117 0 31
118 0 31
119 0 31
120 0 30
121 0 31
122 0 32
123 0 30
124 0 30
125 0 30
126 0 30
127 0 30
128 0 30
129 0 30
130 0 30
131 0 30
132 0 30
133 0 30
134 0 30
