0 0 33
1 0 33
2 0 32
3 0 32
4 0 32
5 0 33
6 0 33
7 0 32
8 0 32
9 0 32
10 0 32
11 0 32
12 0 32
13 0 32
14 0 32
15 0 32
16 0 31
17 0 31
18 0 32
19 0 33
20 0 32
21 0 32
22 0 32
23 0 31
24 0 33
25 0 33
26 0 32
27 0 32
28 0 32
29 0 33
30 0 33
31 0 32
32 0 32
33 0 32
34 0 32
35 0 33
36 0 32
37 0 32
38 0 32
39 0 32
40 0 31
41 0 31
42 0 33
43 0 32
44 0 32
45 0 33
46 0 32
47 0 32
48 0 32
49 0 32
50 0 32
51 0 31
52 0 32
53 0 32
54 0 32
55 0 31
56 0 33
57 0 32
58 0 32
59 0 33
60 0 32
61 0 32
62 0 33
63 0 32
64 0 32
65 0 31
66 0 32
67 0 32
68 0 32
69 0 31
70 0 32
71 0 32
72 0 32
73 0 32
74 0 31
75 0 32
76 0 32
77 0 32
78 0 32
79 0 31
80 0 31
81 0 32
82 0 32
83 0 32
84 0 31
85 0 33
86 0 32
87 0 32
88 0 32
89 0 31
90 0 32
91 0 31
92 0 32
93 0 31
94 0 31
95 0 31
96 0 31
97 0 31
98 0 32
99 0 33
100 0 32
101 0 33
102 0 32
103 0 32
104 0 32
105 0 32
106 0 31
107 0 33
108 0 32
109 0 33
110 0 32
111 0 33
112 0 32
113 0 32
114 0 32
115 0 32
116 0 31
117 0 32
118 0 32
119 0 32
120 0 31
121 0 32
122 0 33
123 0 32
124 0 31
125 0 32
126 0 31
127 0 32
128 0 31
129 0 32
130 0 31
131 0 31
132 0 31
133 0 31
134 0 32
