0 0 34
1 0 34
2 0 33
3 0 33
4 0 33
5 0 34
6 0 34
7 0 33
8 0 33
9 0 34
10 0 34
11 0 34
12 0 33
13 0 33
14 0 33
15 0 33
16 0 33
17 0 33
18 0 34
19 0 34
20 0 34
21 0 33
22 0 33
23 0 32
24 0 34
25 0 34
26 0 33
27 0 33
28 0 33
29 0 34
30 0 35
31 0 33
32 0 33
33 0 34
34 0 34
35 0 34
36 0 33
37 0 33
38 0 33
39 0 33
40 0 33
41 0 33
42 0 34
43 0 33
44 0 33
45 0 34
46 0 33
47 0 34
48 0 34
49 0 33
50 0 33
51 0 33
52 0 34
53 0 34
54 0 33
55 0 32
56 0 34
57 0 33
58 0 33
59 0 34
60 0 33
61 0 34
62 0 34
63 0 33
64 0 33
65 0 33
66 0 33
67 0 33
68 0 34
69 0 33
70 0 34
71 0 33
72 0 33
73 0 34
74 0 33
75 0 33
76 0 33
77 0 33
78 0 33
79 0 33
80 0 33
81 0 33
82 0 33
83 0 34
84 0 33
85 0 34
86 0 33
87 0 33
88 0 34
89 0 33
90 0 33
91 0 32
92 0 33
93 0 33
94 0 33
95 0 33
96 0 33
97 0 32
98 0 33
99 0 34
100 0 33
101 0 34
102 0 33
103 0 34
104 0 33
105 0 33
106 0 33
107 0 34
108 0 33
109 0 34
110 0 33
111 0 35
112 0 33
113 0 34
114 0 33
115 0 33
116 0 33
117 0 33
118 0 34
119 0 34
120 0 32
121 0 33
122 0 34
123 0 33
124 0 33
125 0 33
126 0 33
127 0 33
128 0 33
129 0 33
130 0 33
131 0 32
132 0 33
133 0 33
134 0 33
