0 0 36
1 0 36
2 0 34
3 0 34
4 0 35
5 0 36
6 0 36
7 0 34
8 0 34
9 0 35
10 0 35
11 0 35
12 0 34
13 0 34
14 0 34
15 0 34
16 0 34
17 0 34
18 0 35
19 0 36
20 0 35
21 0 35
22 0 35
23 0 34
24 0 36
25 0 36
26 0 34
27 0 34
28 0 35
29 0 36
30 0 36
31 0 34
32 0 34
33 0 35
34 0 35
35 0 36
36 0 34
37 0 34
38 0 34
39 0 34
40 0 34
41 0 34
42 0 36
43 0 34
44 0 35
45 0 36
46 0 34
47 0 35
48 0 35
49 0 34
50 0 34
51 0 34
52 0 35
53 0 35
54 0 35
55 0 34
56 0 36
57 0 34
58 0 35
59 0 36
60 0 34
61 0 35
62 0 36
63 0 34
64 0 34
65 0 34
66 0 34
67 0 34
68 0 35
69 0 34
70 0 35
71 0 34
72 0 34
73 0 35
74 0 34
75 0 34
76 0 34
77 0 34
78 0 34
79 0 34
80 0 34
81 0 34
82 0 34
83 0 35
84 0 34
85 0 36
86 0 34
87 0 34
88 0 35
89 0 34
90 0 35
91 0 34
92 0 35
93 0 34
94 0 34
95 0 34
96 0 34
97 0 34
98 0 34
99 0 36
100 0 34
101 0 36
102 0 34
103 0 35
104 0 34
105 0 34
106 0 34
107 0 36
108 0 35
109 0 36
110 0 34
111 0 36
112 0 34
113 0 35
114 0 34
115 0 34
116 0 34
117 0 35
118 0 35
119 0 35
120 0 34
121 0 35
122 0 36
123 0 34
124 0 34
125 0 34
126 0 34
127 0 34
128 0 34
129 0 34
130 0 34
131 0 34
132 0 34
133 0 34
134 0 34
