0 0 37
1 0 37
2 0 36
3 0 36
4 0 36
5 0 37
6 0 37
7 0 36
8 0 36
9 0 36
10 0 36
11 0 36
12 0 36
13 0 36
14 0 36
15 0 36
16 0 35
17 0 35
18 0 36
19 0 37
20 0 36
21 0 36
22 0 36
23 0 35
24 0 37
25 0 37
26 0 36
27 0 36
28 0 36
29 0 37
30 0 37
31 0 36
32 0 36
33 0 36
34 0 36
35 0 37
36 0 36
37 0 36
38 0 36
39 0 36
40 0 35
41 0 35
42 0 37
43 0 36
44 0 36
45 0 37
46 0 36
47 0 36
48 0 36
49 0 36
50 0 36
51 0 35
52 0 36
53 0 36
54 0 36
55 0 35
56 0 37
57 0 36
58 0 36
59 0 37
60 0 36
61 0 36
62 0 37
63 0 36
64 0 36
65 0 35
66 0 36
67 0 36
68 0 36
69 0 35
70 0 36
71 0 36
72 0 36
73 0 36
74 0 35
75 0 36
76 0 36
77 0 36
78 0 36
79 0 35
80 0 35
81 0 36
82 0 36
83 0 36
84 0 35
85 0 37
86 0 36
87 0 36
88 0 36
89 0 35
90 0 36
91 0 35
92 0 36
93 0 35
94 0 35
95 0 35
96 0 35
97 0 35
98 0 36
99 0 37
100 0 36
101 0 37
102 0 36
103 0 36
104 0 36
105 0 36
106 0 35
107 0 37
108 0 36
109 0 37
110 0 36
111 0 37
112 0 36
113 0 36
114 0 36
115 0 36
116 0 35
117 0 36
118 0 36
119 0 36
120 0 35
121 0 36
122 0 37
123 0 36
124 0 35
125 0 36
126 0 35
127 0 36
128 0 35
129 0 36
130 0 35
131 0 35
132 0 35
133 0 35
134 0 36
