0 0 38
1 0 38
2 0 37
3 0 37
4 0 37
5 0 38
6 0 38
7 0 37
8 0 37
9 0 38
10 0 38
11 0 38
12 0 37
13 0 37
14 0 37
15 0 37
16 0 37
17 0 37
18 0 38
19 0 38
20 0 38
21 0 37
22 0 37
23 0 36
24 0 38
25 0 38
26 0 37
27 0 37
28 0 37
29 0 38
30 0 39
31 0 37
32 0 37
33 0 38
34 0 38
35 0 38
36 0 37
37 0 37
38 0 37
39 0 37
40 0 37
41 0 37
42 0 38
43 0 37
44 0 37
45 0 38
46 0 37
47 0 38
48 0 38
49 0 37
50 0 37
51 0 37
52 0 38
53 0 38
54 0 37
55 0 36
56 0 38
57 0 37
58 0 37
59 0 38
60 0 37
61 0 38
62 0 38
63 0 37
64 0 37
65 0 37
66 0 37
67 0 37
68 0 38
69 0 37
70 0 38
71 0 37
72 0 37
73 0 38
74 0 37
75 0 37
76 0 37
77 0 37
78 0 37
79 0 37
80 0 37
81 0 37
82 0 37
83 0 38
84 0 37
85 0 38
86 0 37
87 0 37
88 0 38
89 0 37
90 0 37
91 0 36
92 0 37
93 0 37
94 0 37
95 0 37
96 0 37
97 0 36
98 0 37
99 0 38
100 0 37
101 0 38
102 0 37
103 0 38
104 0 37
105 0 37
106 0 37
107 0 38
108 0 37
109 0 38
110 0 37
111 0 39
112 0 37
113 0 38
114 0 37
115 0 37
116 0 37
117 0 37
118 0 38
119 0 38
120 0 36
121 0 37
122 0 38
123 0 37
124 0 37
125 0 37
126 0 37
127 0 37
128 0 37
129 0 37
130 0 37
131 0 36
132 0 37
133 0 37
134 0 37
