0 0 40
1 0 40
2 0 38
3 0 38
4 0 39
5 0 40
6 0 40
7 0 38
8 0 38
9 0 39
10 0 39
11 0 39
12 0 38
13 0 38
14 0 38
15 0 38
16 0 38
17 0 38
18 0 39
19 0 40
20 0 39
21 0 39
22 0 39
23 0 38
24 0 40
25 0 40
26 0 38
27 0 38
28 0 39
29 0 40
30 0 40
31 0 38
32 0 38
33 0 39
34 0 39
35 0 40
36 0 38
37 0 38
38 0 38
39 0 38
40 0 38
41 0 38
42 0 40
43 0 38
44 0 39
45 0 40
46 0 38
47 0 39
48 0 39
49 0 38
50 0 38
51 0 38
52 0 39
53 0 39
54 0 39
55 0 38
56 0 40
57 0 38
58 0 39
59 0 40
60 0 38
61 0 39
62 0 40
63 0 38
64 0 38
65 0 38
66 0 38
67 0 38
68 0 39
69 0 38
70 0 39
71 0 38
72 0 38
73 0 39
74 0 38
75 0 38
76 0 38
77 0 38
78 0 38
79 0 38
80 0 38
81 0 38
82 0 38
83 0 39
84 0 38
85 0 40
86 0 38
87 0 38
88 0 39
89 0 38
90 0 39
91 0 38
92 0 39
93 0 38
94 0 38
95 0 38
96 0 38
97 0 38
98 0 38
99 0 40
100 0 38
101 0 40
102 0 38
103 0 39
104 0 38
105 0 38
106 0 38
107 0 40
108 0 39
109 0 40
110 0 38
111 0 40
112 0 38
113 0 39
114 0 38
115 0 38
116 0 38
117 0 39
118 0 39
119 0 39
120 0 38
121 0 39
122 0 40
123 0 38
124 0 38
125 0 38
126 0 38
127 0 38
128 0 38
129 0 38
130 0 38
131 0 38
132 0 38
133 0 38
134 0 38
