0 0 41
1 0 41
2 0 40
3 0 40
4 0 40
5 0 41
6 0 41
7 0 40
8 0 40
9 0 40
10 0 40
11 0 40
12 0 40
13 0 40
14 0 40
15 0 40
16 0 39
17 0 39
18 0 40
19 0 41
20 0 40
21 0 40
22 0 40
23 0 39
24 0 41
25 0 41
26 0 40
27 0 40
28 0 40
29 0 41
30 0 41
31 0 40
32 0 40
33 0 40
34 0 40
35 0 41
36 0 40
37 0 40
38 0 40
39 0 40
40 0 39
41 0 39
42 0 41
43 0 40
44 0 40
45 0 41
46 0 40
47 0 40
48 0 40
49 0 40
50 0 40
51 0 39
52 0 40
53 0 40
54 0 40
55 0 39
56 0 41
57 0 40
58 0 40
59 0 41
60 0 40
61 0 40
62 0 41
63 0 40
64 0 40
65 0 39
66 0 40
67 0 40
68 0 40
69 0 39
70 0 40
71 0 40
72 0 40
73 0 40
74 0 39
75 0 40
76 0 40
77 0 40
78 0 40
79 0 39
80 0 39
81 0 40
82 0 40
83 0 40
84 0 39
85 0 41
86 0 40
87 0 40
88 0 40
89 0 39
90 0 40
91 0 39
92 0 40
93 0 39
94 0 39
95 0 39
96 0 39
97 0 39
98 0 40
99 0 41
100 0 40
101 0 41
102 0 40
103 0 40
104 0 40
105 0 40
106 0 39
107 0 41
108 0 40
109 0 41
110 0 40
111 0 41
112 0 40
113 0 40
114 0 40
115 0 40
116 0 39
117 0 40
118 0 40
119 0 40
120 0 39
121 0 40
122 0 41
123 0 40
124 0 39
125 0 40
126 0 39
127 0 40
128 0 39
129 0 40
130 0 39
131 0 39
132 0 39
133 0 39
134 0 40
