0 0 42
1 0 42
2 0 41
3 0 41
4 0 41
5 0 42
6 0 42
7 0 41
8 0 41
9 0 42
10 0 42
11 0 42
12 0 41
13 0 41
14 0 41
15 0 41
16 0 41
17 0 41
18 0 42
19 0 42
20 0 42
21 0 41
22 0 41
23 0 40
24 0 42
25 0 42
26 0 41
27 0 41
28 0 41
29 0 42
30 0 43
31 0 41
32 0 41
33 0 42
34 0 42
35 0 42
36 0 41
37 0 41
38 0 41
39 0 41
40 0 41
41 0 41
42 0 42
43 0 41
44 0 41
45 0 42
46 0 41
47 0 42
48 0 42
49 0 41
50 0 41
51 0 41
52 0 42
53 0 42
54 0 41
55 0 40
56 0 42
57 0 41
58 0 41
59 0 42
60 0 41
61 0 42
62 0 42
63 0 41
64 0 41
65 0 41
66 0 41
67 0 41
68 0 42
69 0 41
70 0 42
71 0 41
72 0 41
73 0 42
74 0 41
75 0 41
76 0 41
77 0 41
78 0 41
79 0 41
80 0 41
81 0 41
82 0 41
83 0 42
84 0 41
85 0 42
86 0 41
87 0 41
88 0 42
89 0 41
90 0 41
91 0 40
92 0 41
93 0 41
94 0 41
95 0 41
96 0 41
97 0 40
98 0 41
99 0 42
100 0 41
101 0 42
102 0 41
103 0 42
104 0 41
105 0 41
106 0 41
107 0 42
108 0 41
109 0 42
110 0 41
111 0 43
112 0 41
113 0 42
114 0 41
115 0 41
116 0 41
117 0 41
118 0 42
119 0 42
120 0 40
121 0 41
122 0 42
123 0 41
124 0 41
125 0 41
126 0 41
127 0 41
128 0 41
129 0 41
130 0 41
131 0 40
132 0 41
133 0 41
134 0 41
