0 0 44
1 0 44
2 0 42
3 0 42
4 0 43
5 0 44
6 0 44
7 0 42
8 0 42
9 0 43
10 0 43
11 0 43
12 0 42
13 0 42
14 0 42
15 0 42
16 0 42
17 0 42
18 0 43
19 0 44
20 0 43
21 0 43
22 0 43
23 0 42
24 0 44
25 0 44
26 0 42
27 0 42
28 0 43
29 0 44
30 0 44
31 0 42
32 0 42
33 0 43
34 0 43
35 0 44
36 0 42
37 0 42
38 0 42
39 0 42
40 0 42
41 0 42
42 0 44
43 0 42
44 0 43
45 0 44
46 0 42
47 0 43
48 0 43
49 0 42
50 0 42
51 0 42
52 0 43
53 0 43
54 0 43
55 0 42
56 0 44
57 0 42
58 0 43
59 0 44
60 0 42
61 0 43
62 0 44
63 0 42
64 0 42
65 0 42
66 0 42
67 0 42
68 0 43
69 0 42
70 0 43
71 0 42
72 0 42
73 0 43
74 0 42
75 0 42
76 0 42
77 0 42
78 0 42
79 0 42
80 0 42
81 0 42
82 0 42
83 0 43
84 0 42
85 0 44
86 0 42
87 0 42
88 0 43
89 0 42
90 0 43
91 0 42
92 0 43
93 0 42
94 0 42
95 0 42
96 0 42
97 0 42
98 0 42
99 0 44
100 0 42
101 0 44
102 0 42
103 0 43
104 0 42
105 0 42
106 0 42
107 0 44
108 0 43
109 0 44
110 0 42
111 0 44
112 0 42
113 0 43
114 0 42
115 0 42
116 0 42
117 0 43
118 0 43
119 0 43
120 0 42
121 0 43
122 0 44
123 0 42
124 0 42
125 0 42
126 0 42
127 0 42
128 0 42
129 0 42
130 0 42
131 0 42
132 0 42
133 0 42
134 0 42
