0 0 45
1 0 45
2 0 44
3 0 44
4 0 44
5 0 45
6 0 45
7 0 44
8 0 44
9 0 44
10 0 44
11 0 44
12 0 44
13 0 44
14 0 44
15 0 44
16 0 43
17 0 43
18 0 44
19 0 45
20 0 44
21 0 44
22 0 44
23 0 43
24 0 45
25 0 45
26 0 44
27 0 44
28 0 44
29 0 45
30 0 45
31 0 44
32 0 44
33 0 44
34 0 44
35 0 45
36 0 44
37 0 44
38 0 44
39 0 44
40 0 43
41 0 43
42 0 45
43 0 44
44 0 44
45 0 45
46 0 44
47 0 44
48 0 44
49 0 44
50 0 44
51 0 43
52 0 44
53 0 44
54 0 44
55 0 43
56 0 45
57 0 44
58 0 44
59 0 45
60 0 44
61 0 44
62 0 45
63 0 44
64 0 44
65 0 43
66 0 44
67 0 44
68 0 44
69 0 43
70 0 44
71 0 44
72 0 44
73 0 44
74 0 43
75 0 44
76 0 44
77 0 44
78 0 44
79 0 43
80 0 43
81 0 44
82 0 44
83 0 44
84 0 43
85 0 45
86 0 44
87 0 44
88 0 44
89 0 43
90 0 44
91 0 43
92 0 44
93 0 43
94 0 43
95 0 43
96 0 43
97 0 43
98 0 44
99 0 45
100 0 44
101 0 45
102 0 44
103 0 44
104 0 44
105 0 44
106 0 43
107 0 45
108 0 44
109 0 45
110 0 44
111 0 45
112 0 44
113 0 44
114 0 44
115 0 44
116 0 43
117 0 44
118 0 44
119 0 44
120 0 43
121 0 44
122 0 45
123 0 44
124 0 43
125 0 44
126 0 43
127 0 44
128 0 43
129 0 44
130 0 43
131 0 43
132 0 43
133 0 43
134 0 44
