0 0 10
1 0 10
2 0 9
3 0 9
4 0 9
5 0 10
6 0 10
7 0 9
8 0 9
9 0 10
10 0 10
11 0 10
12 0 9
13 0 9
14 0 9
15 0 9
16 0 9
17 0 9
18 0 10
19 0 10
20 0 10
21 0 9
22 0 9
23 0 8
24 0 10
25 0 10
26 0 9
27 0 9
28 0 9
29 0 10
30 0 11
31 0 9
32 0 9
33 0 10
34 0 10
35 0 10
36 0 9
37 0 9
38 0 9
39 0 9
40 0 9
41 0 9
42 0 10
43 0 9
44 0 9
45 0 10
46 0 9
47 0 10
48 0 10
49 0 9
50 0 9
51 0 9
52 0 10
53 0 10
54 0 9
55 0 8
56 0 10
57 0 9
58 0 9
59 0 10
60 0 9
61 0 10
62 0 10
63 0 9
64 0 9
65 0 9
66 0 9
67 0 9
68 0 10
69 0 9
70 0 10
71 0 9
72 0 9
73 0 10
74 0 9
75 0 9
76 0 9
77 0 9
78 0 9
79 0 9
80 0 9
81 0 9
82 0 9
83 0 10
84 0 9
85 0 10
86 0 9
87 0 9
88 0 10
89 0 9
90 0 9
91 0 8
92 0 9
93 0 9
94 0 9
95 0 9
96 0 9
97 0 8
98 0 9
99 0 10
100 0 9
101 0 10
102 0 9
103 0 10
104 0 9
105 0 9
106 0 9
107 0 10
108 0 9
109 0 10
110 0 9
111 0 11
112 0 9
113 0 10
114 0 9
115 0 9
116 0 9
117 0 9
118 0 10
119 0 10
120 0 8
121 0 9
122 0 10
123 0 9
124 0 9
125 0 9
126 0 9
127 0 9
128 0 9
129 0 9
130 0 9
131 0 8
132 0 9
133 0 9
134 0 9
